1632
1154
1315
1184
49
6
1841
989
1941
1034
1499
472
1970
731
294
936
508
1612
676
902
1923
580
1983
758
1562
553
1439
1284
67
678
91
764
549
507
220
1989
1167
1570
508
907
791
1593
1310
679
1771
737
551
862
1705
1698
1577
1731
474
1481
1681
1833
1481
1663
1047
889
977
1031
450
1533
1876
1971
334
135
1912
979
1237
272
1499
1004
1594
1585
648
737
534
1383
322
225
393
1047
157
1180
402
1006
1420
1587
1626
387
1028
379
1114
1980
1680
1118
285
122
142
30
351
1826
950
1910
261
200
891
704
1623
730
1306
332
1528
1750
1760
1412
614
793
1320
265
1101
294
641
1208
934
1615
1373
1375
1020
578
694
1303
1455
851
1036
381
1473
1922
842
1360
1710
1385
1542
1609
1129
981
1014
242
1058
1582
1168
1477
36
1476
1978
1858
618
1848
49
780
241
1572
1013
272
1176
1816
1648
1507
100
1186
391
664
992
1305
1561
1323
658
1830
1989
956
329
352
665
619
706
194
821
1948
570
331
1005
1783
558
226
813
1648
1230
676
1895
1454
752
1836
1160
729
1184
1821
1992
1029
21
1087
16
1014
527
67
1334
1006
732
1301
1908
330
827
541
999
1478
1768
1650
1139
1640
757
1708
84
608
1577
532
1983
218
706
74
1527
268
1511
851
795
1026
440
1229
540
1156
727
1152
1677
1521
1519
1266
259
987
1906
39
156
350
33
340
1820
718
165
462
1298
444
1515
244
1161
356
251
182
218
1591
425
448
1119
944
852
1383
1282
84
1197
638
1940
571
194
389
1034
662
1399
1695
866
1724
1622
927
611
485
493
606
1714
1842
1798
1324
129
1542
1413
353
690
1669
1402
1822
1849
664
1430
1364
1871
1082
746
272
115
675
1210
1730
1643
1038
289
1913
1576
1192
383
1038
215
1000
605
1257
1860
533
1392
1235
1161
313
1580
1897
1301
1264
0
1321
1031
1708
895
1037
1737
649
767
81
1210
1928
218
1618
148
1946
1842
1749
1212
1642
466
1121
1831
216
1999
1547
1449
1566
1245
1068
1177
1824
590
1473
913
901
741
1902
1474
172
857
79
404
365
229
957
810
1870
828
10
116
910
169
137
798
802
469
733
982
1817
34
1292
795
1805
1060
1263
785
889
1311
1353
32
338
1276
1553
460
963
1845
430
720
361
159
1503
308
487
1144
820
1757
1879
1238
908
995
1630
271
619
814
1547
1062
744
905
652
899
1553
25
476
1020
1499
919
1613
751
682
969
1726
1458
24
863
745
1713
1158
88
1660
1366
637
1333
1697
1015
239
1317
1452
809
1951
928
1441
1763
1226
0
1200
749
352
409
750
1479
355
472
1729
918
1227
729
903
1929
195
1523
1668
1962
1795
1855
342
1552
1243
6
950
256
1945
1080
638
1604
1096
1336
1185
1572
261
260
1547
1505
943
275
7
1105
122
1784
935
1268
1647
1187
1027
21
1476
1702
1329
364
1075
324
1165
960
282
533
1909
1050
495
1703
1428
1748
126
991
1561
1152
1632
1181
979
582
1097
557
75
533
799
1514
894
971
1794
813
630
496
876
387
532
1996
1798
316
427
616
996
1136
780
1474
638
556
954
682
204
986
985
1209
1918
847
728
1922
373
1005
1560
928
33
1545
1848
1343
392
1271
255
1383
880
353
613
739
1689
919
717
1584
570
544
1699
1889
1574
1374
1566
335
491
1583
275
829
983
1040
1574
1417
583
301
1309
1759
141
692
1874
504
1757
1639
581
1167
196
847
332
468
1526
942
536
1002
1570
669
726
1003
900
1588
1790
283
552
1640
1179
985
966
1966
1335
658
190
1678
675
496
160
67
1360
1184
728
590
1965
529
757
154
557
680
1173
1531
1876
1537
1151
992
1390
64
1484
1879
1772
101
1314
1887
955
701
783
761
1683
709
766
920
458
1786
233
967
594
284
812
297
310
961
1393
1804
876
1717
766
1191
710
447
1175
1954
267
1887
48
773
1854
772
644
809
680
426
11
906
1719
448
1483
1550
337
1768
1006
1503
822
951
396
788
1346
220
213
654
1308
989
1437
958
543
381
68
84
226
235
1713
1138
501
52
1626
495
714
679
595
1367
942
1337
1953
559
1091
1583
425
1943
1723
1593
425
536
435
1583
83
1133
138
850
1970
1039
460
101
1082
856
1887
1221
1200
616
1369
739
1251
1334
444
611
1334
94
1599
1709
268
793
1051
1664
846
1226
1439
1254
1787
1365
272
3
1293
362
1200
1991
84
1599
329
259
1569
508
1287
1272
1713
735
527
219
36
1039
896
196
1417
1726
405
262
1576
1512
947
1481
1227
1736
293
1187
106
1514
882
1045
1394
1387
1464
1729
1825
252
199
1514
1600
1430
876
388
445
1511
1848
1482
692
1290
349
1534
394
1973
1269
1706
662
1564
622
70
140
787
1878
403
695
1520
1870
628
451
943
1118
1116
1444
1519
102
578
182
1561
364
1361
930
977
487
1580
825
1238
871
1263
1216
723
126
848
376
536
1887
228
1305
1410
1362
1151
1835
135
369
435
257
974
1906
777
114
234
1681
1998
5
1912
1288
868
488
686
1246
554
1421
1875
458
454
194
1501
1347
638
1596
1990
1270
1382
1151
440
1858
1955
348
487
51
670
263
1902
633
1764
515
1137
708
1483
1789
145
1982
1695
50
95
5
827
958
152
1140
1187
1378
1054
334
333
369
599
342
1600
1431
1470
1149
228
6
312
1625
1945
735
529
382
1044
1834
389
683
900
209
1514
1268
1299
1055
1946
1864
968
16
239
1886
73
1237
503
1521
1757
1176
791
1333
175
1702
508
1636
31
1053
1532
1674
755
451
1083
1337
1483
1840
1738
1738
226
1610
202
1505
784
1867
1342
1339
92
97
1533
1127
1023
1986
1607
846
468
1769
1407
1040
827
513
519
1885
1293
381
1082
1996
1673
1362
1250
1259
845
114
1465
1380
769
150
45
505
413
1303
1901
1308
362
1385
1760
637
166
1556
5
400
1441
0
100
426
949
268
1571
200
1762
1723
133
1596
1431
268
734
1317
1133
373
1809
682
93
1787
714
1427
1394
1825
855
645
1689
1786
945
615
1845
716
1641
1045
783
531
509
1841
1690
1247
1321
1664
1812
1260
1642
1208
713
1260
223
1284
258
691
1992
738
635
1502
784
554
801
1488
1847
219
266
363
1256
19
975
1816
1674
1402
1508
755
433
1196
57
85
388
161
537
1343
1401
1355
1695
17
1053
1356
328
244
1872
1649
995
1802
1276
606
37
960
774
1559
74
652
542
1529
518
1849
1569
547
1401
365
1790
20
704
819
1557
498
856
1657
1194
404
526
56
585
1261
1826
379
596
1126
554
15
664
262
963
774
1838
1504
1858
295
1101
1049
1000
1253
1804
373
180
1194
1557
589
546
609
1813
1519
1
493
1105
1139
1650
1736
466
101
1469
748
737
995
1614
1048
13
932
1548
1968
473
1395
90
1684
1459
40
487
666
1823
1953
304
1386
2
1170
517
1175
570
758
1736
1125
747
544
49
843
1876
67
1263
1879
240
1866
746
1784
649
324
452
572
775
1344
190
1286
693
321
1366
987
388
799
1581
650
73
90
407
246
1170
491
716
961
1079
776
1019
950
683
836
1742
147
1809
49
281
1
107
1571
1404
1506
541
1202
1784
1510
112
1803
1502
1338
1683
1780
1747
126
828
986
208
944
1164
1065
837
602
1745
1335
1293
1541
1157
1165
1533
1449
1827
1443
263
866
1705
1383
1067
272
281
1962
1980
715
1914
1367
1280
1249
540
561
1170
270
1673
727
1746
1959
1190
551
1227
1587
569
765
1861
614
372
549
241
1947
1823
901
386
413
676
1648
1003
98
1236
1272
83
1797
1463
67
421
894
1857
1785
1380
1872
479
199
732
479
1649
627
1428
588
1202
141
1551
927
978
1086
545
512
469
672
1167
1202
20
122
351
1132
97
134
943
1748
1559
176
1953
618
144
205
1924
1951
737
374
1262
1057
1680
64
101
468
598
729
1517
462
654
432
523
1358
1821
305
1640
1050
1532
845
1730
821
1121
1442
1996
169
268
1996
1206
1670
269
1879
1191
1111
259
1872
54
973
414
775
793
362
150
1875
36
1804
1813
402
307
37
1695
283
1107
163
1538
434
1946
624
8
1479
855
808
1033
1116
1316
690
1230
1025
72
638
336
1630
1305
1897
1135
524
750
976
1486
1840
931
1871
172
1301
1814
1796
1646
1237
1038
1236
1975
340
1227
233
185
905
1416
1528
389
1273
1389
1643
271
1458
1457
383
1933
977
605
876
270
1488
1884
188
279
1504
718
762
841
78
1100
1577
254
69
709
1502
866
1681
1783
475
126
459
1338
312
1455
966
1078
592
1269
100
980
805
360
117
1570
561
1349
1806
416
1083
1542
1378
600
1890
576
560
651
1785
406
584
1157
1983
1435
1819
1650
1066
1956
718
779
1247
171
1354
1353
1808
112
564
1178
418
618
804
1584
1098
1307
1140
1351
420
1538
1895
271
528
1306
1507
679
1673
1360
1404
907
1859
1810
463
996
1649
658
1927
382
480
1354
1888
1511
19
393
774
34
59
1739
552
1707
1555
1271
943
550
38
1394
1221
480
1997
178
996
359
953
445
876
1030
1913
207
1823
1592
793
201
989
797
1607
935
1592
762
1523
1530
1267
1483
962
564
444
804
1231
1107
1650
277
1695
1892
1733
1659
1407
1977
249
355
748
869
1174
762
335
259
1040
1648
691
151
1005
1755
1284
524
1016
56
710
1325
658
1884
1887
655
1743
1208
290
587
1700
555
777
906
779
1217
254
648
560
1338
1270
1211
796
1221
795
1821
699
1147
1652
149
1852
88
435
1141
1156
67
298
204
320
1663
1787
218
469
1195
75
1924
741
1748
275
350
849
954
1955
37
1541
175
1618
1823
1765
716
1542
1113
946
542
1436
1056
120
621
133
1692
519
238
1998
134
1244
1454
1338
1883
732
1406
462
680
45
95
920
197
1616
1667
1389
638
446
146
1630
1228
1902
494
1302
1923
833
1710
1283
1668
154
567
1534
1331
781
1705
1048
1411
387
1429
1779
1661
1191
701
1979
1679
705
1011
383
1169
1052
579
144
1907
1461
477
1092
1266
1682
106
1335
361
621
1520
1968
1620
332
1776
1819
800
1167
1597
904
862
213
1959
287
1143
1930
1269
397
1417
785
1857
64
672
346
1438
588
1888
1953
1924
327
1870
291
1740
1895
1054
1885
647
1094
1894
675
1064
1231
1026
1641
514
472
1265
1249
796
1867
1053
1154
2
147
1992
690
1237
1392
1585
1936
1298
470
1190
1760
255
504
852
132
1281
237
25
339
1164
1484
379
1576
1282
1834
305
1354
829
1869
1567
1187
743
523
127
192
166
1156
954
612
662
1161
711
521
1550
1767
1530
1156
1492
52
1342
1572
620
1765
1277
647
1499
201
523
632
331
1430
1123
632
695
718
521
968
1654
1549
