5008
7079
7096
8758
8699
8011
5466
5370
4621
2559
5789
8532
8876
3272
7524
2161
647
608
4131
4752
7506
8639
5002
2910
2942
3097
5731
3946
1364
4528
884
8136
4094
8282
2962
3393
3507
6718
5490
9783
1245
5400
7949
22
1161
5100
1439
9061
9946
1559
380
7644
9305
8545
6640
4896
1470
4286
6497
3002
2004
9155
7956
4934
6220
5318
5608
6518
6464
3775
4627
1142
3089
3771
6583
8699
4864
5039
2368
3925
8950
2457
2316
6452
6641
1185
6648
5286
3963
5727
8371
7390
5320
9895
7714
6048
8540
6239
2576
233
5014
3233
6478
556
1453
6347
2942
6407
8886
5268
7096
3348
9263
8169
5576
3771
6843
6534
8773
6501
6138
1616
4142
6555
532
1358
7762
9213
2899
6280
9196
830
8666
7496
8090
4589
3797
7806
9129
6607
9886
8703
6382
4519
4297
8829
147
9607
4109
9217
9644
8768
4960
7445
1301
5590
1245
5582
2394
8671
9925
1191
8258
6746
591
697
3097
2236
6269
2806
3049
3669
7261
8357
8132
2625
8072
7111
9249
9083
5627
7384
928
9436
863
9441
2907
2897
7111
2842
780
9754
8997
9454
3749
9599
4746
263
9232
8381
2089
807
7187
1662
4438
4120
7759
2775
2816
4380
5910
7803
2375
7150
406
4956
2412
3737
4374
145
7573
5399
6764
8067
5225
9569
5657
274
334
646
2130
709
8812
1399
556
9983
6685
2575
7522
6364
7060
6575
5286
3162
5480
5527
2962
5605
6027
1553
5978
9851
75
9640
7616
7678
3236
6
9794
5384
2735
9962
8900
4856
3212
1272
3638
5642
4423
571
4675
3845
4298
1670
4549
7774
751
1640
5895
1930
2608
1533
2921
7953
8461
7505
8154
9326
4329
559
5029
531
7186
2184
698
5033
3275
4544
3559
6181
8455
8066
8723
1942
3076
6867
9464
8026
8914
1828
8746
8528
2879
5393
3016
1449
3264
7126
3710
7640
6798
6257
2836
2200
5402
6019
7895
6285
2414
5536
5202
994
8946
2151
2089
5505
360
2779
2177
4754
4837
1279
4735
8603
3276
2352
6508
9941
7464
1116
6706
4719
5957
5504
7909
1852
3068
9343
2368
2343
6073
6799
6075
4103
779
6686
6103
8285
7272
6530
5702
9866
5146
9549
1994
6798
4202
8895
5272
3195
7911
6645
9351
8264
8291
8064
5547
8641
4731
6673
489
8764
1617
8640
9831
7350
9959
7595
9586
7388
3513
7243
5962
7910
1336
8019
8430
4573
6943
9074
3215
845
3988
4120
1732
4182
1660
8100
6586
9884
3339
7596
3366
4367
8728
1190
8
7621
9225
8355
1821
1378
1455
7628
4177
5354
3008
9476
6383
8445
3069
957
8888
3521
3680
5878
603
1854
9621
4354
9926
3666
8945
5540
490
7957
4035
7990
5012
838
7285
201
5405
52
2558
903
9520
4810
2024
5044
1603
1714
618
6451
8340
7066
7025
4309
9921
4947
7216
1852
836
8374
2048
9389
7801
1457
2597
6564
734
6463
2800
9009
7142
4326
3466
5457
5753
7914
4084
9592
2268
9871
3576
921
7368
2635
4139
5528
8442
2058
6417
6038
2262
9787
5165
1660
5641
5752
1732
3348
7930
531
1037
9472
4219
4155
7127
7549
6386
6798
391
18
2206
4088
6508
9699
4137
6378
5201
5171
5401
2902
8446
1270
5570
6855
923
4244
172
5517
1827
2905
892
4597
6224
7833
2081
8328
2649
3761
4622
442
9333
137
511
8386
5066
4517
7529
9450
2327
1515
563
9868
8442
782
8875
3388
143
5993
3750
3237
309
7720
4648
6875
1166
2864
8524
6880
3956
6767
9120
8930
7427
4782
4529
3121
3526
8595
3998
8558
6913
8946
6939
4991
2552
2916
3861
80
3739
7056
3357
323
6256
7813
4146
9400
4187
2570
2191
2680
3403
1804
1855
2458
3924
8759
5480
2024
1860
9760
7435
2252
2644
4303
8694
532
8190
2330
2900
3382
8262
6939
4323
6476
2742
9172
5743
9968
5353
2905
7295
1043
4196
1052
12
9062
92
4071
8522
8396
5240
7889
9428
3271
3028
4243
1720
7807
1294
2068
8300
3889
5249
7313
3884
9924
5244
5528
8914
103
1791
9395
5440
4870
7889
7763
6220
59
8512
4690
5305
7552
9430
122
6062
1107
4
1156
9525
4899
414
9800
6450
6055
3282
3251
6509
6718
4134
7191
8255
7921
382
7116
5557
9700
4215
1012
8356
6779
5283
1500
985
3833
497
7823
635
8868
728
917
720
1813
6848
184
2200
4699
2909
4631
9866
5374
8761
1459
3130
1489
2396
54
8115
9698
6938
9380
2262
427
7658
3834
4799
2106
6767
1315
225
9406
8133
1882
9246
4504
8905
5193
3684
1905
6277
4080
6215
5290
6439
2673
3959
9789
3612
6007
3918
5315
1086
5127
7576
4304
9176
2943
5775
7480
5906
1772
1683
8453
734
4919
6066
9056
4925
9615
4537
6252
9390
5202
1735
4019
324
8564
8858
4168
9075
4498
5289
9308
9047
2833
9293
5372
1986
304
5789
6679
736
4524
660
4445
3255
9137
897
9330
9600
862
5739
3250
2845
4529
4927
9279
7734
2466
1384
6582
7124
8476
905
7952
8857
3125
1498
2788
3962
2447
3164
4106
1931
8583
7371
1450
2037
9595
9183
8274
694
3017
1215
9990
5189
4690
2003
9810
9920
3709
3347
6443
9684
3496
3138
9668
408
3449
5889
365
311
7794
4561
8629
2152
4067
3481
8096
8683
8826
3439
7427
3779
6133
6567
1004
170
4008
8646
3663
2422
1178
2257
3307
4662
8922
1623
2620
7624
3103
2471
3161
5371
2844
6464
6813
6251
5698
2099
5955
9182
1408
6327
5370
6426
5302
3593
8216
1201
1911
5117
6299
6875
8573
1941
9114
5550
3910
4877
3243
2076
3564
5169
7198
1738
242
6716
9702
6424
5162
8078
2855
6801
4931
2680
842
3937
2960
4151
1406
7822
4420
3131
2457
6916
249
7107
4509
6657
9873
2727
2933
3514
7539
8530
3294
7576
2679
1322
6867
5331
1421
2220
6720
5993
358
5849
1160
5594
2982
6167
8050
2211
6258
805
4190
3782
3236
5424
6470
5666
5021
315
1887
8180
2362
3006
8495
3258
8671
7389
4952
1456
703
7699
2450
889
9854
412
3415
5979
2478
8172
1912
1223
1285
2767
2669
5187
2528
5422
9082
5350
7280
7499
7581
4992
2243
5097
2563
5251
4046
8762
778
6898
5398
4838
2977
7509
2942
7317
2860
5046
7130
8682
7364
7643
4146
9405
9803
2016
9858
163
2909
4496
4686
9019
7698
2208
1091
6887
7600
4616
5433
2389
1645
8351
9908
7290
658
3394
5658
7162
5835
560
4367
4934
2458
6037
4699
7634
3628
1809
4925
8481
6691
5285
5914
6288
4867
1017
9726
5853
6248
6652
9458
2658
9252
5097
8126
5633
7
6355
742
605
9063
5517
9952
2930
9615
521
3670
7971
7155
4778
9031
7406
8465
7047
7480
4526
6787
8799
4599
5949
4913
9492
4768
4836
2708
9254
7864
480
2789
2413
3527
1267
660
2641
5235
4964
2229
8057
8503
4195
2756
9327
9410
7693
761
2957
6476
2473
6407
6470
787
5325
974
5731
7044
0
1504
8440
9606
9484
9729
1090
7104
479
2103
8336
8634
6687
8897
43
3824
5543
1892
2676
2451
1475
9008
8504
6330
3796
2898
98
9319
8960
6899
4893
3332
5417
2045
9876
7755
1960
8221
9897
8597
4390
9203
2766
618
6119
6391
8467
3191
8787
3079
3004
6542
6546
6715
7374
3639
7428
1737
7543
6068
6986
2819
5159
1939
3844
3326
1374
4316
1064
6798
7108
2010
4811
9454
2223
7383
4096
9307
6836
9087
2027
1552
1165
5687
2768
3724
179
1542
2300
4767
4776
4865
1583
6948
6052
3525
6261
5224
7403
477
2640
1817
9959
1236
6068
9321
7494
4372
302
1986
8258
2317
1890
7171
4729
3697
2527
6793
1402
7820
9249
185
6283
7697
9555
9049
7561
5071
2703
5934
1228
754
1748
80
2214
582
6403
618
7353
391
4262
878
178
2355
7980
7669
1734
7265
4133
9716
1911
603
1783
7098
5267
1015
779
6214
9401
3140
8423
9317
2008
6799
1145
41
8902
52
2812
6821
7098
4258
2042
1892
9911
2631
2495
138
9462
3259
2789
7411
3327
6793
5905
7
4163
5368
5034
2639
9416
8264
1665
5857
9842
5527
6625
2454
8539
4371
3013
9405
7631
4762
3328
2649
6838
413
5325
7861
9278
435
3811
488
9845
6330
9748
563
6848
9368
2003
5352
2939
4975
6768
4
8478
2447
8914
685
5352
5942
2720
487
7818
9506
5147
2543
5394
4199
9739
8091
4610
6188
9652
265
3677
8352
4836
7491
8446
1578
7772
4884
1413
9310
5369
5605
5983
4715
9583
5872
753
3441
7361
9942
7392
1648
9487
8540
9184
443
6252
6111
7814
5020
2810
1432
9708
2145
4581
8251
6706
4852
25
8121
1035
5608
7392
8646
8603
6687
5404
2565
2106
6920
8157
2607
9493
5526
4048
658
9666
3180
3557
6598
9246
6629
795
6107
1190
4688
8874
9806
6638
472
3388
8106
7824
3489
5545
4443
4212
5198
4845
5695
3448
3136
2632
7125
2797
1945
531
5895
4079
159
7514
323
622
9244
7786
1892
9117
6513
3207
8433
9303
1915
650
1307
1081
1422
3383
8506
7327
45
6775
6129
799
7516
5846
9469
7884
9645
3226
4541
2392
2006
5438
6395
9770
7300
1179
1321
6167
521
5778
4983
9264
4896
3304
7377
3144
465
5806
5476
5473
5136
7532
5809
8482
5280
650
810
2246
1013
7035
9530
931
6951
4806
6193
6838
579
6594
5309
3624
1931
749
8244
4559
2445
3369
1902
244
7313
9604
2703
5212
251
3858
2274
5573
9201
5017
65
6831
6695
4841
6288
436
3990
4550
8250
133
1339
4115
2580
2739
8363
7869
1997
5207
4372
9137
8695
8830
9391
6427
3647
5077
770
9724
5607
524
1234
2854
5382
9466
3493
7144
2101
654
6197
6177
2122
717
9393
290
3921
8140
6589
5
5574
9643
5546
3956
736
8412
5489
2039
5911
864
6248
1726
3830
3213
6071
4727
4764
5101
7524
7276
2204
5045
9786
2076
500
4736
4104
8660
650
2152
7526
8794
8114
8065
8435
3526
3357
7170
8570
7309
4652
1472
4130
6492
8818
7993
3156
5709
7527
7642
9848
2521
7272
7294
472
9994
316
5459
806
4156
3442
8330
5193
8336
918
4379
3635
2587
546
5827
7758
753
7777
9819
6900
4890
7151
4054
6158
2079
1244
4022
9108
948
2239
764
2067
3761
3847
8586
5901
1566
9709
8743
2155
4986
1605
2494
6429
9176
9844
8899
8737
6471
4763
6052
5314
2845
2305
5015
6184
3503
8575
7974
2061
4959
7316
8819
1440
4771
7993
8889
978
9630
8767
6690
9742
861
2852
3919
1334
9216
6837
8791
7096
7410
4557
4206
479
5175
9068
4881
4470
5826
9587
8860
295
5968
8587
7144
7458
2420
4373
3908
1961
144
6492
8703
5704
4252
8215
4160
4562
2327
10
786
8198
6599
1564
6447
2017
6174
7540
7831
2333
3819
6796
7389
2950
2266
808
1518
1837
1658
3136
7215
8086
5400
4936
7523
7580
8221
9952
6918
4341
1617
9656
9128
2704
4650
6252
745
3306
2261
1117
8013
591
7359
3679
5565
9278
6129
1535
1242
8438
1366
8397
5774
3340
9691
2375
3281
6207
4466
2998
7893
2930
4562
7265
9534
6040
7118
5599
7217
7279
4080
3115
6696
1794
6626
7920
8928
9090
9529
291
719
944
6095
224
3477
9489
2923
8317
1198
7651
655
5387
3680
4607
6238
4394
5368
4212
3544
9116
5883
2947
7027
2914
7788
8138
3432
2594
3033
2920
151
2586
2098
6159
8743
2719
4999
9671
7230
8942
8429
2574
5866
7667
8525
7102
4458
3768
5784
3687
5403
1989
6859
8956
403
742
2347
9610
8868
202
2222
9249
3997
4503
5254
9335
3891
5931
6778
5474
279
5742
5538
372
1236
4179
4271
3732
2664
5389
8484
2214
9389
974
3733
4092
8514
9147
651
5941
3434
8411
2626
5108
8433
1198
3295
6061
3719
9419
2896
4584
7114
9057
4418
5335
3332
607
1817
612
3918
1247
2544
7236
5135
3900
5725
1176
4054
5941
7840
7842
8080
2170
1112
1844
1814
9619
6354
9827
9286
1264
7967
8251
5868
7515
9072
2061
5420
1514
3073
2804
751
6784
9503
6181
6392
4611
1271
2627
7202
2888
4285
6626
2184
9418
3061
5204
7072
2426
5490
1568
757
7105
3289
5696
3887
2496
3665
1113
4161
9688
761
4726
5295
8262
2773
5293
9338
6934
1207
4691
2282
5864
1430
6779
9751
2224
5950
5193
5667
599
8403
2165
151
5440
7987
8331
3145
2021
728
6640
8807
1823
8726
2079
7858
2419
7063
7633
8938
6794
3504
1578
8386
4410
464
3264
1728
8816
949
103
899
79
9034
6936
8577
6593
8145
2800
9708
1548
4873
7892
8513
7760
6444
5459
2253
1901
2472
4083
8795
6178
7480
5565
9438
8160
6590
9877
9112
93
3983
450
6053
8852
5195
6732
2343
8905
8087
9123
7086
9610
9369
7291
8516
4321
8623
5349
514
2167
3197
7178
5395
1603
4145
6064
6339
7263
2357
8831
8659
7035
6560
7085
9324
7131
9273
3717
9901
3035
5065
9671
4450
5763
6331
8617
8067
9046
7123
9754
6951
9572
905
7111
6787
3360
5217
9239
1252
6971
8471
9489
8436
9071
1596
2733
7099
9864
7912
7416
7670
9980
9051
1361
2509
9036
8020
1872
1827
1218
2556
2390
767
4586
5424
4096
2018
7630
3546
7413
9508
7977
4619
4687
8688
1325
1591
9590
6728
6927
44
9080
3990
4368
4736
6789
5889
8439
7287
982
6536
3754
910
3389
6254
3468
2807
8440
5810
8432
7745
5503
4473
7275
1283
5389
8891
248
3812
2236
8711
3637
3210
4441
67
8762
5118
4118
6948
3162
7112
8158
3974
1425
797
1507
2376
6846
8001
2371
7768
2315
4714
6297
2854
3959
8051
9152
248
3540
1353
131
7306
956
9862
2207
5519
3375
4711
1322
7032
8599
4012
9212
9200
7244
8428
4379
6274
9588
6787
6886
9543
3954
4345
6279
4736
2703
4687
5163
6012
7510
9305
5422
5158
489
9379
7167
1743
6530
7745
8355
803
1811
2295
1077
4955
591
3217
7451
8046
3793
5840
340
2740
9898
4962
8669
8521
1369
5980
5923
2778
4258
2471
4114
4576
5521
7237
2684
8934
6199
1518
8966
5432
1187
299
6620
7002
3629
2862
4597
3106
2267
9356
4769
9507
7686
1880
4174
8967
3463
9358
5370
2440
763
3480
2419
6347
8726
3536
9690
6585
5939
8515
7862
2859
5530
8558
3429
914
5690
2840
254
5681
1461
2988
8545
5623
7707
5633
1663
2701
7551
1688
2710
2152
9686
6081
117
5339
9453
3273
1422
2796
6234
1668
7513
2337
3579
2516
6373
7095
5947
9844
6761
959
5843
1507
7577
8037
9613
6272
8436
8718
4227
9790
106
5214
5590
1668
3691
9044
4155
5028
2763
6370
3199
1205
6529
5084
6732
1760
351
76
4180
3140
6859
9200
1609
5670
6620
3137
1343
7208
9473
8128
6265
2020
539
5247
3952
8166
1882
7370
850
3284
9925
432
6215
7354
1459
6530
303
7462
2359
3222
7000
3789
4233
3896
1947
4568
6302
2174
5
3247
6281
759
5635
7087
2235
4927
2759
7675
6550
4561
4984
8093
5680
8698
8326
1927
9219
4438
7994
3627
3745
5945
6763
2467
1781
2972
701
3533
260
2017
900
983
4722
69
1815
7587
560
8146
6896
8231
3123
6958
2015
9444
337
4339
286
4816
4693
8956
432
1954
834
1736
402
6090
771
2958
3939
4954
6224
1166
9216
693
6078
3984
5896
3603
6478
2955
6062
9742
3653
5459
9517
4380
4619
7728
6310
5721
4508
6792
6788
511
9389
2360
4721
9525
5017
5396
2625
6274
3577
2040
812
8701
3457
7802
4346
8195
9767
6175
1830
5107
1343
9366
725
585
9234
5957
3456
6325
7741
142
2364
7911
2982
1101
5131
8682
8505
4321
4139
8202
5664
2180
9325
3939
5089
73
4928
3896
4225
8785
5532
2684
3094
6810
6522
1904
6347
3941
2848
8522
7388
4210
6539
8462
7777
282
8149
1515
2776
1513
5846
2117
6011
4422
2358
4171
4704
2560
3088
9333
9503
6631
2451
4747
3518
2788
5234
4788
6792
6357
2651
7674
7821
8537
2101
8358
3107
1492
9218
5822
4922
1888
1028
136
3757
3281
6700
4521
2595
4931
1437
5790
9397
7314
7919
8374
2379
9318
6512
1274
3792
5753
1925
1930
1124
5158
2238
1910
3055
4671
4167
2245
3570
4763
650
5446
8394
5722
8978
256
6334
8951
7947
4968
424
649
4181
2319
6337
501
6423
2885
1460
7844
6241
2926
2372
5165
8905
9743
6537
718
7063
4070
9958
5388
7356
6243
5622
3669
7229
6342
6757
2926
4414
3974
8731
7054
3625
5243
8579
1462
9469
2825
6170
9339
2419
1594
7186
3730
4268
8807
1094
6742
631
339
6168
6825
5423
2516
9798
9013
6960
6782
2796
126
9162
2205
6354
4102
6558
2766
6406
2188
6389
1931
949
8354
5968
8194
2818
137
6346
4354
9641
8347
2250
2241
4813
2085
2821
3852
5613
9423
2592
5323
502
5689
4611
1120
4866
4660
760
7756
7646
7147
9715
6431
8137
7484
3868
8266
1640
1558
2199
6546
3894
9968
6165
4580
9401
4852
8419
3615
6368
4071
6224
1234
3752
6565
717
7667
8366
7645
988
5673
1374
7911
651
5943
8730
6638
8298
9158
1687
2782
3431
2574
1441
8858
5739
5920
3567
1290
3998
9682
9713
3680
9077
5624
7382
3590
4348
3307
5754
2261
3902
8681
2876
1556
1809
7754
9037
4875
1247
1658
1492
8867
4894
1623
431
9565
4753
6649
2756
8667
6808
600
6342
2255
6483
9311
7283
3886
884
332
7754
9440
2129
4816
6554
3014
2217
6729
3205
7545
1822
313
8195
6331
1936
771
1683
2188
3211
6530
7469
6012
5190
8310
1554
7847
2029
172
2117
1762
9865
3784
5923
2049
7274
1330
5917
7794
4534
9882
7526
7833
2556
5209
1960
7385
8961
5622
993
9372
2188
7473
8955
9695
1085
7231
3418
4877
7959
2035
1166
1687
3807
7973
56
7021
9356
1330
5977
4875
6430
8208
6021
3618
4892
3372
4487
3521
310
3618
750
2353
5080
6728
1077
1994
9247
7080
2049
5493
7430
472
35
5295
1066
343
6765
8951
732
9062
2593
9157
4036
7760
7109
1430
2723
8936
1939
7688
8801
8462
797
1406
596
1661
3661
928
7826
5828
7243
4371
318
5422
6136
9536
9166
4529
1734
5492
9965
8608
4490
5028
5101
4477
6714
1258
2276
4687
8449
4864
7415
7323
2258
7928
6612
1298
2025
6725
4825
8151
4524
1610
3586
4491
1200
2493
1231
4423
6920
1640
5716
8405
8441
1244
4219
2588
8121
9281
4772
3318
8501
6639
6876
9855
2497
914
1307
3916
7995
5918
8631
2134
4953
2719
8855
3890
8992
9403
1938
126
7782
6630
581
1882
2527
2337
6819
1488
4612
8737
9894
2769
9075
3367
2724
5662
2911
2497
8814
719
8039
2061
8082
1588
2532
4805
1824
54
8156
940
6697
1257
8981
4323
9411
7681
1763
7816
7113
5245
5089
3307
6495
4916
4190
8446
9236
731
7039
3161
7552
8944
8307
4088
1052
7446
9844
8097
4305
2685
9448
8053
3881
8509
3879
8899
3122
8591
7191
9651
4673
8696
6244
1350
1539
243
7451
2871
1886
8682
7861
7902
3078
1185
9473
6817
1771
1119
5866
6503
9056
5497
5400
827
2982
4445
7922
7689
4279
2888
9233
2968
5103
4404
4063
8996
3445
1138
638
4743
3015
6511
3526
307
915
7798
2278
7086
9362
3411
4732
4187
7214
3119
591
369
6885
7949
2169
5674
1686
5199
3443
4202
8392
2566
2712
9498
3673
5892
3947
4464
9684
2319
2389
157
7548
2693
4502
402
7813
2567
8429
1312
7602
5699
3539
1899
5352
6978
2465
7114
5938
6266
5233
6925
6766
9073
978
1579
9188
6735
390
5704
5671
6718
6358
959
4100
561
7813
8626
9063
7870
8801
395
3214
6825
4726
8157
4517
9551
5244
3436
9391
6684
2417
7030
4822
7337
690
252
4794
3029
6434
2177
7429
1631
1789
6286
3584
7245
1590
2640
6446
3325
7837
2639
5926
7397
4236
4955
2174
7640
8032
1781
6274
8600
4821
7335
916
2051
3515
2177
7422
4988
5044
1953
8771
6422
3279
7934
4611
4511
4607
7121
8669
4183
6436
2177
159
5515
6603
9754
3545
1874
7393
7225
7087
4228
9027
5206
957
1170
5265
3485
2053
2422
1184
1227
2211
4120
2175
4771
7602
2409
8402
8282
8744
8960
1466
293
6636
5151
661
9676
6488
209
1697
123
3145
1362
9356
4181
3331
9835
344
1206
1346
1432
6202
1971
6347
8616
2577
5984
6641
5921
6627
3838
1443
653
8595
8494
6050
3413
2031
7959
9073
9176
5814
8896
1077
3831
8455
9434
2588
5217
7348
4445
7034
4246
7382
6350
1646
202
3946
8793
1123
9449
2440
9601
4882
2625
8820
4273
5397
1184
2493
9838
5654
9915
5203
8059
3558
839
5879
1016
1674
1544
5754
4585
3952
7812
5431
7710
4159
2899
2012
5028
2924
7222
2803
9111
7113
7217
3472
9362
1640
5190
1043
8757
6125
7854
989
9810
9185
2183
3695
7156
2803
6053
2813
4412
3257
8374
786
7401
356
7415
2653
2163
1729
7900
3545
1780
5772
9968
8459
7844
3455
8713
1844
4720
7448
7990
7143
7206
1417
7641
9972
2640
6873
7819
2482
8026
7336
3040
2443
5586
8927
8728
3249
8763
1158
5215
4974
7725
3679
4802
6042
6076
5711
1166
2918
132
8365
3815
2421
7262
1123
6145
8458
1970
8818
6575
2667
5097
3778
7206
3717
5869
9254
940
6058
2495
8590
931
950
8276
326
236
2191
6798
2972
777
8203
8851
4367
1844
5099
2108
2658
9813
612
9100
7040
756
2750
1419
9402
8971
7830
2158
3068
4167
846
4308
381
5595
9461
607
8245
6545
545
589
329
6126
6583
6259
1506
7089
4477
6293
3675
5048
3832
5860
2297
3902
367
180
6869
9541
5008
6761
1141
1404
4112
2606
7945
797
3006
6145
9040
3958
7473
6110
7723
6337
9824
9831
7769
4131
8704
5805
226
6877
4856
8717
4319
3682
1984
1290
8646
7782
8472
2354
5748
959
1221
8048
3811
5564
6838
6622
8763
4510
5509
1205
5237
6342
3816
9907
3034
6429
3959
3351
2890
1050
1129
4091
7064
4804
2871
4239
850
772
7346
2478
5455
7221
7840
6463
3153
9675
3361
4170
251
461
2480
5621
1068
929
5093
2603
5896
4755
3607
5240
5495
1249
4510
9443
5223
7382
1671
7959
4445
385
3041
2384
4857
3217
1573
9807
3399
4767
8978
8794
3042
4488
9814
4595
7635
2918
3352
3987
2727
346
6818
8163
7438
2312
4013
7367
2192
6366
1668
1639
4426
338
4459
5580
7462
5160
9256
1459
2953
3293
2511
7312
2837
1843
6683
1219
7663
1881
3848
1808
9835
4469
9998
3117
7907
1265
9000
3709
3766
1824
4899
8883
8253
3867
5586
1670
826
7965
6206
5104
6249
1623
7002
2386
6904
2656
7780
5208
2051
7933
3080
7540
9736
9881
4847
7338
3577
9777
468
5847
591
7711
3767
9055
508
2800
9339
6242
2121
9924
7610
1594
2382
5474
4856
4771
5248
6901
5988
5047
2308
5255
7867
6933
5122
2345
4759
7021
7268
4428
5621
2427
926
5023
3748
3038
4776
4437
8265
2996
4071
6594
9984
3860
8298
9602
5549
4839
5023
8678
8816
2755
9237
5964
566
8166
461
6873
3276
8060
202
1222
9455
6780
7575
4373
7247
4293
4727
9006
5138
9681
5096
6538
3828
7107
1921
6171
2076
850
7194
8694
9594
2162
6187
3838
4013
9323
4125
1198
8161
2152
9676
4147
3413
4495
4190
2948
299
7976
7693
335
1352
3563
6048
9937
8235
9882
6200
3617
4442
9321
9014
2297
1624
7910
8682
1106
4371
5368
9094
2204
2938
5400
3056
9863
1052
5750
3975
7248
8668
3466
6621
4395
6976
8952
4803
5402
6696
1247
9426
663
5659
3902
3333
1236
1549
2563
4836
3196
5598
2674
2172
8645
540
9566
826
4677
7000
727
3302
8446
5846
5088
3596
8360
6846
5067
7573
601
6623
9636
6484
8131
6547
951
4685
970
2974
6206
8512
3968
864
9275
3795
6831
3338
5007
8781
227
3997
4372
7471
6098
446
701
8077
4696
7365
5144
1594
9203
3717
7133
8258
9416
2102
1719
4896
6176
4846
2379
7968
546
4654
1865
8111
9886
8120
2494
9166
8867
1343
1539
5286
3790
6438
1190
8597
3201
6651
8468
7238
9867
5581
8959
6431
9833
3959
9473
3716
9225
4545
5566
8889
1462
8300
2159
9060
3621
2043
9536
945
4939
3185
5127
5647
2073
1845
7951
2695
645
786
9297
4333
6150
6411
2830
1040
9915
9020
3244
5195
9433
8443
1370
7502
1696
5117
4465
1318
5048
5157
3705
2792
7629
4696
5
6606
6964
268
2908
4088
8489
5311
8597
6964
87
4707
6366
1528
3107
5927
1897
971
7173
1761
3780
4547
3731
5463
4515
890
3852
3228
7756
7802
5118
9848
7231
87
7637
1825
3008
652
3617
933
770
3293
6002
3818
6258
8795
2947
4060
5789
6727
3344
6837
8639
4622
6325
2332
8553
5970
1092
3348
3646
4553
1266
6132
4058
4478
5087
2327
1840
6118
7953
2714
5214
7645
7868
9971
7119
2639
7232
2273
8749
8002
2638
2462
2448
6496
5768
4864
1928
3811
869
9839
8211
25
9933
5474
7883
7607
3623
9154
2895
1642
3117
2528
2748
5720
7832
4210
3976
6405
3550
8248
7628
7554
1476
7965
1963
3279
5809
5353
9699
4337
4626
9443
9630
3343
6307
8436
5029
2742
6992
6327
2658
7437
4649
5004
2273
4771
8299
2636
4579
5284
9089
5846
4894
9354
5958
6616
6292
5439
1701
7674
8509
9633
4767
5716
2852
9471
4232
9215
1724
2528
3679
3433
9117
7923
6936
4034
6079
1504
4232
5011
4273
1805
1820
2127
6087
2125
7191
9186
5326
5428
6678
1926
1548
3829
7393
6484
8505
9276
9472
1095
4372
9463
2247
3884
1860
9647
6640
9110
2556
1300
8195
3694
8937
3223
3125
8711
7611
9777
5819
4111
669
3408
4457
2386
4643
5347
1515
2281
6176
7786
3566
7279
7553
7024
7740
8788
1114
3669
4115
4939
4842
7860
8193
3502
6829
6915
159
113
3854
6649
9334
4180
71
2698
8498
4370
39
5757
2801
6886
3070
5038
7272
5021
4024
5568
1779
5558
6739
714
8055
8182
7823
5106
2966
9209
6738
7672
4941
6418
6533
9657
4941
756
6366
3604
1061
3465
7658
5592
1224
735
7031
9708
4592
3107
6907
633
9119
7669
9685
2546
574
5707
6478
2228
7252
2210
2219
9480
8724
9278
658
9029
7092
9939
615
9810
6325
972
6754
2313
4996
8201
9406
5463
9100
7366
1312
7920
6965
1861
6098
4352
7533
6190
3515
7324
3569
2925
8605
7
3081
6841
9899
2161
446
8021
6229
1145
472
6304
9633
7795
4632
9623
520
788
9086
6697
4362
2426
5336
4603
4031
4297
2008
5122
3771
2432
433
6974
4220
8650
6270
2823
1395
657
3983
7247
2829
9020
1360
54
3069
8105
6264
8029
9576
9894
6763
1714
7485
5193
5724
5178
6319
3952
3811
5997
6128
1619
7911
6138
3419
9157
5384
9099
5374
489
5947
740
1779
5552
7875
1333
5305
1857
7656
5199
692
1570
1703
3907
5229
5987
6086
4390
4295
5082
2290
3825
8560
5048
6919
4980
3024
411
3771
4330
6929
6285
6295
3144
9818
7113
8867
1296
9930
2605
3469
4306
6190
4523
6694
6481
9039
6410
7897
5299
9435
1898
1401
6722
6094
9765
4086
2129
9628
7072
715
9624
8126
7793
8215
9616
3431
7914
4470
4458
8994
5363
6059
4473
2378
790
8524
3952
7685
3412
7658
6870
7726
3189
4540
9830
2846
2797
7527
995
9366
6745
8028
5769
9451
2233
7966
3230
2126
8968
4302
3512
7463
2566
9045
2040
6109
6454
1309
1524
9829
2291
5052
5058
4677
9918
1646
943
4276
6387
6431
560
4896
5114
8082
1968
7114
5305
5680
1689
2578
6134
5344
4750
9739
7801
7359
9156
4891
4080
2045
4176
8642
7517
8260
587
2100
4714
2293
8483
5268
4733
8848
2763
7678
5718
4288
9923
8753
3493
4482
8658
9800
6376
8464
511
4692
2642
8302
9071
2248
6104
3983
121
9632
1973
4037
3094
126
6573
1171
9284
9378
3662
6001
1033
1942
530
6540
5636
4995
4081
6919
9135
4580
8388
2850
5889
997
292
8133
2416
2039
9937
2489
2083
4051
2254
2371
197
3704
3930
6862
5206
1203
58
6548
3532
6634
577
8152
216
9413
113
4179
259
5369
8843
8154
3398
8274
6931
4136
4632
4509
7679
6701
5650
911
7934
370
5775
678
1189
3816
3087
8970
6932
3853
2955
6366
7368
8842
9474
5289
7657
43
9794
8076
7492
4539
6499
304
8931
5052
6413
8461
9303
4624
8281
5657
9448
8840
7493
5291
7139
7622
9985
6603
8242
4032
5623
9528
714
9076
5912
8885
4366
2082
7360
1377
8816
1387
8251
4033
7768
628
5986
700
6925
6855
798
7315
2784
3622
1917
9628
1416
6316
6241
3306
7591
4290
1733
8906
5596
4107
572
1403
3858
3005
4146
9803
9830
8364
3412
3499
1750
7653
4523
3358
6068
9956
7635
2307
6441
8818
6042
5884
8391
5790
6531
2619
9255
279
9370
1240
7185
1267
931
2865
9770
2079
91
1535
664
1636
6608
8464
4496
4162
8812
3895
5312
1308
5116
4972
2361
1807
992
9409
1684
7600
7915
9938
7814
9969
9657
5896
3966
5056
8528
4682
91
4813
5776
9376
6954
6901
2068
7158
7532
255
698
7706
2119
1715
5791
2050
9251
3922
3091
5148
7989
3702
4940
6676
920
4919
7575
3147
1847
5494
6409
6970
1975
2714
2723
9140
5841
4868
8612
9264
8685
5201
5672
9627
9610
7725
1598
3753
7051
4814
3320
2292
7995
4404
2556
9363
4321
3322
9319
2536
1774
6153
6176
6198
4275
1306
4762
1340
4576
9910
9716
7347
5544
3852
9867
3456
9664
3469
399
8918
4741
8696
4274
6779
3677
3245
7149
3509
7317
3296
2621
17
7402
7213
7690
6752
8660
7410
6040
4639
1932
7501
8023
6897
4719
6642
8213
5083
6010
6809
6868
9451
5765
8867
9157
4710
6444
6039
2563
9693
2232
5245
9021
9643
3549
3605
4731
8382
3852
7253
4562
15
4105
9438
7634
2928
7927
5257
5468
2577
5407
7700
8513
6030
9247
5059
6390
105
847
7780
596
7119
6206
675
6396
2282
8363
1959
4119
5667
7649
3031
6971
3985
3290
1485
7193
4242
4004
4709
7459
2709
3408
4513
7820
514
23
5421
1656
9783
6183
8185
4706
7648
9708
233
5324
6033
3578
7093
3633
9587
1109
3949
3447
2425
755
9613
7104
7085
7610
9065
4383
9836
2804
2581
8695
427
4337
6724
2991
4485
7435
6043
7266
6338
3716
8176
9236
3813
2923
4484
5150
2322
3230
6523
3722
1674
9066
9620
1194
1748
3869
6425
547
282
1116
3397
5399
4749
3409
6508
4128
7110
6941
5836
4616
4235
9979
3246
2981
4393
532
1593
7522
7540
7791
3139
6041
3081
6912
4517
9805
7867
3473
3082
883
1906
1711
627
1184
3533
4555
8986
3581
4495
4193
6833
2824
3197
4533
5159
3429
2371
4793
4086
7377
3102
3387
9756
3591
9161
8507
2467
6379
5255
2651
4095
131
2697
3967
7604
6710
8829
2883
9106
236
772
284
9854
437
9326
6054
7486
2951
2660
9357
1872
3311
3842
3064
6439
5640
7919
1119
9795
73
6122
6429
3053
2440
7379
3408
5404
1820
3219
9597
2262
81
2505
7633
3799
2885
5729
8419
7927
8575
1907
7845
4619
4351
2998
2409
1642
8976
4191
6223
4538
9978
266
8524
8247
7413
6563
5495
6863
8855
2226
6414
4061
7678
2705
725
7151
90
2811
9038
2262
9569
898
8532
7899
4518
1133
9953
1081
276
7260
1504
2362
6308
4218
5469
3569
4558
7694
1128
9297
5803
3390
4696
4648
553
5680
364
8300
4921
4510
4925
6641
562
8486
3423
9891
7192
5467
2646
9398
7959
4683
4709
3032
7785
1598
1010
1232
5255
8408
4870
4229
9100
1243
3408
4173
5605
7116
8809
5425
5797
992
8306
5305
4981
8146
8377
5753
3689
8468
7019
2919
3213
8736
3763
1944
462
2970
2865
3671
2997
9924
9605
5697
4382
7869
5562
6336
2087
7687
6801
6017
7300
8227
4434
4900
9567
8060
7623
8208
5292
6028
9076
592
5787
3535
2382
4910
7335
2178
7980
3754
6683
6503
8251
2856
7012
3016
7819
7651
8370
4742
4039
2450
472
4973
2594
565
4482
8293
6492
267
3142
6664
9189
9540
5428
3963
1944
7198
327
8667
1096
9582
9485
1285
4729
3053
1379
2625
597
9405
8106
5628
3439
8934
182
4753
9300
3073
36
564
5021
5936
635
7595
6401
3528
1740
680
5224
9340
2948
7223
8986
1239
7936
897
6597
21
8207
6779
4862
9775
8291
1790
5198
2642
9473
771
1054
587
4537
6043
6942
465
2863
5496
8686
494
9687
6940
7312
2731
9088
876
3524
8488
8471
96
2211
773
7932
7962
4008
5951
3073
8160
3688
4586
975
7592
4818
1463
2275
7631
5074
227
5734
8597
8143
8413
7034
6073
1108
4705
7904
9453
6796
2181
5142
3414
8854
319
4669
6034
1480
6417
409
7909
9696
3586
9762
3986
5222
8842
7240
6499
8461
5914
5779
3574
8504
6694
1208
7956
9
6096
3895
350
437
6738
9249
358
2579
8744
968
4327
3491
5112
3518
1554
6315
6350
7055
6071
6781
9112
6955
1340
372
4410
2475
5549
4749
6735
3509
9920
7859
2878
4955
499
6194
1749
7437
453
6173
5156
4911
1645
6651
2936
9781
1419
2060
8066
9834
5386
138
3923
4752
3774
4523
9399
1122
8303
1506
8956
1798
162
693
9341
9134
8657
6953
8159
6301
9942
857
5879
2470
5385
582
2069
4432
3155
5752
8978
3047
6319
6979
9730
412
8220
3925
5237
2828
1233
8971
4384
5118
7486
5747
5346
5861
4298
2749
8310
4517
222
9627
8581
9635
6782
23
5876
6165
5455
4163
6065
2457
5642
6251
2758
3698
9691
7015
6856
9644
6646
3964
4623
6801
6247
4019
5121
2228
612
9953
1373
4186
9697
7029
2401
600
2944
161
8793
360
2099
4128
3413
8069
575
8933
4085
8150
2527
5588
7395
4920
5442
9450
3661
7619
2098
7382
8366
894
7618
5323
1689
639
3715
7070
6849
3851
9939
8634
8279
2331
9618
9187
4976
4671
3554
599
3922
4124
1515
7184
3756
7042
5961
951
6992
5657
2243
7506
3725
4137
328
9694
1693
5112
3463
4712
4807
9021
1851
3573
274
8212
1
1633
6040
3899
6344
8868
1410
201
1252
2113
8933
6510
2159
4264
937
5414
9885
1083
8210
4791
7978
4782
445
4937
1058
9159
7017
8821
9004
9141
4959
5030
1588
3677
6127
2349
7204
2304
2680
320
7886
2088
9572
994
8472
6289
3758
7022
6021
6852
9121
6173
5468
1263
4862
6599
9943
5328
793
7142
3098
9008
8849
7349
8910
9437
6138
8632
2937
5023
6313
6454
9100
5404
299
8304
5897
9990
6018
4005
7310
2594
845
3486
6003
4677
7491
9957
7019
6151
2796
8707
6106
3657
588
1478
1412
6034
461
129
6702
8277
5176
1597
4723
3710
8687
1822
5701
2476
8266
2912
7518
3913
2396
432
2289
9779
9825
3575
7250
7663
630
9377
6895
100
7797
5164
5706
8226
8844
316
9748
8694
6601
9243
4503
3445
5236
6542
8815
725
9737
3250
4215
7579
8064
2837
1516
15
6491
3794
9184
2093
1323
2580
9853
6500
8560
4043
5891
4033
6891
1453
6224
3366
2593
3987
7579
5347
334
7700
4749
5158
4371
3888
7165
3839
9631
4786
3607
972
645
3272
2008
3860
3919
4511
3944
831
3839
6280
932
6594
3486
3255
4615
8073
3779
4154
8180
9436
1649
8134
4291
724
5149
6108
9397
1511
7227
7179
1366
5182
3764
3152
5279
8040
9078
4648
2004
8216
1832
310
5632
1498
1560
2207
4123
1411
2580
5554
8422
8085
3089
9030
7267
5825
3035
1372
1587
6647
2569
2436
2957
9145
9340
4683
6664
8095
8196
6785
7638
1363
9727
5369
4077
6812
7423
4409
1218
7464
6343
1729
3684
9138
2434
489
6803
5251
3295
8307
7371
9396
973
1632
9105
7234
3807
7311
3176
2538
9533
5391
4240
1444
3623
5941
6668
3997
6262
3401
3951
7212
2528
859
1571
4422
2167
6291
5797
812
1840
2774
3856
7122
9259
7780
2500
4987
6788
3390
419
6160
4804
6134
2568
303
7748
1823
7876
6928
3504
9763
6438
5651
8452
1858
3318
5477
7350
5768
7327
3282
815
4328
8471
8436
6087
9780
172
9289
6668
3951
1804
7602
7247
2665
7601
3112
5483
217
5687
42
9522
282
4636
7649
7414
796
8787
212
1153
9883
2676
7575
8818
1165
1011
4558
8309
8740
2652
768
8333
6499
1064
9607
5680
9342
2191
5059
495
746
5418
9182
9377
3363
8755
3290
8699
4604
7676
9479
1086
6177
5048
4641
2940
8889
138
3221
1384
5095
1512
6596
1642
6704
7563
1969
3692
9255
1894
4836
7109
9779
3473
497
1311
6834
6033
882
2070
1591
549
1873
2879
8046
8207
4706
1906
3985
8845
845
2294
3507
5460
9161
1112
9289
3144
4452
4696
2921
2810
399
7952
9450
9919
5814
8529
5515
6488
1342
6955
63
675
5750
8713
2758
9982
9120
4695
9352
6147
1033
7458
2202
4932
8916
5530
2802
708
3365
9526
7559
9792
3288
9892
578
9256
2418
4187
4017
6334
2944
847
7402
2970
4748
2160
5693
5975
4494
1072
898
8542
9326
8431
3745
2413
4727
5941
3728
803
9847
1675
4327
9419
2516
3734
271
2706
1065
9665
9177
7078
5693
1317
2780
9166
772
7464
4262
160
4495
8544
787
1475
4399
7330
1067
9489
3943
9100
3398
5352
4527
475
1675
6174
9717
3961
6150
5039
6638
6182
8791
4981
7818
8194
6551
82
9429
9317
3334
956
8409
6763
8912
5989
9169
31
5054
5046
8201
1059
2488
2232
7665
6505
3016
4207
8464
4946
5242
1172
8805
8624
799
1741
9177
5833
4369
6955
2912
6715
3297
3375
3823
9174
6556
9833
8215
4379
2796
2079
8815
3519
1146
4967
7296
8603
6738
4049
7545
7204
447
8116
6259
9186
533
6356
9503
6367
6893
9740
5468
9325
5851
3949
8789
4804
2875
6595
7942
888
3754
112
7102
7603
8337
7048
288
4036
5244
6937
8405
5651
3433
5876
956
4991
4892
1036
7201
7510
3407
4474
4299
641
6087
8891
9870
4730
9794
5639
1297
3867
1996
9886
7931
404
592
3264
5863
5559
9052
5721
1958
1428
4285
8168
3235
8236
7289
1819
7569
8773
9276
7737
8705
7161
3242
5163
7904
315
7956
9128
4157
3143
1877
6475
9960
9765
9036
5395
2022
10
2484
6215
7809
4906
1102
324
5053
430
4928
6884
9701
4925
8935
988
9955
2731
9496
7363
2350
5307
3925
8906
4510
2690
4395
909
2763
1962
3927
2468
3635
3775
5497
6886
7435
7674
4592
3371
8685
4439
5909
7931
95
4101
1092
7416
5860
537
4869
5878
9708
8895
4665
3299
9783
4319
7664
2102
630
2088
1255
7016
2354
5083
6158
8985
9638
5703
856
1649
4487
3468
8796
9013
8597
5166
7576
1489
1497
2152
3557
3432
7822
6010
6917
933
3196
977
7385
940
1503
4626
4015
8723
8310
1538
73
6919
9160
6085
9033
2956
5889
1489
2824
7604
4697
5950
9798
3723
38
4364
4731
7501
5192
7905
7628
9076
2850
4302
6841
3730
3401
8621
5540
3128
7300
1641
588
4449
2963
2121
9975
3166
2493
6010
7870
3262
5217
4392
754
2617
798
2793
8428
2057
9694
5383
7266
9942
6189
824
4054
1453
7863
4668
4808
2188
9615
5202
1356
6556
4269
5750
5190
6091
4191
8651
4114
150
9648
6081
3696
7343
4437
5315
2124
9649
4196
5824
1612
3261
8144
4196
4946
8383
4543
8515
4753
4610
8140
5985
4141
9021
3320
1857
4107
521
3260
6296
647
2687
5929
124
6341
8547
2800
2270
4287
9287
8062
3937
8189
4125
1007
4311
2722
6510
5380
7303
5251
624
2559
8652
50
950
2250
5453
7961
4378
1111
1812
3651
8720
3074
3166
6340
2471
4147
5406
3208
1841
8944
6174
7529
3452
687
8787
2314
7564
185
2411
9920
4759
6474
630
7649
7613
4917
5198
4708
4178
5861
3589
3640
9450
1390
7274
3105
6976
7361
4679
1868
5826
8830
1705
6372
60
7396
1357
8333
9775
6148
9540
5982
6718
7940
5586
1916
1877
8959
8985
7857
9847
8073
6397
3099
1362
3201
3268
2784
881
9919
2844
7136
702
9436
4232
9347
4561
8257
8969
9041
602
9688
8917
4144
9303
5599
1014
1848
4882
7403
321
915
5643
7320
9314
480
4093
3054
497
7830
7775
2944
2371
3237
6921
9967
4943
1641
4737
699
378
9224
2305
6009
4754
1546
5383
2831
5396
1609
9913
8844
1371
9278
2930
9750
9430
9178
5694
4779
420
7702
5166
9081
5678
7682
7128
3401
8193
154
958
3989
4278
9095
7961
5339
6464
6625
4625
4681
6914
4914
1036
3544
3146
566
4466
1878
4510
7343
6552
5195
6513
2532
4321
285
4050
6985
4109
3263
1858
234
4044
9924
7152
3042
7732
4289
1010
6088
5611
2913
8082
8376
7521
4434
5059
6048
8636
6204
6030
1841
7186
7506
2573
6981
4637
8305
3523
2960
8958
9861
4999
2654
337
9771
2555
748
1816
2961
7965
8403
8662
1962
3689
2671
9499
9582
809
6735
5351
9533
5498
3876
6317
8644
1932
8812
9509
1560
261
3400
4222
9712
3843
1705
9326
4831
2701
3578
6471
2574
7460
8327
4057
9369
2907
1723
5758
9440
5264
7047
9045
9469
2358
7006
254
6165
4000
4957
4031
1879
9388
6984
2673
2674
2378
7056
3914
7028
648
5216
4839
3436
1788
903
7302
753
1868
3360
894
4731
6989
7740
4283
5375
2214
6802
1610
1929
4688
3244
669
9522
9660
675
1067
6736
6673
8613
1335
6637
2097
274
1787
4383
6247
2727
7906
7510
5136
7985
2831
2773
7043
8979
6717
4808
2173
1971
8371
1684
9421
9726
6643
5356
7817
4988
2352
1455
156
7038
4954
9230
3196
2564
6248
9723
7292
1739
5344
814
7515
9667
4293
4305
9910
5503
3806
8059
8401
1718
2319
4138
45
7206
8343
7545
8087
8248
853
9041
3565
2542
1319
4220
7006
3225
8528
8596
5324
8056
2981
6442
6512
8762
7221
771
2459
1940
1843
8173
661
7263
2385
1343
6340
2072
4858
1054
6649
1275
9676
5052
6810
9466
2545
3562
7864
1222
1465
8319
7630
9553
9189
7937
4453
8026
1266
3743
6789
5623
975
3665
4604
4065
3709
5047
212
4089
3027
6943
2197
6601
2043
9426
7255
2789
5853
302
8065
9103
4661
2718
8531
1322
1955
9508
2876
4727
8880
3977
3129
3195
8296
6588
2811
3874
9752
9766
6532
5436
3348
9071
6989
8117
3765
4297
2615
4883
1950
9849
3244
9368
6346
9046
3457
7991
6916
9978
2939
708
5299
2613
6362
9316
3519
1537
3702
868
6580
2641
3925
7301
3890
2482
8471
7012
8014
1459
5822
2440
7993
2177
1965
9749
5483
827
5643
4509
1708
7541
9172
9526
8767
8359
8269
7271
6251
133
1778
2348
7383
9194
205
4776
2241
2717
5029
7322
7467
1894
6257
5401
3858
8506
4023
9913
6908
1985
4854
7903
94
9081
5468
8705
5784
4116
4213
2614
558
1724
3025
2573
7395
3174
9776
8362
8276
4228
8668
2235
3326
7653
9299
8889
9341
7015
2944
6265
5090
9613
1573
6690
1471
6667
4423
2713
5523
9454
7302
3319
1005
505
1784
7373
2702
7705
129
2014
9440
1354
4656
7306
3613
515
2377
668
5613
2237
5306
5465
9839
9905
2269
7608
7443
3182
9033
8353
7506
4554
4421
2830
3291
4400
2650
1214
6619
3224
3972
8616
9544
8532
4309
8077
906
3830
22
7142
6663
6175
7099
4973
4297
9906
5537
6231
125
5143
6678
7230
7643
7164
549
7037
8237
2118
189
2213
4671
7669
9502
6717
6561
4005
5695
1894
6779
4641
6494
3932
3230
5810
5957
3384
4051
8901
3909
6914
2114
7354
4642
6980
2801
7368
4011
2282
247
1967
164
4070
3372
7109
7250
9968
1103
5346
6658
5898
6499
71
1062
4049
4839
9625
1245
6847
6641
2780
3838
3790
5350
2042
8865
7815
1160
9027
1898
1736
6541
1550
338
9716
1256
1325
3316
2421
8486
4958
5633
156
1366
1294
4369
3481
6214
5929
3799
7974
8551
2652
5807
157
4476
8892
4102
1355
8276
1727
5478
3884
7090
1111
3613
6357
1941
8879
5401
2064
7833
94
322
6018
4025
2441
5700
4249
6254
9381
6215
9889
3529
8314
8157
9046
8153
4147
3799
3955
5402
3185
372
201
858
463
1799
9515
3097
9985
1700
7382
7469
5558
504
2446
9646
60
9570
8644
5988
2834
9025
7363
2988
7592
2795
1098
3921
8723
422
6916
9741
142
4823
339
6395
1322
6198
5771
1911
613
4362
394
6533
1864
7766
4741
1851
5627
4031
3518
972
211
8489
4034
6658
9868
2861
3758
9255
8225
4569
114
2496
8888
7332
6638
3191
6875
6924
5321
99
1569
6750
832
1814
2443
6673
3003
7203
4826
9248
1291
5242
7405
9330
1168
7345
4392
7688
4135
2528
81
2770
2641
3449
2532
5086
3310
5635
535
6462
648
5554
823
1621
1517
5524
5345
3789
5940
9978
3789
2376
192
5249
4084
2610
754
3100
8322
8767
3032
4624
694
6774
9572
5899
4119
8105
2248
5970
3553
6432
8541
8806
685
9457
2851
8162
1294
6255
7811
4564
9144
9884
960
3589
9179
7851
1899
6199
5901
439
1030
3290
1733
585
8448
2859
2963
4314
1743
6073
62
3990
4572
1669
8230
7721
2168
6917
7191
2809
7197
4485
3263
9951
6687
3532
7158
51
3441
7782
1820
9571
1956
4499
8065
6271
9177
9835
494
6420
5352
3772
2865
3332
6457
7986
6101
254
7856
7393
7712
4368
6198
4466
9798
2181
8994
3336
7978
2012
7158
1997
453
9143
7590
1006
9423
8476
3651
4400
5530
924
6501
1630
4767
3181
3528
5616
3744
4903
9021
745
604
8807
9570
2893
6993
7395
6396
557
8763
6155
6127
3105
891
952
3280
753
195
404
546
9647
1901
565
9596
276
1595
3031
4956
7830
8186
4933
1829
6978
9136
1780
4292
9900
9524
3100
5489
609
6460
9636
7456
7493
689
8313
4918
5981
7280
1211
1721
3355
7386
788
2273
9602
8874
3477
3275
8629
3366
430
5020
9056
9999
2554
4609
4082
1763
3381
8789
710
6690
9067
7453
5949
2717
5311
5885
8681
794
4868
7453
4008
3924
9643
7798
4507
6672
842
7591
2898
9962
9845
5748
4118
2142
4940
2909
371
514
8113
4445
112
4512
436
9289
4493
3282
8877
1576
5799
1894
8677
1378
1450
8337
3473
2273
1348
2560
2251
9268
4258
1049
4351
4611
4569
5520
7024
6892
5475
6341
7669
5436
6405
571
1203
4857
9113
9028
1751
5100
2540
1559
5008
8860
4389
7012
2503
9269
7857
9102
9453
6488
7608
2727
463
3692
6269
8890
6792
8242
951
8961
3171
9702
7271
5382
5836
193
821
7687
7458
5707
9083
4738
9050
4126
6318
8400
8451
1030
1189
4991
5922
325
7623
7064
2762
2851
7541
8591
4681
1922
193
4056
4130
575
9274
886
8114
4965
2853
2190
4401
9467
8218
8155
5320
6366
9912
427
1225
9001
261
4231
9071
1472
997
3520
5699
3629
694
8948
392
3457
2119
4031
2435
5564
3859
2846
8635
9176
8190
4991
8201
2672
858
4421
8284
4462
4566
1928
1276
6321
2564
9097
9256
4957
4630
7282
9278
7869
5300
6492
2839
6835
9708
1946
9277
8960
1318
7811
3673
3119
35
333
1517
4652
4242
8869
4459
7171
2286
5483
5520
6002
9048
6553
1313
3616
7692
4324
9232
2759
7634
3916
731
7564
644
5998
3009
6448
1031
8216
3713
8063
3688
8492
1042
1701
8132
9038
4153
992
4003
4280
3498
5665
5107
1021
7358
5916
6685
7833
9180
847
7285
5143
9112
3776
3763
7869
2517
6366
4265
162
6168
8425
3953
5264
9274
1086
3573
5125
1034
7947
7082
3075
4397
3361
1529
5446
4818
7126
8139
1365
6471
1882
7217
8370
993
6946
1245
2573
5308
2848
1361
2981
3168
4692
5826
717
3596
6299
7080
4845
2161
2118
8533
9535
3373
8198
8031
5770
8563
2946
2556
2557
5412
9499
7353
6449
5900
6071
9319
2288
2859
3849
7955
7012
8958
514
8016
4007
6345
3345
898
2906
1380
5030
3194
5090
2383
7460
4729
3693
5427
5668
451
7075
6887
7158
9858
9015
9852
643
2004
619
2453
1054
9106
1283
5190
5145
7853
2179
2200
5427
455
5842
6822
8975
6667
3583
3015
3936
9979
258
3784
4560
452
1372
901
7040
2400
7368
1316
2489
4183
3683
7343
3730
2467
2103
5692
9115
7279
6659
330
6917
7194
7799
4474
2820
4990
8362
5720
7165
5208
4910
5508
4185
1523
2972
3617
892
4054
7449
4138
3711
8790
666
9628
3641
6777
9796
4676
9708
5625
220
7381
4780
240
6157
325
2938
5542
2712
1862
1119
1525
9013
284
724
4405
1319
3680
2078
137
4622
4544
1591
484
3926
4160
7431
1033
2701
9953
8994
5359
3394
6988
8458
7085
4585
5996
389
7255
6011
4053
2154
8853
8490
5013
7045
6237
753
2213
8634
4140
1146
2427
6086
5206
442
2592
4657
1815
5671
281
5983
9093
9593
8484
742
8645
5918
4705
6745
2198
3112
8362
4467
1309
6337
1905
6592
3582
3103
4676
4821
6836
7346
3999
8752
4590
921
5615
586
343
5829
5134
2296
4143
1446
9312
4385
6043
1409
4249
8058
9157
4163
8457
2045
4289
3439
1685
5336
8510
6995
4770
6386
3429
745
480
9656
7890
1209
7106
8294
1340
1884
5910
2081
8354
9483
1093
5248
7171
1813
5032
171
5770
2112
5268
828
4965
4663
4660
5123
1440
8546
6418
3381
2339
2676
50
452
1589
4045
1179
6345
2570
6239
7667
1662
9824
2989
5878
9304
2275
9311
3218
4882
3720
5123
7650
197
9084
2318
5828
1427
5977
2416
4153
3171
9329
9206
7593
7062
1930
6776
3729
1304
9703
3362
9594
4386
4255
2257
6999
6157
1197
6675
7995
2977
6003
6800
3140
3723
9419
5832
9736
8044
6859
9778
9002
4510
6916
6708
7705
7715
2439
7664
4166
4070
9269
827
5071
9794
9842
3945
2685
81
8581
9156
1254
700
911
1324
1488
5602
7685
2440
9507
1604
8267
7466
9002
2765
7359
1873
1030
4238
8000
4360
1774
9031
7769
2268
1398
3394
4381
2314
747
3930
5456
9975
2329
5113
3616
8969
169
4462
2703
3154
3611
1245
4174
398
2508
7137
4455
8130
8323
5869
6631
1108
2957
5408
6166
3833
4659
1702
4389
41
5094
2443
6882
3935
6903
8154
1643
7612
8068
276
3917
3388
5026
7997
5399
4352
7076
4448
7152
2858
8790
4690
6882
4472
1464
6820
529
2423
9530
9650
3724
3016
9665
9240
447
2880
9219
5140
8882
6378
7508
5815
1026
7095
4638
4854
5194
2838
3846
5869
6558
1950
4257
7922
4803
2247
1267
4807
6174
6729
3407
8793
8824
1085
1488
9574
1898
1984
7522
6555
1739
4325
2686
3915
7219
41
5953
2092
3291
3506
1144
6556
2884
4225
457
2913
192
1847
1473
2461
9968
3588
6422
9648
8843
7354
4808
4184
7848
4224
1849
3203
5577
9523
4565
9413
3108
2934
3232
5861
239
3114
8171
1
3078
3192
499
9794
5932
3755
2134
123
4124
3484
1186
7531
3355
8853
7036
7842
4797
5702
586
3023
2352
5862
414
5816
2376
9217
8239
7539
3032
4736
7797
9057
3802
6903
2609
1435
3083
2567
2903
3076
8150
8660
9369
1710
9419
4001
241
9944
9692
6438
9386
2085
1380
9316
8859
424
1780
9087
3922
2731
6444
954
4969
4255
8866
9617
6552
110
1778
5807
6359
7660
4306
6736
5165
3468
6336
5889
2826
8975
1402
2004
5069
7239
5754
3823
3235
1353
8396
3571
5901
7377
3757
8219
8812
7984
1891
747
2428
1472
2323
5863
1354
1144
9203
8821
6675
1946
7884
4267
267
6186
1963
3346
9303
2954
4596
4733
3143
4896
7443
3890
4531
8089
625
2726
2113
5958
3424
5480
2737
5364
2244
7811
4677
8251
9853
1239
399
1724
6708
626
1449
3149
4962
3799
6332
4401
4744
2816
6205
4784
6542
64
1130
6774
4556
177
3549
8071
1518
5516
4938
2736
7991
4952
6379
7801
5046
3513
9174
6422
8205
1865
3239
5005
9236
5221
3183
2834
4489
7726
3433
6253
4193
2096
5589
9613
9408
7039
9187
4902
417
8780
3757
5190
8946
5640
8017
5062
9279
96
5930
4732
8186
9894
3370
7452
7940
4976
2982
8159
6747
6361
1950
8492
2799
9334
3687
8434
9170
6644
6727
7128
3516
5468
1148
1323
4328
2424
2666
6103
8383
3759
3599
3537
9231
748
1557
4033
6455
7453
2627
9341
7122
935
656
1760
1453
6183
7685
9145
7559
1251
9838
6000
7268
6847
2365
291
7806
5180
7850
5967
4984
1787
5435
8058
3520
2223
4332
4445
3905
6416
7228
2687
6802
875
6756
317
431
8694
5540
8101
674
2722
1707
498
1117
1210
3458
7698
3254
2904
9430
9794
9311
8423
6881
1659
7057
2099
4
4918
7158
3788
5123
4571
8464
4425
2397
6247
5576
6568
7174
9052
2646
7140
4098
6370
1082
1760
3809
4939
1734
4096
5570
4116
8904
1880
8805
4568
6855
6635
1792
2447
1145
3733
5325
2851
2542
1508
6895
979
1565
3329
3840
8144
1641
6413
1032
8196
2208
2470
2924
995
3392
265
1664
2042
1894
9489
1338
4148
7493
3181
3925
956
5311
4112
830
6252
6514
3330
7183
7700
3298
8260
8182
1270
8847
4641
9857
2525
1827
464
7672
9438
1402
853
5478
9431
958
9175
7318
309
766
6012
4966
5921
2731
6881
2586
4458
9951
2550
3840
6878
7930
166
5628
7585
2410
5108
9648
3905
8982
2720
6489
7888
1767
5753
6760
1440
836
3661
7147
1645
5656
620
6680
3747
5362
2219
6629
6977
3529
3716
1703
5509
4218
3834
4598
9143
2480
2042
3353
1170
8318
2957
6851
9036
8811
5594
8825
9111
4763
3704
6094
4016
2198
4065
4030
4885
5608
4307
1875
8132
6516
9680
5111
2046
613
9141
5335
7514
9427
3943
4560
6630
7422
6473
4185
5064
4651
8794
285
3506
2584
412
4771
3380
269
3775
8700
7244
4016
8124
7432
5416
1861
5694
7861
5180
9729
3802
3909
2879
4937
9791
6122
9968
1340
9640
5809
9974
825
5455
4025
948
9662
6588
8398
8476
4975
6874
5639
1578
591
9787
8680
5857
2462
3010
4964
6419
1680
4302
370
5642
9925
5062
3531
1524
538
8431
2782
2619
1083
8827
6320
3922
2883
1756
3843
4939
6962
8086
9474
1637
6697
5891
2998
8323
4229
7456
872
1112
3670
4932
1956
4974
9099
4272
3670
167
2396
5922
6787
4810
916
5508
631
1199
6504
5265
3558
1030
4856
8040
6657
6288
5170
2057
2376
6673
189
7516
1526
8670
3992
5953
1389
833
8447
497
9263
3371
2503
9908
8454
6601
8248
6044
6816
2799
644
8479
123
7744
5207
5682
6665
992
3853
2240
4720
3441
9626
5626
8145
8537
6730
680
354
3845
7734
9790
9642
1895
8655
2201
9881
3002
7227
5897
562
4182
9609
5177
2150
1231
8338
1097
1501
8552
1678
765
3939
9637
2864
9790
5790
6302
3712
1822
9703
9487
7811
6905
9916
2876
4536
2503
7665
5986
465
8701
2815
9737
28
6323
6202
9589
3453
7841
8034
5436
5595
6195
8726
6162
7300
9356
5551
15
5277
4038
369
5667
6329
6055
1865
5904
1637
5839
8370
9813
6142
5422
9307
1035
8016
4115
4797
1287
2365
8382
3099
8448
6390
2391
923
3099
1096
9352
8683
8546
4646
3733
6545
948
9342
5676
5124
4678
859
9991
1665
9750
9095
2975
218
7088
2491
8506
9345
5001
6116
2837
6029
5081
7123
7757
1783
614
7058
8854
4484
8251
2990
2495
5806
5239
3189
9165
6449
4338
3165
2019
1439
6955
8527
3331
1681
9372
222
4783
7419
9311
2120
680
6651
9626
7752
6264
1454
6789
9701
8986
3646
5452
2570
2359
9723
2064
9315
3148
1029
872
993
9238
5539
262
7002
7504
2836
612
688
3731
1312
3004
2300
1164
2473
3095
6951
8428
819
8957
4261
2121
3597
9819
2462
4593
7772
6003
5978
8206
1059
6061
7640
6597
5104
6028
8764
9193
1205
219
5363
3677
4562
2405
3508
6022
5116
7828
948
2302
6572
1970
3494
9765
8358
843
7757
3954
4580
5364
1823
3480
831
6388
2953
4851
1834
1232
6633
2370
1739
5381
8700
8766
8022
7550
7316
7912
6743
9686
8741
7122
8764
3479
4652
4483
1341
753
8652
2942
9385
22
4583
7244
3678
194
7926
6085
9332
984
9173
1102
2279
5847
4366
6413
9168
4443
64
3992
4799
6688
9724
6971
5110
8994
8587
2264
9957
5936
5711
2344
9773
4494
8933
8800
7187
6089
3716
975
7780
6582
6309
867
3775
964
1406
7340
6612
9808
5117
8872
2279
6998
4061
3453
3184
2181
6584
6214
7634
2092
5962
5429
1413
6176
3949
5382
9459
2319
5926
2324
6332
9743
9931
6436
439
3936
5664
1135
7733
5568
5373
8110
2659
7133
61
1086
8668
3877
6
2466
5880
4121
6928
4776
4646
7872
3491
4852
1745
1032
5185
5064
3442
9271
2829
8549
993
1039
2887
6299
5161
3120
9750
9324
4824
9384
2400
8175
3951
933
5913
9297
2812
2699
677
6405
706
1025
2412
700
3074
3494
5705
4288
5848
3889
9902
3642
5412
4534
3576
2020
4611
8148
5451
8312
1833
5003
6538
295
4797
7547
6565
2101
4562
2759
1215
2082
7646
5001
6634
9316
6665
5631
1889
5151
4419
9283
5938
2231
8145
5816
3031
4573
6038
768
5968
4676
635
4714
4798
5591
2763
2649
2750
8756
4781
8528
2704
1488
3054
2474
7299
8494
5626
8278
3055
2699
9735
3999
7438
4944
494
6985
7735
4506
2631
3511
1225
5158
3601
9578
4177
118
2859
9780
2200
16
7153
8843
8460
1766
7414
8297
4185
8336
9626
2095
2420
2613
3576
3338
7348
857
8527
6174
9645
1152
9339
9102
4394
3777
9375
126
7575
4869
8977
4912
9944
3007
4243
8074
5241
4214
8857
3401
3202
1501
2476
8271
1511
5539
1914
2919
5738
7126
4727
9530
5053
4275
180
3369
856
4136
5546
5722
2163
6491
7139
4865
6321
9747
7334
4499
6537
5524
2077
6768
4098
8552
7172
233
5306
7737
1104
1996
8787
2683
602
609
5002
3990
6167
6188
1126
7729
6853
3267
2250
6986
6500
1914
8950
6066
4622
762
1040
2661
2404
1616
3995
1847
87
5617
3617
3546
2880
9275
2771
5116
8557
3591
8265
6062
5400
9323
6743
4399
5349
3292
95
1686
6423
2640
477
2719
3920
2593
6596
7676
4868
6830
8450
2621
1545
6540
2274
5131
3485
1193
9198
669
2835
385
9774
4398
7547
8649
9313
9622
7853
5401
2039
9748
8610
4727
8378
1613
7359
8814
7559
7934
5711
6254
9276
7566
5676
4716
8767
7551
5130
4458
4808
131
6080
610
8780
9050
7796
7867
5208
2186
9009
8398
9062
5736
695
3411
2431
5874
6144
7700
8333
2751
2539
7811
2588
7662
6662
1239
2300
5707
7132
2930
5557
6080
8617
5470
3288
4120
7766
6597
1534
3278
2582
5296
3600
3733
6668
6951
8849
2433
7174
8279
5036
6258
5978
3202
3621
5553
7771
6609
1823
8498
7608
1476
874
1433
8881
7209
3398
7514
5207
5371
8840
7736
1871
8290
664
2415
2531
6216
1941
7518
7142
6236
3334
331
5505
128
3533
6250
3262
956
346
2969
8368
6869
8250
2050
1037
8808
9161
4260
8634
5952
363
9403
9441
5096
7107
3723
5953
3163
4318
3596
7426
4614
9823
4687
3956
6030
9448
8015
2147
750
3601
2963
