8029
6807
630
1125
9265
764
4242
9482
3063
5532
924
257
458
3212
4712
6039
4685
4431
129
5682
9409
7041
7549
3517
6547
8306
1051
7069
738
4786
1704
9935
974
9557
8161
7857
4716
1572
1986
7721
5702
1440
3421
1414
5775
6403
8551
4193
3540
5
2204
6575
9710
6855
5826
3974
8325
9824
715
1625
9134
5330
3029
866
1988
7608
5804
9340
1717
5231
4735
7706
6563
4509
4415
6022
5563
9986
4899
4762
3410
3338
5529
2693
1275
3963
119
475
2230
1874
5983
1691
1139
8596
1137
8542
1939
5891
3259
233
8415
3312
7404
9711
2226
6152
3398
9479
7089
3084
8529
7877
5260
1297
7292
8471
8972
2288
1102
974
9963
5162
7755
8295
8836
6412
9346
3173
4575
6603
7859
2237
6319
5293
830
174
2855
9172
9942
3003
2822
2087
6069
3302
7460
1502
4137
7290
6276
4298
7532
3189
745
8078
5313
1888
2485
2350
8234
8733
1773
2083
5575
6108
1448
6152
7896
8249
7990
7861
3828
502
9645
5589
9186
7809
5679
246
5620
7537
5527
9756
2644
6818
6962
466
151
3595
5563
5646
5886
792
2703
8704
4139
2569
1039
5319
1072
4630
1027
8144
4371
8909
1403
108
4766
9946
6913
1388
9618
2130
8299
8620
6652
1515
6588
3769
2736
9211
4170
2080
6162
6572
9946
9941
787
7721
1959
6204
9784
7832
8674
7832
6311
7460
8867
6110
5659
2518
6654
885
694
9663
8257
5308
1622
1604
3242
439
4864
8342
5589
1752
3865
652
2226
8566
4820
48
2789
1677
6629
7204
8023
9633
564
2335
8698
9280
5854
2583
5482
8516
5957
1852
1439
4545
823
1007
8559
7953
9548
6285
4048
7337
1592
188
3147
6264
3153
33
316
7420
2347
9884
1430
5216
1407
6593
1460
3174
7978
2691
6218
8077
4690
7198
89
3983
3971
4929
8561
7370
3783
2007
1041
4777
3476
7681
7626
6958
7726
6913
8881
1230
5166
8133
2659
3913
6635
8991
2404
9684
5221
8813
8736
7477
3713
7161
7298
2042
6941
4575
3266
7575
4261
614
5545
6330
6958
2173
7713
1084
4144
7092
9544
9255
6209
5892
1651
1407
4284
4572
8478
2782
6529
4921
8737
8111
6518
6801
2639
8886
5627
4844
5720
7707
1498
4751
9758
401
9709
9078
837
1815
9594
3341
1156
5467
3738
6780
8792
4134
8679
4141
5399
72
4339
619
9841
7920
9893
7113
9539
1671
3311
603
9670
6906
4075
6725
4724
2099
9027
2895
8379
3171
9984
5665
9497
3486
6283
1329
8759
834
7503
4566
2835
3973
4767
3656
5045
5483
9859
758
6227
1169
430
9587
1376
7913
9531
4141
7823
3266
1926
1260
7349
6435
1895
9300
7372
5411
8136
6471
2916
3464
2792
7018
7765
1659
1144
7250
6911
7796
7795
5963
4898
2664
6779
1973
8057
7851
9966
1803
2865
3123
8520
1073
4424
9275
1985
4377
3713
7344
2919
5202
3044
796
6598
638
5953
2732
5556
5007
1717
7200
1290
3821
8101
3631
1772
7542
9655
165
4169
2531
289
9450
4333
418
3081
2351
8388
7317
1755
2984
5850
9447
9161
4896
574
8726
9836
9310
9125
4418
5033
8467
1530
928
6863
8396
3363
459
1821
6570
7279
2360
9009
8491
6859
9860
6602
9572
1444
7404
1759
270
3974
5800
2328
3131
9283
7526
5338
9379
6656
3231
7617
4095
1897
9191
2517
641
2325
1622
8447
1790
4276
9246
133
3513
8196
9529
1489
9358
2771
1569
4560
5975
8047
7179
2358
3854
1081
8481
638
1616
7321
2650
3679
2474
8506
7208
2971
9939
4374
2173
2849
4790
9932
5339
6114
2218
2077
9239
6864
1439
5447
5305
611
7112
4953
2883
9685
3167
4613
1323
1165
4297
643
823
3113
9656
882
5284
7140
4503
9273
4691
2951
85
4604
5329
8923
4561
4138
3441
9565
1966
8995
6120
6203
5699
6247
788
7563
7122
2746
9690
9114
4850
3939
1963
3265
6828
8484
5682
308
6063
3460
9196
7829
16
7303
6612
6373
7537
3871
4747
1707
5900
5356
8785
1533
3053
6543
4434
1114
5930
4956
5680
6618
7151
462
2360
8445
6810
8996
836
6704
5440
3161
3069
7439
8986
6369
3770
7588
4159
767
3113
6637
431
8852
1241
6892
7434
7891
2242
2248
9979
6207
3425
6144
1220
1829
148
7088
2599
7062
7998
6524
2254
5501
3192
8169
4071
3903
2965
2843
3856
8496
880
6425
9451
3489
8643
8813
6750
5767
9734
2247
554
3336
3363
6305
8901
6575
2770
9357
4934
9375
3494
2187
604
355
9187
5223
7596
3204
1610
799
9766
6916
770
8674
2563
2359
773
2579
844
4833
3892
5757
6954
762
1864
8544
53
2974
2918
9706
971
1026
9742
5266
6192
3585
7104
8125
7020
9028
6060
8339
1110
6592
3397
283
7867
2616
9472
5635
8970
3459
6991
1500
7375
9929
7924
7474
9322
696
1108
1754
2107
1043
7563
9940
8589
2905
4213
351
6796
8147
4704
7675
5284
327
4076
3370
1159
6218
7563
4528
4955
5331
1499
8858
3486
3610
4397
6555
9766
383
5905
1649
9130
3654
2752
1717
358
3376
2357
3841
9295
3670
9897
2541
1252
6254
4555
1650
6204
2576
2376
4639
3906
5346
1884
2250
4170
1232
3445
6606
5311
9351
2543
1042
2058
6976
4546
1739
9441
7290
1589
344
9594
8720
1645
7050
3610
9834
1350
3575
2238
8735
4412
740
5797
2471
998
9487
8504
7183
192
7775
2631
2518
1092
4083
9074
5540
6469
5399
3920
8267
5079
5062
8383
6581
2014
9
3481
9037
4529
5933
3488
4297
490
7506
7750
4181
670
5103
2363
4731
3428
7043
2931
254
2067
6727
7427
5783
828
2096
2760
5158
6065
6064
7797
7498
6704
1883
9959
3163
273
1495
7814
4692
1336
8285
7802
7983
3350
1421
5207
2921
7074
4718
8567
7012
6992
3586
8979
4427
8428
8343
6222
6512
9717
586
4541
7473
7353
8167
2151
4842
232
8891
8181
6484
8935
2746
69
4410
3252
7309
4145
844
1553
9171
3079
3228
1951
7224
6645
2534
5449
3779
4948
9437
3529
1689
7710
6304
4634
1759
7996
1884
5740
4764
7840
6555
2926
9261
5979
9786
1371
6435
4525
7720
1315
9623
8087
6106
1493
1341
5598
8795
2022
3366
495
3617
6144
7215
6601
9499
5754
791
6523
6102
6800
8158
7403
3215
3103
2521
3264
1539
8111
3202
7805
4817
6861
9869
2523
161
1876
7221
1729
7679
5144
6948
7363
2303
3758
7345
516
7668
2731
9124
2281
2796
4168
8005
1163
9411
2847
7651
5480
8568
868
4672
1367
5884
1043
185
1559
4758
2914
5140
9331
1284
5170
2306
2819
1293
5096
4324
6802
4273
3186
521
9560
1793
6344
6613
8820
2459
6785
494
2119
5102
7199
2736
2079
9548
5384
2753
2334
1405
9970
3374
5223
9696
5706
5555
1749
2173
4768
4554
744
4486
1107
3611
7981
3755
7637
3426
8344
348
5722
751
1953
7033
6594
7814
8968
3750
8801
3494
3974
7098
1032
5943
209
1399
4369
3292
9420
5316
3452
4633
185
4293
6465
4174
444
5196
8561
8433
2493
9145
4046
9529
2377
9725
4451
6454
6950
4844
2689
9327
8049
257
1112
2547
5222
3131
606
1953
8331
789
1855
6099
4698
7892
9281
9157
4329
2425
5426
2324
5383
6982
752
6913
2933
3837
6149
1268
606
6164
5838
2637
2389
5413
6310
6166
3850
7106
6131
9045
5688
5366
7853
8718
8542
2614
1718
724
4247
7030
8603
4288
6489
1848
4709
426
4823
7215
4396
2196
771
3825
6393
7527
8980
5771
3446
2981
3199
8479
661
2413
8597
2041
2954
3292
7225
5919
7333
4737
620
5686
1872
6681
119
6897
1777
3385
7316
1957
7628
3626
9418
232
7433
2463
1571
7479
989
1714
7499
2071
8392
9612
1655
8355
2746
9491
7984
4260
6466
3853
8987
8687
1269
4627
9606
1335
9815
6977
2032
388
5194
9194
7350
9420
5936
6457
9254
7181
8510
8946
34
9340
8943
5318
3330
9928
4913
4966
1030
488
1617
1422
7847
6563
1486
6963
8729
7054
6364
4935
3984
1615
9128
5273
1003
3617
4419
1658
6913
6560
7309
2089
7814
7316
2703
609
7306
91
7588
4888
1071
7727
8021
2696
8998
9895
1648
347
5157
840
1636
7343
630
2396
8124
2953
2190
8123
6917
5813
3544
2182
5918
1852
9182
4131
8619
2158
7219
7441
678
8319
9728
3421
5027
3182
7466
2750
3229
9184
3004
7755
3106
8924
3095
5069
2681
9663
8706
9167
3035
5743
2847
433
1365
7901
9547
1099
3000
5076
5409
4079
363
2286
9853
6455
7390
2565
1928
2830
187
8838
9173
7370
5547
930
806
6967
2451
9279
3292
79
7289
3388
6281
469
5318
4017
5475
4114
4282
1188
6952
4470
87
7976
1817
2432
6299
8464
7556
777
6509
5474
3266
1178
3475
342
185
9598
5582
9165
8047
7746
163
1919
5692
504
1398
5501
7034
6987
4213
837
1356
6765
6606
307
2520
7564
3150
3876
290
6196
1511
9190
8711
7454
7277
3484
2163
373
6734
174
9087
1017
9868
6317
8266
2908
5608
7011
4707
3290
8780
2953
2112
1207
2532
4066
958
8960
8458
933
710
4595
5390
4728
2872
810
2702
9655
1991
3986
9799
9108
6529
218
3112
7529
1193
8199
640
5369
1058
8260
9076
5940
5930
5463
8398
601
1920
2447
3524
3749
1220
6569
3204
1818
5530
2034
250
6604
2347
1735
6462
1444
5656
1448
4813
9463
1355
539
6002
5489
8716
9196
2848
3067
2396
9762
2287
9452
7186
573
8176
2059
128
6027
2895
1346
4721
6267
1700
3182
9665
7929
6886
1795
2601
9271
333
4845
6485
9420
2018
3169
8516
7814
5045
8785
8860
1772
4266
4047
5799
1790
5730
4057
2557
5246
9969
3730
8928
4983
4657
5602
1070
4107
8003
2179
1079
6780
2205
2140
9595
8272
8836
6411
4094
8263
5527
4971
3036
4808
3925
6934
6307
9687
4157
5443
2977
3427
8800
5952
411
2797
8821
7355
1830
8579
4745
5082
5526
4169
9376
8650
3921
4649
5533
6309
159
1682
4697
5389
9761
8620
4
9893
9019
6235
5285
2142
7134
3169
8831
9038
1238
6174
2035
8142
573
7427
6300
7962
5291
1045
6347
4667
9387
5724
3407
1057
5451
1963
3728
8186
4783
7018
8537
7360
226
4142
9264
286
6554
9355
227
1362
7622
7920
2656
9166
6919
8944
6128
921
7929
1697
9426
6499
6749
637
2080
5877
2084
8870
9872
5798
8922
4567
393
139
8332
6869
832
2454
7975
548
9710
6047
6143
870
8047
2032
1464
2366
4298
4745
7205
1539
9224
3268
2443
9088
5187
2420
9584
472
3660
5590
214
1878
25
3242
878
1395
729
9419
8874
7409
5030
7832
1924
4516
7510
5767
1700
848
3581
3056
3842
8142
2034
821
7464
8680
1708
7729
6243
4003
9433
2366
6422
9021
8204
9553
891
3116
2561
9088
7111
9958
3261
9587
1401
8271
9703
9336
6767
2396
6924
8481
6388
2614
6628
2104
7770
2026
7711
5394
6928
8750
4923
8097
1888
4014
7734
3156
488
7268
8570
6361
8418
9974
4089
1795
7858
1177
2486
1334
6252
4212
6110
1983
4016
8415
6289
4657
7075
2730
1969
842
6459
3578
6998
7044
9335
8366
7739
6471
3672
8704
1560
6540
8959
4135
3277
8988
6277
968
8200
582
7825
2173
4228
5408
5657
4846
9790
6341
1865
9244
2804
4237
7545
2029
8221
5514
4126
2417
3631
4478
6511
1027
3153
1530
4786
4987
3821
4690
7171
640
5137
2140
3504
6427
3251
7991
4852
7158
2319
4648
9870
3955
6238
3871
9821
7594
6868
3240
5370
3946
5654
9101
1922
9489
5479
4073
4607
9959
1886
472
3394
1540
677
8811
6527
3185
2591
7031
2692
1468
7927
8717
9815
4741
7938
9044
6156
1013
6817
6689
2992
239
405
7849
9125
3247
1790
2061
3913
8206
2178
1764
645
4792
7911
1591
8736
5220
861
2534
5534
3330
6523
2232
5448
9860
2004
2495
8169
3171
8181
9530
7314
834
6335
2740
6762
1375
635
2762
662
2662
4591
7769
9745
3008
7579
2901
5736
2200
2400
8711
9045
8542
8862
4430
7317
853
1800
1382
4552
4599
1479
9494
8949
2664
6823
5251
695
7303
8946
5250
2312
7345
6503
4491
8281
3984
1735
8889
2699
6209
7820
4046
2429
7603
4070
4819
5186
7835
5603
2396
8606
3413
3481
9690
3085
3173
9939
7899
2752
3483
6807
4508
3477
7988
944
4574
369
909
7181
7094
2397
6035
9317
3631
9931
3222
5285
6826
6307
5500
6311
8133
9390
1489
112
3610
2318
6764
3063
8190
5096
8941
7485
3850
3167
7923
5949
8486
9310
4682
642
7777
3890
3121
8239
1949
9810
666
543
2456
1628
9754
4090
309
2221
1904
6576
7289
4700
3827
6901
8401
19
1539
5625
5376
763
6338
9651
631
4836
5452
9241
7901
734
2640
5535
7806
1414
6563
841
9520
2448
2234
5775
3408
3598
5557
1820
1515
458
7548
9778
3945
8998
7825
8815
4979
8877
980
8452
7749
1365
4373
823
8783
6196
692
6343
2533
668
1493
5319
3527
421
9232
1802
2347
6421
8932
5641
8485
9214
3307
1443
7688
3652
4761
9074
2791
8585
4990
8230
3188
2743
9179
3232
2746
3530
4049
6525
8582
1080
5493
9037
4848
5293
2015
8015
7864
3287
8466
7419
2155
5994
5046
667
980
1249
817
5959
9951
2499
3588
6731
2521
1502
8209
7079
9795
3938
1307
7796
2085
2908
182
9630
3248
2349
6157
9586
4172
9127
5922
5605
4800
4100
432
6958
3327
1298
7292
7825
6223
1967
426
889
4086
4733
5420
3825
5997
9858
8469
6816
1462
5278
9212
9391
3226
7594
9548
4407
2443
9226
8616
8972
5512
2174
428
6064
7967
8571
7934
9173
412
5761
6499
739
4528
6248
5743
3698
1069
3100
6068
8165
1758
98
5339
3523
7539
2630
8481
3059
4793
2931
2536
3075
5848
5421
1183
4997
551
9791
9740
8855
6090
9244
5077
957
2091
7108
478
1758
8487
9125
4108
2215
431
7035
1224
1807
7070
934
2416
1897
5866
3686
9239
4831
3636
1030
7612
978
7370
9586
2985
9899
1884
6918
5538
5484
4779
9860
333
1784
9389
4545
3265
2427
766
5837
8742
5751
9696
174
3164
4605
2211
168
4824
6900
3119
8683
7545
5177
7646
5512
8793
9252
8151
7201
7823
5986
7221
3725
8497
9380
8070
2388
3910
4708
2959
525
2969
6319
8333
9570
8298
7683
3846
3740
4575
1942
1502
2449
2968
6864
1702
5990
4992
2791
4430
6002
6607
5301
6987
4434
3117
5608
2196
5314
4912
789
9430
5518
3606
3498
3384
8709
6142
5343
4440
8903
3201
2216
2644
7883
8190
5994
9557
1904
1395
2007
7878
9006
6216
4712
434
1495
7237
646
8267
5519
3091
4612
2151
7285
9440
5629
8837
6941
2284
6581
158
876
8033
4463
3510
5919
6047
9723
817
5576
5125
6905
9778
855
9724
9855
1775
9041
8829
4466
9920
9071
5155
4484
4199
629
7419
9499
185
573
3208
6122
4282
7119
5123
5534
3303
6432
79
3847
4157
1653
8074
3409
4791
9410
1504
8574
4244
2339
9354
9298
3351
8693
2996
8250
1688
5090
1115
1273
456
3224
9557
4833
6866
4229
9243
5194
764
8721
5697
867
8109
760
4535
9554
1112
4195
3144
2937
39
721
9711
9095
8291
1927
521
6120
8863
4097
2981
3595
773
3300
984
8606
4872
9586
4894
9671
505
3432
27
1089
4020
3319
2591
8897
5946
3565
3623
5909
6938
512
6352
9864
2457
7735
1271
4628
9921
7877
9516
7988
917
1779
2645
3877
1682
264
5807
8729
1152
6791
735
6839
2328
8838
6758
4722
5665
2422
7459
7588
9923
36
6802
6167
8844
5659
9202
1889
6816
1955
2116
5321
8875
2538
6800
5386
2626
7517
4514
5251
6184
1828
833
6872
8172
7111
5200
4984
3040
7697
9806
1644
6900
848
3448
4841
2849
9077
2142
8578
162
1038
9074
6158
8636
8525
5116
449
1774
3237
1355
5641
1155
1905
7879
7544
2084
5041
2786
1576
3627
2625
1421
9424
5651
2936
3910
1122
7643
8058
4894
1038
5977
5914
8537
3638
9675
5872
3375
4655
5560
3619
3551
6513
6197
2051
4675
667
1092
1573
1423
2342
8535
8796
1395
7908
1362
8848
8992
2101
2207
1982
2055
9270
6602
3036
45
8950
9277
4807
8763
3126
374
6699
4529
6525
8691
7198
1547
3397
2064
6505
1643
9174
3384
4148
7046
3580
4439
4493
5195
7191
2080
7029
9789
3423
8282
7799
3378
6754
1013
3910
9573
7676
9819
8978
1686
50
4849
102
2000
1291
876
5649
6187
2379
9185
9823
8872
956
7957
4403
9402
4844
67
2627
7188
574
5612
768
5853
1181
648
9409
2768
596
8634
3083
624
6115
4050
4287
9961
7039
3948
7968
1874
8553
5894
127
6318
2569
1743
3541
7313
6407
8715
3708
6592
6341
5491
8410
8945
5564
5497
9579
9618
2450
7113
5466
6885
2565
6811
3021
5801
9543
6420
5434
6308
7430
2220
409
8604
6310
8939
3703
4869
1645
8285
8147
7268
8698
6053
3946
8642
9091
9325
5130
6365
26
5003
8788
632
2924
9023
611
2179
550
9049
2148
5701
5748
4583
4529
7173
5991
9996
9982
7065
1393
1900
1086
8741
256
1444
1074
661
709
6231
4688
6614
6657
6723
8925
7886
6715
4419
9735
7740
9872
1869
4417
1866
9287
6922
4699
6991
2096
8214
9245
9761
2824
5245
1600
2199
1675
5238
393
6685
8327
8188
8979
6993
3513
6199
184
7418
8711
3306
5675
616
1689
9157
7269
8694
164
7770
8219
268
9269
141
4904
769
3606
7092
6252
4254
9216
3342
576
5342
541
6160
3749
5345
2328
170
4329
6896
9876
9528
7413
9786
374
2101
165
8621
7567
4522
6580
6337
4122
84
2756
4750
5967
7204
535
8653
6929
128
5902
3516
6490
8518
8683
5851
977
3824
3220
9284
3589
51
9271
9896
5641
4657
3732
7636
2124
4975
4172
1250
4243
1377
6068
7387
6950
1297
8950
5066
6644
1231
2996
380
7299
210
1417
5860
488
1389
3502
2139
1807
8173
3190
3924
8984
9822
1927
4045
878
1596
7589
2578
9285
8103
6077
9852
2224
7025
8379
9335
9884
4161
4056
5409
1996
3002
6595
1405
3025
805
315
8920
4614
3146
6838
5667
374
7198
8993
3774
4954
4822
9957
3942
4323
9930
4434
2422
4192
1733
235
5401
2989
7465
109
3839
3256
5519
6381
6205
8593
1468
8461
7791
3357
2351
587
7369
711
9222
903
8731
5252
4497
3966
2978
8817
1998
6727
2971
955
1939
8474
5043
651
1227
6152
5034
1148
6951
9787
5815
6490
2534
5435
7844
8121
6351
1273
9865
1967
5979
8764
7926
9759
8576
5589
7146
547
3319
9585
5569
2405
9167
9212
5643
4282
1659
1052
999
4123
806
6033
6078
1586
6055
4598
4700
7838
5567
4820
4232
242
6783
2372
9781
7136
4567
8143
2978
7981
1993
7092
8412
6097
8572
804
355
6222
9725
8254
2521
5179
1247
3074
6743
4652
6083
7396
6234
4735
1587
4703
5946
7333
2248
6420
140
7450
8107
9726
5997
9380
7304
8082
4686
2148
5567
9864
7120
2428
9269
2192
741
8910
1255
1236
2198
5628
3678
8553
5794
9665
5630
4688
6083
9114
1224
9679
9453
2707
3456
6679
3008
3034
3912
865
6301
6146
7115
3402
2918
9927
9303
8345
5533
7384
5377
937
5486
3654
2220
7591
3785
2583
4356
4826
9495
3127
3765
5081
3918
8172
8425
2045
4239
5189
6574
1653
3373
2847
8325
2320
5912
7475
1079
6971
2967
558
530
7414
2964
4622
1457
517
4978
4854
6474
656
9081
5679
721
6295
5778
2684
2042
54
686
5448
732
2177
1984
4238
5472
8188
4603
5444
5801
6154
2150
100
7741
480
1549
3608
2801
9700
7713
9538
7508
4855
9871
4758
4770
3437
2173
565
296
9381
7409
7159
2567
2777
4060
1091
2561
1508
403
670
5361
5706
1407
3982
3831
4793
7418
361
2417
2986
7066
5135
2789
2084
955
5857
2794
1629
4916
7116
4743
3246
4987
694
7747
4802
5508
2660
9724
5018
8980
2549
755
9424
1829
7311
4036
4358
834
7780
4611
9243
850
144
2130
1689
7233
8194
4975
5998
4218
8420
2714
6404
2337
5353
1396
5647
7420
5139
7044
1187
3266
8430
131
96
6508
4876
9975
5771
776
8989
3020
4890
6748
2026
4606
7259
1719
335
8884
8561
1715
1075
2150
6396
1207
3349
1359
4053
5545
7460
1037
291
6992
8491
2629
8268
9160
744
7620
7324
2863
920
8576
6875
8764
2384
9486
7678
6831
7018
412
6156
835
9066
6398
7099
5808
396
1734
5335
3630
5853
7500
9838
3540
9106
1725
9307
9118
6872
736
7932
7100
6617
4196
4866
7511
4664
2805
3270
9774
9033
4173
1074
8479
2208
9863
6403
9538
7700
6062
5929
8815
8432
1604
2824
3552
5558
9088
1374
2192
6064
2431
3681
787
1220
5434
1652
6975
4547
6440
6966
5144
3359
2490
5560
1210
5495
7268
4569
3183
6768
9964
1520
9008
5857
6123
9220
1384
8779
9696
2651
4261
1235
292
6894
8423
4910
1512
5461
4315
6520
8234
5156
6209
9184
343
2673
6408
7316
4714
7521
5628
5620
2354
4479
1366
9190
1490
7928
4098
1445
1938
422
9774
4438
1523
5654
2318
3178
6768
616
8012
9353
2864
1795
6940
8657
9719
2642
7118
218
8940
6223
1581
4309
7190
5834
3700
3121
9407
3031
3744
2553
8155
5745
7585
5837
7201
3838
2890
1228
5320
6337
696
3291
3629
3958
8255
5268
1808
5838
6191
782
4607
3831
1797
8053
4602
3718
5230
4390
1926
3220
3959
538
7453
5411
753
5148
9106
9963
6032
4072
7906
8469
4098
4401
1590
4307
5004
8991
1301
6521
8031
3684
2614
1629
9386
7930
2564
119
7433
6522
1370
7284
923
1227
2493
3117
7314
7622
265
2895
4756
2386
3700
295
5022
1440
6318
4044
7175
677
3002
6856
1266
4863
3734
3556
6718
3766
9830
4928
5176
1633
5744
2764
8496
6098
1376
8069
1385
7087
2667
1663
1417
9598
8080
5339
7920
4476
4938
8326
2662
4154
4323
9119
1725
7252
7747
8706
2198
6351
3878
5589
6191
3967
7675
6206
8666
2658
1608
783
2520
5165
8683
4143
1652
5681
6188
9254
4013
8728
1966
277
8955
3122
1844
8864
2003
8999
8832
8761
9397
904
2006
4042
2595
7799
5200
4703
5228
2431
4715
4541
1766
9554
1422
4307
7001
7581
5146
7340
7016
1114
2845
2045
8987
7505
5521
65
5672
8027
6465
6111
4161
6342
8252
6564
8038
2478
4322
1731
1963
2014
7387
5142
5956
6610
2439
111
3708
9064
1248
1151
7173
7411
3692
2578
3194
12
8846
4854
9969
6389
3516
7846
556
2971
2651
9015
5022
5480
5174
4398
5803
8897
3278
6971
1416
7459
2971
4663
7633
9077
7569
3445
1897
3082
2974
7976
2204
4981
303
2401
6769
9065
7010
3955
203
572
6310
4166
1615
5432
7247
3923
2607
8606
4166
2914
7797
3111
7933
8718
747
3992
4656
4098
7543
8353
5751
2211
7381
2850
5240
8889
5692
1610
3529
7066
2210
4910
2355
3493
8203
8435
5522
6712
1709
3896
1641
8831
8479
2050
8978
3882
9967
3909
6371
585
4963
7772
2556
5702
6712
8662
9981
8367
8198
8733
8085
8015
8373
36
3749
9161
9192
7180
131
5952
3879
1619
7338
3621
3946
4122
9246
6189
3233
1889
2317
7806
2546
5105
5425
7223
3018
5381
9186
6473
6516
3478
2089
4854
5335
8210
6864
9653
6489
7960
9748
7326
9010
7059
4508
3864
6187
657
8244
3101
2389
6302
3538
2342
5862
2562
5737
824
9263
3011
8028
5163
2745
40
1418
8627
5661
76
2871
5597
1586
9403
3932
9032
6273
524
981
7693
661
3483
3832
4524
479
706
6822
5108
5621
1731
7577
1503
9962
3461
4909
4760
9017
840
9659
2458
7627
6102
3120
7350
1320
3817
4589
4016
2234
1411
8856
3239
2941
7470
1503
895
9618
3184
4844
5869
6819
8026
7236
4126
9569
6621
9130
4324
7017
8170
5233
6718
8517
1925
6798
6419
5742
2021
2876
2875
5903
875
1000
2666
4677
188
6429
8938
5987
5916
4922
6020
8898
3177
2015
4746
9782
433
4375
8388
9499
9153
1935
8197
286
2252
4469
7833
5208
7956
5100
8973
933
4679
3467
8075
5187
7817
7141
2593
4454
6106
9139
5117
9816
5716
7869
583
1950
3924
4569
2955
8341
7986
1338
4529
7787
5022
1065
6219
9579
6905
4993
8810
160
1949
5524
2990
3306
7226
4811
4456
5727
1599
5787
7437
6648
9505
7171
6041
6508
2474
2722
2461
1883
1617
4277
7224
6656
481
8526
5661
5690
7145
4176
966
5396
2336
3847
8421
2975
2531
1461
9555
6913
6909
1238
6871
1863
4018
6389
9284
4118
5111
3095
2223
8927
7041
6773
7116
6465
5912
2360
4084
3289
6024
3453
8405
644
1669
1624
870
6389
3240
8228
1525
833
5962
5832
4560
8840
7147
3750
5660
7230
6735
9997
9269
967
3111
574
7602
8130
824
3259
596
1132
6761
7707
4891
437
7086
5339
2197
9120
9580
4463
4772
9683
3225
5733
8507
7647
9633
7770
8037
4297
3319
3542
5825
4711
6662
1779
3006
4694
1443
59
1823
9656
626
7167
4764
5243
5121
7540
2373
3620
2244
8631
7139
6635
8846
7857
9580
7360
7672
8470
4114
6427
6626
7464
6730
257
2211
4904
9188
962
9183
3036
3099
7456
2532
2268
7643
6586
4672
7159
6810
230
7427
4643
9509
8957
8669
3473
4904
5807
7972
2286
4169
9128
5427
7525
3953
5803
5026
4210
5768
3802
1246
2322
7692
1640
6614
295
2974
5589
4001
9464
1033
1977
8047
2692
9567
6364
1770
5815
3170
7745
40
5893
2124
4867
5424
1171
2348
1640
9655
9525
3294
6706
1558
7474
2645
2932
3322
2915
7607
3938
4247
43
9109
5937
6729
3761
9782
3597
4761
1784
3567
5993
1865
5615
8129
9777
4716
2116
2638
6220
2773
5684
9193
7726
1946
5806
3738
5465
2852
2789
6875
7315
5206
7348
9427
8514
3096
5804
364
1060
2671
5896
7698
9932
3770
9394
1498
6582
4332
2782
1724
5036
6769
4708
9743
849
9182
1067
5040
8618
234
9185
3294
5037
5059
2103
6934
3505
2814
3593
9286
7797
9295
75
6879
5197
4721
7039
2588
3558
6194
1540
489
8043
9662
7816
7042
8864
8631
1693
7706
6380
9310
906
1333
5683
4800
8920
9074
5969
5536
2269
3624
2403
2365
6646
3243
864
8560
5756
2331
6885
9668
9561
6090
8013
3873
8549
3896
8719
1863
8457
669
4977
276
2820
66
7035
3235
5595
7244
5238
6369
7931
7830
180
1837
1755
3641
8521
123
9485
6923
1862
8372
6259
3506
1078
8494
9246
6403
5794
9124
8177
9500
9919
4354
8628
2585
375
191
149
2071
3733
4470
1128
8051
3498
3811
9167
7230
8956
215
677
304
7518
3688
2437
8997
1851
7833
8632
9048
8652
6705
2234
1883
2249
4586
8302
7888
860
6648
7304
7735
2209
3283
9272
4197
3817
8515
1783
7741
6270
8696
7785
9902
6305
6771
7442
5400
9791
2517
7350
9259
6482
9986
5609
3023
436
3904
821
2346
8478
9570
1897
6465
1630
2492
8174
751
8935
3106
2709
6731
3938
5617
8828
4760
1907
9018
6864
3918
5686
2279
13
3521
9720
6923
4496
3067
3490
5674
3341
3531
5200
2577
2540
1257
2544
2564
7231
4516
6214
2051
2174
2330
9373
3048
547
3284
7543
9279
2338
588
3845
354
7088
379
4178
2608
5269
5411
5945
2314
2955
5510
968
4154
8566
4178
6364
5472
5358
5577
236
570
3047
7217
2193
1422
2946
7828
4962
4936
956
4517
1695
3339
7764
4880
9428
3334
5658
4316
6765
3828
1235
9201
2088
1695
1001
6544
4277
1651
703
6131
5610
1067
434
3969
8292
1050
4700
6334
536
3367
562
7277
7800
8886
7244
8947
6913
6447
4581
7050
1184
3342
4200
542
9413
4854
2106
2791
6176
2322
6519
7940
8551
858
6245
1280
6665
2734
7605
1620
3677
4578
7224
425
6468
8038
1373
616
4206
6753
3240
8864
9064
1721
4943
9266
7170
9314
8126
1757
8159
2513
810
3201
8326
2891
7827
5922
8389
3551
7426
5835
5189
5980
6834
5932
5240
816
5691
6386
7103
5183
409
8978
9816
2860
5323
1713
7925
807
6951
8947
56
4851
6731
382
5578
2227
7919
7322
8491
800
9190
3639
9699
1161
2532
283
8023
9144
4521
8775
4344
1309
8858
6692
6677
3449
8561
4367
9008
3081
2651
9743
5982
4189
7583
6047
536
3748
2335
5068
1599
6646
8887
2300
3436
7982
6258
2297
3941
1265
971
6169
8284
7183
8801
2027
1073
4357
4548
9552
8856
7997
4908
2772
5989
8403
794
8264
8084
228
4357
93
6965
4453
3254
1342
8100
4301
7072
7450
3591
7152
8598
6813
9952
8665
5185
1083
8226
8260
521
4552
9281
7813
736
1511
626
9896
4734
7628
962
9734
2407
6896
6322
4048
5033
7345
767
5868
9826
1331
6416
6217
5870
4408
184
9840
1053
7815
9196
4409
9043
6667
3055
4071
4746
9579
6584
2593
4402
1761
645
6094
776
2154
5705
3276
8196
1129
1776
8061
4380
408
1972
607
9718
3116
5016
4103
8411
1347
3217
8713
8647
9677
1205
8662
9933
9796
3499
5858
1816
1066
7298
5184
796
3421
1870
2941
3098
9018
1485
5334
5170
3003
423
7287
6227
4190
7284
97
3390
4292
7431
6359
841
7313
5496
5142
3375
583
1840
9310
6228
2426
8349
497
1558
1648
789
2630
9856
1079
6632
1802
4840
2050
9630
1797
5000
370
3295
7972
7034
5661
9601
7993
6124
5309
5212
7771
9602
5175
3706
2938
7163
8886
2490
67
124
6357
995
9932
1641
7222
2998
5758
2002
753
7820
1996
794
5291
8414
4132
3090
6674
116
5728
4612
5043
2773
7017
6316
9129
9309
6090
5505
659
1356
7276
4929
5584
8747
3235
666
9
7674
3700
2933
4619
2981
8769
1404
4447
7845
2659
1548
6568
4146
7187
1078
361
4598
4677
4944
1456
9069
8241
4585
1427
9337
9231
9497
1317
5346
7918
7862
4645
9258
2754
227
1812
8654
4008
4707
8449
3496
5238
9051
6706
385
308
7302
9505
3381
993
3538
529
8687
2292
1335
3147
8483
4560
6776
4025
4634
722
2418
6494
7912
3418
7153
8113
9961
7444
1954
7716
9690
7746
9651
6581
5477
776
727
5760
6676
6675
7349
7262
7126
9510
5424
5199
9535
7027
946
2000
5225
9267
4065
2120
5929
1778
8963
6549
6300
7930
2926
542
2257
1690
2440
8116
3136
4690
9485
6858
4199
3390
5263
1054
7446
9837
6696
2163
4528
5725
3499
9660
1970
3396
6296
7047
864
6509
4494
3396
6843
6397
8282
2449
2815
6914
462
7267
8968
5735
6429
1203
4836
5510
1203
3251
5267
5723
2482
2171
1868
5680
5975
4324
2282
9914
4906
1375
2003
4399
2836
6147
808
7731
9179
2578
2792
1854
7321
2167
9968
299
6827
4751
9901
7631
6933
5009
7250
2964
4979
5770
5685
5042
8602
3817
9811
9961
2060
3316
1156
8909
5835
6085
4329
2558
7733
549
8178
5874
605
3028
7964
8850
8714
114
2344
4158
9705
5516
9910
7901
4846
9014
7664
2678
312
6081
9331
5316
9330
8570
4088
889
6469
1887
2082
7010
6635
1166
223
3875
6654
4124
5857
5391
559
3615
8551
9253
7779
953
9524
9850
8520
705
6801
2352
6421
6096
862
2752
8959
3028
4387
4105
2247
532
5381
5108
433
545
6069
3795
7552
2949
4146
6694
8749
5516
6222
4394
8903
7339
8462
2479
6340
3745
2571
6372
6741
6552
7574
7312
9639
4280
3497
2912
6246
4649
3288
1944
9612
7378
5318
856
1223
8739
6739
4205
9817
4411
5539
9808
3017
8839
5578
1487
8855
1704
500
1350
3244
4912
4961
7290
3087
4424
9549
7570
9508
1889
9358
5714
8224
7381
1942
2117
3880
1817
6921
5718
6950
6818
8408
1755
1693
7120
2075
4751
2180
4907
8430
7898
5326
9737
946
2720
1611
1690
7764
7939
5687
3312
2219
9733
2432
2878
379
3182
5573
3131
7190
8789
7593
803
66
2751
5191
7115
358
6066
7888
9855
4382
3381
1104
7065
5374
2742
3774
4432
7890
343
7042
2859
7204
6950
7201
9344
2359
6039
9731
4734
5616
9456
6278
4803
9573
5873
1915
9243
4030
2301
5598
6390
8631
2250
8068
7684
7863
5665
9981
2863
2267
9170
8088
549
8284
1608
9302
5073
4287
2820
4166
5861
7947
4441
1248
8726
8197
7411
9949
2628
9799
4148
8211
1861
5615
8493
2479
1053
9507
597
5467
7755
7283
7993
5199
6643
119
8944
8467
3331
3591
4218
3363
5365
7049
4085
3611
2000
2101
2667
8290
1131
661
2987
2675
9375
2760
2962
6357
3656
5638
3542
4845
1464
9101
2719
2906
9528
4873
274
7694
476
5619
8411
9276
7985
8112
1591
2988
6741
4810
3868
9212
7667
2749
9461
1505
8458
5495
6461
2267
3050
7026
599
9590
1338
7374
6024
5212
5512
5623
8690
1560
1838
9382
7485
6374
3325
4947
8404
279
6793
2088
154
3984
6753
4273
2887
785
8041
3776
6770
5699
4582
5805
8333
5323
1797
1338
5704
7387
5992
2644
9331
7352
8158
2213
451
7894
6782
6391
368
3151
1072
243
7929
7010
5336
7448
8596
4328
4559
8439
6022
1602
6512
634
299
8255
4332
4837
3363
9930
5579
2644
7561
7023
9920
6788
1313
7966
9655
1231
8382
5256
1965
4143
8813
2375
3740
483
9761
5258
3330
6239
124
6749
2397
365
1686
3319
9701
7378
669
2077
2198
60
9834
9140
2104
7063
908
6980
3917
9583
8771
1559
5078
8655
4186
1649
9362
6216
6338
4698
9492
6605
7720
8006
9984
475
2818
3350
6274
9526
8651
5720
6252
4815
696
8953
3194
2114
7302
8218
3330
6315
8146
7520
3341
2504
9221
2085
8717
2826
3770
5997
475
6261
2958
2803
4670
2583
1714
7121
2473
1621
2799
6158
2705
3089
3304
6690
137
2408
2933
9494
1117
9288
2705
5334
6936
5550
2689
6200
354
8221
8126
3350
8969
2603
5906
3734
9466
4037
8220
5724
1580
5075
2031
1381
7770
86
4445
8452
2971
462
8283
6058
4912
4920
9058
5662
8393
3077
4242
3628
5300
8406
7218
9610
8243
4258
2440
5365
5064
1402
2593
9690
6176
5108
750
3712
138
2979
7404
2611
2691
4744
7838
4988
1919
6818
6921
9371
1877
1616
7596
599
3783
2343
9913
8492
9853
8512
8821
2339
8045
8729
5800
4335
4953
5115
5840
1747
1542
443
4873
4354
4196
5258
6225
718
7582
903
3339
1938
7520
6373
1187
8971
1248
7031
3448
9617
43
7671
5867
2515
3901
422
483
5968
2796
2605
154
7362
7265
5074
6183
8309
4372
5207
8393
6646
8227
3485
5932
9622
9934
3830
7435
2078
770
7303
5155
4300
7601
3244
1472
6011
4554
7253
8230
4433
5002
6638
6462
2193
447
3341
7979
5793
6997
5972
1864
7879
9919
3127
4160
6540
9075
5015
5833
8242
8290
3149
1245
2290
8642
7298
3527
4542
9627
4139
6711
7461
5722
5074
8978
4
9173
4767
5817
3786
2796
4645
9379
52
9416
3689
426
4455
7171
6654
7344
6509
6131
4460
2843
5734
5556
9743
3076
9503
6913
8363
8376
9472
7823
4268
5081
9472
2758
7708
8132
4755
5501
5822
8079
2947
7809
7528
1087
2524
8817
8509
2755
6529
1097
5992
9073
6797
7338
5493
4235
2244
2018
5097
2814
5016
6029
6690
8391
3799
823
6248
5729
2929
1980
9475
959
6519
5183
1622
2706
2463
9843
377
328
7828
2745
3413
914
4266
1511
1337
8929
5648
8961
4057
7020
4766
2439
1926
288
9806
1563
1800
2820
8583
2157
8615
407
1732
2693
7514
2809
3667
5820
1622
4819
8761
1639
4152
8595
6514
8256
7966
1912
8039
1827
4656
2839
6168
9779
4668
5352
9257
2807
9471
5216
6074
2052
3039
1995
5565
6471
645
7637
9292
7455
5896
2150
6611
1429
5684
1512
873
1530
7242
5206
9212
91
3921
9747
7578
6211
1626
787
8844
9565
1025
4794
2589
1076
8271
3183
5544
5306
2445
5357
6751
1985
8275
2630
4680
3625
2142
5332
1938
3463
2863
5646
3381
1342
2912
1971
2455
7884
9874
710
5115
4372
9779
4630
8885
9875
7883
8760
2776
7441
53
7203
8224
7799
6762
9000
507
775
5784
2572
4529
1036
6146
5364
2485
383
8738
2844
5300
7506
1434
2532
2523
4925
3975
4999
741
9588
9254
8233
3697
2097
7969
1244
9362
7891
802
3023
3792
5042
3144
8468
1931
1565
4391
796
1696
3970
1290
1602
341
2538
3876
5504
5598
8303
2099
8290
1330
3418
2582
1029
5863
8221
2629
3275
4233
2778
2143
3263
42
7902
4961
4911
6084
4110
8002
282
10
5580
300
4712
7373
4822
7972
1360
601
587
4779
1002
1855
4346
2509
3650
1374
9850
7270
3973
3995
4128
5668
5868
2975
7120
2808
626
9407
2403
4662
8179
5735
2976
2396
5187
4944
7130
560
9000
9409
2119
8753
4789
3793
8665
3952
4499
9882
458
2295
350
1801
9736
6103
6666
9938
4715
3968
6577
1281
47
9561
7562
3291
4995
4959
6294
5283
5740
2554
3850
5704
54
955
9988
3995
4713
4066
4445
1119
1220
6877
6298
8617
7208
9146
734
4199
5987
5709
3151
749
4536
4557
5107
5978
3832
5384
2439
6441
4383
6775
4107
4228
6541
1005
9966
6930
4863
3945
3170
6881
2841
9834
2844
6335
995
5090
4218
4034
4941
7811
6225
1048
7184
5158
7953
9112
2899
3499
5255
2663
1527
923
6240
3271
7727
7593
8069
4250
7039
5511
1256
4420
8480
8788
3848
1662
3548
2963
3636
1255
6173
2727
4058
6021
6349
6442
1931
5353
3833
7629
653
7377
9975
2122
7244
1175
9457
6805
6206
5142
5149
9089
2641
9292
5770
9662
6004
9211
7001
928
5535
8426
453
3052
1183
1753
337
4075
946
3362
5421
1921
4587
4410
2501
2151
8051
1478
1910
676
8749
4955
8924
9818
8227
5022
2637
813
3330
7114
1788
8159
7407
3759
7724
5686
4196
3863
7121
6046
315
6629
2628
8267
6134
8183
6147
5063
4633
2074
802
3226
8181
3660
2674
9208
6209
5052
3164
1028
5975
77
2155
9186
1544
4570
6483
8841
1709
20
7393
5031
6795
4823
2001
9487
6722
3067
6214
1966
1074
3013
5082
2140
1355
2589
2626
2829
5439
7739
5356
4167
9862
8619
4952
7150
9326
7599
592
202
1613
3524
3606
4170
7957
2604
3656
8050
8290
5370
8914
9952
4931
205
1873
4269
1266
9251
9407
5982
6338
9167
9904
8362
1588
8310
4376
3046
8454
6947
5174
5228
2633
3050
2225
2539
7453
825
462
2279
9499
5306
1003
1713
7390
2229
7915
1377
2143
1234
3839
2671
364
3597
8141
9282
1461
5458
943
2112
2370
9816
7226
8499
7652
7930
7513
4029
1383
2624
7446
7410
7344
7116
3493
5908
6409
6688
2973
4172
4518
77
3140
8900
7043
7959
54
7954
2604
9844
6401
3502
4520
1635
9919
8724
4979
7017
1217
1461
1367
7318
6645
5768
1158
9190
9636
9854
9367
6980
7723
9411
2794
585
6931
8464
3066
4114
1487
8878
2798
6720
6530
1573
9259
3576
8778
1378
4090
6603
4733
327
3441
944
286
6380
5793
8684
4284
6611
7756
1300
2792
7049
4560
5513
6352
6584
9077
4211
5997
3770
623
9513
8933
2345
9487
5803
7086
6897
1196
9219
8944
1542
3530
8240
4006
9250
7189
1538
9281
3575
6796
6660
7816
2226
3340
3938
3791
9808
1240
1916
1299
59
1506
3555
8720
621
937
5825
2223
4614
1055
7845
6528
5592
4277
7771
4751
8942
4293
1594
4822
4525
4379
4199
9631
1075
3090
2296
6804
9980
3191
3234
4022
2308
4556
3347
7414
6886
8587
7164
5826
7651
5892
5590
6527
143
6565
1062
8720
3893
7142
7003
4145
4938
5886
8563
4258
5823
1541
5326
7107
2720
1830
4954
5401
7449
5520
2477
1514
2969
6091
5841
5690
46
2338
7130
2339
3776
6048
3107
9386
5722
5755
3703
8644
4402
3736
6811
8021
8186
9881
7112
1872
5503
794
4438
8928
6591
7012
6388
7937
1128
155
2581
7036
9291
8299
7380
1838
350
3546
1496
4756
6289
7897
4562
8212
8777
2813
8691
8811
4072
1284
4731
6575
9182
598
7180
9888
6169
8506
6733
1808
8391
5105
2010
2811
7452
4195
169
2805
1247
6677
8663
2815
6511
2244
4657
8358
2979
6161
6319
3656
5502
4824
5514
8259
4641
5390
5567
5900
9195
6182
3163
7609
5948
8752
9350
9580
1495
9424
6844
6028
1077
4550
54
6209
1030
7711
5720
4300
8915
5480
1699
209
3839
2842
698
7650
8428
966
7298
4761
6793
6317
5891
1617
7561
5869
9499
3521
6511
2484
5826
8983
7621
6386
4472
7005
3836
6303
7802
4683
8766
2966
1891
889
4959
2749
799
6270
690
9522
3259
5178
8072
4867
7320
9580
8451
4602
7391
6481
984
8099
1150
5562
9699
8604
8576
1496
5141
6712
3627
9431
3288
3359
5411
820
67
1334
4668
1340
7496
7302
317
8451
4747
6012
8223
7566
4958
2381
6964
1181
6855
7875
1957
8952
2099
8680
2628
2389
9203
5085
1104
51
1813
1800
2887
2199
334
3641
5686
2288
6531
8167
8299
4809
8694
7835
9339
1578
9389
296
592
9323
8783
9958
6378
5159
1144
9226
6727
217
3420
1955
6765
7605
3752
4724
3411
6917
5428
569
7168
5726
3396
3704
2715
687
4254
5077
6577
5878
3638
497
4294
3311
5508
3872
146
5209
7191
6006
6540
2007
9299
2686
7237
7712
1670
9271
555
1155
2217
5643
3022
4874
482
5612
1648
6202
9814
8206
1637
5477
2571
6651
9881
860
4059
839
6769
2468
2484
5489
3993
115
109
562
8125
8759
3155
6549
8675
1748
1826
2387
1270
9336
895
41
7582
4381
498
8617
6234
986
3617
1066
2895
4182
9703
9261
1482
4042
7699
2557
5681
6562
1357
3266
9976
4320
739
4482
2528
6412
4162
740
4697
2716
2256
2435
5976
7884
4726
155
9044
4939
4108
1235
2747
9346
1452
3814
6897
129
1960
8576
8952
231
6999
242
7067
3357
490
8034
6228
3984
3629
4211
606
5434
1097
1628
5252
8428
3639
5815
9896
6810
3055
2088
1616
8323
3310
1592
5003
3803
1670
3517
5714
4982
9423
9800
5161
2755
8651
8074
1876
4739
3128
5939
8758
7014
638
7033
3525
6400
7096
8066
4794
2220
7167
511
1780
7565
6610
9957
8284
3213
5394
1832
8499
7924
6922
6149
1143
7767
3435
5981
9412
6266
8293
5626
4648
7219
3763
7087
3919
4125
9965
9888
6429
1781
3872
9083
1690
3045
3371
3345
711
2459
4032
1573
7775
2245
5067
5376
5272
9243
4734
287
7897
360
2858
7130
6502
5846
6667
7953
406
2838
1211
2004
5525
9529
3174
5727
8726
8046
1821
7185
8800
8521
3396
5496
5290
3852
8150
6747
8017
5140
9928
3780
5317
4530
5067
1399
3956
3940
7707
3491
2094
4384
5972
6372
7672
5596
7461
2722
3404
8365
8348
4409
9837
5930
6545
694
6776
8925
63
123
3157
3398
4093
2640
7934
2635
7098
4790
9527
2031
5031
5481
6283
6493
6926
6801
2743
2114
2848
3237
7551
3909
6077
3677
6511
1140
8652
3170
3389
5276
5243
3428
9113
852
7936
8615
5574
2023
8253
2587
7282
9676
1298
6055
2801
8324
7693
1250
5352
7823
5772
7373
8405
7707
947
1008
8732
4634
7849
6223
9805
6382
7165
4329
7489
5412
8374
4302
9986
1691
3848
4266
4186
8367
7186
3089
3204
1334
9988
297
3295
7799
2877
9375
2209
5906
6995
7719
8200
3679
4140
4723
9292
8407
681
6447
3360
6969
7907
8631
4551
3162
4221
438
4179
8572
7385
508
8808
7722
4710
9179
7023
6477
9799
7854
9143
5054
3727
6357
2855
8233
1593
7778
6254
9898
8132
6250
1962
3334
6379
1000
8119
7928
1346
8708
2224
967
7276
731
9809
2433
2314
9659
4413
7431
2430
5437
5995
4148
941
8352
5979
6538
6707
9998
3047
5291
3889
9885
4420
449
2609
1012
3736
3018
8250
4855
3797
2740
9263
1906
2291
1665
7793
6270
6557
5751
597
7906
9217
2071
2800
8714
587
4007
7359
4812
6155
9326
7268
7997
1634
9372
7466
2271
8780
1364
3209
3877
9752
8087
8965
8229
1043
3309
9681
9688
7905
706
9761
7089
7485
8859
5837
7047
2105
5316
2513
4481
1102
5272
1985
1293
3559
5788
458
4621
9049
3000
1476
943
3914
4723
7427
1528
947
5642
4605
956
144
60
3238
9724
7476
8837
679
9260
2697
7077
7917
1344
7669
7709
2221
4226
3944
4405
3173
2195
3442
125
5294
1148
7953
4462
8589
2159
7016
5131
7481
15
7836
4794
3384
1977
904
1097
4050
9229
2944
1022
7974
1181
9250
9120
3339
4832
5992
6811
3534
3555
698
7572
5099
6590
9793
7226
3719
8463
2182
2613
3754
3189
377
5358
4250
5194
3838
90
6386
1981
7985
8707
4673
8748
5354
2805
1103
4443
8764
6114
7851
5763
9447
6211
3599
2250
2941
9132
3813
3770
5362
1291
6451
3345
2076
6572
1313
3797
3754
3564
8780
5074
2785
3896
7026
3537
2706
545
2846
1798
983
318
2734
4310
6780
6350
9151
5427
1258
1993
3546
7382
4702
4865
3272
6184
7721
5002
4561
8061
2384
8723
9186
7021
7268
5649
4045
5952
9484
4823
6058
4326
3822
9907
8460
7792
5421
5815
254
7742
3691
6195
1308
7686
1920
2076
381
958
3571
9435
4062
7142
3605
9508
6075
149
7869
5441
7414
3710
1821
267
954
2878
7316
6869
3960
4805
493
1701
9344
3407
6213
5823
6317
7358
5466
1375
3655
150
62
1139
7948
7940
6299
1971
520
2380
8144
8510
1088
1358
730
4242
7615
8099
3054
4279
3384
170
2994
2313
410
8170
8315
801
7233
5299
8561
8367
6377
9941
2767
9109
3006
8796
8487
4419
9391
6151
9315
5834
5312
19
7637
3007
4415
2265
623
4495
8750
2433
8271
6313
5903
5474
4946
4925
5966
6999
8506
2431
56
4095
5066
3207
7561
8896
8318
9432
499
8153
3511
3738
5802
259
9412
5143
7373
8036
204
2623
8639
6240
392
3001
2883
8827
174
8086
390
5296
8407
5299
2502
4167
3538
5931
1553
2646
3618
7686
7080
7015
2498
2371
4386
9762
7529
4317
9837
3623
5273
365
7695
2202
577
1675
8586
315
4530
3698
382
3200
62
4224
4441
9490
5196
2086
2554
2449
4664
2962
6131
6405
856
167
6828
5890
6602
1078
531
406
8873
2299
6625
7171
6926
6614
3337
2740
1378
4644
874
7933
3714
7913
7156
5235
7307
7084
5335
8213
7269
5184
4182
2422
4636
2347
8459
5768
7177
1156
2612
1431
8928
6318
4779
9311
6451
1115
7347
6970
483
6319
1054
8106
1926
7187
3132
8496
4596
7729
7373
6214
971
5587
6936
2767
3539
4707
6868
7721
604
3870
9459
5996
5363
3674
1455
9922
7460
6352
4044
9139
5321
7384
8701
4683
3728
4753
5843
8794
9034
9753
4256
1033
6608
5455
9034
8436
7744
498
5227
3752
4390
7846
8644
8778
3558
2355
3442
1825
8837
105
8233
9649
7463
1940
1613
6981
6642
4167
2671
3912
4178
4184
1972
5088
2631
5913
5938
1656
968
3422
9027
7977
2586
496
6284
8692
8668
2781
5880
5438
1434
3001
8893
24
4705
8725
8752
3386
1698
3450
8724
1900
5872
6946
8157
5713
803
5060
531
944
1695
2890
9810
3392
8302
1168
8750
9583
874
6699
980
6015
7
7476
5868
9806
5453
2560
4714
3344
1731
9645
2836
4763
3846
4459
7518
767
650
8868
6161
3344
8056
809
5002
9057
6773
3579
46
5119
6899
4067
4795
327
2800
3295
4026
5877
4956
7273
6753
9722
1849
2629
3669
4809
8619
7062
4332
1790
5982
238
1024
955
8999
1585
9344
8449
9619
5444
8561
9159
8811
5704
5489
858
7897
7549
5772
7249
7812
4644
6055
1372
9415
1621
2442
7129
7649
9257
187
9346
4773
8293
6149
6534
8161
9988
4184
9986
6955
1984
4761
1404
7336
4877
8586
4044
5462
8514
9269
5928
5017
9301
8754
8778
9971
129
2119
2864
8556
8838
7727
2255
6514
8542
5539
4325
4153
359
6597
8730
4339
8514
4748
8258
8795
6551
1146
6962
9580
5875
3129
2284
110
7871
9427
8264
5376
8062
5121
3313
2417
6371
3291
4426
216
444
4639
8075
6132
3807
5437
252
6622
9487
4750
4636
8331
1787
1972
6990
2205
5619
5053
4753
7992
8552
4337
9163
7762
4975
4779
113
2484
7202
9333
5701
4493
9619
5419
1581
374
4846
850
5676
1232
1338
401
863
393
875
6157
9238
7662
6839
579
397
8235
5874
6207
1301
2189
3321
601
2740
1912
2056
5599
182
7204
6520
2493
7359
370
4153
729
7134
2829
1655
3579
8751
1996
4204
5657
5869
6547
3074
7553
3425
8361
4131
7920
4636
6053
1887
9296
8430
562
4633
6446
5856
2849
559
2200
8660
7933
8180
629
5206
2921
395
7535
3711
3110
4690
3388
487
177
3929
7051
820
8105
461
1289
6499
8014
3702
4067
9298
4581
2377
3397
6295
3992
2586
8257
2449
7690
9346
6972
7721
3560
9177
6754
9572
9819
7937
1466
9960
4442
1103
2851
8872
3501
3893
2030
6398
7324
2368
2374
7540
4933
5196
8298
3664
7597
8367
9435
5721
2718
4857
3712
2426
5998
1814
2535
9554
160
7485
8374
2116
5972
104
5487
9394
8313
4992
5346
194
4563
8404
6557
3114
4120
4518
767
2845
2820
6626
8266
5361
9916
6220
534
9948
6127
8325
6946
3468
824
5209
5813
7360
1473
1097
243
6854
4482
512
5835
8305
3591
2931
1037
2326
7503
6778
8137
2292
8177
9030
1906
7005
4633
4558
8034
2645
4879
8298
1431
7559
4792
7627
4475
1438
8311
5301
6209
7063
2604
2314
7995
7760
3148
564
6153
9725
7169
9006
3339
9767
1112
6639
3080
6369
6920
3925
3607
3609
7298
5162
4859
5974
8884
7349
7611
8612
2856
9584
9167
4906
5898
3986
8359
9220
6966
7880
3861
3730
3215
4244
3387
8332
589
5458
6703
5120
2446
2291
1627
1562
7388
8728
4336
5694
8591
8685
1771
6917
3850
7679
2000
2802
3392
6315
1875
5136
5289
21
2901
970
2992
6498
4043
7222
1956
5874
4011
6511
5982
5005
7840
509
8930
8777
8172
6867
2830
149
1677
5589
4223
4870
3400
8084
5651
3179
1666
2760
8554
3950
6766
8825
8710
7146
496
5801
7793
2836
1424
2721
8605
9575
3595
6215
8550
2320
3491
5657
4212
3010
2278
9993
1709
8487
4108
292
9719
8037
4938
304
8827
7944
6419
7746
6645
65
7870
9578
8072
2747
5027
6556
8414
2917
1583
4603
8157
3665
1400
611
4645
3913
3994
595
1558
5528
1567
3734
6607
972
4013
4173
2593
9510
2425
1658
5538
2811
9625
9291
3725
2987
4375
4033
1318
1819
9522
1581
6235
4641
6815
9782
4567
8124
6076
6745
5216
541
3749
2669
1648
4454
5407
6641
8464
9661
3458
3669
4944
972
9316
7602
8580
2489
9216
8503
1689
333
2646
6673
9317
8435
8540
5013
2219
9696
7762
1661
6638
9817
9634
8110
6445
453
8502
1906
9885
2784
5172
3382
6180
3176
6725
610
9169
4248
947
2000
5786
7679
5088
4299
6781
7244
3187
6038
6440
1176
4702
2357
4563
320
5339
5484
7339
1006
9541
5283
4650
163
4626
3298
4290
1027
7214
4271
3033
6061
5219
3665
589
2133
6420
8991
9608
1775
3817
1738
2191
1178
1429
7940
7845
1399
419
2972
5597
3653
767
6312
2940
987
8593
1277
3549
7937
1939
1053
9358
8603
4692
9869
9863
5554
5190
962
571
6321
8769
4872
8791
1625
2746
143
375
2865
7118
6114
2920
4910
8409
293
9592
1467
2019
9386
6569
181
346
2432
2709
8214
8347
3289
3868
9180
4105
2775
1080
2981
2512
1250
6290
2728
3859
7768
8253
4227
8849
1329
9871
4973
6742
5742
4752
504
1310
8814
6124
7669
5269
9869
9906
5139
7418
6393
767
6533
5730
2849
6773
5103
9512
8733
1844
3997
5778
6884
5483
2048
9855
3006
3143
5862
9244
6503
3370
885
9526
221
7863
5171
9513
7846
122
5525
9655
6576
4517
1250
2661
70
5284
1636
4463
9740
2354
5802
5004
5880
4741
4684
5996
4909
7508
3629
1229
1669
6712
9606
3693
2042
7520
7861
3146
6465
8943
5361
2902
5715
9857
8248
3622
6042
1691
2583
9305
9924
2623
7797
4709
5447
3022
9052
4700
562
3081
1173
2286
9211
5424
9264
4985
8698
1707
8125
6860
2321
3895
8042
1593
8662
1895
4521
4856
335
8972
1724
7544
5897
6144
2480
2080
3301
6012
5459
6164
8080
8090
660
4787
4717
2852
8566
1821
5936
9675
6688
514
3530
2980
9412
4342
9804
2925
458
3105
6090
7085
2200
5250
2767
6809
2912
3651
7478
2738
6358
7367
1147
5196
4652
3952
3839
2490
4733
2318
6898
437
5138
7874
8576
1036
2788
1728
1275
8292
1727
2803
6848
6929
4894
8522
2361
541
6393
7472
8142
2596
4104
6393
1737
2371
4147
3177
5253
4997
2440
1423
3554
716
5335
990
5527
3697
6861
4363
5572
4099
4379
5810
7252
6699
8739
3044
3275
1504
1471
7052
3250
8198
7102
511
2620
8274
3563
6321
3811
4616
1819
100
5220
3925
6707
9835
1556
937
4532
3740
3486
4764
1476
8068
7818
1249
5578
4709
667
9175
9030
2138
1908
5868
8730
780
9864
3949
7097
6077
5838
3417
3003
9201
5149
8084
3946
764
7290
102
9212
7942
7371
1603
8333
7963
2630
8294
6136
4080
1387
7158
5890
3024
1594
7627
3587
7028
7699
3609
5681
4017
9337
8571
4315
922
7841
8283
5423
1990
6061
286
6521
9325
1487
2221
3881
9741
2860
3293
4192
7465
3583
7456
598
9936
2119
7045
8394
3691
3487
9034
839
2944
8103
6514
6064
6708
6324
1873
4712
7886
4337
7140
7104
5174
8639
9837
3358
1324
641
6460
790
2644
6925
9322
9848
7711
3455
6591
4821
4262
2368
7523
5375
5520
6158
2033
6221
4498
6377
3592
936
1238
7050
4427
3076
7492
6575
856
7102
1772
4039
2086
7727
8502
7415
3431
5450
2849
2199
5325
9672
5784
9996
9001
1085
7075
674
8702
1574
2553
9909
3428
8706
7042
5052
617
4650
7787
1635
5074
4334
9507
1572
2831
4718
1202
8241
6988
8162
4090
9057
7011
7798
8181
8837
3023
6949
926
8869
5180
8192
9787
9867
4426
3115
3304
4636
5857
9445
5455
5806
8590
5747
7459
1467
7147
8423
3325
4273
4284
2066
6189
6866
6006
5219
5522
5151
5754
5034
6116
2460
6511
5470
7278
528
8622
4440
5258
5660
9398
218
8325
1845
1248
8367
7105
8576
2606
5279
6713
5417
1708
4991
4511
5983
728
5908
5761
4943
2381
4434
4139
6076
3995
2197
2630
2152
6707
3307
4717
9858
1054
1628
8816
3692
429
1943
1313
5223
5067
5242
5708
6205
4559
3005
8356
203
9502
4060
8776
3417
8685
79
3365
520
7348
6200
1861
71
7454
5577
5669
5041
3100
831
7540
9542
7481
9487
1479
7812
4696
8395
3145
8019
3034
3776
8624
2762
7629
4751
8283
3409
8734
407
7047
948
1790
1548
8753
5440
3698
2150
8518
1373
804
9000
758
7384
2391
9210
5366
3724
4168
4358
1205
5645
705
5772
2454
9216
8583
1842
1228
5434
9155
2732
1861
9764
3773
7444
765
424
9971
2261
4227
5178
5162
1130
7160
1430
156
6158
2756
9506
79
9967
3266
127
8647
2677
5852
6882
4689
6969
1889
6713
3184
1123
3539
4556
2581
3732
7821
5858
4679
4412
6289
5885
7906
2313
272
4659
5387
766
8275
7465
6546
6107
4262
8654
5712
8238
3284
82
4624
9430
8030
4642
4810
7392
6692
4400
8682
1873
3206
4419
8639
7006
708
7800
2368
7706
8290
4964
6857
1453
7447
9911
4707
6462
2981
5326
5265
2685
7027
1142
7686
2575
5413
5464
2820
9991
3613
6485
7136
510
7323
9791
3586
4046
7456
305
3912
9905
2368
108
9209
8865
1686
7328
7255
11
5441
6259
9134
8629
1724
7185
6665
9448
3436
7520
9411
5212
2674
6766
9515
1231
8032
7689
6081
9602
6296
3003
4334
4480
5056
880
272
492
274
2310
1442
854
7648
8144
6010
2185
7749
8086
9355
4676
6406
6861
5995
2643
1111
8111
879
3385
2090
5718
5043
6380
4082
7530
4070
2109
7173
6708
6353
9523
224
4734
7240
3539
2117
3162
7193
8174
1664
7532
4082
9399
2295
2036
7215
1983
7535
1532
8913
6383
5867
9546
8330
9426
4656
8658
5668
5212
2948
284
3953
3386
9604
5389
5741
6791
5541
3573
3136
5945
3602
756
3872
4326
7140
9481
1220
5878
1408
7737
1763
118
5417
7912
3882
9462
4695
5015
9532
9296
80
3835
532
1797
1442
1782
7174
2614
1170
7252
6387
2924
799
4323
5579
2868
7856
9712
29
5179
8716
3530
4394
6513
4872
7605
1688
2173
9450
5326
8226
701
9821
7110
9804
9096
7453
8765
4821
9203
5042
8444
6277
5148
7226
1774
7654
6310
8815
1676
7919
9153
7320
7588
9994
8373
1354
5509
2999
9019
9967
618
9530
808
2799
656
7856
4327
459
4982
1135
3954
5161
3792
1771
9165
9385
3192
4628
7983
5077
4945
8013
7309
9319
5673
7192
8293
9301
491
6860
5748
9128
2078
6041
5828
523
1630
2962
7366
3102
3189
6104
3800
3577
1957
5240
8211
1710
9573
7547
5827
9383
7365
9852
8867
9567
2527
5030
7701
3997
3436
4699
4332
6602
7456
1
230
1555
8676
1638
89
2555
9102
5109
5640
9544
2159
1569
8817
973
1241
9342
7735
3912
1610
1263
200
4850
4953
3753
8666
4388
6988
8583
7062
7081
9588
215
1281
4318
1093
8402
8995
5861
4246
8216
4102
9337
1585
2777
1693
7596
120
8865
558
5932
3429
1339
3566
8149
8875
1590
6775
656
6142
5781
8664
2952
7932
7583
8041
8205
1543
9047
4762
3282
848
8839
3991
4320
5505
7157
3978
8526
8758
7032
6621
7144
6089
6899
7466
4636
4889
9103
5841
244
6919
6984
1509
2845
4125
270
659
7686
459
3051
9600
4980
735
5716
2766
9330
6240
1913
3883
9046
6856
1750
119
4335
1915
9804
7343
5450
5896
4010
8139
1220
7515
8948
6016
8378
5004
9126
4114
252
1176
5026
9658
176
4521
613
7712
4834
6613
4087
6838
8729
8192
4961
1024
5493
7455
1657
4259
7685
6058
2873
1193
1397
5773
9038
1582
436
8828
9100
9435
6275
3104
5167
7116
1529
3842
1100
5840
1988
9538
5942
6589
3611
2356
5628
9949
750
9256
5583
4041
4031
7253
2194
7264
3961
6434
1482
4324
8926
7089
2917
4897
6496
2103
6183
4619
101
8476
6479
4835
9837
8444
1192
3349
8991
4983
379
5793
2687
8683
4450
6980
1341
7660
9079
2083
631
3758
2699
2772
4078
3167
8723
9288
3173
8787
29
9273
4726
3692
6768
6860
4336
4790
9473
546
4683
1037
9154
8945
4859
4764
6293
8010
2498
2563
7790
4535
1312
3108
2118
3091
5686
7514
8252
2325
8873
4950
182
6410
7377
1655
4965
8687
4113
5461
8838
4024
1825
9307
6741
1856
4278
9599
652
4845
9908
7166
330
4639
3994
5897
5582
9413
9307
5094
2594
779
797
2533
1141
7380
1050
6704
6961
2929
4532
909
2955
1739
390
3587
3784
5170
5893
1799
2108
2834
9589
1618
206
719
4792
1856
5192
7470
9585
1240
2139
4591
2631
3411
8751
3450
1061
5515
7
1125
7422
4113
3507
9423
3661
4139
4623
4748
3595
8024
8377
8718
538
4529
7536
8396
6462
4670
7272
1457
2283
9634
4121
8564
3818
4421
3287
9280
5093
316
