147
25
95
268
347
228
232
175
225
184
295
305
395
239
153
12
364
243
60
367
29
165
299
122
330
6
337
329
99
212
175
27
258
341
376
126
364
153
217
296
128
127
102
388
285
263
96
40
321
367
67
15
187
76
299
104
98
199
102
345
399
369
308
33
260
244
188
233
64
152
249
310
27
367
129
191
236
318
373
165
394
376
68
259
238
328
43
275
168
187
183
299
25
71
155
242
349
140
173
291
107
358
10
317
181
252
346
356
314
56
30
232
203
291
310
239
363
140
63
130
223
373
170
273
148
299
7
340
144
0
144
111
257
310
178
368
354
73
86
56
268
346
319
180
393
4
139
104
68
13
396
327
60
11
129
369
182
368
397
56
354
179
105
241
374
172
389
68
279
268
361
48
215
391
378
287
392
367
393
352
94
270
373
135
258
368
224
301
82
282
223
197
150
187
155
317
366
365
389
205
296
232
103
207
237
356
245
202
107
104
17
237
93
52
318
325
230
327
381
91
220
350
51
125
81
282
316
119
62
156
72
270
8
128
387
201
324
67
51
124
198
307
74
210
389
194
380
262
203
229
186
350
72
175
220
101
118
293
350
20
312
62
321
316
11
201
386
18
318
187
312
23
222
67
183
291
330
124
305
398
198
399
92
42
315
34
399
176
202
144
166
86
353
166
309
106
119
40
360
94
161
222
41
48
231
78
59
244
16
231
3
304
42
359
55
356
39
90
239
52
241
271
199
163
45
24
342
333
13
287
121
258
48
144
249
42
116
343
283
153
316
358
54
81
252
386
175
94
81
11
160
322
174
38
23
174
176
73
74
153
83
211
89
352
174
37
188
282
10
33
59
167
352
125
44
69
80
308
183
318
365
250
310
145
357
137
216
251
47
349
309
274
221
264
363
334
33
98
310
36
