30
719
92
653
152
188
599
511
179
272
50
411
36
698
399
554
91
265
390
272
292
646
694
786
425
718
477
483
117
75
3
394
404
14
400
49
23
139
573
587
371
368
648
291
233
579
353
734
352
696
769
173
333
268
59
113
629
417
587
234
73
661
778
446
144
321
36
3
323
12
672
265
274
170
766
743
196
436
736
480
187
485
191
49
118
270
734
475
272
470
251
199
102
594
98
699
405
445
284
791
257
436
452
44
275
369
346
58
218
737
241
164
146
292
547
691
2
225
324
195
799
3
723
782
430
340
525
627
519
85
444
131
85
343
557
72
250
473
255
370
687
350
215
639
584
522
145
677
694
473
625
671
103
732
567
211
200
401
656
572
682
285
329
217
34
233
159
753
11
503
50
97
486
799
152
611
289
298
621
604
758
522
104
227
554
788
41
73
470
251
719
265
290
362
390
334
525
478
61
27
41
126
214
635
100
632
438
70
289
89
540
780
229
520
207
449
109
255
559
357
60
7
462
655
499
528
248
245
409
458
172
347
314
514
719
213
492
476
214
59
460
362
417
776
71
262
136
302
789
370
109
475
703
745
176
736
225
609
513
707
363
448
48
291
257
344
769
675
707
481
604
694
231
17
672
293
129
314
471
415
196
448
5
638
3
725
570
754
368
339
39
556
646
438
301
681
194
756
689
121
268
569
523
75
532
419
606
87
183
470
578
551
736
221
797
323
139
575
304
343
229
506
269
67
527
30
135
416
1
456
322
586
172
377
329
398
440
499
670
657
204
176
268
698
299
286
344
381
443
27
694
357
450
489
184
189
457
46
737
668
322
554
760
299
70
182
760
115
663
662
740
456
260
442
280
748
683
183
26
33
760
669
79
623
748
756
619
462
217
600
352
753
746
206
183
623
351
386
93
783
437
703
148
239
260
169
459
337
323
123
296
227
486
248
193
233
775
752
746
138
67
337
168
403
251
7
644
267
506
242
188
213
694
386
211
699
304
210
392
734
214
254
709
407
136
130
558
72
407
784
25
708
9
173
669
215
570
9
738
51
188
218
536
217
447
436
164
448
683
647
757
133
714
468
149
720
35
621
379
670
129
9
669
464
722
416
514
208
267
713
85
219
169
558
214
303
754
584
555
722
26
509
212
700
354
402
124
163
218
590
523
609
487
14
25
484
736
638
380
497
562
90
354
214
36
449
26
107
596
435
685
132
192
103
714
118
289
332
703
771
306
410
484
388
238
243
17
434
535
507
271
784
595
785
780
665
529
713
360
385
682
72
45
395
418
475
571
487
781
244
193
165
78
387
72
187
27
589
265
398
572
555
159
416
339
705
375
311
373
665
132
38
758
507
175
314
259
748
619
227
137
577
390
669
659
766
380
314
336
751
454
398
723
129
368
694
180
318
711
101
148
740
241
589
414
705
759
678
680
237
797
191
601
420
723
190
292
287
388
181
691
173
587
451
735
435
613
516
59
605
257
439
209
448
212
10
132
46
138
67
789
84
471
301
0
787
779
125
742
89
739
321
422
60
636
100
709
659
227
576
493
721
8
480
593
639
209
689
78
276
107
325
140
531
635
739
132
450
306
78
733
290
95
720
239
400
382
771
104
503
718
125
780
399
576
149
119
694
268
150
350
41
382
735
756
352
397
628
520
291
524
4
748
557
122
568
752
476
788
693
653
177
554
750
510
266
654
394
680
633
616
557
506
609
71
773
271
429
435
372
752
685
638
660
87
685
473
204
15
244
770
14
87
150
346
778
741
566
501
562
327
188
555
683
548
719
331
109
161
335
751
311
192
113
107
242
227
504
799
224
