424
767
550
730
591
249
740
497
716
440
488
741
689
231
95
761
430
81
320
514
456
720
784
10
184
766
466
657
770
135
169
334
496
192
395
532
779
752
37
751
86
460
101
78
135
385
392
634
194
138
256
196
371
546
289
62
392
147
296
95
457
237
168
234
725
402
243
616
122
206
354
401
400
612
609
266
275
291
378
617
508
279
700
468
411
124
328
199
530
622
631
532
273
412
299
420
745
26
177
412
527
565
112
219
432
674
241
639
523
112
202
392
368
220
425
404
723
98
665
553
44
273
404
370
750
56
582
161
449
92
217
114
543
587
98
368
200
363
423
688
579
684
492
379
465
508
601
10
623
793
585
490
232
129
50
446
372
389
556
356
178
60
287
368
637
20
557
276
654
707
505
705
781
347
499
295
213
636
450
472
548
676
364
299
603
353
421
381
504
391
433
721
686
61
632
216
286
242
37
300
596
237
570
54
288
98
404
208
591
160
55
484
389
7
534
659
281
631
257
81
462
67
491
398
778
517
438
784
277
523
349
187
239
15
414
499
269
644
515
505
434
588
108
16
7
390
218
291
151
709
186
160
41
444
332
764
762
182
591
218
662
770
555
647
627
587
474
796
10
773
499
518
147
675
117
354
253
390
141
706
775
368
612
588
605
183
744
34
370
373
629
156
86
283
32
305
84
582
704
469
747
426
313
444
615
42
550
637
379
170
3
273
477
796
564
379
671
502
373
706
709
453
254
665
200
315
243
223
102
771
358
354
451
86
681
127
512
485
20
612
758
598
47
247
783
653
253
559
194
351
485
640
169
460
382
436
672
741
278
501
572
584
575
327
390
173
758
242
691
728
242
93
33
655
230
502
528
774
690
302
26
630
108
1
304
748
423
435
19
413
189
342
748
631
415
456
361
755
693
90
660
7
435
267
593
728
91
82
531
332
745
123
604
285
160
712
592
458
750
729
437
40
766
7
617
277
346
585
319
301
122
90
375
341
109
530
313
405
419
16
718
579
694
121
411
442
691
634
699
170
168
618
248
456
235
619
454
230
388
527
252
414
632
278
784
103
212
662
269
586
466
724
83
687
331
78
428
48
121
59
679
463
104
714
658
547
664
71
568
78
561
764
341
714
484
564
690
609
154
570
386
124
220
769
792
179
221
669
706
131
712
14
230
222
737
413
727
477
443
126
244
240
726
437
317
277
754
342
307
359
660
388
395
462
468
731
655
468
641
234
114
600
146
247
429
508
137
614
186
24
742
469
236
17
134
254
105
548
53
0
582
668
471
279
765
452
111
775
269
23
298
728
782
146
267
571
784
746
724
683
591
474
429
15
277
757
532
732
364
794
706
247
670
166
310
151
619
579
576
457
166
125
364
13
557
533
328
574
451
559
692
655
651
390
262
593
163
512
470
753
315
476
301
734
720
711
645
776
266
557
540
260
782
301
763
236
640
198
381
195
729
205
383
694
609
129
355
158
618
373
0
771
361
140
105
282
17
516
632
78
493
393
631
221
281
361
747
57
670
680
542
687
520
458
743
196
486
365
216
731
478
538
388
308
106
48
555
366
531
384
387
717
456
152
100
791
795
599
209
152
152
671
190
709
259
552
482
125
685
560
282
492
306
305
631
521
403
491
454
511
619
769
58
777
624
512
280
631
39
537
479
717
708
335
146
330
157
748
131
262
458
302
669
276
540
415
270
359
599
34
655
625
589
617
306
38
600
612
551
448
467
563
587
796
565
253
237
513
236
793
542
385
626
361
693
471
46
647
252
720
778
152
90
7
77
221
638
521
468
680
645
567
465
11
776
777
256
236
325
143
