97
1047
1204
664
1556
2996
229
1877
829
2877
2035
387
1680
2584
1856
272
1837
2121
2284
2666
1574
1475
2078
2493
44
2355
1361
2643
1462
2273
757
2173
1000
2808
2288
680
500
1677
481
1459
1575
2852
2025
677
1842
893
2231
2739
1484
1150
1319
2943
368
642
350
116
816
1679
1100
2918
1710
1005
1814
2942
2723
1234
2630
2147
702
1827
226
1348
1386
1157
2351
2882
1356
2394
351
1619
2448
1846
1326
313
455
1065
2996
1897
111
1655
2224
2751
1639
851
2762
2150
101
427
907
1165
1727
516
268
709
2754
1653
1903
1576
1810
218
1445
364
2422
1079
2317
828
2087
2804
998
2263
1829
672
1217
1913
2118
1598
1358
1120
1964
1349
1986
298
1770
1059
2802
2002
59
1537
734
2977
438
1009
413
465
1370
2971
2608
1852
2514
2632
1566
1819
230
566
2924
2146
1918
146
1630
921
2098
836
823
150
2955
396
433
2494
1064
290
2537
482
2998
803
170
2278
1488
312
1228
245
694
1216
1225
1616
1933
277
2820
1421
2171
700
326
2276
1557
2366
422
2317
1727
76
2524
1933
1127
671
1451
2008
1478
85
1721
2296
1428
2728
2876
2651
55
2768
898
979
224
2801
2765
598
1154
679
2017
1118
1655
1349
2779
1651
1569
782
2545
260
2098
1026
1040
1525
1545
674
37
2027
818
135
908
138
1040
261
550
1151
1521
501
763
410
1662
2319
1964
434
477
1062
2835
2957
766
878
1985
1423
2478
649
2060
1543
2651
2958
907
2026
1861
1379
2056
351
1069
401
2665
1201
2213
1086
442
2003
436
713
466
461
2260
989
1296
2997
2489
2848
2627
2641
2432
1054
2987
1113
2817
1902
167
2241
1307
902
1636
532
2443
2234
1982
988
2304
2112
542
646
1806
2463
2793
763
630
1502
344
824
2038
2937
841
367
2826
885
2690
558
2310
693
2621
46
2422
317
1380
430
2085
148
834
2389
1887
2799
420
2399
2635
2263
1002
1303
136
1604
2502
2882
2242
500
1424
396
65
2620
2267
1732
415
575
864
394
932
1764
517
2481
696
153
2273
2232
740
2670
1078
2706
597
1549
1180
1461
1221
2957
2630
2432
1768
2557
1171
2677
1777
2133
220
2046
95
2505
2445
2675
2791
1831
1417
1746
2391
1279
1262
248
499
802
346
139
744
2019
2913
2450
2307
75
28
2284
2597
2537
1688
1917
1238
1717
1600
1143
2746
861
519
2517
1444
305
2790
1251
1102
1529
2902
681
434
2711
1579
118
2896
479
2294
1154
1685
459
2237
2323
2404
1850
1640
1889
172
1200
731
2421
2197
2577
2899
804
327
2967
1607
2089
1410
2308
2013
2264
2676
2441
789
136
2306
2468
814
1832
798
2488
75
338
457
1086
82
1588
1934
1386
2617
1059
739
2505
2837
834
1220
213
2352
33
542
1059
1566
1441
637
1420
909
603
618
1583
1262
1248
284
600
1084
2115
609
1033
384
35
2794
2190
1862
2197
57
2367
1128
510
71
1127
2174
141
750
1426
2014
1071
1064
555
2349
908
1875
1050
2794
1903
2873
285
2963
1780
1672
2598
1591
2225
1226
1282
95
215
2002
2009
1913
1250
372
2625
2947
1355
2799
869
1225
975
2635
875
1811
632
2753
459
1189
1505
43
2668
1596
2631
2536
520
106
483
12
288
1735
2268
2450
2650
1724
474
2431
1158
1541
853
1053
561
2202
2604
1832
1056
1809
2545
2616
1110
1524
1729
2596
1552
1891
1354
159
1206
1190
909
2362
1100
970
1114
1358
959
229
803
476
27
806
1569
2043
680
526
666
716
1902
213
1549
1261
2797
899
628
1697
1751
1092
1767
1049
993
1271
1930
2425
1636
2835
2060
1305
1834
2999
184
838
1716
2308
2225
1213
2993
2168
2471
1387
2064
2314
2038
2540
2110
2822
621
1006
2939
2260
1668
1433
2847
897
1190
2469
1266
393
1686
2832
137
958
2446
1915
77
722
2195
1679
2877
2678
164
1281
1955
1981
898
392
1748
2536
2601
2391
569
2334
915
1763
1779
135
2358
2386
1835
2413
396
1670
2648
1872
2057
1373
241
196
1218
2814
2234
258
2104
2698
2955
160
1067
741
524
1525
2043
1856
2237
1549
778
2252
393
1501
510
1580
2643
1460
1146
2007
2561
1439
268
1673
1677
1863
2473
1014
899
1640
2117
738
1572
577
1127
1984
216
1259
2104
1692
1995
495
2300
447
1982
1873
1673
1063
2998
2539
708
2704
570
1671
1284
1891
2085
957
110
1066
1876
2205
2247
301
2378
1146
1696
44
870
2292
1019
553
2766
519
684
2136
405
1445
1523
807
2992
965
1534
2540
2478
1710
980
2856
973
260
2236
870
2138
2821
1635
2847
2952
2809
740
1613
2002
1132
729
634
2355
2186
1464
1996
450
2917
722
839
2476
1382
437
2768
1993
2550
2072
178
73
679
2367
703
2887
2356
932
2275
419
2433
2149
368
1078
2001
1270
2834
2670
914
923
2271
1626
1783
47
2541
2151
834
1051
639
224
2395
838
2061
252
2858
634
832
97
2557
559
1919
175
2262
2121
1424
2672
404
1221
2438
2835
1837
1545
140
1671
21
2697
1147
1093
2037
469
1590
1182
811
2207
247
1451
225
1691
1973
340
421
1792
2541
504
2717
627
306
2995
316
2794
2419
2646
1133
1238
2007
911
475
2209
1751
1673
2355
711
2456
751
368
2194
1027
2114
176
2541
2395
819
871
1690
155
553
808
2863
1153
2235
1403
2514
91
2250
1064
1526
2404
566
119
854
1803
2289
1329
1253
585
1608
1390
984
213
1813
180
660
493
882
1928
2857
1955
2736
1373
2200
1258
2333
2918
481
211
2300
817
108
1296
1366
2643
2513
2060
2239
1554
1916
2390
1660
1970
1888
1768
199
1183
1396
920
2269
1780
1338
2314
2135
1623
764
1431
2372
2697
2098
887
2976
421
2390
295
2669
811
921
2902
2880
1466
2878
442
1735
416
188
1578
1094
2591
2249
759
2528
1103
2753
2132
507
1753
2862
535
948
999
1513
2595
1002
1638
2191
2851
630
917
2576
1221
2760
2829
1632
2953
2493
1396
1088
1805
180
2431
1135
1310
1184
636
2273
1469
1471
1226
338
1523
746
1221
1636
2883
1253
577
2259
2731
2582
1459
2642
741
1730
2367
2599
1264
1179
1569
1089
2222
2206
1499
1994
1346
128
192
967
2721
1537
99
836
1322
2960
2207
2804
586
230
1467
2022
624
248
873
308
2962
1507
212
381
2602
2300
2380
2690
1481
1311
1752
1862
2903
2285
142
1502
1020
947
1209
2632
677
61
1912
2096
1270
2825
2015
2548
48
88
1836
825
2184
2335
441
40
2444
964
409
2768
762
1805
912
343
1375
273
819
1219
2993
842
2065
914
2250
210
2725
281
1121
1434
1881
282
679
2074
2616
1774
1746
1914
2480
594
73
1159
1163
2095
605
1010
1977
601
1560
50
1043
1097
2398
2778
1862
2910
1868
2732
249
1958
1889
181
1973
2746
967
482
1
599
2054
1024
2439
2657
870
2266
559
178
1526
1619
397
1696
2294
123
1785
2205
2997
894
2459
536
1536
1904
2689
2144
1272
1669
559
2321
495
525
626
663
982
116
2233
1183
1094
2160
952
133
1705
1467
2050
1496
1388
1705
2794
2338
2020
1163
2422
1300
2033
1234
529
2054
243
367
316
2691
2416
1406
824
1339
1384
2956
762
410
2269
141
1211
638
1978
1520
1587
1173
2870
2663
298
1493
2325
637
539
1190
140
1196
1741
922
119
1167
22
2308
2424
162
2927
558
1310
1170
2590
316
1192
1102
2116
558
2084
2404
220
1036
2705
2113
1132
473
1925
1704
2476
298
2692
644
2472
2008
2782
1001
1955
528
1971
756
2034
2396
1221
2554
1082
1051
354
630
1839
723
1221
84
2946
2887
2744
643
1949
739
1088
304
382
1188
965
949
319
661
2789
560
2686
1876
2356
2647
2350
2531
449
2882
2336
1810
880
1001
1119
905
255
620
2791
1075
1232
1994
33
2687
34
2784
2734
1296
892
355
1317
2956
2735
1665
299
1162
1911
1338
1518
2204
1814
2684
1526
1268
1933
884
2577
643
2248
2304
1505
2477
1652
2608
2363
1816
1511
2254
2903
2482
196
1659
335
2402
394
328
2294
439
512
1030
2231
1998
2144
2853
1791
2191
1693
1617
480
1102
874
1107
1379
1295
2888
1348
2584
2034
2371
516
2197
855
2122
208
1073
2403
1577
929
2444
624
485
2553
2597
2234
1539
2849
2479
798
933
982
297
1597
2266
395
1049
1318
153
71
2460
1794
2378
2374
396
1153
2729
2878
2054
1898
711
328
687
2727
183
414
1612
1191
1890
1020
1890
805
1792
2487
296
1213
2996
186
2135
1991
2506
735
1938
2828
2551
2946
1224
2053
2077
17
1564
468
386
2440
2389
522
2676
634
855
1167
1907
2305
2533
2151
1931
126
2576
2330
2180
2500
969
2828
623
2007
2815
899
1856
450
2782
1272
627
1366
180
2612
2828
1342
2761
1867
2639
2359
2938
726
1520
2982
1418
1698
2585
1273
1670
2814
1134
143
1587
2003
2157
2635
599
2860
1775
67
1520
1052
638
2536
21
1270
2779
1006
2871
2120
2109
1499
2475
2025
1023
1325
519
2497
1406
851
1350
1960
1333
1677
738
1438
1808
1856
2861
2074
770
921
924
102
379
1691
1209
207
113
212
763
2091
1801
1193
1500
251
2530
1370
671
1312
799
865
1763
1618
1391
2787
2985
795
2579
2145
1902
2554
2787
960
213
2507
925
1860
1957
1355
451
516
49
1906
287
1062
306
2633
710
2187
638
267
2095
2229
1186
2008
2223
365
2884
2540
1042
898
14
1999
1191
835
2751
1437
1528
1854
100
133
925
2321
1374
2351
2628
2477
2304
599
2303
2298
2216
1486
2875
1365
1991
671
1344
2911
1311
447
2785
1567
2832
958
1450
976
1478
2250
689
1397
1059
786
2579
1248
53
1720
2972
2314
1371
816
1201
1620
1257
101
70
909
1934
219
1007
548
2990
879
981
1725
697
890
1592
1545
2399
2028
1163
2117
1510
878
2465
2605
1881
1552
609
1137
687
200
672
901
974
1380
1324
663
954
2455
1
2482
2453
1911
674
583
1564
2592
125
3
2148
2697
899
675
816
915
538
859
304
274
241
2159
2055
1620
1384
265
569
391
322
545
1759
1239
2104
1403
2385
1021
1243
737
758
2691
1261
1961
1155
1395
2908
1050
2470
2728
1956
1752
1029
1580
1216
1871
2016
1824
1093
2315
152
2194
2187
2838
2811
2313
1505
2171
2045
1884
1644
1664
2275
40
2771
2825
695
1536
658
1318
1476
839
1890
1278
2189
809
2401
1269
1846
1511
2315
1993
918
1401
852
314
1680
2326
2872
2688
428
1223
362
1551
1799
1938
1981
2485
76
1139
2698
1532
205
908
1023
1498
1482
1068
440
1693
2124
1054
253
2341
263
2968
2272
2666
330
2964
1625
1964
2860
180
1896
1474
2397
1438
2206
506
2774
2719
1912
30
2438
2748
2160
864
146
2603
1866
1148
583
360
1993
436
1927
2172
1539
2577
1366
1551
976
460
1729
1022
2258
2909
578
1944
2921
195
105
1514
598
2378
1986
2107
2754
187
383
361
1610
813
1187
1850
17
649
771
1239
1434
1443
2144
522
2928
2380
1429
2785
765
2645
249
1243
1323
2686
386
31
1890
2860
2447
2212
655
2721
2623
2994
2189
1460
2843
2759
2050
1946
2357
2982
1113
2101
1204
2034
2359
2992
2085
441
20
2917
1464
75
2136
2845
2275
218
2992
2767
2775
139
1436
412
645
930
1046
2118
924
1316
392
1217
1987
845
642
1370
621
67
1096
2796
2606
458
2900
1113
1880
133
533
789
186
86
995
2134
2510
941
1173
2088
534
357
937
1510
898
892
2000
1539
1000
1025
379
606
1976
1271
1966
363
107
1592
192
886
1960
1357
636
578
242
601
2983
2680
1954
2006
2910
1931
444
983
1163
2816
2768
676
523
2059
1952
2172
136
901
1593
597
1678
2490
2656
199
420
2126
1170
662
802
680
175
2542
361
774
2212
2361
2234
1536
196
1060
2671
561
1331
2320
448
2679
2767
283
1132
220
2339
1191
1597
1205
457
1355
381
2279
35
1093
1058
746
1310
2169
60
622
2683
2675
1775
842
1331
2648
1250
2395
1535
1867
2426
2897
1337
1835
1555
254
1403
1081
1477
2847
2410
680
863
1589
1142
2981
2914
157
537
862
1620
2291
2457
1791
976
1710
1508
919
759
1084
1471
2433
821
102
1763
2790
2498
1439
2388
656
1211
710
407
1618
2780
442
1528
1827
2917
2101
1494
2617
966
425
571
2666
1920
2080
2147
2109
1394
1496
2304
1039
341
546
2967
1986
2740
2227
2868
2880
179
1876
1469
941
682
300
2893
1370
2398
1494
799
110
1294
1221
13
191
2253
2763
1412
270
936
1497
830
249
2693
2073
787
1385
22
463
1308
2700
2849
606
1911
1429
2541
775
1192
2847
1099
1547
722
2969
1246
490
146
307
1497
1301
1307
2614
2084
693
1732
682
2810
2574
1194
1529
219
590
1683
1320
2208
288
1833
2646
856
2237
1486
85
2902
586
1498
430
1669
116
671
873
657
40
2949
1305
131
1343
2767
502
1505
1382
2344
1684
543
2684
1115
2257
166
2397
2919
1596
1823
876
683
377
1581
2749
2427
273
588
2176
1759
2254
2329
913
1300
1436
2312
1844
698
1538
2804
2221
2242
304
943
2430
2377
1539
2246
786
333
252
1559
1447
2946
6
2
185
2218
366
1129
2984
23
125
1445
859
1790
1969
2255
2502
346
1914
1608
79
2210
1424
2398
2383
424
2761
1419
1756
2743
2480
995
2898
2128
737
2106
1353
161
673
247
458
1123
755
1769
2892
742
53
2349
2987
795
1313
2265
1416
702
2127
248
659
2782
696
2251
2324
34
1437
2056
2914
2681
718
2345
2411
1318
278
451
162
1743
2636
785
2382
928
1413
1261
2551
2529
1404
2747
2347
24
251
1826
2911
1020
2811
640
1881
88
2416
2801
218
184
232
131
1537
2068
282
1456
2202
1446
403
1225
1878
2048
2939
2028
1980
2855
710
1466
1221
758
95
1712
2189
1161
2935
695
621
2487
2451
2794
2038
354
35
1692
1864
2615
1079
1603
1280
1180
996
2453
2032
1275
1828
1349
1088
2554
884
1098
2706
1683
1487
349
2747
2855
239
2036
478
2642
275
2848
906
835
76
1567
2644
27
2314
727
583
1495
2276
136
1815
1019
1621
2989
2518
797
2313
271
2438
1860
1150
2341
965
267
2664
227
1838
2717
1309
174
2507
2134
151
2882
2664
1524
1471
1328
2316
289
1359
1608
1665
1526
320
2846
330
1661
2298
1868
68
2403
906
1644
861
1440
2605
344
641
580
771
840
1340
1624
2703
2959
554
1895
603
2899
593
151
168
2383
1984
2631
1179
1135
481
2206
2154
2127
1521
1765
2214
2551
2609
2475
1803
2375
677
1596
2427
2059
361
1333
2041
588
1684
214
2512
11
28
2524
2060
1666
2985
1642
2208
353
1206
1483
2942
402
761
583
1566
1458
404
2968
2142
2756
2604
1040
783
2891
1735
1632
1272
755
611
2231
1500
45
345
701
550
2846
2352
1795
1653
706
2653
482
2714
154
2656
44
278
1240
2043
1482
1889
1626
1827
651
1941
2427
2745
2534
2433
1682
818
1685
433
1084
2778
1998
43
197
1480
1830
188
38
1827
1108
1977
419
2762
2400
1354
1949
1024
878
2312
2039
1742
35
303
1687
931
1475
2799
1195
999
1660
860
1804
1581
2514
622
2468
2838
384
899
1616
1778
352
1663
2850
1498
591
1710
1525
193
1264
1384
421
537
2619
2755
755
1033
2762
391
1291
284
1632
1618
826
2605
1670
1772
671
1606
908
1052
2252
2409
592
2625
2185
1541
1253
1454
2125
2202
859
1045
402
607
519
1828
1220
1512
2160
548
2574
1254
13
2773
2466
1919
918
2808
458
2492
1405
173
991
1809
1849
2747
2701
71
1007
766
1409
2085
188
1722
1296
342
2724
1445
2798
171
2376
459
48
121
168
955
1190
165
1453
1775
2240
2068
49
1321
2060
920
494
1752
625
1476
719
2370
2668
1736
2183
707
2028
56
1772
2068
2780
2654
1208
519
2844
1169
1036
1127
2124
2885
936
572
2471
2633
2555
627
632
1784
236
997
1883
1447
1291
2126
1282
894
1855
1437
1050
706
2109
836
1146
1862
2473
1421
2728
369
2341
692
2776
1875
2099
1324
2849
1657
2736
2489
2382
120
1511
2293
678
166
878
1806
2184
499
2585
1220
1118
1399
1930
2984
909
2774
2794
2128
2703
1718
239
456
589
1633
2345
850
284
1094
2922
1846
434
609
330
1732
1885
1707
988
2934
2705
44
2737
1331
2476
628
2295
966
2120
194
2549
509
2508
988
2846
1854
2831
1781
719
915
2242
1468
1919
598
937
737
298
712
2878
1426
1498
570
617
1452
1130
1207
1952
1062
2904
2617
1167
2958
2935
520
1533
2199
1430
2985
11
1098
697
2635
2208
2593
1657
1333
22
1403
1435
1010
2027
2441
2410
1751
1261
791
2137
2483
1998
55
2377
549
2271
655
1779
2804
