679
723
585
25
913
328
348
286
248
98
880
344
151
849
369
568
329
156
135
58
128
849
814
633
649
489
130
460
342
393
224
758
368
381
963
556
118
447
618
279
710
541
11
433
631
305
166
396
393
497
904
942
345
647
51
641
349
635
526
110
289
725
614
306
291
535
481
353
873
190
922
215
429
145
470
654
505
969
226
385
965
1
7
958
835
840
867
138
891
9
685
951
712
628
621
185
270
597
374
150
462
817
536
971
151
113
390
635
179
176
41
338
427
943
855
280
64
303
308
378
591
14
595
506
984
482
745
230
516
707
382
686
64
446
881
311
626
915
918
829
798
904
543
461
478
206
949
480
492
889
553
419
173
662
883
931
733
348
677
870
896
661
198
269
196
94
79
830
65
498
531
710
593
189
271
124
274
156
99
240
381
402
85
306
402
636
321
223
786
686
551
741
353
367
97
504
998
695
238
934
224
322
192
325
574
740
727
68
755
427
768
630
965
573
605
115
184
158
666
312
564
11
137
39
880
189
371
266
561
789
164
945
331
550
618
219
490
257
9
137
805
873
797
757
328
862
102
585
605
87
529
133
111
408
153
560
498
60
945
143
290
347
716
532
630
596
35
318
216
535
995
542
717
593
968
41
292
74
90
625
780
531
347
919
998
440
401
363
732
718
790
884
932
582
434
579
238
471
586
185
806
346
911
272
669
303
133
111
347
445
830
584
65
990
267
835
334
456
542
717
536
128
119
364
69
10
697
833
445
955
736
40
141
215
394
491
387
494
279
962
905
786
358
151
664
412
485
374
291
996
124
778
92
726
895
395
975
297
431
115
393
460
819
239
268
378
720
251
290
284
826
910
835
917
438
853
126
209
262
3
440
702
463
958
875
789
547
109
406
922
878
429
301
414
399
731
253
878
557
564
526
996
739
344
941
987
738
533
349
577
977
959
202
765
27
453
409
279
166
351
295
719
107
507
493
45
999
623
373
496
725
953
20
250
389
211
451
488
109
946
19
144
107
397
452
731
260
330
947
874
964
364
70
116
810
89
909
573
423
504
607
867
11
71
118
562
829
771
744
271
317
705
955
218
759
561
652
852
374
370
771
464
290
360
183
334
719
338
946
618
676
856
88
84
869
90
778
560
405
28
73
741
756
918
889
347
425
975
20
637
876
817
431
782
419
623
725
433
374
459
374
904
769
357
988
894
350
694
938
176
844
75
945
397
808
180
457
199
422
820
992
98
660
179
650
561
371
550
437
272
155
336
815
235
650
266
710
862
737
367
84
878
372
818
94
132
811
912
23
106
529
34
317
446
880
291
224
108
167
576
506
559
498
965
64
768
852
868
43
647
660
576
459
694
553
976
33
894
802
215
904
448
39
904
135
893
158
894
669
66
331
873
170
979
63
22
381
385
963
134
335
134
785
790
3
980
983
982
393
917
225
195
294
182
523
959
402
141
696
136
485
353
185
158
398
408
453
278
42
115
225
196
150
734
277
853
593
108
579
634
776
384
813
816
487
910
953
69
945
671
835
629
413
867
991
802
277
281
650
394
147
202
853
746
243
596
908
841
463
122
969
703
507
473
679
796
30
509
78
365
49
849
987
616
191
734
113
409
281
35
696
446
581
739
168
485
666
116
42
573
179
907
403
761
205
716
54
793
639
591
429
371
245
951
724
527
777
909
546
48
951
233
988
701
635
64
872
960
193
873
331
662
432
561
200
389
188
582
53
596
166
817
659
139
226
460
474
972
302
483
126
593
890
304
43
485
304
502
728
343
514
223
171
752
146
457
161
998
161
115
256
529
632
397
323
290
740
949
313
500
954
190
874
786
31
595
935
712
562
738
21
542
929
499
870
463
301
391
532
984
283
46
866
331
295
801
529
355
999
926
900
666
785
361
353
639
930
463
685
331
876
654
490
474
123
569
39
119
173
712
821
143
212
131
25
264
737
703
202
675
438
153
441
396
495
792
536
906
454
31
665
194
707
392
684
502
412
820
940
123
535
6
614
824
881
439
871
442
105
972
450
836
694
349
210
660
257
191
442
25
617
744
543
664
729
642
494
334
376
689
287
936
677
6
510
174
613
622
130
990
355
365
491
540
450
756
517
967
938
513
155
351
908
942
714
419
316
922
292
903
442
259
886
826
989
53
438
941
957
195
668
72
787
252
507
247
223
226
692
833
941
900
928
809
910
764
400
925
166
546
475
588
727
518
611
37
58
533
756
482
757
931
282
555
813
63
174
487
945
52
940
101
632
723
292
249
217
486
44
171
