3415
888
7929
5436
2518
7031
275
4632
1806
6822
7264
4199
1734
3184
7290
1534
2809
7773
6339
3139
1227
1440
426
7111
7381
7485
1869
7934
6177
6549
2425
1815
7473
7183
780
3900
4218
7013
7675
936
4526
6024
1840
7455
4151
1329
2700
6095
3327
3206
7754
2625
620
2084
4803
3068
489
1999
5582
1334
4320
1268
5119
120
4036
2454
3728
1933
1226
2397
6622
6822
4983
7032
6410
3341
468
5802
2240
1028
7615
632
7252
7290
2524
110
2824
681
808
3977
7210
4239
5294
388
6682
7750
3218
2242
7338
3906
6730
5780
1438
2599
4909
3304
3666
2885
6947
143
6907
5425
4284
297
5765
2497
7262
751
6300
2723
3158
1373
6599
2330
5135
7034
7150
5782
96
3909
572
496
4927
7806
671
3391
467
2254
6124
7577
3496
3988
4512
6122
7484
3468
1730
5866
6006
3230
7908
7742
3574
7617
3976
7341
2055
3530
2718
6077
1521
6421
2923
2986
7660
7374
4166
450
4398
605
1469
544
3493
4844
3476
258
4289
5078
6253
6409
4712
685
7171
206
4685
1128
7056
6044
6235
1959
3279
3789
3659
549
1244
1092
7573
3641
4343
7172
7746
6409
167
7467
1120
587
6139
4303
6672
313
5292
2932
889
337
1886
1318
4319
6406
1221
7097
2254
4102
2980
1947
432
7465
497
6163
6078
5619
2773
3288
6547
5894
7887
4752
1180
7783
4728
5476
5996
2603
6561
3644
5740
2749
4248
220
1136
2511
3274
2266
3300
1179
7746
2875
933
4117
6160
490
5484
4975
3652
2004
3173
4040
7833
2019
5022
6706
6960
4436
6683
606
2289
2935
326
7207
5014
2691
5955
3703
7683
659
4962
1562
5133
3329
2094
285
6427
7517
7458
6434
3050
715
7675
4675
3754
3126
3305
1377
3590
5685
3807
3784
7041
3704
1673
2304
7291
814
349
179
4180
3575
3723
2870
4903
3649
2318
3830
5239
7937
484
1024
232
7376
2266
4780
6052
7072
513
5479
1246
1689
2813
4380
5747
4500
4795
1599
2732
7091
6338
2614
416
3675
2467
3107
759
399
139
5970
2057
3498
4599
7868
5348
5048
4742
2550
5165
114
3370
569
2269
6485
7160
1038
1517
5982
1952
5526
4877
932
182
2803
4109
6161
7982
6295
7263
6782
2663
2535
4339
6699
3230
7051
4482
792
1155
4949
7911
1538
296
651
5479
1725
2198
7187
5521
426
7226
6266
2305
1942
1853
2464
7998
2288
753
5252
3331
4900
4455
5224
6299
7384
5725
3041
6245
3330
1428
3389
6647
1700
3712
1744
5599
3941
4505
7773
3141
3853
5647
5342
6956
413
1434
6129
4055
521
2415
2655
2568
2131
6670
4617
1892
1797
1464
3057
562
4235
2815
7714
7042
7019
1845
7229
554
161
2054
162
1132
1307
3618
5815
7539
5197
5906
6552
4284
4274
7724
4059
3922
7009
2402
4606
4081
6664
7476
6000
1932
1415
646
5368
1706
5355
3276
6662
235
1669
4769
3157
7273
3110
247
5689
2810
314
3561
458
6289
2111
2541
2605
6724
6752
741
572
5160
434
5524
4561
4184
714
3629
4404
3157
7160
7687
6942
4679
7525
7086
6186
930
6405
3987
7895
1956
824
6691
6908
4730
4163
5749
2057
6402
5221
1052
1333
6764
5081
5404
2953
5818
40
7738
6729
5222
2791
1708
1786
4770
2836
7152
21
1978
7881
4409
1862
7190
1435
4483
2593
2139
914
2120
802
4338
2308
4555
2143
2464
3664
7121
2764
724
5492
751
1195
6720
7692
4607
7310
351
3944
5548
2954
5460
392
4461
5882
7923
1078
3855
5165
7385
896
1002
5485
1333
6801
6581
5101
1706
6188
4214
6542
2445
3908
4818
7630
7113
6458
3074
6157
4514
4019
1830
1213
2966
2645
2803
6950
1503
3871
1417
84
86
4515
2656
2782
4529
96
7328
723
557
5120
1615
4098
3079
2218
1892
6950
5604
773
6459
5740
4240
6987
7650
7075
6563
4997
1104
3647
4352
2984
3381
7498
7031
780
3949
680
6282
4677
5390
5061
7565
5920
1248
4189
5158
2172
4140
4327
4916
1986
3309
4191
3084
4674
7460
4975
6623
1515
2695
3065
4023
2663
2969
5699
6304
7249
7573
7680
6243
6740
4036
3255
2670
6625
2030
5266
6415
3276
6509
1029
3231
6852
6492
7257
6588
6061
4271
2964
2798
732
2781
2311
7659
3502
4791
6260
949
3909
4508
665
2593
2528
5317
414
1332
4566
5500
4310
4198
6639
7914
6965
328
5215
2573
5967
6657
5280
3464
7817
180
2539
1428
5598
893
4114
277
2448
1051
2749
6599
5993
4584
6335
6679
2924
3714
3796
2446
29
3150
7737
360
7658
467
1320
6339
4533
6209
6191
5299
5119
5077
6956
2802
6834
1044
1703
6901
6154
2996
460
601
546
1178
4099
5884
6615
510
814
2921
2139
300
3838
4907
2520
547
4595
5122
1726
6432
1582
1716
7723
2805
2100
6010
4278
3922
6081
3035
5976
7973
1158
3415
3064
7006
7618
4793
4178
6859
6776
7247
3011
6115
594
4278
5555
2526
2066
3215
6495
769
3185
6414
4482
1912
4374
4081
1055
7515
6708
141
750
6483
3072
1603
2976
5462
4110
5330
7441
3981
1415
7367
3402
1559
6345
3023
2415
999
4955
4781
4107
9
203
3590
3446
2306
7399
3481
545
2708
2004
2573
3774
672
3726
5155
3726
422
5692
5835
776
1256
6959
2578
5603
4526
3831
6200
833
3746
5602
3680
1720
7963
1234
4064
4541
3575
7034
6840
6703
1697
4981
2144
2366
7026
3074
1658
4086
3699
5856
6439
3372
2241
5186
4918
7619
6857
3376
4790
1051
1203
570
2156
6231
4380
473
2528
6346
3451
675
82
3838
7909
3370
2186
5280
2539
2675
4941
5963
5217
5262
811
2863
7738
4247
1525
3358
6159
2183
4109
5747
318
2679
5718
2975
5615
371
6666
6225
5170
2295
297
3201
1028
905
7887
6170
1009
5746
5663
3714
4691
7130
1051
1479
6200
255
1110
3367
4193
1938
1408
7484
4967
6510
416
7170
3129
1397
6561
4103
4736
1161
4035
2094
6947
4388
4850
7967
678
6677
3316
3726
6637
1944
955
3431
2015
1360
4698
2067
5606
7331
6485
1770
4882
2354
2321
4085
3037
1076
3754
6174
4617
302
7139
7671
7398
6737
4152
1891
3312
3311
4048
7269
4628
6107
3598
5635
4307
6941
6727
3990
1344
2895
5710
7537
3491
1880
6442
6444
5248
3778
105
6028
6641
4537
6542
1616
3696
6754
7973
3034
497
7253
1080
4664
7468
2617
7066
2511
3256
7163
6880
4515
2515
3947
6832
5573
4734
5427
1393
7002
2949
6964
3362
7107
3549
3774
3846
6446
5221
3116
5501
3385
783
4378
943
4030
6040
7685
4961
4927
3059
3773
2153
2095
2372
649
6142
7899
3975
1239
4073
4019
7569
7710
7256
3065
5871
2706
3089
5637
363
3907
1988
6258
5933
5715
313
5225
3005
914
5416
4168
3814
1848
487
1902
1782
4542
3710
4518
7651
921
3158
4141
2312
980
1936
5921
7820
1416
5235
905
3491
7547
2557
2875
6254
4051
7130
7534
1406
3893
6770
5340
6646
4543
2397
7443
2702
5726
7794
1817
7604
6476
1789
4282
5645
5353
3406
4464
7321
7669
1326
365
756
1384
7981
455
4216
2094
5143
1856
6016
3394
2565
2865
6216
5030
7695
1363
1264
4156
5215
5162
5215
3461
6945
6927
4420
2739
2710
3288
5880
5420
2248
7974
1791
7326
7448
1994
5486
6009
7091
1812
5222
3470
4387
698
702
6146
6209
1506
511
878
4553
6668
3272
6295
7430
7263
2706
3781
1772
5007
14
6530
2436
1127
235
432
2
2616
6388
3207
1778
6878
7317
3563
7441
7339
829
870
6776
5811
7327
1031
6003
6580
4820
3222
1008
2655
7323
1714
979
519
7808
7049
7142
613
4762
6900
622
4550
301
7981
3673
82
4848
7982
7379
2169
1066
5223
4343
6587
7030
2906
7715
2068
805
7319
2404
1731
3778
3215
5776
7862
4784
600
947
2836
7152
2300
6625
7142
3775
2814
5803
7267
5724
2218
684
6678
2919
7640
4995
2094
1317
2301
4891
3746
6816
3373
4197
5567
4332
3697
4647
2639
1156
6080
2286
6503
5586
2974
6111
1742
7821
6350
4716
7621
4157
1333
2082
6328
3354
2061
2142
3263
1298
1282
2208
5137
2858
5997
1527
2246
5756
7594
6108
6342
4382
4120
2523
1363
739
4268
2028
3505
7739
2098
6496
5294
1398
6242
6199
2833
5541
7259
7822
547
5409
3070
53
2324
7397
7018
7711
7884
5206
4047
6387
7184
3812
2801
1279
5516
392
635
4876
1347
3309
5565
2252
6992
683
3012
4848
4247
1902
7765
1622
5326
4405
4037
6432
6562
5495
3640
1056
4423
1696
2740
7279
6815
5688
5537
2653
5126
4965
3167
6082
952
7623
5060
6195
4191
1025
3825
5264
765
6424
2448
1659
7091
3955
7468
4451
7532
4866
7404
3070
6953
1660
4205
2709
41
7424
4923
2873
7412
1565
4396
7187
1220
5933
6106
3545
4625
5916
7419
1373
6328
6214
2335
5887
4231
62
325
5955
1447
7084
3801
2813
4518
14
1806
6505
5345
7647
2516
2967
1930
3540
5238
6659
7644
1027
1171
2435
6616
3935
1079
5081
7482
2334
86
7464
7549
571
1892
2500
1096
7639
3988
7458
7860
5307
3243
6894
6778
1976
7167
2620
7486
4911
3089
4502
7602
7789
772
5876
2920
7918
4346
585
5561
323
714
3386
6091
5966
3423
7529
961
6697
7024
1584
517
4006
7511
2090
2539
6001
6929
2347
6146
5714
7121
3087
3644
4879
1537
1840
6135
5806
4502
4593
1063
7192
6542
5175
5218
7897
2953
1080
1352
4804
4225
3627
397
5940
4904
6239
5605
2797
3997
4264
5963
4448
3082
371
5037
2189
6236
7995
6071
4739
2016
6740
1594
6467
2935
7909
4537
5955
6773
6259
7248
718
5916
4824
5186
4872
7408
7186
7197
5648
6391
119
3020
7102
4239
391
6713
7883
4779
5146
6812
2960
4588
504
2469
5799
7448
1991
5122
7214
3129
2975
269
2538
4052
4602
214
1415
5445
455
520
957
5620
1565
3834
7503
2294
3084
2964
2158
2690
144
4572
2618
7501
2783
412
1576
7749
1505
2482
4734
2215
3200
2548
4475
3966
1173
1341
2005
57
2945
3097
4954
4135
1693
4617
7544
5265
6217
6643
5528
2676
1505
2281
4836
6937
1742
3092
5290
2963
6968
3644
728
6997
3353
2423
1895
7853
109
2541
341
5089
3206
2563
7050
6308
4219
300
2972
3701
7104
7112
6894
5333
5329
4279
2163
3939
969
575
3472
597
7119
4566
5024
5141
5295
396
3729
3382
5639
5079
3947
7761
5400
5757
5233
960
7228
2072
3872
7030
2551
7113
3540
2810
3685
1148
6218
5694
7187
6035
1280
1376
298
4017
4665
956
2438
5606
3293
1580
166
5170
3196
5341
4923
7032
5171
5519
803
2432
1895
1768
239
2857
2095
5494
2464
3689
7438
7360
3697
7426
6237
4359
5326
4740
6344
2910
7394
3513
5423
4899
4750
7216
5804
6809
4661
7401
5940
3747
2740
1946
5590
2463
2927
5148
4129
7197
3015
6837
4835
6715
2663
1602
6795
2079
6206
129
3376
335
4167
6457
6826
2672
6979
6470
5790
2969
7113
197
2520
6739
7923
5976
7185
4719
2554
5142
7887
3588
2524
5522
556
7492
1721
1862
6830
1850
3390
541
4693
6179
2232
7770
2996
7334
4746
2344
6263
496
1402
254
7619
2416
7653
1006
4411
2732
2451
2315
1374
3007
2533
5877
2701
5295
5547
7939
4586
2159
2514
75
4957
942
1274
5712
5040
6169
1062
73
7258
1844
5453
4106
153
5136
1229
2002
1080
6314
7359
1776
2736
5472
2213
1234
5995
657
3392
7659
6627
5455
7935
1088
5865
3843
4753
720
6018
5214
4315
94
3052
6136
1990
2268
4222
5319
7727
5109
813
892
7298
6839
5419
1597
3873
5212
3305
6459
6525
5748
2942
4145
2312
6256
1184
7992
833
13
2958
7752
5550
3418
7696
399
872
4776
1814
6119
144
2830
1406
7480
2656
6358
7793
7466
540
5960
4077
6852
6694
2064
4573
38
6769
6350
5539
6431
1678
5627
2616
620
610
371
4971
6606
5497
4707
1285
7431
4083
4751
4110
6320
3612
4032
3560
6586
3290
3721
5720
3455
4735
5813
6181
68
7102
399
5657
5838
4219
6158
676
6621
4603
6618
1632
5641
5179
6463
5808
1272
1052
5101
1793
6266
1595
4457
5682
4993
7007
7316
7696
3776
3724
5654
1594
2398
7028
7207
6884
5335
1997
2170
2934
880
7102
6086
4820
3541
3251
5234
2425
6864
655
6236
7420
1128
2369
1286
1205
1300
4016
1949
3961
5978
400
3431
2880
5385
534
3721
5800
1423
1416
6259
4627
4472
493
3881
1835
2436
1252
2030
3653
5091
2449
6927
6115
6351
2802
7177
3028
6022
1424
5464
1270
4323
6544
3101
1820
1176
5289
6890
714
5322
7664
1006
4445
585
2830
5624
4424
1643
5780
6377
632
7940
6693
2235
3673
4419
913
2920
3378
1964
1411
4152
7980
4141
6032
6570
2544
2272
431
6590
941
2780
4808
4765
3641
1848
4773
2790
5903
1693
3909
5398
4599
3335
5711
6547
7235
5528
1956
6933
5301
1881
6157
434
5758
7246
4436
2500
3873
6964
5422
7224
1974
4889
2965
6646
4875
1112
3380
3048
7269
5808
1724
7850
2596
5057
3092
6540
4996
994
7533
5702
320
737
1139
6905
4497
5464
2655
2718
4116
5608
105
5453
137
1365
3419
7084
2743
2238
1
2610
4014
7479
5565
1495
932
3589
5367
2842
321
629
5937
4718
7990
6873
1528
5314
3080
2720
4982
7020
5675
7441
7589
241
73
4004
6686
1843
2402
573
5007
1336
6413
6213
1419
2131
3228
2407
6716
7857
5597
3556
2227
577
2109
4372
4256
2625
3464
6778
4125
866
5067
1154
6692
6679
5723
5081
418
6783
7982
6953
2979
5741
2278
7024
2220
5008
7022
7548
4391
7812
957
2181
2937
1588
568
3623
3888
7401
500
2234
5144
2996
6745
16
7917
244
4834
6282
3306
7237
640
4695
384
4165
1886
906
930
3204
2752
3671
4797
7560
2629
6059
4165
1657
331
6373
5803
5295
4721
7284
4586
5591
6327
7822
7809
5308
962
329
5883
2744
2749
5402
5354
5494
4313
361
2354
2978
4212
6349
6657
432
6743
2921
3484
4806
2778
4514
1429
4615
3682
4924
5465
1405
587
3728
5669
4898
6304
7852
2393
971
4423
4359
6309
626
186
3423
3104
3486
112
497
247
1777
1242
5140
7810
5070
6985
4531
5362
165
748
3685
7911
7452
6007
5099
2654
2715
3424
2373
5192
884
195
4145
7029
7726
4070
4865
2031
4781
5334
3032
3940
6143
880
4864
2619
6213
7484
2155
903
5180
3251
2693
4377
6247
225
3122
5807
3227
4645
2409
6219
5926
7318
300
3871
1181
1152
1315
4132
1921
3532
724
6474
5325
1981
4482
7370
4831
6679
2911
1943
1408
6682
5422
3570
658
1452
314
6493
4245
4564
4396
6311
3030
2914
6989
486
436
45
1305
5379
2320
1077
1340
6063
4880
6886
6700
4148
80
6078
1698
6438
3047
4613
4022
1528
3729
1595
5974
5867
4414
2704
4258
2976
3638
7117
1767
3983
4199
6928
6775
3728
7437
5748
7393
6871
1852
6607
3475
1341
2573
6549
3912
4601
6243
1945
7279
5421
6936
4788
6938
285
5641
2110
7455
7546
5627
7289
4815
5532
2281
7822
4560
3407
2411
2671
7066
3972
2500
7771
4682
4649
5768
2560
1126
2195
5864
3642
558
6614
1180
1722
283
6455
4332
4674
6135
7033
1818
1292
6808
4179
687
7370
5690
3267
5921
5449
4088
2748
3357
5423
103
1723
3127
5091
3727
1848
5356
6091
6087
3639
5968
6448
3564
4285
1560
7935
62
1120
326
3945
7959
2744
5293
7401
1608
6066
3040
6437
3025
643
2875
5166
1149
3192
2701
418
1048
6060
5281
1137
1806
7828
7464
7228
2530
308
4868
601
5831
3508
2803
307
5342
6221
4758
7183
4557
4382
93
3625
4472
4763
1809
2813
5791
3556
190
6497
5524
2100
6011
7311
215
624
2840
1601
3792
2911
6178
1909
3496
7097
6869
4624
452
280
1567
31
6302
2891
3213
5944
6466
3146
2196
1727
4643
579
6142
6532
7512
7315
7920
3274
3190
4624
7252
2339
842
2499
7335
2870
4787
7411
2784
7843
5978
1308
892
4797
7248
1983
5475
3190
3458
5267
3192
4505
347
2201
4674
1072
2486
909
2546
7749
4095
7224
4304
3142
7973
3106
7174
897
4029
4325
5257
6223
2230
2205
7456
1358
3893
3836
3154
3079
4685
4218
6192
5038
4252
6185
5756
7879
4677
4966
6325
4133
6917
236
6784
3213
5428
130
4213
7482
4891
5333
899
5690
1964
4320
1408
5686
98
5383
3856
3855
566
4612
3889
227
7099
696
5602
686
7766
995
5294
1485
5534
3055
3353
7006
3980
5735
165
3844
7711
5701
5761
3975
2959
6888
1487
6680
4331
7844
1169
6385
849
6964
7663
4891
6858
6666
7207
5961
5696
2183
2705
7842
3868
3910
3854
7772
1216
7315
2381
2116
1246
2874
2873
6746
6771
5561
6019
3416
4260
3735
5319
6867
2675
974
7965
4091
1310
2275
7935
3965
404
3543
1618
6727
2068
6902
6355
5931
4773
2828
4511
1181
6060
1527
6558
471
1005
4440
2382
2268
3553
4451
3176
7960
7791
4246
2224
4070
5643
7687
2078
6636
616
2453
1700
6817
4635
4416
3036
6319
461
4693
6096
3828
5853
6402
4645
6434
6224
3656
1124
2437
1205
6029
5414
1124
2394
2129
5020
833
1380
6841
6584
4732
5455
7111
7356
4564
1155
2859
6749
588
6991
2098
979
7852
1028
3549
1920
5022
2736
3533
3386
6905
374
4185
7991
7260
7
6402
1556
2992
1279
4798
7170
1423
734
3248
5710
4675
289
3641
3019
2022
508
5288
6045
5289
5495
4301
1125
2225
4962
5227
132
2012
3254
5067
1358
5026
1098
3565
5645
4374
2607
4954
3119
3850
5032
405
5325
6738
1289
6320
7064
1634
3051
4602
5026
5841
4169
1302
6726
2046
4730
1127
5878
6929
2891
3047
5983
2523
5624
6679
3323
6423
1799
6288
3186
210
1026
1657
3374
3814
1487
4626
5434
418
4333
2092
149
4422
2893
4667
4697
5481
4043
5380
6339
4477
5959
2928
5150
1707
420
3267
1105
7768
7389
6246
5953
5961
255
4064
6244
3875
2375
6179
6436
4555
856
2243
5931
2668
4120
5505
1425
2711
6889
5702
7520
3588
7551
6379
7232
758
3875
4661
5764
3005
2307
6942
6095
3925
2675
4814
4836
748
5764
41
7882
2177
127
3265
7384
3048
5119
3564
4514
4906
872
6385
2368
5001
4104
7708
6776
5536
520
3761
4615
2409
6222
5117
1233
5145
4467
200
2466
5670
6428
998
3744
5544
6775
557
5904
4445
5012
6592
3777
3143
7773
5514
984
4016
3380
3527
3065
2638
3239
1532
271
6977
786
7303
6457
5176
3922
2769
7698
1396
4577
1695
474
4325
1555
6728
4870
6000
2924
65
6112
6802
5340
2452
3228
6366
6616
3631
7609
354
7637
4377
5904
4392
2083
383
5437
1368
5477
1773
2023
5755
4009
5144
365
4634
6120
4631
5742
900
1307
6386
7285
1199
951
2707
4992
1014
4167
5530
7339
2305
2149
7436
510
2691
1877
4075
1552
3100
7230
1440
341
6814
5958
6485
5387
3180
2569
1183
5758
2302
6389
217
179
1410
2629
6476
7223
6557
983
906
388
5199
6892
1114
908
7541
5948
205
4197
4199
1076
6895
7826
5953
6157
665
4778
1280
1354
1124
2472
6850
3790
696
1358
495
7447
6338
1206
2551
4635
5251
6390
3505
3197
7749
6575
3107
6508
5802
178
4063
1497
3549
4880
3146
5842
4073
4989
2808
192
2408
7200
3507
3257
6611
5050
1691
5059
6393
3888
6311
3046
843
5494
841
1773
5780
2266
6064
5241
389
1323
7911
1217
2734
2948
27
7593
5961
4792
1081
7102
6705
4123
6454
1292
816
3435
6760
1564
309
6042
5713
2446
2660
6009
4157
4367
6728
2178
6721
3254
36
2370
803
4096
5863
1953
6232
7142
6781
400
2728
217
7874
2765
942
1818
4881
6358
5371
3191
5755
7080
4635
997
7764
754
5807
2295
2279
1435
5881
6585
1609
4845
1015
6763
5643
7644
7398
5533
2889
3383
487
4772
2847
5546
1215
6390
6651
1453
4281
2919
3982
6093
3686
6785
1373
405
3013
121
308
1689
1405
3796
953
606
6598
3030
4894
5033
2792
4898
3568
4259
4892
51
5325
2469
3983
2229
6386
6886
2372
6081
1202
3326
4184
884
7235
2838
1441
3371
4275
6063
4272
3484
2936
6219
2358
2324
6180
2107
3075
5769
2551
3334
6633
3035
2447
1715
3007
1068
3450
1204
2434
7384
4524
1519
6229
2195
4812
1706
1705
2462
7464
1489
5047
1638
6345
2407
6826
1977
6562
1863
6747
4581
2914
7702
2868
3887
1577
1480
5365
1005
1942
6859
1621
7617
1919
147
3200
5490
2042
7235
4223
4200
3416
7925
2678
6084
6066
2086
6726
3994
1883
5313
2259
1548
5877
2310
6688
1092
4895
663
597
7181
2636
735
3363
4942
47
4831
126
1445
2578
3799
5577
3484
1542
5901
3216
907
7413
5373
4718
6026
5587
6941
3983
5072
4275
4363
4048
6189
7862
4565
1987
1568
5278
6565
4302
598
7872
4935
114
2368
5656
5592
4650
3407
6711
5774
3114
5839
3735
6110
6406
5661
4943
7950
2676
2886
289
3671
7402
5566
305
7670
5793
7354
1425
5071
1276
4458
2487
4222
897
5782
3728
5308
6021
5204
1901
1899
1383
3492
5467
5247
6386
7848
3218
6664
2854
2434
1731
6815
3601
7628
3860
5677
150
2671
936
467
5199
7840
1559
5689
2959
3837
381
2103
2560
3904
2222
3801
3499
1693
583
4562
3671
2814
3616
6849
72
921
1757
4312
7336
6890
6628
6959
260
210
6889
2788
1005
7116
1508
3820
959
3976
2724
3259
6910
6758
957
4620
3355
16
2013
6541
5463
1012
2685
3050
63
6365
3379
7349
5205
3693
3811
2223
3727
5369
2262
6710
7416
6785
5603
778
7797
5194
5705
2557
6307
7962
5087
311
1307
6927
7522
7523
1815
7133
6318
570
4718
98
6344
4714
5883
4136
2648
1122
1372
3446
4340
4669
2070
2899
2967
7432
1622
6744
6192
5874
7570
3697
5655
3663
6030
3504
5978
3017
891
7629
4278
2467
1338
3198
2337
6699
5886
7151
3780
3772
6287
3615
2182
2349
6954
7831
1732
6554
4421
6535
7452
5837
2609
5438
7977
5064
2009
4805
7241
5105
871
7769
5913
4826
6726
3652
4674
1196
6018
2519
5165
3697
3915
646
3218
699
7768
7264
5934
499
6375
7273
7635
5825
4451
7253
7385
7253
6943
4772
3506
5777
2687
3733
859
7059
6199
2184
431
6882
3754
7539
534
1908
1780
5056
2202
7385
3139
66
3610
7176
736
2899
3479
7620
140
1483
3883
363
6789
2655
6746
475
5416
6355
1281
5889
6384
6557
1067
256
1500
3352
3331
5946
7407
7713
7651
893
4113
3794
6987
141
2003
3225
5421
4746
1104
2868
6692
1534
6255
6027
69
7685
6020
7209
7822
1305
4694
7257
5372
6457
187
3097
6392
3702
7200
7805
4529
5466
7141
2723
7173
2165
1445
5455
5592
5701
1555
1891
4168
4929
2687
2044
2231
6146
2104
2923
3079
7375
4940
2702
4772
2883
5099
779
2490
7965
1386
7976
5576
3172
6051
7050
2700
5045
4153
4617
3678
5355
1785
3628
2905
2793
4124
4678
5491
4934
3497
4652
7726
7382
6455
6545
2151
1297
4688
1729
1228
3747
1330
118
1835
6095
2223
6490
7397
4288
1908
6170
1665
2926
2662
5219
3165
6569
2024
4220
3903
4934
3065
6976
4297
3939
6523
4854
331
5080
1614
5903
7859
6459
795
3387
7711
3664
7277
5992
1875
2636
1465
472
3398
7556
7614
7325
5719
2935
3463
2164
4829
5876
5902
60
2779
5545
2555
2321
6163
2506
1481
2762
7729
3802
1930
1227
5096
4569
1729
1735
6106
2699
3949
2581
1841
2336
5221
430
5003
709
6366
3521
82
3718
3146
883
7273
2590
5339
1654
3586
6109
7333
4293
3724
500
5794
7801
6858
5344
6863
5003
4799
1841
5427
7463
6213
7926
2239
2665
3710
1991
2897
2294
5217
5231
2067
1978
1654
1203
3328
4217
3357
5123
2311
788
7687
61
776
4955
3400
600
7163
2697
2565
2291
944
6880
5768
3578
5232
7778
3442
754
1539
745
336
4579
2891
3939
3590
95
6478
5870
6567
370
3473
1932
3303
5480
5087
1411
3752
4277
1961
3604
944
1733
327
6037
6972
3041
285
7789
7278
4602
280
7084
1633
278
7192
261
5085
4884
3816
873
6950
221
6504
2304
4143
2153
204
5318
7852
4075
7997
833
4165
667
2397
1562
2982
222
2024
6623
7219
339
5302
276
3865
3324
4316
6770
6912
7879
7282
3453
732
5240
2160
7365
4579
7862
2034
7033
7833
431
4955
482
7110
6120
1173
7940
2634
7844
5430
5132
7559
3056
4542
4085
5564
4297
6781
7038
4274
6891
3410
4864
7054
4728
2893
4910
3975
3649
2678
7022
498
5619
3687
7886
1081
6369
5908
5284
5611
3049
6251
6151
3949
6214
6294
5284
4813
3506
6302
5565
1655
7606
2921
3268
512
7119
6756
5008
6816
2494
6972
2234
5629
6573
5637
791
6946
2361
3582
6161
5134
3040
2092
7652
1321
5704
674
7346
3538
5994
3490
2116
2899
281
4766
1118
7094
51
7703
1534
4337
995
6567
881
764
5712
2841
7057
4547
7205
7222
4446
2935
5438
923
56
703
7020
5893
2422
5773
2533
2543
1127
1995
5195
6290
3491
243
5335
2955
2764
6334
5538
795
7334
2292
5136
2184
6352
6562
2137
4576
991
5994
2101
6621
214
756
1123
3748
6211
5379
1943
3240
248
6754
6398
7276
1189
6780
4079
7461
6159
6475
7023
125
6383
5609
5537
820
5545
4034
5832
2721
4519
4267
6586
1815
6738
6091
2596
5922
5805
1975
4340
4529
4814
7068
935
4813
7993
2133
2479
1287
3738
6493
1600
3697
7007
4510
1527
5506
3376
4584
2791
2781
2380
4413
1666
107
4353
6665
6241
5732
5511
559
4656
237
826
2174
5433
4508
7027
6594
6923
3543
2818
5175
775
3802
4809
5081
5574
23
7544
5591
1194
951
992
37
2368
1023
4406
304
5391
7630
5287
7213
6144
3906
3410
6859
617
1467
7271
6663
2488
1335
6042
3293
4600
7388
3267
5276
2115
1109
4245
6291
7813
212
3576
6759
4136
4917
5126
1606
7841
7683
2079
7926
4502
3859
2026
5255
6379
206
4136
5287
2152
1613
6198
6868
584
157
4447
3948
1569
6369
2011
4256
4523
7639
745
1799
1326
6963
3908
3023
1484
3687
2501
2318
4584
1284
4308
5110
4530
698
2060
3431
7633
2875
7851
5535
5675
7550
7730
3212
7124
5152
1759
2434
5520
996
965
5320
2951
3803
2053
5965
7812
1439
875
5176
6185
7609
5863
1757
3763
5795
3878
6539
7654
7399
4108
3842
2325
2470
5648
7426
5648
116
1141
574
7658
2337
353
1840
3109
2579
5660
2694
2172
6990
4966
1146
3597
4886
5492
1151
1826
4332
5385
3031
1947
5107
5742
2945
7161
2230
2190
6224
5385
6595
6640
5911
5611
175
4817
6785
4542
3325
1437
5629
4010
5530
6026
6166
6601
1471
7569
6496
6130
3961
1034
6286
6692
5957
7908
7585
5964
4949
3518
2043
7411
3695
548
6482
5575
2677
5289
3008
4292
1983
7133
4854
4927
7076
7467
5585
3087
7064
7250
1221
6872
7663
5054
6773
5685
5376
3458
165
1730
228
5044
4295
1411
734
1702
5105
2612
2709
6716
5872
2605
892
6895
5174
5554
3154
5021
558
5141
1285
3530
369
2952
5042
55
848
3
2567
2205
4113
1742
6218
1734
1784
44
818
2377
4346
2532
5427
1568
3095
1581
2839
5479
3584
693
1096
115
6771
974
426
1037
4584
4149
1893
2122
2275
7873
7872
5832
5290
3493
3561
1351
2961
4321
7761
481
2033
715
6452
3431
4471
118
4598
3738
6424
1404
2857
2627
7202
5614
7979
5424
622
6228
1965
5387
4786
2914
7822
4056
4083
1850
6885
7882
3479
7704
2142
3907
920
4063
7035
551
5653
4861
3068
6492
5763
1725
5466
5664
7808
41
2988
198
2568
4889
5933
974
2176
2588
4181
1376
7792
2370
2723
7077
3342
1797
3644
7234
2805
7762
1581
5810
501
6135
6093
4735
7107
1130
2686
3613
5009
6835
4882
6691
57
2871
6217
1895
1554
2083
7161
6836
3109
7025
1671
7338
4538
3226
6545
3187
7371
5656
4398
6174
4442
1879
4109
2585
2590
119
4666
1743
921
7808
7423
6172
3205
35
4775
1257
1196
3689
2269
5673
4887
3963
628
6383
4382
2124
640
7145
7710
7079
97
6589
6281
7632
6944
7614
1240
7066
2097
3787
5211
5317
7960
2500
1712
1297
1321
4074
5778
3619
3559
1618
7945
7571
4686
4422
4991
6736
2861
761
6707
2225
5930
7332
3015
5464
2153
2753
7667
7365
3656
6947
7644
501
1921
3632
6207
2356
3827
1085
5511
5382
4986
1796
575
6446
2042
4292
1058
5273
2811
5685
6797
3050
6830
5351
3221
1187
974
3702
7605
7852
1122
3244
6304
387
2015
2739
3061
2817
3562
181
2193
2117
762
7570
2622
959
1500
7165
5512
2011
2384
180
4464
7303
273
1882
7098
4387
1586
6962
3745
7749
7908
3706
747
1445
84
3810
2263
7340
3697
7847
4210
2900
7691
3281
5832
6267
4055
2501
1144
4874
719
2759
3425
3836
4662
1808
4600
1934
3513
1608
1724
2178
5617
6881
1536
6351
3206
1104
1703
2408
2349
6440
7279
1895
6737
6100
5860
7382
7184
2288
4340
1498
540
4613
1827
701
6722
2847
2709
7702
2631
3341
6280
5143
942
7029
1061
4979
2903
273
1003
7722
4353
7946
6027
1714
6576
6959
1235
5571
7338
2578
5250
3712
2651
2943
378
61
4760
1050
5139
4721
3904
980
1099
4025
7551
4873
4380
134
1900
1914
5734
4389
2066
7586
4492
7145
6028
6839
923
7287
202
6142
3364
1326
48
4363
7786
113
2461
3540
5303
2834
6729
6641
713
1180
2887
6259
6762
5501
3178
3614
2717
4558
3844
3076
5684
4737
2121
5759
1919
3366
7379
3594
1758
6938
1599
4284
888
5004
1972
291
6660
301
7172
1657
2308
6004
5610
1605
4434
3275
4787
5137
787
6553
954
196
7368
173
3148
6555
6019
644
746
5512
2870
4855
4524
6119
4327
5060
4930
7705
5951
5046
4950
6655
6786
7860
2189
6805
1434
1316
7917
808
3788
4986
6873
4725
3148
545
5239
416
1323
4420
4978
6798
7278
6329
7259
1183
5627
7818
6186
2187
4077
5602
1059
664
5126
2769
7188
3381
7428
3388
250
5623
7052
7076
196
5869
2819
5841
6639
609
1276
4058
3280
1326
3211
916
7472
3001
2168
5973
7121
461
2191
1700
847
5911
5653
958
354
5498
1173
6215
6336
3024
1048
5708
2399
2751
5682
4273
1496
7155
4793
6012
4711
7421
1873
380
591
7368
3555
1303
4251
5875
6636
7151
5630
4240
4849
3121
1756
4473
1297
6330
5602
3594
7795
3877
2511
1214
2525
1397
4054
6505
2150
6812
6108
1743
5380
486
3356
6816
127
7493
6122
3217
1671
249
3157
3096
1184
348
4069
964
4475
1031
6083
7158
4577
5988
4984
7936
456
1554
6606
1112
4680
3246
4435
6584
6631
4740
5179
2838
6032
1426
1509
1403
4323
4469
7670
195
1190
307
2914
4656
4120
7140
2633
3114
4070
4541
3773
23
4407
7802
4194
6355
4450
2152
4207
2636
1087
1804
7121
6397
5979
3251
5294
2437
4357
1624
710
3043
6085
4395
1526
3153
2925
1860
5655
6521
583
4260
7619
7448
3949
6883
951
3246
5880
2684
980
2463
16
4721
5376
4074
547
4444
1897
5187
3633
2260
1514
1870
3715
2296
2054
3898
4859
5787
6673
4408
2247
5964
3181
3671
7728
320
1202
1662
2511
6558
5799
6149
222
6759
6381
2032
940
3585
636
7432
1770
3102
4612
1624
5027
2701
373
129
1737
4381
3610
1146
7082
1642
544
5928
5442
197
1013
6294
1705
1476
7948
2833
3373
5667
188
5859
5946
7189
5896
3434
5558
2091
5626
5972
7977
7200
232
1849
6170
2174
664
3796
3253
6449
0
4767
2151
2727
2278
3019
3340
160
4070
4057
512
2647
4882
3864
1874
7437
4083
6011
2071
814
7790
5910
5402
7266
5506
2485
7089
1203
1646
3353
1899
4374
6255
5008
2597
4248
423
6448
5244
6822
7002
5359
988
2937
6545
7906
2103
2012
2913
16
5074
7003
4550
1651
3129
74
2600
4810
5075
6767
6400
7837
4624
1421
148
2191
1726
2318
3358
4249
2619
7116
3915
5801
2693
3323
6751
5910
429
1655
3701
7038
5355
3494
6884
4542
7818
1162
7550
7949
4484
1766
2098
5173
1576
1161
849
1391
3127
5115
5101
539
4815
1283
3357
6553
831
1747
3358
6855
4857
7954
2004
1367
357
68
5422
4619
5522
6871
1511
3408
3847
5772
3368
4853
7224
7103
1930
7046
1300
4053
5946
4041
6075
3970
3830
1428
2701
5492
1779
2633
4126
4960
7969
1200
325
807
7622
5359
84
228
5767
5032
7202
7509
838
2799
1795
4131
740
1382
2201
7759
6951
6136
3396
4411
6199
3054
5492
979
259
1073
5856
5398
5377
3933
1743
3525
3282
2301
4500
4710
67
5033
1559
5237
7216
6777
4173
2408
1987
6693
6793
3742
2970
1915
3308
4451
5191
635
1017
7330
1968
82
6723
232
279
7153
5767
5520
2997
5706
6230
1105
3775
5351
1195
544
5194
1831
6811
7299
1354
5845
874
244
3062
3366
6009
7534
584
4303
4637
7895
5600
1537
4492
585
4104
6786
7473
4350
4818
5417
5471
4952
5406
1334
6433
7115
2424
267
688
680
4254
7819
5438
838
1438
1678
5935
2703
2910
7998
5735
1892
2166
6289
6078
5486
5751
2467
7632
6466
2703
6831
4914
2864
5572
6506
6655
1001
2078
3196
400
7114
7906
5019
7433
6281
4280
2374
7568
1211
7790
348
5529
3071
2901
6102
5341
331
1929
3367
6121
3089
4559
1775
1875
2701
6423
2838
6279
2478
5536
3083
5183
7518
1146
1241
4113
5680
1767
4515
994
7909
1243
3836
7032
4379
4195
933
5038
5395
2722
1828
3392
3485
1141
957
1670
866
5432
2576
2494
7630
6434
3278
5122
4632
7564
6489
4952
1519
4943
3320
6440
1602
1994
1396
8
2348
1027
210
3444
6011
2917
7212
2521
7836
1383
7214
5840
6052
5581
618
5608
5757
1416
6553
3292
3051
4473
559
3875
4346
20
2969
5863
4294
2271
7510
6413
4903
3672
4975
6067
4791
4214
3924
4600
5504
6088
2325
4788
5511
5754
1530
1032
7215
6135
255
3089
1292
7464
4527
2806
261
3865
4123
7521
5989
6205
2039
3787
6526
6920
5330
6511
3514
1786
817
3424
4543
1596
2631
7862
6718
1762
2386
2596
2137
4305
7892
7141
3119
5370
1132
3413
3717
4356
1617
4188
1682
7880
7980
645
7335
6902
1679
4077
953
5013
7829
5526
716
4519
2326
4443
3326
1834
4487
1598
1710
955
6509
1053
1031
342
7292
4996
2285
4600
528
219
1666
4645
7687
5248
5141
7494
4089
1328
5991
4330
597
6430
1884
4205
3097
5990
3451
3894
5741
5083
3618
2841
3549
2492
1481
4574
2801
7046
7216
6745
6763
7331
4968
6776
5405
5184
3899
4571
1828
2876
698
605
3589
380
7777
4402
3426
987
4840
4841
4248
1151
3817
2000
7032
1351
7656
1078
7649
6304
5380
4363
4023
4407
1401
1572
1666
3976
6096
4891
5349
4245
3748
3924
7928
2291
3025
6874
5
1086
6842
5031
1628
7597
6583
4354
1939
896
4826
2179
94
2710
5340
5234
5639
2715
2153
1934
1290
2398
6085
6121
3279
3712
4377
4784
196
7880
5214
7049
4118
2964
4197
4757
1549
3947
5248
6741
6722
4461
657
1448
4541
683
6701
1650
431
6931
2987
4889
72
4676
3151
553
2806
7296
7758
1175
7228
6015
4670
1379
5418
6432
5276
5462
3519
3643
6393
1707
2967
5009
4801
3850
4178
4133
873
7599
3332
2852
7285
3434
2962
2943
227
3967
239
1306
7607
3117
6707
2652
3748
6732
2325
6631
148
3535
4357
3745
4244
3434
2601
241
6047
5197
6577
2182
70
7693
4953
4689
632
2084
2107
5523
4084
1359
4494
272
328
5205
2111
6883
7364
1384
2282
4459
6144
4260
693
3491
71
2356
585
2576
2143
6996
1134
6995
5942
1329
6402
7518
7723
2092
5078
6275
6837
1341
3109
680
5684
1204
1330
215
5522
5211
6525
1330
6550
7160
3489
2948
5893
6575
4941
5490
7541
963
4637
7376
7855
2365
340
6607
3392
1317
5688
3669
2460
109
2251
5605
3248
6766
6113
6781
2947
3721
4707
1343
1736
3504
542
7239
6722
2429
1544
859
6292
4095
3729
3520
6820
4502
3042
5545
1259
116
2742
5259
6365
4099
4177
2444
4783
1253
2720
5017
2249
6231
6383
4950
3530
2735
2305
7217
178
5380
719
2064
2737
6828
1632
6248
457
288
1409
3951
2274
1532
674
7657
106
4195
3405
7327
166
3456
2563
5807
794
5991
2357
2044
7569
4825
1436
3589
4746
2662
1077
6804
4991
5165
5277
6925
339
6655
516
4582
3799
2914
2833
2037
7993
4273
3986
4260
6665
4641
542
1730
1321
2462
4298
6772
401
7316
7684
1609
1532
585
1743
1323
7411
5415
6939
4912
3060
3032
576
6480
255
4426
6999
754
2812
3666
2421
4127
3980
4908
5829
3608
5098
6368
4097
4482
1406
2049
6733
2623
6782
6544
3120
4697
321
3261
1583
6424
5218
5965
5384
6003
1357
4631
840
3875
5929
1704
6857
1362
7586
3718
1996
1331
6481
7826
4207
747
7115
5766
843
1260
2947
6750
5100
4067
3421
6612
6574
1607
7888
2691
6768
4818
1206
6381
3960
5645
6387
2904
2403
6723
1728
1235
5127
4567
467
6678
7015
2162
1517
5447
1937
404
2751
2073
3224
1804
7290
2895
170
6211
6066
5215
2637
4146
4269
4721
4474
5556
7438
582
5782
7733
5529
6198
3849
3402
3298
4370
2365
3227
6295
4584
5301
1339
6758
3364
7111
6808
3980
851
1208
2894
2428
3203
6322
2198
5032
6855
996
4891
3374
4631
7862
6509
1698
6035
4776
6030
6900
6376
5894
1706
2110
75
5130
36
2861
4195
2254
3148
4873
4291
2860
2284
1826
7637
6580
450
665
2962
3977
6343
4488
7149
7064
3502
1999
4432
3382
5096
4476
7357
917
7012
4758
4759
1763
6613
582
6842
3840
6123
6691
3652
7577
291
5272
7159
3366
3706
3828
7543
1980
1341
334
109
1103
3452
6611
6670
2888
3548
750
3446
5951
716
5778
6446
6294
3984
4583
973
3121
7673
6543
7866
469
7605
2899
6351
2844
4162
495
3609
4498
6206
5366
3708
2096
5595
2723
4083
7411
7022
446
6326
1559
4902
2536
7540
5557
7577
5571
6399
7926
1914
7232
6024
3507
1127
7110
2943
1003
95
2492
3996
992
7569
6387
5564
5518
3151
2547
739
6857
3042
224
3616
946
3127
5449
3982
5333
5302
7246
6198
5602
6259
4779
7954
4166
2749
6117
1901
7206
4308
2831
230
7992
6009
1209
5203
5821
2717
4918
4417
3999
4859
2505
346
3875
3329
4460
4768
4746
2089
7228
5525
3274
5479
3972
6589
548
4411
2148
4667
1762
2854
349
4504
2671
3065
2428
3619
7442
6216
3489
882
1161
5758
6636
1670
6334
7946
7363
7629
7464
248
4609
7744
7361
5594
3070
3821
3039
292
3447
1999
6962
216
3482
4633
7065
5206
1329
6354
5281
6421
5224
1497
6490
239
7228
3850
1880
7382
66
5753
7747
7780
4434
1435
1115
5649
6542
3461
589
2558
4818
1484
6954
302
3002
4939
7818
788
330
834
7868
5254
5950
1435
5032
4369
4207
5193
260
5031
2143
7369
3759
6516
4449
1290
3181
1423
7656
2857
6336
2827
5034
1941
6623
364
6000
2578
4694
7158
6973
6169
6009
4257
7384
4764
4678
1130
5432
5478
4886
3203
5004
3553
2560
2219
4196
2610
6411
3032
7807
2431
4557
6736
4786
1104
356
726
4017
5459
6032
4994
445
7673
5292
426
5930
5055
6087
2108
908
1351
6883
6702
4542
7716
1417
3084
3662
6261
3463
5296
7944
3880
1800
3280
5725
3936
4174
2033
176
881
1550
3706
2238
7496
5352
5731
1063
4648
3137
7244
6877
3727
7167
6250
6760
1911
2208
5276
2387
3128
4791
4572
375
2186
6853
5712
6177
3177
5040
6656
4707
2833
7970
5155
4276
2217
3841
4498
5956
7548
4166
5278
3489
226
4732
5693
1151
2109
5079
7327
3559
671
687
1887
3135
6985
7383
1109
3698
5582
6238
328
4283
4247
6946
2304
2835
6655
5388
4218
5109
2270
6571
7541
7882
3620
2992
5866
247
411
2500
984
1727
6030
194
6781
6037
3272
3284
6433
5954
1333
173
5579
1647
6374
6624
4311
1104
6896
4188
4576
5037
5619
6789
4567
3086
6712
4079
4597
6915
4468
1273
7629
4557
3242
6084
6970
5165
1132
1167
7032
7750
2433
752
2703
4337
1954
7985
4074
2589
927
3717
6150
673
3935
5734
4166
7264
1476
5772
1955
2648
3245
1995
2432
3399
1237
5514
5659
2106
664
7323
6688
6131
6742
4028
3928
2870
7024
6697
3518
5296
4144
2076
7090
1413
4933
6819
3143
4789
619
7707
3639
2665
3177
3662
7734
3296
1716
871
2915
2097
6769
6542
3867
7164
1944
4772
6056
2161
4404
5276
2519
4028
4359
4916
6759
3468
1354
7183
477
5183
7761
2673
4789
4588
2189
534
3571
4748
3564
3823
2455
1733
6427
4218
4462
4565
683
2365
4677
5911
3473
4062
377
885
1543
6242
4650
683
5329
4800
6734
1651
154
4001
7585
1811
2109
503
3066
447
5855
3447
1785
3948
2297
3252
2269
6706
3507
2266
6834
476
5740
963
1639
2704
7318
1145
4030
5653
3967
3145
5404
198
4138
6528
2560
2450
4955
6789
6160
3181
7282
1554
4815
4311
7407
3665
2540
1351
3220
3855
563
5940
2472
607
4006
575
6359
2062
5799
2496
2359
4094
5900
4203
4197
4705
1109
5343
3726
3476
1721
1419
1226
3157
7708
3901
866
7459
798
1480
4338
5041
653
6546
1514
262
5882
1016
2478
4724
5673
2974
989
4978
5410
5590
4975
3928
5604
6315
1528
1207
3641
1932
6665
6483
4965
4432
3958
5503
1912
490
4657
6995
4803
5866
5717
5515
5287
2029
4159
2815
4745
4387
3735
1979
4641
635
4909
3130
114
3757
2749
6020
1556
931
3669
4961
5101
5957
5262
5304
190
4000
3573
713
473
2034
5134
2372
4081
4244
5358
1028
906
2116
2503
7915
2319
4238
1985
3418
3778
7511
7747
1741
5901
5190
1552
1682
4088
5648
3214
5860
1972
1054
2979
1000
5076
6300
7288
2051
3419
1760
3871
342
1648
3701
6929
727
7086
6020
3472
1037
1624
4830
7915
3880
1002
4840
4320
4666
7562
4324
283
1046
5597
152
2333
4164
3446
477
5816
2077
170
2309
2614
5129
4543
4266
5082
3411
5699
527
958
6246
5560
1078
6875
6375
2733
2046
2535
1198
4328
5365
3993
5025
7039
322
5832
3247
1478
3240
817
4199
7394
5944
5528
7538
6524
3606
7557
4531
6033
6437
5935
6778
5991
2066
3575
5727
2330
3706
5899
5185
981
4537
1451
2907
5980
5264
2696
4031
6917
4018
2632
243
5063
2923
167
165
362
6510
7415
5003
6622
4345
2120
7195
6312
1383
4194
6564
4663
6738
943
3720
5589
2082
3190
7766
4025
1591
7554
3400
7033
6447
6049
6678
6620
5076
3848
7540
3597
2725
6804
7343
3116
6015
427
5536
3199
1000
1985
2122
4998
1976
4150
7830
7788
2085
4509
3624
5465
7785
5592
6941
1444
5650
3807
7588
4134
3174
2015
6262
5610
2992
7295
3187
7872
811
7741
7514
7793
4874
6263
6053
1996
1122
1606
4671
5471
5749
3909
4323
1602
5020
6511
210
7117
7312
1126
4464
1513
21
6864
636
6788
3203
924
4330
2462
882
3875
1055
1601
5121
4265
2313
2381
6787
66
152
6705
4295
4305
4124
3382
3523
6892
2876
4277
5533
6939
7952
7977
1557
7488
2972
1247
2257
1872
42
1418
7750
5375
7811
243
1409
7226
2377
5709
400
5966
2868
1894
2831
2278
1255
5818
1618
5361
5230
5090
812
34
3223
3113
5082
273
682
2943
3343
1791
5894
1735
3677
7286
409
1803
3645
1679
6779
4943
5563
2446
4712
6467
3137
231
6360
6034
2558
6180
2877
2903
2354
5662
600
303
6681
936
4728
6633
7985
1420
7697
4314
298
4589
7157
5134
234
5195
1265
7129
6457
5605
1735
1803
2256
2809
5315
257
377
7271
5436
4952
2146
2356
1705
445
1284
4586
4189
6688
3499
3036
2592
7623
7329
5702
492
5119
3259
2067
7745
7149
7103
1593
4389
2690
3632
6464
7996
3852
249
1376
5887
2346
2418
6855
5660
280
4177
5049
6506
3240
7344
7762
4423
3538
2550
2023
7569
3426
4901
5195
6909
3599
6720
2349
5079
7020
5591
2334
2710
3832
560
4593
1115
2448
1812
1596
4358
900
6323
4602
4213
7942
6644
5010
6747
7998
5149
2355
4024
6331
4188
2134
1658
4805
304
3109
6384
5774
3191
3578
3175
7110
5972
1216
4387
6542
7292
1014
4603
260
1822
6482
6994
7165
6957
2562
1518
1361
5643
7949
7286
2383
851
4312
5836
1873
6723
4805
5189
427
5061
3894
1857
5949
2776
6319
5612
5544
6175
4058
848
4829
3206
5795
4564
4241
5389
5699
2132
7693
7027
2331
2462
673
3647
7926
2119
1208
7661
3057
7593
4295
4084
4727
2682
3488
1712
4516
9
3107
369
2699
6807
4883
32
4051
1487
6662
136
6524
5091
5878
5576
3263
965
3062
1428
7764
2879
2174
5027
3341
3376
935
3065
3552
3172
6002
4497
7874
6798
3714
4966
6638
4836
7402
6494
1604
919
673
3668
6671
2350
4370
5696
671
6526
5712
2437
3541
2888
7143
4632
3581
2543
7438
8
5077
7828
1016
7213
6124
5584
649
7281
7078
1613
742
7158
5020
3586
2597
7971
2912
1609
5988
6414
5406
4190
6709
5767
926
5942
951
4671
6565
6009
1600
2260
7995
6238
3894
7546
4744
7586
6589
7431
344
741
3722
411
2942
5921
2134
2985
4052
455
1775
167
1504
4344
7208
2574
18
2397
3313
2254
5545
5539
4097
3090
7350
7254
3119
5099
7545
2457
5601
987
6439
959
7195
2753
5581
7562
5689
28
1870
5502
1848
5693
4936
4192
5614
398
3221
6608
7706
376
3310
1472
5718
7606
5289
7184
2409
3444
5155
4872
7417
6243
2744
7281
861
1500
4719
2000
3793
1582
3955
1856
7298
7110
3964
1451
2826
58
3981
2469
4278
2226
7382
5477
5954
3571
3193
1824
678
4553
3881
1539
2057
4369
7727
3021
5972
7392
5319
3528
3490
3027
6823
1698
3091
7092
1631
6188
7680
7302
3035
494
1096
3950
2694
6372
5705
1918
3593
6618
619
7070
4465
5983
7190
3481
1071
2409
3395
5378
3768
1349
3056
6145
1037
5304
3181
5053
3157
7352
404
7975
4710
3712
2134
4513
2850
1812
2991
3338
6654
7953
2299
7912
990
2800
3491
6192
1116
7959
5104
3060
5160
6683
1216
1962
265
1303
3349
2964
5122
5218
7563
1937
4367
5807
5474
3776
6991
6086
6777
2445
1147
1883
4316
1945
20
4040
4276
7178
7899
5740
5021
1452
5306
5983
917
3266
7040
81
4367
2414
2250
2750
6311
4152
7549
5711
4145
3902
2415
145
5098
1081
5157
2442
4560
167
4727
253
4301
4826
3024
3388
2703
2909
7314
5605
4083
4350
7638
5242
991
1533
3985
7713
3311
1935
7570
692
4806
399
7399
4678
3655
1538
1056
1524
