7986
9352
200
7902
7136
3771
4020
3986
1362
2721
2267
2135
1862
4655
1055
2024
8515
7780
2846
842
2498
8335
9463
8622
809
3725
5017
1952
565
4704
9387
4957
2436
5947
3938
8049
909
7945
9298
1134
1644
6686
4803
3289
6846
9669
751
2862
5621
5561
6806
4563
2648
1200
5007
3626
9451
9616
5371
6688
1286
3493
5415
3827
9476
3899
5982
8897
5691
8326
4952
4587
2786
6609
1924
3640
7092
8019
3725
5862
9248
8765
1259
4763
3690
2992
7161
6250
7586
3916
2687
2049
8255
3268
1692
1406
3415
7501
7201
3490
4542
3492
892
1966
9416
607
3840
8890
4124
6380
5326
8724
6472
7877
2370
3446
1595
5285
476
9152
7891
4517
4392
9684
452
3279
6765
3329
6689
1652
5551
2807
8506
9689
6898
7530
2802
4875
2172
6017
1627
3043
5252
717
2848
5845
5085
167
2303
4274
6777
1106
2546
4270
5932
3504
1401
2604
4991
4449
8773
8933
6732
1269
4659
775
6845
4515
4483
5050
2796
3138
9460
1022
7718
2932
3485
6960
9665
643
843
1403
5782
5732
4082
9931
5165
4008
4850
7117
9013
8624
3864
4931
4556
2145
1565
7684
3793
9501
5263
207
19
4721
858
1647
2709
4142
275
8554
3986
4286
1601
756
5719
6952
1560
7618
8193
4303
3347
2344
3315
692
4941
2579
3667
780
7997
9202
3426
3341
3148
5103
4983
6434
8851
4828
9928
5149
4406
1673
3012
9532
1575
5985
2271
8148
8488
4452
7610
2074
849
352
9598
9473
7546
5560
7253
317
1765
503
4838
7766
5692
9517
107
8056
1394
8040
3824
5911
6105
8078
9450
6336
9487
6711
3890
5195
8645
8487
7597
6877
9295
3465
3225
3641
9937
5319
1830
2646
8987
7461
6830
3020
9411
4078
3042
4136
8428
3863
7795
207
5072
15
6042
112
7887
9048
3668
1569
1892
3055
494
5275
4496
8374
1497
658
9318
788
4185
9964
8178
9666
9808
6708
7383
7782
5858
6
5763
9772
8404
2394
6257
5360
8342
942
9226
2905
283
7211
713
3855
3041
6714
4234
717
9345
7615
8910
9009
1748
8867
7358
4753
1295
16
8362
6456
3725
4726
77
1069
7944
6043
4558
8228
9828
5182
8565
3278
8200
5804
1079
6012
330
3580
7553
9105
1445
5957
5805
2005
6185
7743
7876
7653
5280
7862
8560
6568
3304
5611
9788
3357
674
8310
7579
6736
4790
6934
1202
8443
4257
4056
2419
6569
364
7414
727
3270
3514
6358
9543
8306
7470
4004
8534
6708
6134
3706
9662
4571
7112
6171
9750
8160
9159
7263
9198
6343
1922
4600
4231
7557
8905
3044
6369
2363
7405
7675
1729
3552
4611
8424
1471
2493
357
3669
6314
1041
821
7343
9368
6997
287
88
5470
7146
9818
2923
7401
4814
3674
4490
9238
5150
309
4259
3684
7925
5663
5585
1364
1667
3093
6895
9418
1161
1459
1735
9411
8448
9330
5608
9122
681
4162
3207
3033
3135
8447
5036
368
9112
4547
3277
5
9627
280
8537
9121
9708
9208
5930
195
3763
995
781
9499
666
7660
2190
3093
3605
4337
3228
5311
9147
5877
4267
4777
9715
1435
6329
1288
5802
3393
216
6759
4881
2119
762
9883
7507
4106
1371
3906
2996
4642
3608
6887
229
1476
9629
4228
7731
2740
6700
5764
8177
3163
7290
3507
4938
6945
7891
3173
1496
1816
7262
4480
3330
420
2859
4744
4095
170
7416
2693
5210
4628
1171
9122
590
8831
3354
5108
1280
9137
4686
8901
5900
9514
3654
6108
3624
8966
176
779
5045
9420
706
6821
8435
8198
8783
3082
5700
1549
3413
9088
3321
5808
8514
5679
2488
1
4823
2169
8079
6572
6709
4405
5474
9109
6644
2855
8209
4157
4243
509
597
560
3561
552
5801
430
9818
1077
3397
437
3397
8871
2917
2743
4426
8323
9752
269
7593
4136
9796
7464
6725
3977
8759
1311
7576
2616
8329
3322
6720
6608
5229
4298
9447
3743
4694
467
9040
4046
8054
583
5661
9471
5618
5424
686
8530
4225
8345
612
9524
1859
3705
8659
5364
8111
7502
741
9155
9764
6626
4204
2632
7441
8556
4400
3517
8288
150
2438
521
8076
5670
6769
1579
4724
7612
6002
287
4104
6247
2235
7217
8752
7620
4786
4587
812
4900
4529
2380
9414
6136
1370
968
6452
316
9367
9430
5945
9965
1087
3418
5163
9384
5109
5423
1199
865
235
9968
3424
8845
9364
995
9823
5052
9046
1570
5397
4486
4878
4344
4227
5761
286
8581
7082
3532
4273
9134
3415
9387
4447
9300
2870
7648
9836
2959
2887
3074
8715
7926
4014
2973
6353
1598
9188
3782
2132
4781
604
4024
4097
3017
3328
1216
1676
9858
6248
4033
2642
2361
6012
5365
6603
3788
3314
1474
5836
7551
1361
9028
6856
4472
1174
3500
1878
7334
1427
1237
9742
6575
693
1662
1070
7045
4223
1977
9145
6629
7746
384
7918
7196
6878
62
5382
8709
2898
1297
1111
1331
1055
8202
8502
6616
8427
3566
2745
464
1377
2253
858
6605
7045
9100
7768
4623
5733
9617
9944
6223
7835
3483
7640
201
2000
507
2660
5396
3483
850
9506
2752
4278
4569
6455
3786
3041
8935
4829
2942
2544
9651
1756
3354
5295
8982
9860
6315
3238
5291
5053
3879
3576
4839
4598
8710
2885
7375
2954
5261
816
8058
3024
5464
3914
2820
5681
2436
5341
3003
2725
7942
9621
6746
1110
4427
520
96
1734
9853
8887
5628
9453
4127
9260
1815
7850
5206
5187
9326
3194
2740
7462
4523
2183
225
9296
943
2455
1496
9603
4974
5590
2619
9492
6199
1662
1444
2420
4910
9394
1834
346
3047
3466
6652
9244
1553
4249
5757
4973
1069
2682
3756
5696
1098
4201
8814
1530
8527
2542
3082
1446
2212
4516
6657
8226
1869
263
2873
8678
2211
5884
6804
53
3665
6186
3713
2523
6328
6182
7711
6359
6975
5038
2089
6787
2171
2875
291
1182
2231
2489
8512
6938
1424
562
5581
5745
4176
838
5805
7378
9381
6343
9473
1242
2332
6321
4739
5470
1359
6295
2384
1381
4777
7624
3841
4706
5906
1697
6436
7166
2396
6428
9692
772
6600
8917
6321
9062
1173
3021
9444
6654
5174
4776
8212
7998
3375
530
9910
8201
2988
9246
7013
7578
6574
3918
9926
9874
4147
1358
2230
4352
9649
1403
3938
5336
3070
9122
4851
2374
3247
7362
3892
3387
5787
9507
1425
9382
3179
6480
9022
863
9425
9504
2641
3228
9106
4291
5725
6518
1922
6040
7403
1558
2522
5499
519
5209
2920
4122
8645
1123
2467
665
6047
7391
4264
6700
748
4052
3767
5282
158
9092
7284
1713
6679
8526
3098
2316
9577
3587
258
5841
9385
838
8844
5310
7919
7964
8280
2820
1341
226
2036
3428
9050
9102
8466
2566
9945
1550
9156
8505
8363
9261
7031
7093
1405
7124
2809
6907
9503
7517
7657
5294
5427
9042
2602
6347
1886
8628
6915
7667
8574
7208
9446
1081
7896
4635
619
7287
509
2311
2840
123
3992
9373
4223
1471
9015
7266
3716
6342
9587
5847
6761
3426
4365
3504
7289
5475
3383
6806
2989
4810
1421
3959
3390
1771
3998
3419
9208
2209
7547
2578
3334
7627
122
9753
608
2052
6135
6924
398
7985
9992
2565
3208
2739
4859
3522
2956
3468
8143
2869
9178
366
8316
1653
6127
9839
6048
3185
428
2281
5078
1573
5427
9693
5301
5605
3710
9464
4082
2998
4444
6366
3123
6316
2504
547
5026
7726
7047
4185
9770
5046
3022
1811
4576
628
8798
4903
9697
2130
7517
3650
2564
3683
4226
9638
5100
6788
2637
7727
4925
7348
8784
6979
6936
3856
8142
1943
9492
7367
8815
8574
5387
7340
3805
7388
4046
6138
3950
6633
838
8306
7886
4738
840
6431
3704
7049
7380
8523
6016
3020
1403
2298
4065
4771
8170
836
4094
1603
551
9137
3991
7760
1191
6588
842
5231
1049
954
3715
9721
7827
4548
5298
9643
1991
2655
6408
4394
7169
1069
6157
7668
9136
5676
5776
5522
8014
9853
8540
5322
1326
143
6692
3777
6897
7642
1483
3070
4469
999
7090
6297
8939
6860
8095
5970
4979
2918
4966
4510
7958
8575
8983
3867
7152
4511
7203
2053
1464
9342
9276
2162
3853
2535
8745
7767
7390
3913
3219
5086
374
9735
1918
5855
659
5631
3399
3227
3458
6728
7335
1175
3688
548
5601
8981
2463
7189
9486
6959
4523
5148
6706
2797
9304
4748
1786
7318
5026
6173
9973
7458
289
2861
8684
5310
4031
2192
8191
2809
3798
5880
8558
5291
7835
6017
9776
582
7681
5347
7364
52
508
5770
7570
3888
7587
6994
3132
9633
7377
9419
1686
4704
7192
6236
2655
4810
4418
4436
955
4097
7189
4588
8847
3070
6962
7737
1369
2113
8907
2333
7705
5161
7967
2045
9087
414
8147
4317
770
4796
222
695
5370
8362
5409
2362
3372
2744
7569
6143
8432
2136
4658
103
6415
3474
4082
4497
6750
187
4896
456
8994
4337
9335
7800
2767
509
2970
7409
4833
1083
4910
3220
2038
5525
2558
2778
1414
9195
31
2532
2816
2239
5218
2829
9458
509
2831
1580
5188
6968
1907
6694
9138
7776
6745
4944
2404
4479
8910
3826
2780
2258
5684
7702
3468
7957
117
2672
6289
9543
3986
3992
4191
6317
2471
4098
3579
6514
7804
1215
2079
6076
9835
6252
6941
1146
5048
4936
7156
5513
1266
2372
7416
6102
4901
2786
2017
1870
6041
8704
658
1921
5611
6158
5171
7876
8806
5322
4030
5718
3006
237
8275
3579
489
7279
4600
8628
6330
2933
8801
9167
458
8827
1319
2906
2805
1868
2024
4771
6815
4446
7436
3995
5041
2763
6175
506
8052
4809
3263
9740
9161
5979
6260
6024
7042
1665
343
7953
1760
7371
3136
757
8890
3899
464
1683
6135
7031
8983
2025
9801
5389
8771
1724
8086
6466
3047
7873
8548
3251
1539
2536
6432
3837
1349
984
5627
9719
76
1029
5889
6813
7445
718
3735
1576
6132
2819
8464
7592
3825
356
7725
755
604
2837
7791
5288
7886
5310
8202
5932
142
8926
9656
1302
1756
3695
918
9030
253
7636
847
351
6564
575
1667
3478
7786
7248
5844
9538
7673
5784
749
9331
7211
8780
9392
1616
5049
1156
906
2664
6579
9986
9796
6378
1788
9728
3753
3680
2446
2819
3119
3510
7857
7820
7764
8889
579
8669
2295
8506
9013
1209
3391
7521
4162
9491
4412
7631
9421
3208
5880
2684
6294
1081
1690
5166
2024
1185
5559
5771
6306
8165
229
406
8304
9513
5405
3621
2069
399
5196
947
7799
8298
6326
6145
6679
9345
4392
6136
7148
5999
3785
7274
4347
1222
9771
3014
5461
676
1172
4586
4365
5150
4452
466
6036
5738
5746
1854
5331
681
7687
8018
7269
8208
6679
8376
5454
4167
7399
384
7707
3050
6703
7351
7255
9790
7262
4709
2392
590
9284
7120
3332
8595
1041
6942
3987
6370
1031
9384
9506
8159
8398
8475
929
3903
4020
7368
6106
3067
4302
9434
3838
7264
3952
9591
7630
7972
1701
3776
1251
2979
9516
4499
8170
8535
767
5392
7855
2166
5585
2808
1221
277
8995
2529
2784
4010
1330
6918
1519
9456
8513
8859
1177
2756
9055
4943
2499
4172
1109
810
1851
6486
2654
7861
1732
9630
6035
6649
9150
3754
4290
800
1681
80
2714
6472
9910
2743
8022
2630
6994
9578
212
5095
3744
9161
9840
145
7258
4010
5553
6328
1876
2957
3744
5676
3525
621
1313
3424
7826
8593
1456
7813
2873
1347
713
2853
151
1480
7795
1644
3558
7662
2154
673
6423
8468
2407
9746
5064
3346
4879
7245
4818
266
3877
1339
5921
1446
7132
3270
2704
8545
5406
6220
8369
6722
3042
8716
6631
5474
3277
988
5168
5743
1847
7565
7073
3369
9977
2199
912
5081
896
6926
1176
9298
1185
5030
4909
3119
5705
6002
1613
812
2511
3575
670
529
4745
2912
6569
3033
2664
5435
2179
5521
5185
3296
2804
843
7496
3618
9398
5330
9387
3454
8396
4440
3240
320
4636
3372
1052
4773
2011
2327
3306
2924
4899
7285
3748
2549
6915
2656
5848
1275
8707
424
9274
4222
8579
7264
5722
1032
815
1490
8322
5938
417
2818
6895
1391
7443
7887
617
8902
8510
2918
5328
5389
8101
7601
2229
5680
503
9005
5378
8657
8149
9705
6727
5226
4577
8730
4578
3422
926
4267
8730
1869
5962
4210
6696
4182
3093
3534
6931
359
5468
3676
4406
9583
423
6265
7776
8533
3755
4930
2312
8898
1516
8151
2667
233
3187
222
4228
1302
1656
5251
9894
3332
6444
7133
9929
3561
8086
2844
9950
9292
9304
5999
2673
6823
2717
7586
4506
6407
4769
4228
7728
6832
5949
5126
1563
9950
9213
7280
9076
1270
5712
1149
2603
2507
8956
887
229
8892
523
8478
7424
3098
5766
5825
5012
1400
5212
6559
311
9931
3087
7751
6541
8017
4971
6523
5707
1501
5251
7315
4886
7328
3755
4510
7805
8725
9820
3891
9584
5747
1399
7174
6059
9237
7865
1255
2243
7605
1655
1076
5835
1332
6071
110
5091
9207
8106
4153
2702
9756
3930
4396
8015
3658
2795
1929
4944
4822
2289
7991
9854
5074
511
5578
8020
8768
3351
1716
978
4388
8995
5237
2409
6071
5198
6222
9158
1928
9535
9940
9065
8652
7891
6495
4929
391
7271
6162
4887
5987
8447
2565
1731
5677
5270
6366
2686
927
6370
4158
9141
2423
9955
4647
8886
9079
4504
8443
3163
1894
5981
8496
5664
3412
5013
6080
1138
826
2033
4653
7126
8720
7962
3794
5108
2520
4000
1780
3742
5719
6095
4439
6528
5044
3723
6589
4726
6361
569
8009
6020
8951
7417
6130
8326
5446
6771
7763
2293
3545
6381
8447
4147
5120
2934
8322
5939
9975
3090
994
9768
5660
4947
5748
1848
7934
9664
7467
6572
6608
7620
1660
8311
7325
7814
3901
3808
8150
769
4699
9166
2311
6367
7515
2080
2695
4999
5592
8982
1022
4159
5947
1103
1073
7296
1273
4799
9160
4549
7014
1085
4529
1215
807
5031
46
3305
2517
5650
5401
3026
2173
5746
9927
716
5397
3809
442
6640
1881
5392
449
1308
883
2792
9947
7899
9433
5579
8792
9983
5297
2076
3376
4461
9407
9784
1916
9444
1151
9855
3634
5244
3453
8499
6239
2439
7809
6604
1261
2183
5833
4181
9412
8508
7663
6631
2285
3512
4186
1183
5201
9009
4480
6734
0
7409
2616
5502
2877
5070
5517
3164
7574
8049
5535
6871
5618
6773
3956
7731
2531
9214
5564
1369
9531
1540
2066
7535
5371
6938
7886
8319
6487
4543
1751
8855
9109
6033
8742
1885
4644
7832
4342
2093
2249
1238
4583
3184
356
9273
3697
9066
1265
2523
2806
289
1867
4663
6816
5237
7995
2503
2058
2992
6702
6174
6059
9275
6532
31
92
3146
8549
9160
6027
1861
1358
9055
6536
7428
8953
5768
6605
1447
7290
224
4026
399
6502
4537
6414
9484
5711
6530
8834
7764
842
2433
9535
9789
5201
2928
7120
6119
7475
898
3714
6905
4761
1392
7543
3206
3141
5173
3098
4492
195
7810
2237
6441
4177
1582
575
2330
475
6670
5705
977
6527
8605
2855
498
9199
4520
9700
2202
5604
9481
9597
7757
9487
9341
4024
9514
1564
3220
3950
2525
2416
1813
6723
562
9345
6828
9479
3105
6724
8945
132
122
672
2837
5288
8061
4306
3035
765
2486
6587
8273
3987
1268
1620
2890
799
981
7602
8234
9980
4080
5267
7613
5216
6670
1880
2548
5738
7653
6413
2685
9223
3523
9331
1438
4900
8195
9311
9517
9774
3071
4124
6367
101
2611
1019
267
7903
9337
7627
1338
6473
7495
9235
7806
2231
3169
1851
156
1949
8491
507
9543
9270
7936
2523
5994
881
1784
1802
3810
2189
8041
5563
6614
3481
7101
5849
1316
5469
7004
8683
9657
6023
6582
2610
5660
7966
2511
2943
5527
243
5575
3073
4051
2245
9989
6701
2512
1427
767
2278
9118
4316
5449
604
8235
1730
968
8049
5096
1885
1905
4022
3130
3404
2258
2756
8187
8887
7245
9062
5354
256
701
6292
2837
2023
710
6795
2370
2796
3054
5320
869
384
5425
5731
3120
1572
6533
4280
7181
9891
8988
6176
1489
8732
8831
9118
1598
1591
4765
6774
1624
2744
4400
9960
3505
4049
4024
490
8820
8530
854
835
1450
4172
9543
1988
7788
4484
9051
1329
2805
7971
8385
5997
1203
4537
6257
6276
9083
2817
1269
9969
902
7968
3637
7440
411
3783
1854
9246
6378
7945
7102
732
2899
2870
8654
2947
3489
9637
2540
2401
1606
5904
6628
3953
8115
3977
4347
633
964
8267
8872
4141
5383
539
1183
449
5511
349
7787
4379
9273
4915
7176
951
8162
7248
1034
4260
3731
1643
3629
9755
98
8319
858
7264
2758
4575
2002
6897
1774
4871
3946
7356
5919
5517
7556
1358
3401
5447
9238
4357
7380
5814
4120
8102
316
2303
9007
699
1846
6683
1570
8228
8318
6180
2565
1998
6767
2288
4746
4802
8766
922
9312
2596
3299
7323
5573
683
5076
8280
7088
1744
3920
1381
4580
7824
4005
9623
4114
4652
559
6135
3678
1456
7982
5203
4203
7488
2914
6638
2822
3725
2742
4120
1420
3271
2310
712
4777
2909
8590
2101
4910
5009
640
4228
1998
9495
242
2108
3461
7771
1474
5765
5061
1681
2918
9631
8975
168
9892
7807
1115
4728
8571
1252
452
4571
8653
4696
4690
328
4777
9602
133
1738
7593
3800
3114
1855
6261
1233
7326
1116
2097
8889
125
9566
4666
110
1733
2443
6120
2215
6108
5207
6257
7556
8106
8931
9579
5696
9957
6975
1771
9795
4775
1312
1086
4260
910
5805
6850
4908
640
6819
7379
6853
5656
4873
3998
6914
3057
158
6547
1816
7246
3533
4268
9466
4660
3683
8196
930
4197
583
1750
6571
5434
8984
8243
780
9900
7285
2495
5167
319
2709
7705
6207
8395
1622
6661
2815
9848
6851
2120
4600
997
6447
6255
9883
2901
2830
6093
2932
9383
8275
5663
7807
9185
2116
8797
5108
7880
5450
9119
4574
7423
3860
9785
2362
2425
3307
581
3067
5452
2975
4828
8922
4597
6305
6384
4938
9441
8298
7865
5114
6767
4872
9242
611
5088
1481
9711
7649
7320
928
2758
6111
5972
4533
4807
7115
4567
4329
4448
5016
4547
1895
4722
7026
7089
5669
8050
6925
3725
714
8428
3046
4017
2106
2395
4539
9851
4716
9998
8950
8606
1260
1239
7300
4834
5021
8533
8196
7017
6102
6012
4844
7552
9085
7790
1589
4637
946
3912
2374
3723
6962
5883
4094
512
5980
6374
1771
3559
2127
2701
2167
8478
9938
920
9586
8974
9950
5162
7147
5154
4774
8107
8520
5207
9879
8645
630
4895
4170
4728
2650
4609
918
4458
869
2368
5042
6894
8902
6854
2776
6256
4937
1134
2757
6651
7357
8363
6909
5687
1108
8952
7260
5330
3411
8092
407
9466
6265
233
9249
4212
637
5058
8250
6652
3984
8327
5857
1513
4753
78
8441
3964
5871
5456
3178
3285
6809
717
991
162
225
8732
5261
213
2464
4675
8035
9169
2643
4496
5548
689
4402
7474
6161
4517
6865
6311
2092
5658
8032
1026
3272
6356
3165
5864
9460
7578
2697
1080
2486
9871
5208
8997
3116
984
7970
9585
4989
3551
2439
3335
3215
6659
6143
9493
9905
7434
7038
4500
6344
1972
8311
2902
1320
9101
4312
8347
9992
814
2099
9696
504
9744
4268
7541
8110
5183
1566
6760
3243
9047
1593
8755
5725
7982
4454
223
4365
5374
7707
3076
985
9261
1321
7246
1644
26
5906
3757
393
885
7945
6729
6903
4348
2914
5344
2726
1214
3928
7550
832
4894
6125
3720
3354
2614
9052
4245
3225
8661
4042
8585
8098
151
5803
5295
1178
3567
5633
8994
1516
9555
1327
2696
5337
452
1244
9996
8665
3049
580
6262
6719
791
6376
2857
7515
8143
5300
8457
2266
516
5057
6407
2088
3895
9137
539
3397
1633
9752
9101
1924
4844
2763
80
4256
4126
3280
699
3498
6516
5637
7956
622
7
620
8507
4132
4413
6596
3041
9426
1502
4899
1124
430
8705
8303
6200
3936
6355
4524
5491
4918
8340
9391
8900
4898
9822
962
8705
9214
8738
720
8285
7856
1
1520
6642
7064
4819
1150
800
758
8648
8788
514
7224
4761
7737
249
5537
2090
5968
2247
982
8702
3025
890
7954
4919
6660
5684
8809
6329
6393
979
8201
1193
997
3537
444
2695
3799
2378
6794
933
1897
2053
3820
1219
2386
7106
6283
6473
728
6799
183
6448
9539
5606
9683
1677
7532
214
3822
6859
532
8332
9789
6772
3489
5965
7539
139
7747
1619
5746
6745
7589
7507
475
5779
7919
9719
6354
5316
808
9612
1885
3036
7353
4330
7531
1125
2973
459
49
9085
1108
2026
2415
4421
5735
3898
4882
7221
9574
9632
5234
3241
4828
4606
4284
8253
7764
4540
9834
1152
2117
6373
1581
3128
6313
3211
9901
3282
2155
4840
6775
4563
4959
4259
1413
6256
4123
2267
92
103
8515
6291
8143
4841
9539
9530
7056
4804
4597
5126
2327
3728
1346
2828
6923
198
3765
4062
8957
4856
4539
9953
2420
721
2727
4618
2706
5274
2098
8885
1446
9542
1967
8434
5243
8219
6077
6477
9598
4430
3253
5111
9980
7801
4083
4006
4522
5323
2114
54
5822
1516
9648
4602
1947
8155
9921
9139
2074
4599
2415
348
7491
5478
2430
8448
3707
2789
1710
8968
7704
8813
1738
1445
7023
3822
9373
3270
4062
5675
3444
4359
566
1153
9822
5542
1504
1141
368
6883
193
6762
6886
3411
2872
5771
3380
6721
6036
6731
7562
7314
4546
5366
8118
6179
8355
1332
9027
8577
9661
7130
2911
1925
8232
4556
7642
8522
3065
1427
5914
8684
1755
4967
715
7871
8792
9961
7524
2601
4872
2288
6214
1453
3025
2702
3757
9461
8892
9838
2697
9387
4760
236
9206
548
5192
5184
9030
9274
9943
777
5681
8964
8732
4386
9987
6676
7928
9188
6692
284
8236
1896
357
2654
5320
2935
7029
4607
9726
8752
6627
5368
3461
5701
9326
6025
2362
5410
1161
6025
3136
2202
3466
2286
3944
9904
5505
2261
8444
7360
9638
6735
4293
1816
6219
1545
3356
8182
9584
4502
1038
3871
5462
3051
1736
2296
6635
2950
3330
6581
6852
5612
7720
2652
3753
7694
5123
9429
4249
8103
5159
4832
5007
8181
9237
8483
8044
8641
2001
7663
7828
5484
8174
7502
6917
9688
6836
763
1473
1361
1108
9885
2829
8534
3714
1681
5857
7672
3057
4
7312
270
9949
2522
450
2289
9314
7774
2877
6619
346
2518
2227
679
9075
9601
3028
2357
6718
944
595
4557
8980
3871
5414
3837
8771
2527
4936
5824
3750
4897
2617
3245
3763
288
549
9865
7710
5099
7217
5082
9371
4879
1953
4586
8513
9981
5207
9668
234
6813
9975
8174
4438
7358
5622
226
4383
4568
48
7419
1015
9024
2360
3865
2333
344
6298
7632
9231
3953
2220
1667
2281
9245
3716
9689
4492
1397
467
1562
1930
5540
79
4088
5454
5231
8846
668
392
1841
9342
5819
2262
5222
6177
597
5518
2100
5286
4187
792
6226
771
5642
7576
7174
3086
3512
3352
7358
7803
7114
4101
9050
864
5567
2544
9748
308
6861
7493
2942
9333
22
9192
1687
1609
2566
1979
8521
8845
1628
6044
8146
1209
8659
4795
4268
6500
1340
1626
8107
212
297
5069
1507
3837
904
4928
148
5227
1786
4376
3331
7787
9023
5329
8502
1363
2160
9367
5675
5298
3881
5825
6229
5762
8129
4759
485
8458
1143
5524
9569
6048
9419
4854
99
7484
7350
8962
6817
967
8358
2997
8212
7042
6346
7638
6023
3283
7511
1735
7438
314
4469
4490
5200
99
4921
7071
4627
1156
7823
5547
7635
5077
1683
7077
1758
7871
4476
5131
5647
2157
8982
5537
3093
2703
9515
7561
5311
8878
3838
9630
4342
6874
5443
7610
519
4878
2862
4952
2027
7557
4246
3188
6357
7510
6838
9054
4120
9915
4192
7309
2370
2368
2158
5136
1401
8310
6167
5327
6641
87
2906
1057
8391
5987
5769
1911
7340
9369
4325
8021
8305
2306
7010
8161
7020
6792
5128
6372
7013
4772
3829
8829
6127
9588
802
85
7078
4427
4160
29
1009
9074
9582
9715
3908
7164
4507
8324
7734
5176
3026
2539
905
4319
8999
5975
3691
9965
3388
6603
9000
589
1296
6223
442
2845
1269
7204
8686
3713
3740
2965
7956
4499
4623
5049
8947
7608
1691
1877
806
269
2088
2429
4823
3568
1255
3323
727
1787
1799
9256
1751
2092
1539
8824
1414
9920
9627
3267
4039
5821
7342
6765
3549
8111
1857
5798
8950
1290
8479
4701
6370
6782
2972
1152
2463
361
2471
1919
5683
3590
1484
8511
7700
5411
1428
1578
8855
5264
3098
3715
9859
7459
634
6823
225
9577
8887
1839
4755
3111
393
9522
4350
7214
6834
1784
5925
2589
1564
8409
7955
608
7361
4083
949
2567
8646
3723
7473
6305
6036
3210
2087
6743
4724
4057
2195
7045
311
472
4604
2931
5503
4375
5965
5346
4046
8888
3421
9937
1385
4475
5532
7583
9128
1097
4156
379
1708
6893
6281
5368
4734
6044
279
8252
5952
6197
952
3367
3634
6276
8614
2801
36
6992
2291
156
6275
6708
2586
8761
5522
1259
49
2822
5621
3620
3262
6197
3181
7461
7235
920
6763
1212
9815
3192
4275
8769
7155
8868
415
135
8325
9607
7164
8529
9316
2562
9301
8209
9810
3113
2715
1276
9271
1482
3661
6393
911
7239
2122
2776
5746
9973
8192
2767
9275
3901
9103
3536
8152
8831
9968
6294
8573
903
5116
606
3893
5160
5690
5971
1047
4548
3288
7217
5041
957
388
9147
2291
406
7848
2440
3130
5091
9937
3880
6439
9952
6442
4869
5532
8477
314
9525
8098
6982
1974
875
6314
7616
7380
2989
2174
783
621
2976
419
901
2670
6415
494
8278
4940
5515
6336
1735
1985
9020
2159
5764
3607
9126
1826
8192
9808
9383
9768
2615
7232
7180
7302
4944
7191
8979
4475
5966
2751
3308
4178
3590
8238
6408
6180
298
8488
8036
1495
2100
2165
3359
4742
5215
6058
4518
3726
2478
2231
7280
7779
6784
5308
7669
7981
8715
6473
1995
7090
9669
9824
7480
5425
9730
5785
795
9464
5560
7890
5638
5699
2814
81
3124
8562
1539
8168
3176
7157
8330
1875
774
7991
4787
8656
7610
8036
341
7324
7430
3527
9384
4646
7098
4645
1103
306
716
9760
5234
4525
2855
1529
2778
5592
351
1285
2341
691
2770
5211
41
9255
2298
3479
2933
8367
2160
9422
1763
8132
5050
2430
9978
9764
9669
5681
4048
9295
9230
2431
2141
3517
1977
876
4986
4351
7765
7221
712
5825
5847
2402
5198
7640
3491
7817
6554
462
6777
4751
904
9095
5163
4299
9232
6830
3645
617
602
6881
2837
2328
9965
6551
9666
6929
133
3162
761
9284
3474
1668
5899
6512
8173
5866
3826
1679
470
7231
6298
1100
6424
7527
8348
2466
4110
2505
7446
3842
2495
9775
6470
6160
7717
7821
4757
7211
7964
4412
6688
6135
5397
8738
4802
6617
9146
9952
7550
3534
1020
1432
8951
2264
7240
4920
3394
9895
7576
2983
5235
9695
7141
2907
2277
8907
9386
9413
7590
3967
9477
202
9598
7938
5958
6958
8864
5056
7098
3839
9640
2842
3377
9995
3493
4552
2155
2847
5136
1309
9793
2366
5994
373
6608
6874
5525
5422
1536
1442
3241
9119
4034
135
2166
8233
5849
1868
1657
4777
224
6219
2647
5447
1241
5310
470
6431
6149
6960
5099
1962
5407
8705
6510
2007
4930
1567
6874
1611
1499
7160
3441
7650
7578
5161
3085
784
3186
4017
1808
8729
8304
3655
8909
9593
9928
356
255
4546
2314
7263
6503
4432
1428
6596
1187
9930
1121
7823
8250
7975
8111
9179
2532
4473
7262
1426
7158
651
420
7695
2171
5571
7214
8040
6478
9796
8321
6129
6021
8052
2079
2703
311
3140
1333
6635
8733
7649
9568
9854
8726
965
335
7007
3861
7979
9204
5718
8038
1310
4597
844
5710
9196
7151
4929
4895
2972
6922
9274
4426
3913
7559
4741
6591
2986
581
5882
9184
6896
7075
5696
2133
1291
2896
296
4808
3545
2655
3498
9200
1276
4663
3611
3707
103
1110
7976
9251
6069
165
9985
5844
9574
5846
773
7732
8662
5642
2485
8624
1260
2831
6680
5608
860
8038
5163
3073
9817
803
4994
3913
5019
7534
656
4343
3288
1799
6943
4111
9731
3078
4028
2293
6590
8128
7474
5210
6204
7270
8609
8962
2776
295
9386
4470
3963
4293
6219
2532
8862
8133
1186
8852
6205
400
8463
5350
9748
4087
3706
6535
8745
4915
7598
8435
9877
9802
225
8212
3328
2574
9281
2568
2104
5791
2972
4256
8990
1377
6267
3189
7197
4280
429
4950
520
7183
3820
3516
1790
6825
894
30
1356
8879
9003
4048
624
1767
5285
8518
4838
6869
5080
1975
1665
1724
9104
157
7895
8445
9010
568
3273
1872
2392
2
6350
9360
9884
7197
1147
5745
4863
185
3601
4365
4263
4978
8339
139
1699
1829
7634
2561
1564
9971
5062
4608
6203
8079
6332
3886
1985
6497
551
7090
5334
7693
580
5655
5297
5805
1710
4787
1313
3115
9546
2594
2918
7323
7632
1483
9471
6165
2679
2276
2657
976
5820
9617
2768
5802
5999
4008
7245
6628
6090
8800
1516
6490
4830
1368
3601
2305
475
7556
3479
184
6812
4625
9772
2929
5902
234
5837
5897
9275
9971
2409
3891
8886
2643
420
1315
6709
5967
7675
7589
6486
9600
5134
1310
3280
231
2047
2555
9591
8967
7430
9062
5163
5600
9550
2583
5742
700
3088
6502
6288
8994
1801
2446
8489
9816
2379
2045
802
9590
909
7097
272
7062
3792
3293
5406
1559
2591
1440
2966
2688
7233
2934
9435
4065
1007
4160
7318
3014
1788
1167
2043
8117
3910
8918
9016
9014
9896
4109
7146
8850
8217
178
1307
1604
7093
8698
8540
8733
405
1253
7498
4052
5469
655
128
3881
7731
3074
5465
7434
9319
2841
7521
2767
9395
6288
8471
3408
4944
5031
3025
5879
6258
7413
1340
5392
530
8617
2637
1341
7270
3212
1705
517
4430
1266
1038
2156
4622
9424
5932
4238
979
8007
9156
9637
9668
3630
7659
1595
7335
3902
1962
7465
2044
5638
854
4205
7434
6863
7447
1354
8964
298
8967
7866
1848
534
5496
4222
8484
4749
3522
3030
4533
4142
5897
9195
2957
7381
8423
8826
1616
1366
251
3964
779
7962
1789
464
8930
560
252
1082
7413
6052
9927
980
5422
6317
5060
3826
1465
3727
1264
3044
4736
6193
5732
5221
8994
3002
7488
5633
6640
2325
3190
7987
4196
707
8550
4507
6542
8911
5074
687
5068
5500
7757
7657
8229
6763
8693
2126
4962
1689
9593
46
8473
4853
2953
487
2136
3455
5833
1332
5851
7772
1793
7395
825
742
1828
5268
8209
81
8667
8302
2285
2056
686
1724
9408
3013
1566
9188
9201
7215
4801
1639
4468
1150
1243
4868
9329
5386
7190
7624
4708
3825
4606
3472
8528
3256
9772
2031
608
2601
812
3482
9516
4778
5629
817
8308
4590
9892
7944
4108
3253
7501
3636
7252
1071
1968
5953
5699
7517
1260
591
4368
696
9187
5166
8268
5323
5617
9102
4879
3131
5993
5833
2621
1608
7326
4412
4037
8363
8075
8768
438
5071
2113
3079
2878
8268
7467
4786
4977
1342
9694
224
610
5332
2210
8640
6241
2757
9015
8871
5953
1453
8422
2509
6645
4724
6566
9346
1990
4784
2840
6622
6659
4977
4607
5846
9958
5850
1311
587
255
2144
3025
2796
9024
7658
4768
7355
6435
40
3827
7773
4347
1808
8327
891
2582
932
2280
5462
1324
6880
6845
2360
9880
9279
8573
85
9615
29
5457
7775
8641
1494
4136
4425
8267
3997
4545
9219
1671
8826
1496
1589
1553
539
3600
3783
1798
2539
8137
636
6699
8159
5759
239
3335
1197
9407
5174
3471
4488
582
1027
1772
9142
9031
2890
3114
3282
8457
5340
3999
1533
763
3649
9782
8304
9877
3301
4376
1244
8412
5929
4487
690
3873
6074
630
8591
7896
7343
9719
3087
8032
60
5634
7187
1315
755
159
6797
2299
9370
4529
4327
5791
9543
2479
4003
5033
5656
3232
4413
3894
5520
3379
3853
8585
9580
8424
4121
5452
1747
6301
8823
8484
2315
1657
8368
5039
3929
6015
9760
4509
7504
848
602
3336
2155
3776
7881
2242
1797
1219
2593
6938
8661
6627
8675
4362
9368
2225
3871
9679
4854
6629
7220
9510
9031
9940
6515
6544
6926
2766
7394
5042
9203
6576
332
9147
7663
9660
4437
962
9760
6819
236
5740
4525
6925
2969
6519
9315
6037
1925
3479
3293
2531
6233
7146
7442
4567
1103
1145
9241
8607
9173
8365
327
6629
7088
1772
4585
4440
6412
6495
3133
9190
4961
9649
3658
7507
1922
3542
3921
6056
6240
6117
3003
4218
8699
9076
6369
9302
9512
5166
8155
1159
7565
7108
4160
1091
3753
8173
2956
9736
2226
6651
32
4366
8262
8972
1394
2121
1379
4617
5989
4574
466
4447
7556
7471
3053
9111
1464
5365
5154
7284
6442
8793
4015
7929
2273
2911
2141
4052
6428
8895
714
8747
1148
3777
3806
5010
2457
8645
9279
1253
7893
5228
5184
424
6781
7030
6596
2345
4907
7705
6944
2638
1097
7210
4943
753
3280
3260
7775
4213
990
2050
4040
5475
1830
5554
6237
9174
6577
7785
9787
9519
2323
4805
2382
6197
6441
9778
2563
2540
1934
1588
7352
4241
9532
2398
400
6704
7647
3549
8579
5747
4709
1189
6017
5815
4994
6389
1223
6796
5312
5561
5578
3657
7572
8156
7585
9017
2684
9672
3391
2902
4516
1340
6381
5520
4231
7768
855
9274
2291
3224
4957
3154
1397
331
7657
1867
84
4431
7888
7321
3513
9930
113
6680
8780
2503
6987
8312
1194
7996
9420
6377
2946
5748
483
7328
4735
9566
4055
6083
415
9616
9440
1687
3539
313
1779
9091
8143
7186
6956
128
4705
3760
7124
2336
750
2954
4945
1767
8408
641
9452
5691
8908
1968
6462
6084
3623
4689
2596
2927
7353
1002
306
5333
8066
1506
6740
579
3880
7764
4927
8501
3003
9503
3734
3108
3343
8359
5656
7898
7433
4492
7574
8318
2933
1508
3954
1920
772
2072
8052
9362
7187
648
5702
1264
2470
8188
975
142
2083
3416
5853
173
9755
1850
1739
8778
4660
6499
9650
6003
3329
6240
9116
4023
6995
245
1139
8777
4184
5781
1208
9279
4434
5952
5392
2573
2819
9209
9369
3210
9140
2418
9018
6956
4965
3846
632
1829
5854
2435
1781
4377
4852
5715
2882
4506
9592
517
6198
1794
6521
3309
631
3964
3802
452
9364
8288
9278
6669
4085
5465
799
1366
5290
8117
8845
2999
7025
4360
8468
4298
7667
8589
1911
822
6989
3851
7865
5370
4829
6655
3610
2067
1106
1900
4062
9866
8646
3563
4601
8061
6408
4832
439
936
1953
6620
7336
720
2169
5497
1368
2252
4338
8037
8669
8768
4737
1085
1258
2167
5277
2709
4064
124
2048
3762
8243
8421
1098
8101
955
1949
213
8500
2641
1933
4452
2630
2217
8118
8580
298
336
9485
3924
3508
1418
1587
8561
2598
8558
6592
5770
2375
9118
7852
1443
1587
3342
3673
4004
4607
5109
769
9153
1399
97
5335
2149
3526
6949
652
8407
8224
2670
1777
6015
3007
6563
9844
1314
1257
6490
4137
5000
7162
6280
3814
2335
2995
2704
2571
696
9263
4797
7980
5600
1614
6635
1692
3577
368
9119
3608
8198
9455
790
2749
8598
361
2555
3350
1031
2553
2626
5622
3948
5505
3202
2511
8505
9590
3472
5997
7627
344
5206
5171
3172
9949
8178
863
1236
8985
6603
4667
5412
4539
6398
4979
364
3975
1942
4511
7621
6764
7146
2092
6408
7089
5361
4603
4564
5009
2912
2677
1007
5199
276
6217
212
888
8875
292
6827
2916
9517
6364
5798
7176
2552
5865
7959
3772
8185
2464
335
580
9734
3614
737
3581
7608
6029
661
6197
7238
5334
121
7271
492
9507
2242
2434
2458
5263
4144
166
5881
6573
5343
1274
3737
290
3642
1932
2710
7024
8922
422
5321
287
5708
2201
5883
4458
3488
2585
6484
2436
1149
4997
6417
9109
8082
6273
7011
2405
7000
1810
5780
643
5796
1269
197
3442
3432
2764
259
705
9209
9686
2393
7157
5003
3946
9150
5318
7176
2944
110
6787
1440
3580
4135
4002
9545
7752
7546
5176
7512
636
2881
3457
5576
9293
7424
1389
7431
831
6356
7848
3313
6728
7304
8500
6643
9107
8790
4340
7921
8382
7722
8887
5924
8640
1026
5311
8427
6314
5762
7886
8466
9
9861
4892
5328
6549
9101
3688
3322
1050
6715
8184
3333
6912
8330
3438
3753
2041
4566
633
385
326
4154
2421
5870
7206
1559
1600
2491
93
3024
2762
2540
7228
4018
6152
8735
7075
7906
8085
2181
8800
3246
4790
3322
1618
7749
7160
7551
3231
1698
5193
1209
7214
2387
4639
8963
7873
2601
6761
7806
2019
3224
4608
1816
4282
8558
5849
7978
3817
2465
2922
2748
3765
7520
4598
9331
4962
1755
2647
875
9657
7215
5607
6335
1832
9
2523
6053
198
508
5021
7495
1857
3454
3924
6988
8758
5820
610
933
3452
5822
682
835
3918
7190
4235
1253
4899
8289
702
2847
700
1056
2424
7191
1833
9728
60
2201
8664
437
3952
3067
9755
6326
9498
4970
8373
4417
8136
2883
817
8303
1817
846
1342
7986
314
8276
7323
2011
4960
3265
459
7401
3599
3380
4421
8972
1430
612
8587
2967
1080
2157
8421
9283
7575
7144
9306
9264
1134
4568
9370
5398
9035
4193
3610
4202
5863
8019
5484
3405
6276
2724
7499
8862
8722
6139
5280
1776
3549
3560
3892
4710
2951
8034
8707
8138
7789
6952
9097
4573
2889
9337
332
2888
3492
3472
9829
3810
1205
4566
6188
6794
5595
8683
3711
1844
6851
5455
9790
1393
1558
7291
9527
6230
513
7277
1929
1375
7570
1648
8759
5148
6285
7450
7851
6041
632
8127
7651
9356
3817
6658
5645
1800
6218
8348
5067
5710
2246
3493
8483
851
2035
4591
7638
6652
2492
5571
2891
8677
9529
7171
1335
6178
8237
5022
3787
7805
5228
1282
3065
9854
6151
9371
5876
7097
1846
2762
1620
1232
4656
4385
8435
7753
5514
9706
7447
4763
6826
6263
4236
98
150
1637
5085
3090
9342
2826
1231
7560
3235
4413
3979
2907
9730
1236
7125
5041
8593
2440
2093
4735
8437
326
8898
7977
8478
5391
9694
4919
1055
5150
1378
5928
1470
4665
414
6256
7988
2433
6701
9677
2033
6020
5643
8903
9103
3218
5284
1302
913
5036
1243
574
3401
392
1923
1717
1955
8657
1262
9445
8881
7212
3471
8972
6755
1797
5886
5888
7922
2215
2951
6289
3834
3419
2575
1671
178
296
869
9818
7833
6297
5585
8369
975
9308
5468
1266
9597
2310
4379
4887
1202
7684
3897
8466
939
8268
8111
6119
2989
5282
9523
8104
178
9606
9611
3086
5710
1259
6652
195
5933
7779
3
460
204
2581
4191
7491
8704
3409
1402
8548
9686
490
3266
7341
6936
4226
2488
3992
1673
6323
2963
8485
1357
6761
9458
7792
1528
7582
1309
8402
9810
9485
6374
3172
2707
1592
1794
2510
737
4693
6878
1437
227
9379
8287
67
4960
379
2266
3048
3401
9457
3965
46
8000
361
4792
9042
7204
9446
2667
8286
3866
2093
9422
4652
1129
5865
1991
2005
3954
8472
6139
8808
810
8051
6676
9494
2998
3066
6843
6281
6418
7806
1347
8277
6510
3576
6034
2071
3813
966
7916
4490
4299
6806
9181
3816
3842
11
4675
1037
3529
2525
4822
3592
5506
285
4405
1451
5006
9893
3662
7473
7416
7598
7546
399
8555
7563
5427
4819
1552
1619
3410
4297
9704
2092
2457
2221
3954
5027
714
442
8505
5768
2210
7281
4877
2837
2646
7397
3789
191
3928
1763
8270
3190
1894
7472
1707
5943
4911
5370
4569
2288
8611
3728
9172
3459
886
685
4700
2372
48
1184
8934
2285
7268
4663
8736
9969
7867
3066
9829
5100
7468
6484
4409
121
3515
1851
2242
9502
5019
4033
1875
8450
9745
7955
2534
7407
8119
1550
3604
3474
7609
6594
3380
6880
3903
6943
6271
7218
3512
2460
8460
5312
2223
8534
7709
2876
3901
2501
4628
6981
3786
1067
6419
6221
7601
8677
6447
8420
7008
9332
9376
8243
7001
2565
376
6420
6344
5068
2157
1406
4832
2304
3797
5599
180
5535
7245
6083
7215
8226
7638
1617
337
3772
9420
9060
7623
4060
7924
3782
1574
7009
6754
9128
8483
7517
4708
7983
1858
5906
2751
4217
6121
3738
1140
5246
4287
7299
6462
7585
1223
4294
5386
8100
9427
984
6387
5579
1559
8330
2890
4137
5324
1659
319
4072
941
4782
5902
8324
1697
6054
2856
1318
5813
813
7901
5263
997
2836
1843
6026
4183
4277
4998
1908
5253
3284
5692
7191
7765
5700
2164
8226
582
1126
2730
2292
6393
7467
8697
1095
330
2011
686
6826
9273
3407
8404
8679
2713
9448
7058
3827
8597
690
8253
7971
682
9667
3419
3900
3877
9486
6949
2547
9705
1796
1928
9091
3085
2218
2201
1740
5728
5285
2578
9529
4986
6242
4510
9626
3296
178
4956
6560
8339
1794
3507
2663
1158
9113
771
9245
26
5547
2819
8721
1897
5787
9933
2423
2875
2621
3746
3656
1463
4809
9435
3765
2074
3963
9293
8076
5229
7815
9640
2180
9814
2601
1596
659
9694
3083
6809
2447
778
1745
4834
3072
8264
8158
2492
1316
1800
8809
8585
8509
9860
6041
8443
8293
1230
2317
4663
6081
7013
9145
3672
5844
6498
3931
5661
1338
9925
204
5504
5925
3960
4546
3044
8500
5052
3537
4922
4175
2104
4945
5360
9712
2491
9275
3815
8859
8730
2814
6495
1678
2474
222
5233
931
7628
3788
2248
5602
7680
9184
8253
6499
6455
7058
8318
5874
4425
201
2315
9867
7567
3723
8237
7093
6191
6387
6338
7131
7506
2416
9241
389
2755
122
3254
8229
9206
431
5395
9518
3314
6620
4356
6559
4060
9623
2069
3932
9650
4249
2418
9645
6657
3337
211
384
1012
1379
9361
4026
489
2248
889
59
4929
2063
2493
1584
1044
3305
6449
4737
671
3026
345
7834
2891
8308
9948
6135
5131
549
4644
3609
6146
6064
2261
9317
46
1137
7112
5868
5477
8634
1732
7749
8714
3027
231
3334
4364
9182
8886
209
3292
3768
2127
9867
393
4076
4039
8728
9081
6353
8101
5298
3494
4724
3690
9705
8482
4560
5803
9540
2265
7609
9964
5365
2514
4377
6443
9867
1649
1698
1446
2545
7116
5506
8554
7300
472
8916
5370
9265
5503
8978
3048
7181
3472
1560
2755
9902
5348
1909
1789
342
360
7307
2039
1137
2140
9093
5707
2500
7190
7864
3558
8629
5972
2946
6864
1049
7421
9935
4921
9192
6114
2635
434
7917
8838
674
5797
7721
966
2530
5906
728
39
7330
7016
8747
3340
9196
1644
1172
6241
5269
7320
1345
4503
3006
611
1007
5851
5955
361
527
6165
7313
7687
4166
6186
8148
9493
7727
751
4557
9584
5387
8315
4371
3907
1497
3479
2481
8513
1584
8372
1789
1650
5784
105
3737
6520
3433
7400
5586
5868
2012
2908
4230
6106
6877
7746
3971
1462
7218
5392
8522
2537
4517
4726
1042
7612
7773
4192
1208
7215
9739
3221
2212
4999
1280
6079
5256
9490
2844
7223
6993
8632
9361
6076
9696
4512
3062
3760
6242
364
1656
9535
8347
1298
602
285
6354
8663
605
1435
5638
218
2762
2198
1966
9163
2972
9196
9085
7334
7388
9147
6308
5600
4980
1128
3650
4621
7460
8105
3399
9067
4179
3888
6262
7566
8909
6932
4136
2505
3931
3805
4926
5478
4161
5292
9646
8962
5680
6597
2206
2728
3436
1306
6911
2440
9079
4389
3905
5252
2396
6257
740
5287
6456
6758
9678
5506
5155
6751
3913
7172
9437
8121
9220
1990
7379
3835
8409
1248
9888
877
9519
5019
5552
5142
1014
3700
256
1078
6959
154
4001
8380
7550
8132
2684
8213
6456
7106
8639
2514
6886
2270
7270
7060
6412
7038
2852
247
8867
3434
5568
1672
4658
884
5421
3956
1980
1401
178
8751
4386
9250
4744
3822
9465
8471
8562
8129
1318
3777
790
6097
3702
9994
5561
401
91
8724
6874
3748
5440
4866
4
9083
4637
5911
9111
7529
2726
361
1376
933
2270
3377
4085
731
2377
3315
717
512
7822
2244
7292
1055
2587
4748
1132
1845
3092
2074
1382
8325
3267
6910
7792
7241
2019
4087
1409
7223
264
4794
2800
5339
5269
6219
4619
4374
6993
7803
2867
8995
4308
1391
8452
1186
9275
3864
7922
6867
3067
8548
974
5040
466
6817
7801
7959
6328
2681
3904
7043
9029
3263
7525
3110
6445
548
5406
5989
3174
4725
3366
8624
7162
1509
6674
7836
2968
7859
6862
8719
5540
4536
5302
3880
4463
7471
2177
744
4753
561
8375
8129
3059
6796
2819
8985
1705
9903
6195
4922
6684
7989
9500
570
4422
5323
411
4963
2886
9087
5110
5598
1684
3368
577
4288
6511
2812
2317
3969
7617
962
6635
4484
9780
4549
7774
8024
13
9041
2605
4955
6663
3757
9512
5014
8571
9781
6162
3065
8283
3458
6717
8659
8174
3496
3764
3613
2981
8189
2417
6868
4908
1345
5679
1202
9821
8846
7881
8680
110
9005
193
8378
4570
5410
9614
4263
493
5846
1420
2499
7273
9727
87
8371
9878
7486
8578
3284
2007
3684
6209
808
6759
4994
5640
9582
9377
9660
9882
7821
3807
3672
6899
6140
2091
7113
8609
7553
3569
5411
1197
2149
2661
90
3096
8193
5569
2700
6880
8311
8919
6967
2354
8798
4853
1464
6697
1787
9542
7521
8964
1289
6740
9030
726
9398
9564
9445
1271
4329
8106
9039
6312
2067
3875
4583
4052
2945
6466
1734
4577
4523
5962
5337
182
7805
3322
7016
6087
6175
2654
2355
2715
5474
5698
3115
5679
5242
1489
7162
7443
5683
1196
3536
4450
4049
7783
8667
8687
9912
6861
5618
5754
7364
1747
7422
7746
4838
570
9301
4069
2156
5742
6021
947
9820
4348
7738
4001
5725
3632
9148
5305
8609
9740
1160
8382
9011
84
1912
6509
3689
406
7570
2127
3830
5928
4074
1163
303
5994
5685
7160
9255
9914
2667
7808
1290
3654
9928
4785
114
8011
5903
493
4905
4429
3259
7905
9596
2880
5284
6706
3897
1058
9530
4371
3269
4555
5137
1667
2427
5869
7706
4100
5828
6022
2921
582
1664
1636
6104
4290
6799
6664
39
195
175
1235
2030
6110
1346
7405
466
18
7451
3460
2079
9722
4020
529
7432
8560
831
2247
9048
5436
7384
9109
9284
9961
5715
2411
6911
4520
9367
5305
8089
9455
2886
1282
4677
3145
856
4703
3190
3681
995
1504
8757
7801
5273
270
1186
6212
5646
204
2484
8420
7269
8876
7374
653
2342
9038
9249
9865
2333
2930
8024
693
7186
1871
4884
3368
4513
1468
4148
2211
6950
1867
2144
5412
6647
70
5922
9669
9421
5265
8434
6593
7903
7295
2845
9687
7533
2945
9905
1047
2807
4969
4312
1785
8472
6700
3166
6205
1266
5702
8368
1516
7015
5720
4211
9566
7457
6780
1150
7957
2815
7417
8038
7383
732
9538
1444
2473
9213
5400
7332
790
6391
1424
701
5471
955
896
1576
3372
7040
8370
9471
9536
1179
2587
323
4075
1948
4533
3801
2346
1192
7192
9603
7913
9423
8280
1095
1976
394
3672
1374
5035
7267
3164
7707
7451
2448
1708
4709
1434
4941
3108
3331
340
8645
4392
3860
7072
557
4037
6824
6902
5005
6323
7678
7195
2731
503
9834
7400
1510
6532
9250
329
5085
7793
9590
9329
9386
7542
6010
2602
6174
2864
4738
7450
3321
1396
9897
4801
1606
608
3581
3999
3905
2477
7514
867
6966
4017
7649
1517
9175
4449
8677
6773
2522
3539
9811
7541
957
9953
9307
4529
5927
9881
6287
7799
412
3986
5047
5393
2812
6538
7998
8344
872
6682
7436
7026
8114
2843
8641
9276
4113
2769
2651
3618
590
5557
9492
9019
4158
3969
9420
4691
4428
2869
4734
6928
3921
5414
7169
9045
8627
5974
2269
7028
8311
6591
7544
9086
3573
2312
5325
9639
3751
9594
4071
6645
9885
8364
847
951
7264
5035
8000
2819
272
6438
4995
87
3373
261
3132
6288
7263
361
448
1753
6050
5262
4561
2427
8945
6670
8664
4115
9405
9343
7566
9138
7963
3516
3479
8222
2344
6162
8316
6165
7977
6785
2675
2833
6035
3970
6444
775
1923
6391
2170
9642
3884
9309
4781
8189
7275
5455
5784
3109
1768
1013
1972
6524
4411
6937
9296
3058
7001
7930
6339
1870
5226
713
464
2115
2007
1761
8341
8397
2533
6532
496
8123
9801
6336
7741
8854
7815
7920
6928
4367
4635
9422
1900
24
9219
8791
7727
1544
9879
2343
7946
5810
1382
6180
6720
8607
1166
1190
8746
9159
1672
4515
836
1231
5453
8905
6120
1101
3577
7045
1989
7495
3291
8448
9019
3017
6261
4889
5766
2341
8919
5198
1477
4900
6770
2660
4390
2251
2028
8806
2575
7145
1951
8121
5755
8908
829
4158
1888
8676
7605
1585
873
5023
3835
5359
5125
4659
1847
6052
8331
379
8780
9346
7479
2232
6867
9390
7398
5513
8003
2212
1322
2294
5711
570
2746
6901
3597
1842
7738
7823
5199
7849
3314
4141
1759
8077
3165
5276
4731
8060
736
1823
1147
119
7333
7556
8891
1541
3860
3375
2745
3396
9037
2162
8045
5434
2340
2366
8464
4346
7481
6515
2154
5730
5347
4163
5116
848
6408
5349
246
7797
667
8726
3255
18
7171
1401
863
8863
404
1039
4770
8539
4541
898
5787
1229
7437
75
8506
552
6306
5283
8140
1758
7935
1703
7749
1883
4618
8180
7789
9042
8495
1170
116
4486
8100
5502
3747
5902
1435
1199
8465
7195
9917
5497
7950
9398
5673
2560
4752
2642
8121
9972
9607
5601
4973
8187
9007
6707
1078
605
6066
2697
737
1817
7799
1543
781
5092
7003
8343
6795
785
8842
7018
4162
5628
9418
8458
6652
2497
7605
4012
1937
9866
7841
753
718
1301
4461
9835
3105
4676
1578
3820
6579
4413
3107
1561
7122
8322
6411
9038
5322
5387
3618
1500
544
735
7027
4109
2219
2930
9357
8248
3455
3960
316
8656
2967
8776
275
4855
574
5643
2281
1343
939
5524
7021
2785
4566
1194
8006
4743
2203
5984
7276
8787
4522
8005
1613
2931
7001
1367
2189
172
9335
5443
9773
7155
8365
8935
5062
4731
7939
5369
9890
2840
8011
5760
7240
3346
2094
3392
7810
7141
5874
6051
6924
693
3493
323
2444
159
4825
1716
7128
2523
1260
1486
7544
4958
1682
7112
3497
8619
6145
2976
4539
9129
1353
4103
3672
7136
4222
3977
7794
1741
3315
5450
9191
1013
3573
7788
3971
7399
8929
3869
9571
9177
7155
7725
6481
8660
9948
7054
6481
9852
7103
6340
87
2183
1624
4556
3842
4416
6713
7144
345
6595
5699
8456
8225
5800
6317
7461
4968
9005
9924
54
6577
5899
4080
2518
6252
379
9598
4557
2241
9489
6159
8250
6121
9222
8284
4130
4889
2628
9348
690
732
5243
8916
8449
3532
3073
5186
8433
1869
2869
1207
1668
6134
324
982
3178
4589
5109
2124
8793
9389
9279
4550
5030
8039
7402
1530
3855
7378
1955
8643
9819
2656
7593
1628
2281
3647
7060
7480
661
8024
2709
5644
4633
1975
7592
5834
9296
88
2471
7339
1397
7274
1944
2439
9019
6515
2807
1012
4070
7456
2014
5865
9190
5447
5152
6430
355
5979
3765
7778
2644
9035
2863
8072
778
8472
8988
9920
2489
9072
8052
4189
6775
9228
5474
4760
813
4930
9216
6560
2619
7176
475
9339
3959
7062
5013
7598
9093
4262
2009
6853
4755
7659
1897
5296
4907
5547
6099
1099
7020
8475
6434
1896
8402
2165
3793
3050
5233
1848
1994
272
977
3165
1997
7709
5411
7777
4540
2896
7346
6772
6611
9381
6005
6556
7765
5543
2481
150
3521
1392
363
8443
2995
4174
8234
8139
8727
9156
2715
377
8233
618
2462
2643
24
5602
9230
5212
5752
6553
4254
1191
3527
6181
9983
6130
7319
7313
1230
6797
9786
5426
8282
9893
8220
6357
1987
6018
4714
7752
9710
9881
8240
1426
5
4959
5136
2015
9179
5467
1359
4283
8349
8501
649
7146
708
1041
1845
3090
5959
4675
8595
6854
4462
1790
785
3969
1169
1341
1149
7899
1807
7404
6117
4890
5322
4116
6378
7575
4495
1937
9539
2444
3507
674
6094
6808
1177
7341
577
8799
9297
9228
1103
7392
8282
9848
1382
7716
5704
7248
1124
1664
1393
7670
8026
8407
225
7766
3609
8048
9853
244
5785
3695
7092
1169
8505
4242
1954
3690
4848
9066
1854
8541
9330
8420
4323
2136
4382
8995
348
4528
8756
8124
3449
4682
6724
14
2974
7194
1073
4956
1754
8134
5381
4904
1300
6406
2958
2909
5970
5899
9270
9993
4692
1497
3456
1557
141
2450
6590
179
1825
5440
1952
3491
4938
142
5799
5890
2309
116
1991
8799
6665
6093
8347
9803
4936
38
8066
2125
5261
8390
839
6911
7669
7908
110
1800
3883
3418
8426
8806
3404
308
5532
4856
4217
6037
7206
1878
8282
822
2478
334
47
6443
6910
1180
962
85
8680
8341
7560
2493
6838
1408
4567
3251
5487
5984
177
6436
6662
7634
1007
6001
6269
6416
8505
5122
4183
1536
3473
5846
4730
9853
4431
453
7203
528
6503
1573
3316
74
5639
3557
5256
8752
4092
9834
3239
4755
9509
1203
8773
4938
6895
955
6389
7423
559
1802
7324
2916
9246
6152
2240
880
6622
2304
7950
2633
1195
6508
10
6159
2989
6659
5889
3763
4010
8108
8827
7970
9512
3165
605
7843
4752
6548
9946
8152
7870
81
6042
1748
5093
3903
8866
3754
1119
2558
9043
4109
6226
5822
3247
8473
9423
9353
9237
9789
340
6173
3230
9156
7056
3252
9296
9679
4230
9490
9408
7600
9307
8267
9668
3365
6666
8335
8998
8096
7255
8756
9685
6735
5377
4061
5670
4588
9488
3036
2568
5187
3197
9425
5956
2443
5761
9054
3171
1187
550
4329
6057
7307
9690
9804
2864
7500
1361
5517
6976
693
8090
6325
1833
8387
8506
5120
7219
1932
7973
9456
9309
4664
2299
2989
930
3964
1726
8413
9593
9396
2610
6028
5211
1500
5454
1800
4448
3452
9071
8972
5842
6734
1947
5671
5219
6205
9874
5288
5403
5660
1873
1369
9945
3792
993
9701
2618
5866
2812
6214
8024
8581
6159
8079
6058
664
3787
4147
1353
3801
486
6769
2658
7407
9486
8765
2951
3570
5134
3707
7584
3441
8633
3754
6368
6367
5234
4523
5042
6410
1534
3597
1858
8778
2770
7031
1848
483
8134
7409
591
119
3147
5135
7603
2731
8824
1786
5993
1076
6928
141
3465
9358
720
6473
5030
4937
5812
8166
1966
3760
7049
7654
6412
1095
6573
8087
7419
6912
8243
2934
3637
3706
8818
8410
8826
3335
5245
4692
108
6985
3630
5553
5927
1208
2955
9241
5310
8898
3626
9831
5376
4912
9809
6261
4874
4096
4102
3476
1526
7572
1989
9157
2353
7383
4960
2823
9193
3943
3552
349
8037
9652
3034
2843
3024
3139
6989
8173
1277
4687
1864
7412
5150
9133
8952
3390
6623
3338
1887
5409
7581
211
3504
8244
8389
5008
231
4841
5143
9455
1366
603
8600
2265
7433
8496
1975
9106
3131
875
5831
4482
290
1281
5243
3019
7781
501
2705
3863
6222
1938
9077
5600
4970
9733
8598
7595
3148
3221
6613
7202
7762
8384
3865
3212
6352
2499
6064
7899
2969
389
2016
1601
76
6464
5532
4528
7498
6526
9074
1261
4325
2812
3408
4800
4708
1133
4743
3371
5716
5758
6248
5444
7449
6625
1355
4977
2418
248
847
3567
8394
2416
4828
9807
8986
6664
1123
7806
3499
6764
6055
3919
9562
8226
3221
5447
7061
9856
7582
916
6561
6088
5221
9931
9342
7810
3380
4333
8674
3540
553
2965
5074
192
6542
6608
8864
3818
1910
3226
4525
1189
291
65
7935
4873
9669
3224
9502
6690
6061
9898
7289
9656
3727
5753
9734
1271
2470
3634
7958
5307
2849
8559
2326
4649
9835
473
3474
460
8649
4695
4356
4363
3596
8023
1466
9348
8742
7896
9782
4263
2649
2050
2798
3377
7163
9026
9044
6532
2870
3414
2896
7215
2987
242
5674
5887
4423
8380
2292
3154
6446
4874
2723
6787
9828
3830
1902
1687
3963
7226
3006
1635
2966
686
2118
3656
3451
6700
2221
748
2727
2556
8918
8182
1596
6065
2033
742
8790
943
5594
5887
4091
4023
1470
3009
1504
6656
4958
8967
7688
4516
2269
2938
599
6004
6852
3504
3221
649
7188
4085
3279
6936
6811
3044
5623
7377
1359
4370
2603
9621
904
9143
2419
9457
1819
1418
3364
8891
304
7143
2434
6855
5701
256
2578
7975
6491
2478
8429
7197
6126
4594
496
9294
7603
2140
2928
7478
9977
8054
7995
5281
7090
1631
3114
8637
7691
1616
1203
2138
311
7548
3371
2282
1658
680
4617
4891
3233
5844
2069
4574
4799
9142
1967
5811
6865
9298
844
83
1187
9144
5994
8730
764
8634
2085
8399
5684
1591
8611
1649
3607
3513
170
8719
6561
2072
2433
7876
6232
3737
9859
2142
9178
4918
8944
9321
3099
7899
7565
5901
7680
6266
9116
9873
4922
9372
9495
1338
6506
6245
7078
8308
4691
4227
1632
6283
6398
9346
942
5510
2790
1422
2186
8513
243
7799
3622
998
2020
3578
1978
8072
3941
8562
5461
6155
6113
3690
1796
1171
3056
9229
369
6471
5649
8844
627
2321
4532
1356
8835
2534
7086
3209
8974
8605
8655
9403
4294
3389
2224
3252
5492
2071
3973
1010
2616
3277
3971
8695
2993
9709
1867
4387
5096
3823
148
3243
6534
5223
7639
56
8085
6086
4900
990
1044
644
7730
3847
5733
850
9331
3356
6784
7311
2789
7551
9418
7881
1989
9192
737
7406
3759
506
2718
8974
7904
9729
1373
5550
8076
267
5304
9548
8715
3840
863
8346
751
4127
6628
8633
4337
886
3139
4836
2281
6525
1167
8885
6059
2784
5304
4568
8926
7432
2344
8250
6841
1284
6284
9597
1543
3609
4384
3915
6921
2131
8851
340
7530
3479
9434
2199
7742
8247
3744
5081
5315
5792
5403
5364
1546
6756
570
735
9359
4671
4954
2102
1939
3224
2632
4726
4827
198
2753
3255
2449
9180
5429
7590
7192
4739
3610
1406
5998
9826
6892
8899
698
3820
5730
1194
7188
1511
7052
7432
8388
9476
1128
8950
9202
3984
6164
9022
3437
2758
6334
277
6455
926
9560
644
7245
1846
455
7764
1029
7916
6426
4997
816
5861
8903
8140
1311
5917
6001
1783
8513
7419
7494
1230
9962
2384
5797
24
9312
9436
6108
4215
7919
5982
8448
5009
3724
9350
406
8316
8423
6840
7502
9829
4745
9743
9023
2044
6493
3547
9213
8096
2715
4328
6679
2643
6527
9549
2621
8585
9241
3502
2559
8019
8973
1822
7377
4466
9258
3237
3675
7178
4232
7114
5244
2005
6746
4989
8638
5584
3027
6356
9892
2070
4038
5183
8688
8423
7349
8122
9202
7349
3483
9983
9963
4075
6277
4053
1648
7914
2202
9641
649
5474
1260
7943
2713
8217
2919
6021
2488
9659
6246
8444
987
4862
2309
8020
5781
5056
4480
731
5319
4351
3211
5538
9380
3829
6363
6533
1359
5231
6529
6756
5765
9864
6663
4338
7
9222
7843
2329
2624
7697
9929
4424
4709
4235
8188
6683
7962
9361
5013
8453
3057
1116
860
685
2429
3236
6899
7026
4645
6530
9955
1931
5476
417
1869
7040
9853
8272
9378
5567
1579
358
7231
5164
3046
4755
2592
3048
3603
2430
2102
4876
1171
7888
1187
8082
4715
9404
2865
3024
3747
9498
1058
1026
6168
7887
6515
6116
6204
