5917
7226
6378
3012
2182
3212
1063
7569
921
1437
4046
5743
6320
6080
6384
7593
7154
957
6950
4416
1897
5856
6325
6096
1217
6509
6045
3024
224
7601
4926
1464
7004
3827
1384
573
1117
7754
5885
1592
4881
4872
1285
5669
645
3348
526
3718
551
4117
318
6567
7125
7306
5303
3197
6497
7287
6949
5544
1060
3258
3303
4632
7995
444
7191
1291
4963
3
184
3572
621
2595
1595
7416
7581
3028
7214
4753
1637
3231
6018
5397
4281
5619
6071
4689
655
4372
934
6735
6901
3443
1770
3447
3278
3416
6636
5458
3370
7740
2826
6953
4865
2099
7204
908
4236
4230
130
3055
1217
6175
549
5998
3817
4765
7465
305
1375
5768
5267
5738
167
6622
1661
7355
3496
2508
27
2229
264
1912
1961
6396
674
7035
5363
5958
3494
6764
1792
5250
7566
1495
6364
4309
3961
3341
2177
3839
5798
2837
289
2780
2830
5824
1683
3335
5213
1178
4247
4697
3599
3133
712
3087
4644
1919
4061
3785
5055
5963
1755
7279
2849
333
1371
5614
7804
4551
6707
416
2167
6273
5764
4618
4477
5021
4960
2687
4418
1864
3478
1761
4372
1549
2779
6343
6169
2692
7702
2555
2283
2663
1543
4122
4045
388
7445
4766
2568
1423
1780
2937
5286
4367
5040
4439
5002
7481
2648
6918
5930
2074
3593
3314
3755
6509
3542
6601
5784
4044
913
1917
5182
5507
697
5672
1062
2433
3648
3209
4719
4840
4343
1900
2184
1539
6616
6632
5256
4759
4528
3650
1834
2898
7015
5167
1960
5473
2477
4471
3314
1309
5379
2869
11
4901
483
5883
769
1927
5389
3602
6087
3863
2160
2783
6640
3170
7281
4705
3850
6013
2522
6934
2517
6710
4642
701
4639
492
6485
1655
2877
1339
6688
967
3496
79
1211
3128
4081
3418
6067
4318
7714
7456
915
3956
3571
7279
1006
7845
166
6765
844
5222
5439
7497
1647
256
4771
3347
64
4267
1228
7848
667
1558
7911
326
2484
2180
6283
4158
4644
2000
3413
263
7444
4753
2980
7214
7300
3928
2094
4715
5881
4694
7805
7440
2241
7131
6922
1307
5220
4153
4596
6442
5737
967
3229
4238
2945
1281
738
2743
532
7053
2356
6031
5479
2072
5656
6948
7783
7391
6455
7229
1429
2122
4962
2957
4301
2738
4391
5189
1396
1539
1928
2692
7933
2045
6622
6890
4505
4373
906
2378
6649
5432
7123
5438
4929
7599
1953
6804
1162
6621
6741
2213
7892
2150
1411
1350
6727
5418
7437
7000
4900
4271
3677
5435
3469
2141
190
7775
7213
6882
1624
5754
4357
7606
1030
3670
1556
2040
7510
3074
5730
7735
6236
104
7530
2574
6835
4671
1954
4647
4049
3159
5416
5216
7238
1937
3850
3210
3345
2161
7922
78
4575
6668
5421
5802
7265
1243
662
3737
393
6898
611
5521
5408
7818
4043
3110
1095
7482
3795
4556
6728
6469
6132
4473
5336
524
2539
5161
2603
5220
1245
6395
1268
1026
420
4793
1656
3987
698
2997
3534
2089
4289
7950
437
5455
6892
2386
7185
6205
6542
6717
1220
5223
7421
4704
2597
6832
5922
5341
608
6524
3936
2511
2538
4578
2527
2374
1951
6017
2292
688
6009
6570
1775
2323
6255
2746
6080
1014
2920
587
1286
4256
218
449
5302
3384
6596
703
5604
6795
7044
5308
5233
7852
5461
2160
6354
438
617
4008
5560
2669
7839
5945
5409
4035
6369
3537
3323
3830
4573
4521
1264
3798
3358
7126
2770
4517
262
5183
2405
1943
6890
809
3075
504
74
1902
2608
5741
620
3277
3771
1426
2579
2906
653
4867
2721
2838
5905
7030
6086
4633
5120
2053
2532
1772
7431
4106
5121
499
4632
5284
808
6663
7818
86
5148
2594
5358
3853
5306
7859
1647
5186
3306
5010
5157
2486
3393
5326
2934
3546
2807
3873
4969
3409
5504
1285
1161
3917
5065
6623
7474
918
7568
1434
3835
489
5664
1423
7935
3517
6568
7584
2378
3297
6519
3236
2589
1345
3287
3004
3807
7303
7619
6276
5664
3677
133
3238
1738
977
4017
3400
6182
6866
4728
5093
2952
6295
4393
4985
2969
3231
4874
7254
6911
3091
847
4564
6571
5383
5365
7718
4478
543
318
3207
5336
1806
1609
466
4031
6906
7309
1137
3561
6204
6770
2094
6247
4227
7884
6565
1646
2840
3572
4122
5954
5243
3077
6503
6529
4717
7792
2830
4425
2631
1725
301
199
328
287
1231
5853
172
3890
6302
3247
3575
5011
2039
6859
4753
796
5846
5106
2059
5306
3120
263
1087
877
3872
5907
6486
1180
7289
819
36
4691
5882
3679
3181
2074
7327
4311
395
5299
2260
1643
4775
5679
132
7400
1317
749
3728
7770
2588
2352
5084
2691
5954
7900
6723
534
743
2317
3434
6448
2840
3604
4210
7700
1572
2703
7175
6369
5819
4772
2646
2003
49
6234
6747
370
3362
468
6040
5146
7984
938
1441
2408
232
869
3796
6270
2499
6935
615
3444
6920
4565
3482
4059
2255
3027
2507
3183
4128
3354
7080
3864
1401
4328
3711
6237
5102
2084
1649
2406
1003
3964
6725
7596
6805
5405
536
7999
463
974
3954
2163
2521
2986
1141
6184
6802
4088
5679
3125
7134
4008
7630
177
4450
4652
3955
6173
2668
6385
6303
7665
3056
4409
1418
5122
5741
1239
5458
6732
1583
2758
2448
1762
5677
6693
7239
2159
7890
147
3638
3176
7513
5923
3853
3536
7825
6076
4348
1383
3008
4688
7910
7920
2084
4791
7220
2462
4885
1703
6726
1690
4870
7314
581
627
4394
2460
5332
4963
1843
4664
6757
3578
6709
6110
5992
6570
41
3371
4125
2862
3406
3541
2507
5335
6058
5064
2889
7668
3119
2018
2617
733
6904
3144
3733
4380
2482
7907
2849
6329
216
5179
1024
993
534
7662
4643
4402
6159
7820
1564
6693
6970
6290
3537
4185
2087
7170
2251
2744
6816
6555
5358
2952
6506
5946
515
5392
875
845
2161
868
3045
3375
6859
6672
3232
7654
6338
6301
3686
3829
5307
4355
5928
413
4412
1323
2686
3319
6207
7198
3084
5735
2153
80
6272
4798
5140
6339
1527
1518
3721
6874
7359
3114
6473
2427
3703
3482
4298
7647
4371
56
3007
4089
4540
1482
1680
2368
340
3388
5737
4763
6551
473
7470
6760
2205
6118
6476
6441
4092
987
1195
7628
7370
5759
6912
5974
3136
2719
1342
7211
3258
7850
6956
1532
7578
300
4050
7181
4301
7589
3597
290
2469
5445
2626
4230
806
5959
1263
7863
2012
4647
2077
7985
2153
3585
690
6421
3741
3400
4323
6390
6910
6559
1862
4929
1959
87
6981
4934
1676
7302
5486
3111
2075
6848
2984
3803
382
4213
2241
5152
4797
6951
4642
2619
5249
4614
6116
4077
6899
7017
6715
5876
4547
1195
4560
6778
2053
2016
5357
3422
7221
6835
146
1630
5787
2141
5988
3294
4746
7364
5381
1303
7234
3502
2623
2847
5045
1632
6745
1104
7463
4759
3084
4632
2478
5922
1744
3485
1561
5146
4431
5963
4013
6400
3515
2619
2314
177
5627
3713
429
3400
6272
4050
3855
7760
2934
2064
1898
292
4631
4852
6875
3046
4761
7831
611
2840
1992
5085
135
3290
6382
4414
4120
5312
2286
562
6541
3663
4912
313
2060
5397
1718
7236
4807
6882
3469
7043
4867
5158
7648
6028
2228
6312
2343
3109
965
5409
2748
4974
4787
2291
4558
6382
2265
5001
814
5240
2374
12
2311
2617
2890
2302
2731
1953
3920
2295
5000
5612
3301
4602
1081
7436
5655
7092
7289
7413
4152
7056
2546
4420
4994
4345
1331
653
7380
1645
6721
64
2971
7227
324
7734
2316
6873
6498
6174
1933
228
681
895
627
5876
6822
6377
7654
155
7507
4412
1505
6075
6764
2964
1174
3201
4578
7056
3502
4738
553
6654
1326
3120
3180
1956
1141
3640
2336
5549
162
5564
4022
2415
402
2920
1770
7253
7239
1267
1337
4270
5988
1460
1583
2064
1684
6174
4126
7018
2315
4698
2027
7462
1893
1216
3266
5751
3114
7665
4969
132
5683
7059
6322
2928
1510
5994
2315
5382
2588
5392
5167
1726
7588
337
5695
1582
6369
2917
4587
5136
7630
1930
1610
6508
1506
4798
6922
7394
2575
1558
6145
4950
356
4478
6946
3768
914
3214
715
3822
2059
5636
3450
2913
6662
7268
7392
5153
3679
6185
398
630
2460
7526
7052
1476
6155
830
2249
3418
5190
3772
5932
6167
6553
7440
7880
505
4730
2279
751
3
7350
2598
6237
7178
3885
3266
1301
2397
6708
5118
7242
6735
1432
4354
1011
3555
1538
7317
7937
274
2806
4791
941
5563
3893
5598
3242
5480
6979
1739
6330
5368
6083
3015
2397
7407
7678
4223
4836
5078
3138
761
3683
6224
7207
4018
2692
6523
4525
7702
3640
5759
321
2011
5641
118
3870
7355
4492
3704
6417
6924
5362
7170
4181
7549
6717
4290
5532
6447
2895
7745
3055
4205
6237
749
364
7626
4931
2178
2159
5654
6066
1301
6092
7932
1540
2173
2296
1083
3056
1630
455
5183
3993
3987
3663
7388
1857
7799
5996
4326
1562
5264
4317
4975
5949
7129
1868
2782
5172
875
2155
4776
4849
7303
4602
4206
162
1730
2469
179
6428
6478
6345
5432
7412
5984
599
4918
6189
6851
1489
4984
5003
3193
5554
1810
5702
5705
4778
3201
602
6186
2951
2465
2747
2762
5359
6661
2598
2171
7690
1910
7443
7355
508
6539
3847
1246
3408
6882
6021
3930
4144
5880
1828
2095
17
5675
1148
7985
299
201
2938
5491
3942
1044
7124
530
7824
1813
6742
2459
5323
345
2906
6362
2884
3660
4757
6848
733
881
4878
1904
2349
2236
7595
2342
3293
5644
7204
5060
243
1288
2904
4923
1515
341
2110
1554
7745
3889
1204
6166
5260
1647
3635
1246
5316
5071
3300
7418
612
7545
3403
7096
7723
7510
7009
1810
5052
3724
3329
7671
2085
3796
120
1652
6332
249
1727
5119
4581
6639
4100
1120
3697
2637
804
3453
4961
3176
3446
1728
3208
4878
3969
7143
4814
7004
3213
2407
529
4540
2967
574
6885
7615
1630
1236
5564
2259
2010
5709
4449
6113
1100
2798
6494
1606
2160
4905
3838
6955
5136
1606
6253
3907
2610
624
507
5920
6770
7258
5695
5619
362
2316
7576
5918
2893
7374
4047
4151
6099
2223
7576
4828
4814
5874
312
622
3484
2646
2240
7532
6453
7809
1591
4396
7076
3016
1686
7735
4435
4254
5228
2882
1407
5078
4002
1925
714
3414
2265
1658
3055
3354
7855
1140
1104
6818
3809
6682
1579
2810
394
2238
6059
804
3594
1630
3035
419
6722
4790
5045
5670
4859
1791
6937
4048
5606
6472
6873
3104
7358
7408
4209
2946
2442
7165
7188
49
254
5533
5089
6791
7745
3446
52
5346
1162
7020
153
3957
7459
3887
3420
1448
7120
2301
7228
2029
2057
7867
6270
7329
6626
1068
5597
474
1803
3211
2910
3731
1268
7627
7426
753
7561
1897
7573
1841
3355
490
7396
305
3614
3063
3979
4887
6415
1105
1644
5474
110
1842
3900
5963
4393
2306
3703
87
3225
5938
2164
5948
5029
5817
4243
3693
324
2793
5778
1732
3425
2925
2431
4299
7895
6305
1544
1768
7003
4750
2670
1506
2873
3905
3992
5844
6199
4358
4100
173
5590
4550
6872
992
7734
2234
7831
6831
4569
2507
3887
6032
2496
3208
6958
4153
7665
259
5141
7309
2202
393
3205
4963
6608
1083
2198
3375
5296
7117
1863
3151
2790
4955
6671
7796
2700
7139
2770
2859
2858
4771
623
3527
6812
1808
7798
1453
7441
6768
4535
3132
2735
4373
6837
3478
6868
6902
5370
5136
4344
5547
5956
5426
6062
7364
797
3179
6473
5319
2632
5460
5083
5701
6487
479
3801
6360
602
3996
6874
699
2226
295
5822
3718
6787
242
300
5380
6152
427
3891
1715
4096
2505
2130
343
3654
7480
4947
7867
1918
7263
6673
6661
6123
6346
5723
1205
2974
2233
7921
3130
521
1284
3307
2289
7474
1385
953
6395
6211
4276
3461
2873
1214
522
7093
870
4493
2065
716
3026
7415
6783
1776
1847
4463
2302
2950
4218
5511
7033
6201
7935
2562
2886
3226
5737
1350
4208
3426
6061
880
2975
722
6801
7362
7974
123
391
6647
7913
1498
4192
3256
7913
1691
6767
3431
6126
2238
891
5655
6800
2135
5152
5343
2849
5359
6402
1412
7226
5705
5295
83
5729
1727
4368
6032
1876
202
7820
6984
5621
2144
7098
4803
2513
2167
7680
2902
7182
872
7949
2069
3569
1327
6447
3173
138
3279
5137
7086
1405
7890
1877
1136
3181
4654
3594
6381
6470
195
6410
6340
6951
3009
7091
7070
7915
1127
7808
4929
6483
2150
2435
4866
7633
6372
3713
3479
2483
5084
4010
1226
618
34
7155
6666
4407
2500
6226
6236
6001
3852
2645
7343
501
5923
6304
4428
6570
5136
6273
5036
4591
5341
2929
2019
2788
2970
3306
2811
6610
2171
7583
7644
952
7388
7197
7462
4787
2918
3580
5345
2057
4489
4865
2508
3985
7913
5972
7442
387
1941
3928
5722
6744
3442
4716
1981
2589
1590
7166
6483
3162
3856
6727
4454
4761
2533
5286
1608
341
5238
7133
5185
3905
1309
4514
1376
625
6070
5475
7346
5097
2587
2970
5521
5569
4103
4360
5652
4273
3420
6289
1956
2175
511
5811
6446
1794
5857
3108
4916
7185
7001
7432
2303
1165
1645
6412
3567
6280
1584
3106
7410
2705
773
2265
2131
7838
6145
2007
4202
6996
2351
4726
4082
4917
7725
1273
6775
4262
6323
2794
5166
2268
372
4113
1503
5475
6941
2002
3581
3147
3962
1572
6422
2223
1080
5994
2405
6243
2053
3568
1669
6905
4435
5123
3264
7792
5564
3565
6278
6266
5184
3787
7993
169
3817
7181
5285
373
5967
1034
6221
5740
3960
510
224
2358
2327
4833
5707
260
3701
612
104
533
6765
4298
5140
6373
6161
1633
1758
3634
7275
1629
1178
6123
3102
1743
4886
7352
362
6215
356
2849
1165
1731
6678
2844
1671
210
6472
1909
3831
3337
2903
3612
4193
6369
688
4678
2513
5868
2243
1409
6424
1074
2581
5465
3061
4012
7925
7903
3152
6428
6598
476
6175
7495
5499
7954
2667
6864
5794
6379
5229
7475
6935
7617
7122
3098
2585
3529
2078
7903
4217
348
3629
5151
2478
3044
1044
5815
7302
5599
7973
94
1783
6995
2833
6559
6804
7375
4776
1201
2203
7193
7421
2740
363
2681
7013
1546
210
1313
2525
1616
7172
7415
7691
6072
7657
6017
4317
4613
7053
3820
6798
7201
5371
697
5063
1374
4067
4549
4834
1223
4536
4467
6473
5347
7639
3640
3197
2246
3489
5122
3699
6035
7081
3398
6041
5841
5449
6500
6902
6377
1807
7994
7407
314
2069
2498
4005
4121
2030
6248
1724
2856
6588
2541
439
6289
1119
689
2943
7840
1032
3488
7490
3194
3947
4412
3896
6846
1171
2050
7425
7735
3791
3708
1259
6139
10
4450
911
1187
2425
238
3610
678
3501
699
5546
2516
5384
6233
6350
4269
4172
6064
4400
860
6223
4877
79
851
5259
718
3940
1220
3794
4518
1702
7353
3742
5646
7529
7888
7110
5193
7905
1623
1101
1617
389
0
4885
6691
4495
4993
7537
1380
2016
5834
3543
2735
5759
7140
2164
5820
7874
4131
730
5742
1861
1223
2197
1337
7895
2933
6811
1901
373
4621
161
5604
7342
6503
1354
1092
1829
111
570
4850
2165
7194
4553
5780
2799
5892
3540
5632
830
5800
1517
2182
1580
7675
3570
6742
3837
2661
1019
7312
7801
5917
7853
7271
776
4960
2668
1328
1461
4301
4653
2125
5525
1056
3177
5296
2433
4361
2477
7502
4990
232
3086
3490
3454
1320
1787
2075
256
1717
1963
7972
274
5275
5044
7181
2870
3964
7101
603
7523
2222
2700
1065
546
4207
3385
4345
1305
1797
6148
539
6949
5495
7170
4984
736
225
5042
1659
6338
5048
813
5021
4195
2907
2684
4044
4702
3217
7876
1784
7826
5925
1180
4474
194
5851
5119
5217
5980
14
797
4121
2455
4263
7820
7866
5045
892
1691
5099
3496
3266
6535
7409
1617
1649
2503
6232
5027
3507
2626
892
7846
6792
6497
1908
1944
7289
7294
3676
4206
5750
1723
1470
696
7694
3696
4316
3938
5131
700
3357
7126
5096
7804
2770
7487
6448
3738
6435
1641
3637
445
7066
2052
2409
6494
140
7815
7708
5371
479
3826
5266
1380
6909
3371
7744
1202
1044
2762
5987
7191
7239
5552
7550
5329
5236
274
5806
5817
4002
212
1771
7736
4039
6672
797
5976
3636
2741
2840
5304
7326
460
6262
6810
74
22
6352
3222
6996
2258
25
7858
3611
4443
7062
3593
3148
6381
3581
5543
2762
264
4202
5879
2551
877
760
3347
5218
4613
1858
6651
1037
1761
1206
738
6169
7196
2130
6817
4240
6429
895
526
4495
57
6
1832
398
7477
7347
6953
1934
5929
5829
62
1438
2687
1230
7379
7561
3355
430
1927
7327
4437
4582
1407
6814
6817
27
1111
190
1232
3626
2290
598
4911
3810
5362
2030
3021
6754
2243
7010
4443
2640
3090
5679
4716
5555
3932
6877
4635
6830
4897
4233
6923
4122
3831
1998
393
5438
4602
2512
1998
7598
7329
5604
3682
3453
7916
4767
4058
5855
4793
4538
2114
3680
246
991
853
4667
4209
2258
4009
5400
1228
3007
104
7142
7564
2972
6072
5776
3856
6330
6268
478
2590
558
1524
4459
793
854
448
5439
5967
4170
4738
7368
6319
673
1632
7546
3671
5085
5929
4224
4428
6196
3215
7453
2819
4732
4242
1060
668
3057
3006
5904
7150
870
6283
3137
7613
6471
1122
1556
4360
5318
6079
477
1663
298
5233
6211
18
6448
7551
2041
37
7901
7205
5845
288
6369
6331
5966
2018
5161
2039
7063
6037
6850
5705
5906
1884
5349
6372
179
3881
4963
797
882
7852
6766
6571
2476
1702
3585
6927
7383
2268
621
1165
2784
1894
194
152
4323
6631
3734
5067
3782
663
3317
5012
3763
635
4133
5867
1584
4278
3476
7552
7196
2361
2976
627
5000
1047
6083
7293
4591
436
6873
6572
339
7131
2960
4683
7286
7597
3179
1951
3763
311
7091
2766
2295
989
2234
1051
4382
1331
4301
3148
3118
4011
2741
7853
2922
4840
5098
1389
5460
1841
5397
3173
3971
5505
1856
6457
7964
7739
3293
3863
7664
3770
48
5341
5426
3975
25
4567
467
7716
6594
2149
4796
4037
1313
7227
2855
3998
1642
7171
7771
1495
5077
2589
130
4573
3911
3142
552
4434
4448
7830
5394
3300
4384
5795
121
2811
4470
1476
4898
5772
423
3184
3483
1803
5335
4932
7635
7293
3768
611
2391
1707
4620
7543
6309
2546
3672
1558
1326
2488
423
1921
6253
6521
5815
646
1759
895
2373
325
222
7536
5872
591
4254
3905
3468
4778
6786
2505
7750
5297
7260
6640
5487
3160
1024
6022
7719
5006
1667
816
3623
3451
4757
4988
7338
6697
3768
1558
6137
5886
5276
84
7058
1831
6041
1324
2548
2961
6856
6341
7946
2897
1599
1194
2929
4964
1191
3931
3816
3728
5307
574
2643
5609
1950
6451
4204
111
2393
709
3143
7637
6065
7548
2751
3997
5601
207
3010
1054
4409
4022
7350
295
6163
5214
2631
2814
4013
5430
1231
3521
4072
4646
6944
1454
3228
5088
3121
6846
6550
526
802
491
3823
7979
621
6547
906
1646
4331
2485
5481
5984
3648
4888
7148
2959
7461
5898
744
3547
4176
7942
3616
7981
3394
7151
6243
6024
1133
1081
1282
55
5823
5159
6571
3238
207
3630
5542
5197
5475
1849
6508
2119
92
2438
607
4609
5119
4845
4011
7821
5472
3009
1527
2582
1325
6351
5191
7342
7188
1604
3953
3076
4690
2283
7737
5489
793
1683
1356
1393
669
2766
2198
6447
6332
5910
4864
6328
2952
4299
2313
5650
1330
6104
6720
3814
6996
3443
4955
3096
3162
7490
4279
4279
6926
5851
4973
2256
3200
1316
3149
1885
2894
217
7098
4251
3029
4396
34
3065
7668
3079
1496
5676
4601
6061
5327
2079
2219
3262
3509
1096
1332
5849
7913
1686
6056
6748
5339
198
6710
5191
2111
4693
7978
6014
7534
592
5468
1133
5657
6855
3513
7878
7978
3296
6315
6053
3513
1799
2856
4949
6055
6531
3412
1452
1051
1700
404
273
791
153
497
4062
4470
4382
4772
3808
2756
1874
1540
6203
6265
3622
6985
6059
4372
7986
4860
485
3025
2594
6653
3804
3078
5069
4528
1375
7648
6054
4293
159
1332
1611
1955
5519
4164
4987
5937
7588
465
1957
1793
3388
1880
2075
3673
6939
1450
4261
1566
912
7083
6706
7071
3638
4839
4842
507
4694
1420
7518
625
3498
2952
5153
3650
1596
5696
2928
1733
6765
7913
4044
3143
5586
5383
745
5852
2873
6848
6462
3590
7625
3356
509
7745
2887
4124
6749
105
1781
7283
6674
4425
1109
2853
1503
7873
139
4987
2561
2899
3936
3232
4044
5706
2851
4828
532
1863
6826
7530
706
2025
3318
567
1670
3288
7348
4154
7275
559
7136
4394
1798
7556
1284
1953
72
2644
3870
6539
7475
784
3936
6602
1001
6590
7697
3562
7392
6478
5521
5820
3122
1530
5945
5841
7569
24
4897
3925
3992
767
7803
4869
3580
3092
6620
6670
1057
496
6619
4484
73
1839
2386
7291
1831
1048
3394
4806
7122
2340
1875
1418
7509
1197
248
4733
5027
5300
7665
2816
3688
6991
5802
6807
954
4973
2113
7745
3502
1991
7717
4280
2311
5734
6361
4871
7946
5515
920
1475
5933
7934
5267
3815
1965
5302
2006
1296
7871
7073
5960
6993
2590
6994
3089
2292
7875
4869
2454
590
4915
4623
3680
4670
1906
2406
3610
2434
533
2378
7033
565
5237
848
7798
3049
5056
329
5431
4125
5225
6675
1996
2011
2751
699
1108
5105
5212
2766
5888
5129
6964
2555
879
4967
3341
1574
7545
4223
4557
4747
2888
6897
6575
5453
2719
610
6736
7067
1278
5496
230
5373
542
7217
3343
1537
1239
1057
2055
4668
2914
2950
7668
1279
7032
3209
1628
6936
4185
6676
3638
6466
104
5194
3934
1066
755
232
6561
3806
337
246
184
468
7973
5417
1298
2645
4415
6168
4618
1668
7201
5465
1912
1231
7198
7288
2531
2481
1822
4691
2132
1441
4351
1045
1862
3098
5526
1997
6777
2952
3411
5866
6885
5772
3650
917
7564
3884
814
4267
424
7642
7456
4438
324
3615
2373
1159
1767
2084
1581
1554
7146
5149
1648
1381
6251
4691
5803
5158
922
396
7016
7401
3569
88
5468
2251
2112
5243
3785
2925
7270
6450
3396
592
1308
1188
3409
650
555
5671
106
5859
1278
5099
1374
655
7634
1351
6871
6279
3913
6878
3700
6022
7454
7149
2196
3869
3507
1396
6196
1395
6535
6463
7024
1757
6147
6544
230
3734
499
555
2552
2075
7186
3006
5999
1125
6206
6762
5309
6660
4810
3058
2075
6997
1138
831
3409
864
2985
4429
4308
6288
5263
2358
1417
5903
3263
5721
7208
2174
7876
167
3835
3406
6635
4042
4678
1086
4531
4786
4993
1457
1889
6460
3585
1579
5808
3713
7733
424
7462
5241
4427
3737
834
587
5298
3388
594
7410
5947
6934
544
3021
6297
1360
5964
387
1351
1772
693
976
7816
1250
6865
3889
4874
3099
5789
6568
2916
3849
6446
1581
4734
1057
6629
4593
400
7606
1728
2319
7875
243
6862
1298
4083
3253
2747
6557
4118
1283
5001
5243
7862
6250
6367
3716
7002
3577
1147
4840
5635
3414
4356
2651
594
5244
1467
5469
391
2258
6863
3557
3300
6376
5327
4969
7023
7248
1914
3148
6871
2007
5490
2725
878
607
3151
1640
6741
3482
2320
1460
3701
6629
7341
5048
7977
6271
4872
3522
7290
2212
2561
102
4162
2378
1641
7175
7089
2743
5198
3781
2798
1405
2165
6979
6869
5460
7141
6675
6943
4114
5408
5249
2015
2505
5613
2681
4137
1213
7504
2006
269
1088
4124
2120
5953
2092
3807
7392
2588
2877
635
4923
1087
72
7444
6345
4558
2332
3877
2489
284
436
6765
5763
677
3925
1927
5905
3572
586
1432
7626
2661
1274
1442
5949
4741
5667
7093
7015
597
4149
2308
5730
5614
4557
7701
3306
6974
5516
2066
2380
2800
4180
7805
1261
7082
159
641
3700
6064
3643
7331
5461
7334
7590
7831
7419
306
6594
7407
4625
7232
757
2286
4782
7775
1119
6651
4571
1736
1017
7729
6081
7487
7047
5331
2420
531
3577
3037
2006
7295
5860
6582
4649
755
6807
6465
117
4972
1053
1234
2258
6399
2383
5501
7059
6006
1299
5835
6031
6929
7669
1798
5965
2286
7584
2420
3147
7171
2872
160
7915
135
6103
1235
3899
4016
931
482
927
1368
3849
2913
1693
6393
4824
1525
7813
983
2300
7
4667
4029
4821
1365
483
7903
7347
2146
3751
3806
7536
398
3560
7211
3051
2880
5310
5827
7388
5887
302
4120
1945
3680
2599
7312
2084
6234
4217
7974
6254
6453
5459
3951
3949
4385
3127
4599
2261
3619
7676
3338
7670
3626
4095
1550
2801
4672
6824
3533
5464
5404
1428
7185
1057
7444
5732
4328
3399
5423
2721
2631
62
4377
2059
5323
17
624
3453
1754
5849
7675
1406
4008
2459
3514
2662
1110
7871
2136
1578
4469
1513
7485
5319
5351
7030
1856
4935
486
1749
4666
7731
6303
1279
4917
2710
6710
6292
5700
1385
2989
6612
6764
1824
159
5750
5568
3216
1958
5737
6090
3195
7196
6308
4389
7034
3839
7916
1064
6917
6638
1058
61
5986
1360
3654
5967
5928
1876
1740
7841
7343
2770
5977
7100
5335
3856
3226
513
5745
5921
1217
7388
6669
4265
3166
1177
1697
6075
2710
2577
3922
5859
642
7228
4130
2047
6118
7594
7543
2888
7628
5389
3076
3631
2748
1454
5846
7202
923
6592
3005
6317
5598
6610
3541
3453
5609
4957
3888
6401
2568
7229
4897
3113
5768
2493
6120
7120
243
2507
3381
2614
4711
6538
2779
3110
2130
1159
7570
7159
5708
259
5288
4845
4049
5102
1030
2047
3354
4213
4827
3763
4438
6194
6503
3046
1802
1474
7462
1640
5634
309
2263
4931
5874
542
5735
2716
7598
2761
575
1651
1667
1548
6823
5381
5680
3318
6741
81
644
165
1174
5047
6229
628
600
6203
1178
7056
7762
4329
2598
1260
2512
5523
4162
5963
4318
6262
6885
7290
5265
6651
4818
4320
5037
4825
591
2861
3574
1431
5501
2672
5142
5871
281
3653
6887
910
782
6059
3742
6200
1588
1588
7957
5193
5801
6869
5620
7510
330
6301
6203
3954
2447
4355
4269
141
1664
1240
5724
1526
1560
987
3406
4545
5428
5099
5897
4867
2040
2455
6464
6394
4735
3729
6746
7306
4028
194
5851
4258
5938
759
1457
4285
6988
6904
6237
1157
4442
441
7484
785
3752
5418
2034
3727
2429
105
1842
4285
3181
1176
1835
5521
3803
1992
1170
7865
1551
2324
264
3965
688
5643
1513
5568
1950
7749
1649
6373
5358
6102
3722
2445
3651
7009
2678
895
4805
2948
1237
5217
6913
7409
5204
3043
7773
7388
4082
6651
4406
3216
3248
6986
2072
5277
7829
7006
5209
1708
3035
2897
6546
3443
4921
3406
7355
131
3854
4979
930
4734
6311
1362
1800
6951
3245
7442
6360
3538
1134
4531
3973
7034
5830
2543
4479
4849
7082
2427
5521
3122
4752
1965
7002
18
6846
2167
6565
2389
5358
1937
1768
4445
2075
1013
470
2046
4396
3972
4705
1260
3257
2182
3216
7958
2174
6287
6392
7244
7643
4156
3930
6619
6533
5533
7129
5369
2765
493
6678
1435
5067
6012
2090
7013
5479
942
2111
5113
707
2011
6347
1200
7560
4631
2730
2279
5132
4365
5143
6769
93
7685
6279
4202
5741
2693
4131
2539
4057
6995
4768
153
1112
2520
2172
1560
6332
6367
3670
3486
3176
4349
4074
2530
5519
5323
1833
4018
7268
3087
1649
4196
5732
3321
7918
5092
7420
3273
6540
493
5975
5261
2712
7699
2312
6920
6258
3644
3857
6703
7473
7919
6862
3853
4115
3460
7937
838
6047
4603
7163
6264
3418
5993
6307
3837
7970
1421
5158
4557
5354
7809
4027
4609
5970
3852
6353
6578
5153
3284
4760
7360
5538
4465
1001
2990
2330
1244
5203
7595
5282
4294
131
4972
1060
1925
207
4724
5686
1385
3743
7541
3726
5165
1976
3152
2081
1097
2791
697
1821
3237
582
2166
3135
7527
2670
6982
1617
7981
6905
3102
5700
7318
3058
6990
2022
5435
5404
1987
6719
5308
4635
4198
7502
3444
7875
2785
2011
2382
4156
1537
633
6001
1166
3382
1626
6871
1103
5688
270
3452
1446
3652
1690
5937
1275
196
1457
1807
3325
5837
530
3401
2767
5442
189
6747
1488
4949
2259
5535
3909
2030
1161
5182
2918
4196
6088
4163
7554
1704
4133
1035
79
4801
5880
89
4626
2801
5147
2054
4775
4855
2305
5141
6382
3054
3120
5861
210
3027
1820
2303
1527
804
7970
3471
959
2467
798
2416
2745
1209
4521
5728
3880
5944
6898
1747
3691
4729
3575
1635
3022
1956
3425
100
7980
5134
2874
7446
4734
4221
5452
4532
3973
7367
2007
5097
1488
2840
3374
7074
3050
5009
430
6654
7844
1550
7068
5666
3194
5248
4378
4202
6693
7865
5382
2170
5117
3143
4848
7922
5448
3703
117
2240
4195
699
2940
783
843
1510
3981
3293
2377
6803
4617
3434
2168
4390
4554
2252
7924
2090
4439
1824
4897
3930
5892
6170
7957
1659
5476
3774
7395
614
5996
1320
6469
2596
1446
581
549
3953
4110
6756
4424
2595
2317
231
4759
932
719
7891
3724
4123
3
1287
4981
5034
2927
330
3624
912
7085
2557
1156
1261
4549
1135
3359
1830
680
2511
3537
4127
3015
6204
7004
4965
5838
4473
2231
1454
7489
1980
1461
4215
1009
5477
983
5965
7770
908
7659
6952
3740
1267
1694
4529
4309
5851
4581
2469
279
6130
2692
2513
3851
1385
1082
5437
7329
2788
2121
549
1907
7307
421
5538
53
6590
1657
6120
1051
6693
272
3432
2440
3172
422
3542
7981
3310
2892
6789
5318
497
3058
942
7341
367
7764
1231
1882
7021
900
6000
6584
5123
1744
6528
3556
5012
5199
4127
7556
4824
3469
437
5890
1301
5584
831
7268
2477
6599
5866
3210
5072
1998
3415
2563
5329
4128
4223
4811
1815
7898
5104
997
6634
7976
3638
3793
749
4366
4693
3563
5419
3093
1969
32
393
912
2705
2637
2651
2378
4408
1206
3475
3149
4787
4319
661
1937
1713
1867
3814
1728
2892
4430
2818
5858
1574
4433
1100
3946
3374
7650
6944
2908
1218
2805
4101
7193
2287
7292
6782
7305
6803
7838
6655
3619
2020
7511
3645
7900
1865
2667
6302
169
2982
2952
5264
5107
501
7287
4405
6615
7567
6846
5564
4310
5515
2006
2059
5408
829
3268
6552
5432
5280
727
3031
1796
1294
6333
7694
5171
4011
6721
4292
5707
5026
7909
6744
2190
967
216
7469
1736
5532
4628
2179
6904
5551
278
4321
5592
2272
6075
1326
5451
5057
7860
6752
5347
6422
3174
7115
2635
2811
5024
6811
2775
2917
6586
2205
6567
6145
6
3511
7730
2936
3766
3320
7412
532
714
7434
6454
316
1587
7108
4919
7131
3593
2460
3124
31
6694
5242
6489
3038
4829
7527
5956
402
5786
4580
7346
6149
3352
5911
5256
2504
5497
3617
6976
3101
4421
4939
5422
4980
7362
414
4142
6994
3883
5585
2669
6414
6545
5981
4304
4214
4811
4333
1988
2638
6043
3697
5219
376
5983
5202
1151
2927
2609
7296
3855
7149
1755
4326
1908
6253
1146
2047
4390
1227
3886
3138
4800
3975
1275
5433
5988
936
5887
7728
5324
6333
3472
2376
4462
511
2481
7723
587
5714
6257
4314
5333
5994
5281
2657
6779
3594
752
7660
5074
488
3621
3444
2977
3693
7927
338
6281
1880
7244
3828
6095
5826
3532
5741
5512
6140
1186
7526
5280
1428
4815
5170
2438
6839
1578
6528
568
752
5240
3049
6182
4623
228
3562
7045
4004
4827
363
1203
1899
5318
6397
3842
5634
7973
1827
7012
2324
4613
2183
1329
5146
2334
7054
6935
6904
2187
2565
7070
4675
4646
2234
1686
1570
1471
2344
2336
2642
3001
6154
6167
6915
4226
208
1433
6112
4973
7535
7029
4844
4142
2195
6643
6599
2097
1264
58
5841
1751
758
2146
2085
4430
739
7383
6982
3595
4594
2214
1368
2791
1457
6503
2501
659
4016
2503
768
6586
6933
5745
3750
3506
2061
1049
6720
2141
5021
1061
1573
1890
3478
2616
509
7876
1895
3932
4704
2076
3212
6922
4956
503
7845
1177
790
4366
3809
1794
7624
2910
6425
2956
1768
4900
2489
6808
5929
1399
3609
203
2906
385
5226
1427
1197
155
1995
344
4307
4612
1979
2689
2242
7550
7145
3872
3288
6854
2024
891
6809
6382
5694
7864
532
5784
3676
3236
5989
3921
5735
2848
723
3975
1012
7144
3673
7529
467
2305
5378
4890
1026
6911
365
1169
3651
1840
3569
144
3848
41
3161
6334
2570
1578
6032
4067
6776
1840
3032
3136
4045
3416
3252
3529
2746
6059
7014
6784
7363
3530
1683
6703
5414
5815
5314
5250
7925
7421
4803
2110
4677
7486
6700
2018
831
5783
5183
89
6931
3569
7207
4312
845
5031
161
5530
512
2511
4856
54
350
7143
1256
2265
5226
3742
2020
1830
3204
6268
5044
4455
6307
3694
7862
4014
418
4338
68
5708
6001
5275
1014
6573
4524
6082
830
7822
2184
2185
4786
2461
1833
4557
4839
7340
1234
3496
4984
1041
1396
4703
5478
7964
5095
3119
5209
693
5878
4591
6853
2066
3796
4642
744
5011
4589
2715
751
1786
4184
1613
3001
4554
7464
4718
6835
7035
3618
7240
3746
4182
969
1564
191
2419
6036
4019
3900
6605
1793
7618
6117
4799
322
6457
7906
5406
3862
4712
1752
6066
5747
3470
7216
3217
7839
4160
6959
7130
6366
7539
4420
1611
6790
3750
1249
3072
814
3694
1793
4489
6917
6879
7047
6054
1215
2516
7623
1633
5417
1884
5406
4616
2910
449
2491
774
2642
3062
5121
6173
1675
348
5253
2819
688
7089
3186
1174
3642
3670
3980
7100
6599
7099
2577
1243
5133
3689
5499
498
1387
3499
5091
5586
2843
1498
7680
5053
1156
1412
524
2649
7084
3320
2823
6609
4299
1265
5973
1097
6843
7581
2242
6907
3787
6024
1318
5427
114
3626
5220
6435
2976
5641
524
7588
2608
6988
2528
1162
2042
3294
5172
3618
3206
2427
7214
2763
3355
3226
6573
2670
2229
2423
6215
4059
84
3836
3626
321
817
4043
7907
1994
5516
1835
7421
2449
4256
6028
834
7873
1720
568
4189
2187
4187
3417
7007
4163
2019
5729
7456
4568
2092
153
4670
2222
1511
6602
7041
218
6734
1282
223
3001
498
3011
218
6637
3760
6222
2247
5493
6722
2567
6891
1640
5233
2053
3006
270
3369
1528
2513
3995
1765
6647
6731
4937
2313
2086
1039
6417
1294
3393
5626
1285
7703
7687
6152
4941
2531
4165
598
7036
7004
701
6210
6862
2636
4148
2606
256
5807
7061
3108
1996
4259
2309
4627
1600
5819
6788
6456
5050
7924
3324
856
898
5375
6890
873
5764
61
2150
1104
3944
4873
3216
4741
3600
7790
1305
3604
1005
1145
363
4476
5886
3178
3446
6842
7847
1604
4504
6688
5994
6660
6632
862
1540
1774
1888
6242
4902
3266
7140
5404
4174
2766
5427
4442
194
5149
5865
2771
1833
397
1070
2495
966
7486
1535
6563
5330
5799
599
6507
3764
5826
4345
3311
2783
7015
1373
2840
5768
1655
309
6876
2243
3567
5530
3428
7737
6620
5336
2447
1608
4397
4179
1616
4279
1124
5012
4659
1300
3943
6260
893
7149
3443
6947
1776
7847
5232
6741
1709
446
31
7307
3188
217
4847
6713
3592
1993
3311
5785
7086
5406
4383
6476
7059
5670
2015
6248
7117
7363
1353
2466
3002
7528
4762
6809
1797
4528
1483
2237
4231
2010
5374
986
6921
5029
4820
133
5672
4804
5851
3425
3217
1342
1509
974
6636
5350
6388
5296
6550
1201
2129
5591
3334
1465
5883
3856
1745
973
5117
4487
7816
4402
3480
3799
1279
379
96
1136
2089
5504
3811
804
3615
7870
1859
2830
3903
7819
4965
2335
7217
2420
1218
7303
4741
6453
4443
1916
6200
2964
7049
2793
7382
6490
4850
5814
6713
367
7512
1520
7471
1681
7819
2838
3577
5488
6399
447
7984
6890
5880
1130
7875
414
4065
5156
987
687
3901
1360
4959
5335
5493
3030
7699
1573
6095
299
155
4309
1984
2104
6110
74
7960
746
7878
3754
3931
533
4387
7062
7920
6725
1327
3652
243
5603
6444
3068
3621
5377
5610
3371
195
3138
3877
7079
6708
7273
4106
1984
2331
2620
4058
1535
7565
5588
7016
4222
6428
4932
956
5411
4626
3428
5210
7227
441
1465
7452
47
4311
4994
4924
6821
2424
4578
5550
7349
1827
1573
810
6662
6766
7344
391
2821
2350
1354
7427
7745
5830
1409
1631
7718
1184
5754
1831
5333
6394
4633
2000
1756
3480
1865
7098
1047
4632
5480
5780
5666
7778
3346
4510
4665
5053
6857
1930
559
5887
5886
1468
5831
5917
318
1009
6515
1120
5180
6779
2151
5433
5943
6122
6872
4267
967
4935
4694
6694
2250
3898
1731
4660
4709
6091
4015
1868
249
2309
7826
69
4772
6646
2468
1892
1009
340
5021
2838
1501
2106
580
1401
3463
5327
2166
1108
4019
6471
1782
7591
7674
5891
619
2654
2258
1684
3258
7775
886
7325
5952
962
1074
5334
364
3744
7629
7277
3704
4548
2130
6279
450
319
6653
36
331
4184
7743
7584
2891
608
1838
21
7534
1378
5133
7774
1967
4217
243
7223
1872
6013
2010
5504
4595
2261
2310
1888
24
4464
335
3078
3636
6287
4813
4043
4714
826
4960
883
2792
5970
3673
2451
7457
1670
2953
7564
6946
7072
7780
1141
4948
2871
1488
3927
77
5639
6352
4881
338
4317
1544
5596
173
3308
2476
2409
2215
7230
5129
4583
7395
5828
3888
2465
1879
1358
3770
3843
4583
3862
5949
4733
5920
1334
2186
7232
334
4282
3487
1509
6970
144
3184
5421
1411
4892
7437
7203
3927
3368
3119
3998
3727
4089
1125
162
2085
7804
598
6758
7378
1887
1586
3825
4744
1149
7930
2014
3849
2545
3496
4862
867
5452
2107
7516
6856
6625
1955
7131
6862
3261
7558
7740
1471
6708
5037
7868
3166
3158
1487
3738
5559
5313
7031
6198
4321
3984
6228
3733
6420
7729
7197
3905
7777
4949
6495
6286
4178
2176
2724
439
6366
3392
2690
6182
5769
5306
5757
2834
342
5663
7002
2435
7466
5630
7745
817
7231
7028
4749
1034
1921
3198
4148
7251
4360
3951
5582
5798
7731
4861
708
1113
6813
6837
2646
6143
2047
5007
1224
3656
7202
732
426
2052
5247
859
1539
7173
3061
876
6297
5665
4837
28
4768
22
877
1054
5629
6729
5056
2267
7157
231
1439
1888
3575
7852
4470
5366
1858
4226
7061
5967
4532
4993
393
3292
6769
3029
6039
3516
6444
2877
3668
206
2005
2352
4516
2599
4063
1818
5197
3295
2092
3204
2807
4038
536
2129
6530
2933
2847
100
1540
3006
4268
2655
4702
3973
2623
391
6201
3304
1657
259
226
2010
3655
7427
128
7821
105
510
174
4941
606
6867
313
810
2606
1489
439
5134
4371
1106
5442
4717
5061
4482
2128
7961
1185
701
1328
7221
4917
214
867
5506
3754
821
1365
6613
3919
4824
5559
1257
4094
3066
5370
3601
749
1232
4073
6150
3795
1072
4131
7454
6452
6221
2420
94
651
4381
3600
5990
1812
5467
4075
3658
7219
1256
4280
5378
5060
1101
1275
6903
2496
7835
1037
6717
3784
1396
3180
1760
5905
7330
4284
3735
7469
36
7070
3414
5042
5002
4780
7551
1545
7158
4110
7672
1429
1474
1212
1623
2877
5696
3024
378
2520
2972
1926
3316
2292
1630
7508
290
3843
7692
1248
5851
7907
172
7267
6917
7753
2279
1176
3973
7369
3722
5472
5582
6596
421
3253
6171
3374
7958
2761
5623
7930
2016
442
5113
7205
1652
1716
654
7708
722
4836
5423
3595
7881
277
7857
4675
5466
552
1659
3911
2363
1076
7441
372
4599
6648
3983
6026
1970
1913
7538
7707
6155
3517
4177
334
7322
5026
6377
6096
7256
3611
5781
3097
1438
3144
3356
214
262
7154
5477
2296
1902
4896
7045
6297
731
7896
4729
3654
7353
3765
7151
6381
897
7329
7679
6180
2995
3312
2359
5203
2627
7258
531
2624
4240
4690
6348
1334
2127
3399
3463
6864
6918
2422
1902
6951
885
5482
796
7894
4943
3538
5426
4838
421
4541
711
7195
6692
5108
1980
6618
245
4019
812
7925
7170
4230
2
6037
6297
4157
5926
6851
7272
5964
208
3667
3624
5377
445
1133
1175
1378
5886
7993
2589
546
5485
102
4944
3456
2107
7383
19
2237
2277
5676
6809
6840
5
3880
3016
5095
6533
7556
1272
1396
6894
4111
2906
5873
3934
7808
4405
1530
472
6234
4684
4838
2358
2490
3868
617
5049
1344
2945
5769
2177
7960
6968
4283
4504
7268
7231
5978
744
2120
4569
2691
1037
2193
6062
1359
4101
6530
527
4654
1860
445
1814
2461
7588
1867
2859
515
7226
4168
1828
7278
1348
1198
196
5541
4606
4540
3876
3433
2579
2434
3888
3789
4913
5964
3528
7791
3893
6505
4870
5842
5830
790
2399
7257
7166
652
3106
6498
3842
1187
6174
3517
6770
3809
481
2056
3964
5028
7834
2088
4491
423
1760
7654
1373
7604
4492
35
6131
4070
5760
5434
929
730
203
3696
2181
7026
1189
3546
5460
1733
3220
2252
5840
5735
7218
1529
3030
4368
6789
3180
1107
4459
4110
4322
7447
1405
5917
6209
3394
1776
3297
2361
7834
4092
6270
1078
7103
1841
7383
5567
1398
2531
427
1646
4769
2225
5211
3020
6735
7668
2057
1289
432
7681
2717
3540
4257
5596
2913
3421
2726
3577
2252
1701
2229
1839
4700
190
5359
3388
2460
4069
4906
6639
4805
5752
2089
3254
7809
469
3565
5636
5707
2193
1380
862
881
1234
5056
4291
827
6858
4003
3382
5030
4624
3510
7081
6217
6236
6873
6344
2841
3807
6580
2399
776
125
2284
2600
4424
3304
50
6325
4845
7450
7605
7286
6448
4079
4280
7400
4559
156
4158
3611
5202
6928
7009
4126
41
5157
7746
1992
3890
7107
154
6629
6038
466
2543
7036
5907
3929
3235
1018
4308
1848
4711
2301
6844
1086
5772
5118
1025
6888
2618
5339
3701
1719
7801
5888
7201
3629
2348
7666
4618
5155
7327
183
789
7050
4917
2598
3590
2300
1988
3847
5924
7230
7164
5350
185
3413
4034
3449
4597
385
5531
1387
2290
4442
1091
4996
6035
5510
3678
7479
3013
3733
6406
1993
6247
1465
5251
3417
774
2213
1688
144
6657
1088
6842
4325
1228
2822
1116
781
4751
7036
2853
3006
3694
2061
6659
6431
2660
5510
4377
4046
2760
3563
212
2637
1714
4916
3995
2826
4471
3367
6820
1929
7439
4691
4324
3696
5848
7910
3231
302
2932
1324
6813
6793
7949
5412
6589
6916
6456
1409
6115
7593
2359
4986
3084
3832
4569
1998
1667
1964
3708
1752
237
6374
883
2570
4414
3065
6722
6153
5966
1489
5382
4581
5702
1088
1522
3827
7988
7719
7923
4681
4223
3837
2933
4310
3636
3071
7167
1692
6782
4532
5626
5322
1268
3164
975
3194
4173
7988
365
3011
3439
3305
2730
1020
6116
2135
4545
3982
3950
4924
1914
5557
6705
7486
1255
4243
7182
7253
3850
305
3025
7638
4948
4114
2624
7773
4360
2294
4820
4631
1598
744
5700
7529
3652
1220
4156
2305
3871
5961
7021
7927
3823
6358
7549
31
1456
5893
3103
1581
5789
7265
6654
3973
4783
1669
4372
351
4547
5842
6743
2196
5849
5452
1618
1927
696
2450
6609
1267
3184
1784
7029
2700
567
7170
296
1876
437
256
1643
7806
6299
3585
7499
6199
3502
3573
1651
1109
162
1571
2842
5919
1697
67
2589
6711
555
313
7335
5920
5399
1966
7436
7280
2167
5069
4149
1811
3481
6807
2230
4665
3754
3044
6780
1117
3062
7799
6754
371
266
2492
3106
6894
443
3808
5736
4843
127
2637
6210
7869
5304
193
372
4374
3409
1098
7401
6350
4865
6752
7235
3795
5677
3934
2515
6190
3882
1695
3300
3245
2528
1073
5746
7027
6730
1465
2168
7768
5977
7523
5287
5182
248
7555
1395
1841
7531
6221
2694
6778
5969
2669
7960
3969
7368
7876
4822
4188
7279
7809
3135
7672
454
2135
6158
7906
4082
5728
722
6259
414
1742
4441
5462
6011
3721
5514
2999
2215
7019
2770
5578
4972
5652
759
4661
7711
1194
2440
4059
105
5680
3893
2374
2082
1090
2683
6449
5145
2539
3704
5871
2480
1891
5532
4026
7780
7912
4352
2332
7019
3063
4881
6451
7926
5415
2340
3493
4694
4771
2798
2657
7290
4930
1419
6669
2774
1029
1596
3025
5408
1004
4014
2112
5812
5301
885
3742
2904
7154
2328
2898
4057
4037
3333
3497
4948
4731
5093
2052
4113
707
7306
3488
2249
3722
2501
4288
72
5044
7957
5561
6253
5624
1082
794
463
2648
5095
5749
506
1404
3861
334
471
426
4468
5024
4969
7652
1212
4998
3508
2399
546
2445
120
411
2919
2003
6171
2787
1930
347
6756
3683
4638
1521
6179
2081
7862
180
175
1946
6204
5957
4616
3706
1057
2059
7002
6774
5935
32
3875
5642
2682
1627
2987
6922
1460
2618
1522
4519
4256
5292
809
705
5215
7417
2710
6819
6630
6479
4698
7136
3153
6698
399
5511
2896
6558
3979
3333
1919
4548
7682
3288
4116
255
2184
5420
434
7466
5235
212
4122
6944
4894
614
7873
4455
7562
5555
7420
3833
2912
4001
7576
1201
3922
7143
2246
2767
2399
1061
1907
4328
4405
5982
1270
4141
1264
2835
1315
6101
6593
957
1148
1130
6122
4774
3591
1261
2789
1508
5115
4967
6500
1779
5524
6862
6964
5806
390
6992
187
6634
2062
2686
2144
2799
1763
2136
1481
212
2188
4785
7615
4150
5643
2431
4783
7380
6967
5121
3466
1930
6183
3469
5131
1896
1866
7157
6552
3183
7636
3477
7426
936
5587
6716
6055
4320
4960
7733
55
2499
1264
1585
1555
5908
2378
5970
7761
6214
6611
214
6364
3322
4613
4702
953
4950
4094
731
4196
6398
1269
916
2713
2098
1735
6101
2030
196
2863
5048
6109
2804
5845
2377
2208
5738
2173
280
4597
2318
7520
3104
6913
4743
6168
847
5201
5775
1652
306
2491
368
1515
2943
6499
6878
2734
1150
3673
4911
2838
1364
6816
4155
1469
6765
4682
204
3944
7301
1086
1282
5665
4948
5532
5894
2084
468
5687
6569
2607
5232
4097
1368
3708
1866
1477
1342
4811
681
6989
5686
5976
2302
2275
1963
6509
3601
5685
847
80
3341
5906
2036
668
6820
2832
1418
1453
7968
2640
1398
5621
3976
4442
6219
3052
4139
1826
1895
6436
3852
364
4461
826
1193
5771
2458
3432
426
7045
7686
2872
3171
1234
1721
4947
3654
3139
2664
1272
872
3776
1355
3720
3310
3626
924
4285
7764
1503
3373
6651
2649
7451
486
4287
4491
6523
7707
1972
42
2269
1798
7460
1788
7460
4902
7051
941
4056
1331
6472
3936
4778
1212
6317
1558
277
2463
3125
5689
223
4068
277
1030
510
2295
4459
6678
1240
2369
723
7943
4579
1250
409
6603
1068
5069
4296
1805
3763
3391
4449
6843
6898
2717
1383
5364
5438
617
6615
5136
7
5472
6262
7558
6650
3572
1602
1214
3333
3873
6538
5940
7738
4334
5978
5765
717
3331
526
26
824
1249
3207
5678
1726
5633
4924
637
4171
1421
6184
5963
5306
3765
545
3853
5361
