768
167
374
481
521
159
103
34
5
193
850
600
588
16
448
832
595
307
876
730
208
640
553
880
656
485
842
580
884
135
414
656
257
2
529
636
766
84
852
315
797
141
653
207
401
308
75
828
375
353
374
620
770
783
454
456
473
710
747
315
845
497
644
67
293
17
68
65
630
94
767
559
107
588
385
34
754
446
194
159
814
635
234
582
474
297
99
541
854
99
206
747
576
248
515
636
417
347
98
214
831
38
395
402
864
553
713
357
809
535
467
283
97
76
615
185
304
352
453
199
796
217
572
793
103
640
92
187
75
261
92
0
699
484
634
508
436
824
878
179
817
391
584
258
235
145
331
756
12
566
294
298
294
643
665
96
541
413
534
868
530
469
557
634
764
531
375
313
154
630
767
492
445
446
40
78
64
653
35
460
98
552
812
34
813
105
784
109
805
82
57
295
27
501
843
781
244
349
127
826
630
758
58
877
787
871
167
85
437
828
714
697
94
610
126
420
356
672
554
263
656
385
361
480
353
308
872
824
584
584
68
513
144
636
413
406
833
851
469
705
210
286
854
142
15
47
252
14
479
386
523
771
379
856
362
351
709
431
400
373
785
97
548
383
581
804
248
38
492
106
266
424
357
724
668
8
75
56
86
529
811
837
450
568
64
200
600
656
382
148
872
388
569
675
494
820
341
351
708
582
356
340
322
872
100
152
555
334
876
250
881
281
751
261
868
139
308
12
612
664
324
386
832
346
61
172
498
464
147
796
397
725
325
529
298
248
359
873
208
717
592
114
59
267
103
608
117
384
175
446
208
97
88
569
339
486
840
358
60
572
175
231
735
152
331
872
893
407
653
468
111
756
445
379
606
369
656
376
744
758
225
404
74
760
757
418
155
65
808
70
336
394
334
105
709
514
350
742
135
555
790
295
236
492
684
35
641
352
862
444
98
17
646
411
645
105
540
588
301
687
328
164
58
636
67
80
556
48
542
363
696
519
551
161
822
716
673
888
887
141
619
5
823
786
365
335
113
532
60
323
168
187
587
59
179
160
150
471
443
653
211
311
828
51
767
822
562
469
100
196
759
174
494
326
198
9
60
43
702
786
257
679
738
166
379
749
733
551
412
99
259
586
596
505
31
510
183
27
519
502
617
847
890
256
804
351
544
101
586
421
793
485
192
885
796
383
290
880
78
706
708
250
480
550
879
830
354
566
10
495
590
796
64
835
5
124
775
760
493
431
374
859
129
894
800
392
817
538
490
881
53
331
211
878
489
438
282
882
356
630
232
818
471
26
885
742
153
304
675
90
852
670
333
814
133
446
402
36
38
357
745
436
347
836
748
574
799
262
434
757
264
462
750
720
53
41
604
57
593
614
774
783
182
762
876
381
279
67
765
46
415
337
700
504
258
411
876
219
110
41
552
707
108
110
51
366
521
641
404
332
161
277
463
694
47
857
45
594
294
447
733
877
591
589
639
10
411
422
422
819
406
439
374
243
108
370
196
147
635
57
479
559
261
180
511
500
186
776
613
883
15
844
687
621
775
758
446
103
703
224
142
109
122
245
493
610
170
178
172
559
66
605
775
225
549
25
788
111
180
82
744
765
160
68
278
798
271
747
161
744
309
744
633
741
734
207
533
144
747
670
116
603
623
462
697
852
749
634
762
354
412
421
566
440
374
625
111
741
362
873
375
432
177
892
802
260
640
804
694
409
268
134
894
285
662
184
121
218
302
625
415
157
735
57
359
368
734
277
521
189
61
283
38
425
275
75
305
73
66
232
419
80
264
718
313
336
454
438
316
148
438
885
790
181
181
591
406
452
259
366
424
170
444
895
33
821
327
212
487
8
789
137
50
627
47
786
134
81
484
185
620
337
215
502
0
620
518
610
305
53
261
654
101
185
414
281
463
186
706
481
544
26
748
24
497
568
449
882
259
378
852
676
377
426
492
867
323
377
573
739
246
567
576
664
603
180
260
614
841
224
354
325
826
633
656
851
38
372
502
795
536
206
9
332
73
404
537
762
807
33
183
602
63
370
96
12
591
634
618
878
