618
103
187
379
679
370
575
311
197
442
610
630
434
840
34
707
520
684
550
348
186
812
869
374
115
735
568
286
744
608
734
622
681
675
375
746
200
486
873
691
41
674
755
450
166
569
123
290
711
732
224
411
535
762
193
346
839
632
590
613
363
756
321
789
370
249
716
369
37
365
781
235
353
829
390
214
524
662
44
66
503
33
317
771
610
142
703
296
648
522
139
515
149
283
89
615
521
869
397
827
488
178
757
111
501
119
587
831
448
583
710
810
39
554
164
60
804
158
273
611
318
742
256
308
283
891
892
420
143
559
443
657
399
166
227
236
639
385
29
276
505
471
416
176
0
183
374
555
357
567
637
653
110
723
581
663
661
321
858
760
44
552
90
151
539
513
453
308
829
754
609
806
697
604
437
99
369
600
662
368
433
137
490
681
103
477
313
165
575
220
109
871
523
376
401
83
420
895
198
368
23
847
7
424
602
544
611
211
195
314
485
582
396
752
56
643
498
140
441
629
189
578
475
569
476
833
561
180
458
747
318
137
560
18
62
859
585
107
741
216
97
820
175
170
414
3
15
675
18
493
648
552
598
245
38
698
255
557
713
676
392
91
122
365
248
129
747
435
774
799
196
126
679
263
215
503
67
543
500
313
216
103
764
561
496
222
404
110
697
883
179
279
120
761
672
638
336
647
565
163
473
59
42
789
90
581
330
34
323
412
857
785
575
594
227
545
677
537
132
765
298
163
625
450
245
46
246
826
479
601
70
823
854
762
49
305
413
100
208
682
669
870
816
839
87
179
89
95
395
265
194
691
257
106
391
329
422
721
695
795
290
342
847
508
189
345
543
167
384
555
833
688
723
276
444
619
653
21
111
372
496
720
206
776
90
182
850
183
713
460
563
851
895
570
63
774
98
735
834
777
176
619
668
71
383
248
781
825
372
664
309
23
521
180
433
581
537
34
802
436
776
129
390
812
169
217
148
188
357
454
585
224
760
107
81
68
122
128
31
557
101
493
767
141
890
862
346
312
587
427
847
494
224
309
48
608
566
332
615
190
549
856
296
864
145
531
674
738
669
293
379
811
798
90
292
209
68
110
880
822
360
775
68
482
521
552
597
97
94
298
87
150
544
726
760
49
614
447
661
842
762
294
255
203
850
361
1
804
608
867
497
283
63
293
374
370
788
617
770
30
825
279
306
437
664
788
199
784
432
180
790
872
278
161
193
689
11
630
569
522
561
714
560
376
480
529
604
410
446
698
138
858
156
447
237
898
322
166
391
223
114
753
483
683
853
880
116
321
93
243
589
610
690
443
802
847
104
527
892
545
746
605
301
315
459
15
471
670
259
739
187
283
780
810
642
319
278
684
524
292
420
678
33
384
531
94
453
401
98
716
751
248
539
267
55
368
856
578
310
280
333
712
683
369
183
203
395
749
271
521
361
172
769
882
856
245
595
131
330
687
298
71
556
590
609
779
592
405
870
56
11
213
493
249
267
195
682
861
456
577
879
826
91
882
32
632
43
29
20
877
670
239
293
465
857
616
667
311
24
537
426
362
809
20
219
26
463
675
742
459
355
246
785
441
834
511
616
259
558
407
308
741
764
803
798
740
279
762
467
565
328
550
682
263
85
247
555
427
340
859
294
161
864
108
39
860
231
665
365
603
805
524
868
107
24
109
110
310
417
627
555
102
478
399
778
19
295
658
324
683
16
249
422
180
412
777
731
188
149
761
375
340
143
375
645
103
466
307
492
95
256
835
745
866
260
164
228
58
402
670
24
147
145
499
231
143
319
798
462
888
580
508
711
318
600
844
697
252
671
215
209
69
84
667
507
668
441
757
319
89
7
27
850
147
694
431
372
886
705
582
492
210
344
380
785
546
66
557
173
384
749
203
632
458
100
106
354
474
641
222
484
195
322
312
861
135
479
371
158
357
873
198
534
588
889
671
184
707
695
491
221
781
158
477
637
53
338
622
386
494
821
899
325
464
862
417
370
874
224
873
692
637
320
321
770
455
891
103
304
894
319
485
757
656
804
403
885
98
447
564
