189
290
732
873
547
273
473
480
544
258
591
401
540
300
376
872
601
771
641
267
426
407
232
105
159
760
200
26
699
653
788
684
201
743
525
165
25
458
753
277
378
264
865
243
149
126
143
725
157
392
297
376
516
508
231
546
551
170
719
522
430
708
660
282
557
284
616
132
104
709
860
811
741
43
678
98
419
242
377
311
125
662
554
610
90
164
98
557
357
103
525
60
110
618
685
110
684
314
743
210
537
84
848
96
827
535
260
344
333
532
858
46
427
327
448
617
259
283
133
853
742
371
60
8
898
160
463
856
890
583
18
299
439
403
538
785
98
176
315
543
505
631
566
433
51
478
352
661
608
620
624
528
596
362
718
50
575
229
50
722
367
892
880
304
859
795
263
402
770
10
422
750
440
436
729
458
507
419
301
207
612
552
758
724
225
840
787
175
425
722
310
190
712
506
81
808
161
763
357
119
393
397
21
493
257
82
603
395
512
238
883
706
545
114
457
430
432
633
754
638
779
487
815
217
427
695
718
795
633
536
169
615
112
245
449
765
293
270
635
693
331
747
171
34
537
751
719
58
745
489
771
395
306
619
44
127
190
817
546
693
658
814
675
539
464
870
229
73
572
571
371
668
527
870
33
772
600
758
698
532
452
141
275
279
194
102
647
208
672
802
653
403
449
504
743
535
95
561
849
121
209
730
554
727
687
275
715
75
867
404
432
419
261
511
82
193
862
297
382
311
757
40
800
676
369
886
17
179
135
240
498
46
825
482
403
500
657
890
259
315
258
256
258
376
785
672
718
429
611
284
242
229
709
229
335
604
444
722
0
482
887
304
292
18
508
136
735
593
253
855
545
585
181
239
897
771
590
324
845
587
764
794
644
694
852
247
401
468
71
657
390
206
56
301
745
71
369
259
178
675
653
374
64
227
619
256
591
736
26
19
807
244
738
160
446
322
650
369
854
847
521
105
841
489
760
375
355
33
805
588
416
457
714
591
528
699
785
20
77
834
268
470
870
667
505
233
349
173
880
838
494
429
272
354
755
332
588
727
518
670
604
431
133
809
685
70
894
141
674
655
830
218
732
655
153
700
545
238
169
706
317
484
210
555
113
459
358
862
617
463
649
428
53
299
477
449
45
708
29
571
783
728
412
896
18
831
77
740
781
230
126
366
121
202
162
735
411
117
67
833
434
872
752
639
649
588
384
630
258
135
194
63
616
375
458
84
567
531
472
617
242
106
27
233
572
619
636
115
887
611
210
263
583
195
540
545
652
379
878
572
384
652
628
184
268
321
811
886
437
509
46
386
291
705
770
231
310
285
427
67
437
194
327
869
496
66
236
544
793
536
563
138
875
723
327
807
440
890
5
533
18
431
610
304
501
412
202
243
683
531
572
713
685
298
546
31
661
399
201
635
173
886
90
106
300
837
240
754
696
153
138
70
789
67
20
285
208
514
286
522
432
217
17
703
690
621
147
340
71
792
230
462
180
541
453
878
25
460
406
596
772
431
540
545
478
162
877
496
859
244
480
532
499
59
78
444
888
606
158
142
552
283
63
726
33
243
314
491
84
501
14
838
703
583
637
794
713
29
584
641
444
42
778
217
670
661
441
541
837
683
75
223
342
766
297
505
41
209
718
64
624
689
291
469
297
530
558
788
474
259
613
436
616
383
601
397
32
595
277
664
95
496
33
464
580
867
331
874
704
606
617
651
149
550
517
646
768
235
195
657
190
799
193
42
94
299
201
811
325
353
891
203
443
174
134
504
146
576
166
782
165
211
103
174
715
178
889
624
670
15
392
491
579
63
840
894
208
203
34
320
102
323
141
142
160
265
180
529
236
735
65
659
113
563
500
458
447
783
422
536
839
293
589
275
287
41
868
296
379
699
684
516
337
137
679
35
179
448
224
201
99
43
432
288
335
735
184
311
51
695
585
580
557
762
165
824
273
755
543
605
782
558
179
587
596
507
376
772
396
391
158
625
537
151
128
173
617
74
451
288
829
145
853
190
230
61
118
332
589
812
61
732
58
376
63
732
190
81
16
696
