3119
4562
6988
6247
2255
6436
5076
4887
215
4867
5024
6217
1951
7654
6865
675
5841
594
4236
5346
2010
6112
3010
7164
121
3750
1930
6229
7353
1605
6505
1433
1020
2191
756
2172
4717
6802
1165
780
279
3910
6793
879
6036
1295
4146
4479
93
5806
4776
3966
2689
7370
610
7288
1073
471
7506
3892
2039
6049
3687
2774
7047
631
7020
2772
4526
6454
973
5331
7463
2161
5498
7325
4493
1402
1700
5633
2282
2192
6629
6344
621
4004
4412
2767
1466
3402
630
7942
4252
6969
872
4804
5462
5758
216
2756
2391
4292
6459
704
7435
7800
2585
7592
718
6492
1229
2559
3003
7466
616
1683
5795
6562
5173
343
5849
4210
4632
3166
5675
1026
720
7286
3627
2585
5019
4383
3947
1775
3577
5543
5894
5839
456
4131
1691
7592
2062
1355
2837
4786
2966
2483
7526
3896
5553
6306
7762
4485
3614
2321
2215
1263
7236
4673
5131
3643
6555
3641
5038
6955
4139
1563
1246
2411
2861
3810
6137
7764
6989
891
4732
7130
3409
4732
890
3097
5971
4165
105
6839
618
2674
4119
5813
6183
5498
3002
3927
6075
7975
5348
302
7350
5810
1877
5503
7850
4154
7082
3858
6382
7649
6452
2456
4606
1988
4196
2489
448
4884
7970
3130
4834
2517
6780
1416
2142
1139
6139
4131
3231
572
6098
1322
4478
7103
5296
767
4197
6590
6645
598
5268
1234
4096
6623
962
1372
4007
4814
6043
6819
704
6915
3752
5135
3420
6747
717
4865
788
1491
3947
77
6331
3220
5094
3669
7986
7071
6400
1475
27
2325
2020
3042
742
5220
5823
3226
6023
3338
5577
1862
1608
6663
4578
3572
3642
3619
2199
5304
391
6681
2051
5677
4195
5407
7506
6153
7585
7123
1377
3996
2338
1283
449
5349
5800
5273
2779
7505
1288
7457
5357
4817
4286
3193
4018
5782
6426
1876
5920
1836
7321
810
4043
4336
4943
2752
3815
5808
1791
2895
2795
3741
2509
1108
1872
1455
2442
3508
1336
5590
4719
2057
5484
7576
1445
7885
6974
2828
7489
5921
1357
6769
4045
1979
5735
5867
2625
6571
7049
6172
4177
5064
3457
3739
7904
6267
7413
2708
7506
6375
5052
2492
3199
1524
6570
5934
5059
759
6889
6631
2482
831
4738
1435
5929
1471
1083
4850
2624
7059
6683
1826
731
3953
5321
5737
2272
2349
7315
4712
642
1448
5578
471
6460
6934
5513
7209
2394
7083
2071
4541
561
2210
994
957
6895
6570
5612
4631
3405
877
4482
6038
1185
381
38
732
975
5597
4046
7230
416
938
4677
5756
5419
613
6512
603
6447
3742
2731
3681
4739
7037
4754
109
4004
4656
5660
5232
3822
7469
7777
3020
4134
1186
188
1735
2739
1
2635
7980
5997
4705
403
6910
6350
3731
5825
6746
262
5186
4107
5416
4010
6277
7605
6781
5132
2629
3760
6737
1638
774
4829
4952
239
1940
2095
5311
6800
6218
5613
5060
3696
7618
535
5362
7467
340
2016
2552
5410
5389
2074
4069
620
814
1584
6787
5099
7261
780
5069
57
4141
2457
205
6976
7877
1570
7830
2089
2287
5209
3163
7788
639
5236
43
1094
222
7602
5962
2825
3250
4476
7277
5581
7979
6822
6033
7364
3821
2068
1016
7851
277
5754
7169
3357
7786
5243
4259
66
6178
6963
6534
3236
6158
976
2558
5538
6627
3931
7780
1917
5541
5077
1555
6607
113
700
1084
1820
5032
7789
4455
4417
2292
291
2438
5961
2808
221
6007
6879
2008
7646
2519
6365
4321
2958
2686
3394
4951
62
6554
515
2138
521
6891
1144
6772
6933
4632
1207
5954
1017
2541
6078
5180
3833
7666
3529
3490
2988
2857
7044
7748
255
1187
5659
4334
5522
767
7533
431
7232
2560
30
2181
4732
3978
4043
743
6166
7353
6105
4143
6493
6622
5799
161
6303
663
1570
1756
1932
7114
3062
5531
7545
2814
6625
872
5760
7254
5988
4767
1668
4714
852
7835
1618
2819
205
6399
1315
1139
3717
547
2558
7823
6014
7000
3962
3403
1173
1370
7457
432
3000
6161
2992
4732
1141
1220
4284
7958
1133
1755
7342
6700
7911
4495
6511
1387
7873
2928
7711
2010
7937
1810
6910
6419
7113
4821
4077
2848
4201
2832
6671
5102
6735
7514
2762
880
1689
5300
5674
3411
6923
5398
5668
2969
7068
7892
7799
1301
2667
6957
7534
7234
975
5425
259
4223
4683
76
1565
5867
2080
6066
5178
5529
4157
553
2984
6000
7954
5358
1134
5218
6658
3013
2183
2311
6135
1888
3278
2261
2383
2411
2101
7998
4148
4402
4271
3942
7817
4784
1070
1920
7104
6261
5574
4420
264
7474
3697
6543
7844
2660
6252
278
4823
5403
4542
5640
6715
679
2712
6336
49
5406
2904
292
5171
4811
7528
4381
70
2742
4419
3699
6155
2892
4696
7044
2227
875
7494
4448
2514
4556
5896
5892
5197
7566
7722
7601
1518
2523
3577
169
4822
2489
6394
3462
6610
1519
7184
4599
7942
7057
4353
7319
2693
7083
850
427
2627
5638
3790
7992
1698
1369
806
6847
232
335
4658
855
5650
945
1365
7397
193
4401
6463
7801
2131
7634
4173
7688
2253
1782
2443
578
3892
6982
1817
5456
6203
312
4139
6572
1046
128
5802
6684
4461
1749
3384
3468
2796
158
17
519
503
2937
76
3218
5563
3688
2817
7269
3744
1689
1989
3463
4250
4753
5649
5317
3359
6388
7169
2190
2355
243
3320
1774
2462
1106
544
2533
6335
2901
5967
3683
6651
7686
5
5411
2574
2150
5394
4193
1217
4846
6293
1913
3068
3712
3294
6494
6707
5423
7989
7475
7100
7911
1396
3913
6977
1339
2831
758
6737
7562
5620
3982
7761
2572
1549
1601
7631
4158
4643
4433
1911
3816
4956
6062
6174
4488
2853
7407
5308
3229
2730
879
2039
3985
2626
1154
410
1731
4072
5523
4836
3953
2788
5659
3453
7807
2825
1408
5699
2534
983
712
7811
124
2624
6200
3972
27
1416
4301
2429
5681
4869
278
3046
7396
5574
3500
6827
2463
6608
2447
1405
830
2500
7775
67
2002
2332
5876
3567
7825
6036
7322
1387
3101
3749
5228
6449
2223
300
1484
6522
7712
5610
700
1742
4052
4325
4252
6522
7875
1259
5056
4000
6309
4534
4781
5736
1914
1387
7408
3092
3571
4733
796
4082
832
1326
3294
2154
4087
5750
2110
3127
3678
2172
2100
5171
2453
4609
101
7306
4835
4636
7673
2577
7323
6624
7258
5871
362
537
3850
6905
7552
6197
1057
2460
7129
7424
5858
4723
5543
6216
6265
3769
2334
5088
6676
24
7259
3839
3099
7200
4658
1160
7821
6035
5139
5028
6264
3037
1303
4491
661
6369
4013
7458
1022
3118
3419
1791
2892
4432
6067
6856
3345
2947
2709
1273
1647
643
1691
7363
6803
2430
4837
4434
3026
4587
2752
4071
7390
6644
6133
2085
6756
2831
5164
6631
4678
4651
316
6030
4208
7301
3408
1560
5977
1305
6583
5291
5912
3190
2823
4274
5344
3178
4079
4958
4186
1053
6104
462
3229
3386
4216
2057
2445
1608
6259
5288
781
2391
7277
6673
6626
7573
3632
4318
1765
3712
5047
1691
3364
4086
5717
1198
5143
4648
4933
3090
6522
7981
2703
572
6156
4082
3219
6110
802
3600
4405
6537
5864
7030
7717
7469
4213
2693
2313
7868
4938
3515
5898
109
1256
4614
6200
1181
7435
7162
3355
4687
390
3934
2647
3796
1404
1377
7674
4230
312
7530
486
5806
6506
7885
5014
1157
7423
7065
4558
7576
2395
2894
3939
4164
502
3308
4964
5601
2384
3942
5284
5308
18
2422
4837
2876
6787
4682
6179
7653
5411
284
7994
5115
5032
4639
7284
3518
3538
2197
6195
4948
6957
5501
3064
2885
2467
6634
2893
6240
5179
6383
6869
1082
6706
7287
2990
6294
5684
6193
4224
5280
1015
7400
5093
3220
821
2672
1397
4668
7428
7740
2028
726
2899
845
5818
6035
6147
4165
1128
6972
1951
2778
1570
1904
3002
5925
1893
5640
1124
3226
3078
7835
4360
1427
4764
3485
4581
1925
3979
6754
6311
3859
3950
5377
4449
1665
3232
6803
7594
7809
3175
3611
3217
3945
1278
5183
6398
838
3006
5749
2662
3146
7592
185
7402
1376
6417
1978
5645
5344
2154
5717
1424
2846
4843
2936
5868
6941
4124
6505
3756
6113
2112
2783
5476
3490
7838
974
3537
4893
3117
7104
15
6020
6299
5535
6897
3797
5946
3407
7872
2632
5256
3448
7699
1825
2329
4129
2952
4006
2787
2296
4188
2987
3366
4142
2348
6729
2934
1663
5705
2925
934
3727
6770
3532
6547
3056
2096
7540
4298
1408
6931
3582
5335
1199
7044
6368
5483
7071
839
7583
7337
7844
720
3489
2701
5483
574
6240
1209
1974
5176
2811
4382
3909
35
1958
5571
2577
6589
4034
4725
5489
4889
2120
2763
4320
7287
3294
3285
7254
5823
1932
1953
2066
6746
7688
2025
1081
2478
5741
924
1304
6388
1354
5831
3142
3575
3287
2848
2597
6698
1475
6319
3271
1127
6057
4634
3308
6720
864
6731
169
2052
2865
6272
3173
3664
292
622
830
7310
7283
4435
3657
4431
3168
3799
950
6529
994
7198
6289
1677
5818
109
5732
6799
485
246
3962
307
7338
577
1214
7529
5331
2425
4674
6340
7992
4817
3165
1524
310
913
1452
7070
2367
2817
4856
6805
3724
3760
5304
696
3821
3553
109
7848
4416
339
299
4899
1856
6380
3064
5826
5109
641
6797
6539
4233
7748
6329
5684
507
5835
2917
565
5036
6713
6258
392
919
2315
5567
448
6046
4545
4742
1091
5887
1766
1062
2598
1573
5054
6203
163
5019
7564
6569
1401
6747
5117
6968
3489
3205
7412
5017
4776
2731
5939
3783
6062
5065
291
7689
3897
274
4864
980
5815
1125
2019
7693
1934
3359
5677
2923
2722
1354
7821
4155
5154
1458
4335
6333
143
7768
4738
7724
1483
6400
2083
5851
4697
5413
299
2555
7415
7821
7378
5625
2901
3959
4734
7300
6961
560
6380
2604
2320
7172
3386
1958
7066
6098
7054
4652
7187
5945
4391
2049
7986
4526
1598
5074
3424
6896
5528
5176
1998
6610
5995
90
7347
567
6698
1456
2529
1629
6447
6690
1923
1359
7940
335
2037
3006
3342
6057
6080
2602
4183
1085
49
1211
5303
2320
2004
300
6493
6885
4754
103
4287
7964
2084
6955
7004
7156
7347
5353
490
6129
4622
3951
3042
1369
3783
3643
1700
2840
490
1266
4423
3971
3995
7657
1345
4985
3339
5983
2352
7334
2711
1678
7939
6945
3773
7062
1480
3381
635
6170
2066
5565
1222
2278
3526
552
7140
2061
7554
3805
5926
146
1835
4984
2502
6652
6162
7857
3289
5069
4739
1182
6768
1931
2217
7183
2961
2877
2081
3223
1037
1266
2905
7402
3582
4218
5285
3938
5535
3256
1822
2652
7240
6031
3127
2623
1668
7866
1374
7836
592
6200
7946
945
2099
3428
2791
4104
3509
2147
3676
4797
3837
3766
5109
156
4043
6831
4658
4137
526
6592
3371
2809
4770
4910
2270
2045
6954
5669
87
2079
3655
7654
3386
2180
7154
2843
7344
7410
3324
5964
4396
2187
4895
2409
3545
7032
959
3527
7714
6497
6979
2472
2013
2648
2955
691
1429
6677
4045
130
4786
6812
4239
7706
7687
1531
1475
4790
56
4911
5882
7356
4422
1063
4422
7313
505
4192
433
1800
2793
6127
2899
1717
3752
6685
276
7584
5007
4588
575
3349
6628
2168
7678
2841
1893
57
2936
6327
6772
7013
2244
2232
5278
4082
5832
2224
6921
3961
1331
2421
1530
2038
787
6315
6209
4332
979
2363
7937
5797
3029
1442
5024
3095
4584
7269
775
7779
4966
5986
6678
375
2093
1090
7336
6866
4536
6859
1598
3495
7321
7442
3850
7195
2581
5582
1242
2985
6235
7687
7327
1061
4259
7980
7578
2526
4832
7812
2658
7260
6497
6653
84
4232
905
1441
4055
7275
3241
2086
5834
7311
7031
5540
4493
3329
2606
1569
3049
3384
961
8
925
5584
6525
7673
2310
2735
2938
7162
1001
3593
1533
10
1760
3070
7213
3926
2784
6432
2480
3781
6883
5523
34
7342
2806
13
4338
5545
7329
6590
1496
6787
5422
329
5750
5259
6936
7791
4171
6025
5906
6477
1102
270
6512
892
6701
1511
1014
5654
3169
3883
3388
2776
5550
6452
7610
2147
6580
6890
1462
6877
821
2747
1927
6964
3300
7591
2436
7363
7590
247
5262
7757
2472
6285
7479
549
1564
6487
7182
48
2641
6237
6601
4163
5677
2106
5901
998
650
3176
3996
1082
1451
1332
7387
6518
4378
1872
1087
5261
6879
2695
4884
5996
3806
2699
6314
3615
2126
1962
6812
147
3282
927
3454
1718
6645
4933
4514
7419
4487
7143
5255
2681
4814
5554
4959
1203
3243
1548
1148
4530
6219
6461
6038
6159
6790
5963
7035
4365
6295
3045
7443
5858
1721
1525
7183
4503
5530
4696
814
3205
2366
618
6315
3263
5491
7098
1607
7950
2348
1885
3054
791
1725
5790
1033
3033
3634
3155
1759
4307
3404
2507
7720
3266
25
1763
7920
4552
7215
5623
7973
2984
3781
4278
7933
1326
3565
4111
1478
172
3698
968
1803
1310
5450
429
7136
815
2296
3301
6219
2709
7297
6624
5391
5399
1672
6060
5782
7343
5896
3239
698
2250
7086
4111
1712
3051
913
5493
6161
3696
15
6032
3911
5741
837
5934
6544
6324
1834
6917
690
3191
3209
2664
7803
7620
4249
661
1332
6958
6586
4779
4258
3212
206
313
6648
4763
1714
3505
476
2239
1304
4859
6420
5991
1795
5414
7053
2381
5149
5241
4360
1501
2488
4904
7330
4269
927
6498
190
2603
1624
3591
2768
2325
2106
4535
137
6176
4197
1478
90
2684
1697
5451
7335
943
3926
1688
7114
1630
7525
131
3329
3115
7459
6179
5045
2871
6896
5143
4904
4744
2615
6400
7610
1286
1668
974
4951
2400
6716
2424
1024
2252
3454
2885
2677
2667
5269
5000
7485
5706
1366
4265
5713
4613
5661
7965
43
6662
3742
5303
486
1899
2538
1624
7570
4998
7105
6402
3862
3901
5198
4043
2626
2194
3011
1389
6961
7933
1297
5626
4439
4854
964
6700
365
527
4218
6107
3702
1725
5502
5703
44
7287
1989
5973
7244
1590
2308
151
3515
2397
3372
6276
787
1011
5956
3591
783
2763
2977
6387
2511
1349
7363
7443
7175
1133
7951
2015
5834
1280
1253
3339
6191
2127
2781
3258
3741
5053
1379
6225
1721
1186
4140
6310
6632
6674
276
3350
3459
4984
4246
629
5271
4315
6887
6561
6293
3843
6319
816
6493
4469
421
4103
7841
7513
1670
5260
2937
7229
5617
3123
5764
2226
5154
5557
2741
2132
7369
4703
193
5928
6790
3783
5987
4829
5764
5465
3146
1653
5039
6607
353
509
403
2559
7736
5624
3666
6926
1812
4762
2114
4738
2128
5296
6689
7478
2605
5469
373
2150
3006
5566
4484
6250
2793
4399
6893
2048
5210
5543
2786
7490
4298
6782
2435
7030
3815
5520
3607
3268
5857
2233
4329
3074
3473
6143
445
7147
1861
5583
7086
4591
4652
6304
6053
228
2203
4212
5880
3866
1529
2173
3612
2892
5454
860
5064
6769
1442
3460
2601
7538
6677
4606
1915
4983
1851
3781
7819
5211
4401
4753
6918
7422
897
561
3772
6584
5613
6353
503
2346
92
1883
5874
4657
2654
4346
1400
7860
1118
7674
1307
1565
5731
3852
5005
7204
5762
3813
158
6151
2724
3781
3602
3222
6256
1493
4254
4458
3797
1769
6399
2230
1013
4454
1336
3253
1905
6205
7846
259
4109
7893
2113
1608
3328
6663
7025
4111
3099
1859
2250
245
2003
4496
294
3196
1133
4784
7518
6591
965
1761
2532
1088
762
704
6080
3869
7737
7881
2853
33
5925
7225
6128
4023
5984
5396
2108
826
7929
3010
740
7719
1906
7893
1366
6964
7852
3942
144
4666
241
2909
4283
6541
4894
2446
7840
7148
3371
4864
1035
3924
3225
7370
3195
7151
7159
3863
1730
6698
6224
4680
5311
4004
4020
3512
5302
1346
7969
7835
7177
4255
2703
2111
917
5921
1237
1909
4652
5351
3387
3337
1770
3806
5405
5356
7670
6067
1656
3891
7703
3426
724
3832
6320
5421
6222
7518
6874
6313
7169
4787
1884
1778
528
6254
3977
3263
5587
1175
1463
4560
6236
3846
3287
1476
5029
6915
4854
391
3159
845
6991
7912
4985
6774
4490
3144
5684
6955
7125
3822
4863
1042
5086
6136
3499
3148
2858
5932
333
2265
2773
5613
4803
2651
7590
4745
3877
435
1550
6127
5194
5448
1470
7166
1140
6758
6242
4536
7897
2818
6397
5461
2318
6364
2338
7988
1234
5693
4492
2220
2869
288
5467
2369
5283
1517
3692
5747
6545
4256
4691
1264
6403
1737
7031
6057
6967
492
11
6529
2930
5192
7397
34
5604
2485
2684
3242
314
5670
4931
2691
7425
5006
3548
5521
2802
6112
5563
900
2718
2542
2904
6477
2551
499
1168
1005
2680
1388
1625
4136
4274
4256
7904
4313
5876
2689
4097
5727
7383
43
2082
2741
7971
7113
6252
224
1122
3671
2279
4609
6527
4033
4274
7818
2713
5547
3547
3917
426
5386
2081
1008
4110
1711
1987
317
4147
6116
2116
406
2652
303
7998
5253
7825
5043
7712
3378
4391
694
7238
5934
5992
3838
6452
6507
7966
5588
2478
2318
6913
5738
6134
3485
7866
664
7907
467
5267
6978
602
4499
4926
214
556
4473
2943
3442
3404
3083
3446
2722
7915
4622
2253
455
1074
3893
1082
7059
6363
3124
5233
7664
7532
7860
1194
4992
4306
4319
1098
256
2390
5146
7024
5766
4798
2323
1183
5097
1795
2928
1795
3199
1641
358
6178
5377
3713
4331
6368
4427
7991
963
7918
1152
2712
5367
7185
1163
7909
5413
4427
6656
1228
3440
488
4704
6025
2647
2214
3003
6425
4323
2049
7600
6038
1018
7707
5328
6836
530
2053
5345
6166
7679
4845
5502
5838
5100
6820
4828
4208
6760
5834
4647
1745
4056
5271
1930
2081
3083
3977
4494
2594
7211
2854
4762
644
4494
7277
2137
2655
5996
3037
4921
4876
2603
6369
7311
4769
2775
5078
3287
839
1389
3899
6809
5752
3030
372
1640
5146
369
7547
69
6963
4105
5795
3360
6025
6822
2442
4542
1687
7231
667
950
4397
3789
6717
3029
741
2106
5212
5665
5117
2936
466
3963
7638
6895
4849
4509
1672
3534
1391
771
928
387
2927
7463
3255
5637
5416
6820
7088
7502
5940
6396
4045
1063
2743
1077
4846
4763
2218
2846
2152
6349
6083
4911
4798
7718
7427
1038
639
3110
5660
3566
315
6300
1212
5010
6051
3121
6394
3568
7164
4958
2076
4464
6400
5565
1154
3347
7633
7037
7411
5105
5467
1008
2371
5146
1989
1151
733
6878
4435
445
7283
6185
7579
7768
1471
4422
6817
3436
1076
2948
7314
6193
518
694
6937
7125
3347
1684
5282
5797
7020
3518
4905
996
452
801
830
1214
2229
7730
4055
470
6761
4696
529
1276
235
6246
3333
7546
5514
7878
963
1101
5607
945
1134
5041
1308
6810
6068
341
5065
6826
5991
4974
5500
4390
637
552
3772
110
5153
1975
7283
6303
2163
1227
3061
1175
1827
6881
7281
3544
869
2358
7731
2629
3921
4950
1235
1994
7643
6355
2366
7833
4330
6034
7326
3343
4182
1536
2473
7797
5827
2146
707
5921
4437
6409
1681
7805
1167
7075
2651
4511
5195
1006
5149
4312
6616
4040
3627
1161
363
4003
6782
7150
4996
4436
5919
1598
4063
266
174
2155
6674
2395
4943
4932
6665
2234
4146
5947
1308
2565
5886
2752
1354
6331
7834
1611
7253
1163
6167
1273
3321
583
7933
1294
2378
3512
1265
4121
1769
4234
1280
3317
7394
6568
2186
6763
3878
4451
1165
3317
288
3147
4877
4318
3445
1824
5854
2181
1693
2722
5902
576
7833
7813
2097
6492
6416
1153
4937
6595
4426
5829
978
759
1672
5131
552
890
2365
7559
4246
5200
749
6201
6652
2588
6881
34
4252
5223
5188
6739
2305
1216
6686
4128
4044
5885
6826
2356
7964
2271
341
2558
6169
276
598
6345
222
4373
7908
6698
2048
2544
793
3474
6079
3808
5665
5507
1289
2200
4958
7520
4837
799
3676
2909
3650
7508
3372
7573
349
2707
4703
5818
7369
4464
7905
5414
2270
160
6959
2129
2176
7736
3062
2588
1355
5197
6730
841
7064
1017
3583
3214
687
5247
6312
5374
6985
2374
937
6247
2880
1410
315
4155
5077
1136
5628
6374
4830
6335
4849
2238
6474
3404
2969
1689
4114
2758
6702
6840
2558
6705
2811
2912
1809
838
5269
4105
2387
1207
2295
3568
2809
7503
254
7303
4082
7352
3453
7501
2064
3670
5310
4792
7889
2065
3286
1421
1738
6961
2084
4946
3759
2978
4774
3100
2753
1430
1847
3586
5268
585
5801
2162
892
3232
3323
1761
4564
7979
1079
4510
938
6474
3371
5056
6602
3627
2689
4030
6630
1649
4669
6493
95
4528
3731
6596
5426
2389
7587
1963
2498
2083
5010
5490
62
6552
4486
462
7726
6574
4861
3742
2207
1149
4043
6172
297
7037
6318
2734
2394
2346
2511
2460
6657
5376
3352
2973
7000
2534
2476
1482
6671
4583
3463
2292
1457
4379
1396
3025
7413
7844
2533
3857
2980
1940
6962
7695
4065
4012
177
2466
986
1087
5998
4756
5194
2422
2631
4266
6056
4652
7079
7650
6447
3705
3741
4731
3147
3276
3544
4334
7773
4914
4545
3386
1259
6259
117
5789
3751
3739
4958
5470
1242
534
6061
6599
4077
4469
2869
1009
6676
7117
1959
4855
536
4414
4390
3597
4799
1041
7750
5481
1497
2747
7142
5151
5226
6974
3303
6538
1967
6959
3464
4262
2959
722
2336
5947
2335
1505
4599
5428
4562
5228
1152
6478
4796
6618
311
5548
7041
2189
147
7367
5406
2852
2409
4418
4627
986
5597
5851
1452
1483
1349
510
4587
1687
28
5556
532
287
1439
6136
5909
5421
1159
2858
4879
7472
2532
605
5829
2468
3795
2443
5664
848
284
6632
2908
2281
2794
4947
1683
7444
3687
1513
484
841
4020
6324
4544
4755
962
1
7953
7219
2576
1295
2694
5157
3329
3555
447
4090
7513
5113
7634
484
724
1236
2616
2704
3811
4791
5528
7406
6148
4012
1069
4108
2876
1857
534
7584
7668
5971
3578
7332
429
4610
1813
5468
2850
3844
1572
691
7033
3797
425
7939
3365
4364
1435
7668
6107
6473
2926
3132
5422
7243
4538
3460
7497
6430
7179
7275
2377
1841
4996
7139
4789
3141
4592
825
858
4674
3559
7603
1607
3428
665
3282
2978
2322
7738
3575
4774
5583
138
162
4602
1673
1599
6677
1774
527
850
23
3028
6624
7971
2452
1145
7903
4234
1506
6911
4706
2555
5150
7064
425
2965
4789
5601
1707
1927
7487
5593
2060
5663
7877
2044
4524
6001
99
1088
5657
6880
4425
3307
2340
7692
1243
2831
1169
4440
6584
1187
1448
726
3608
896
7400
786
783
2933
7387
6008
4846
6343
4869
4323
648
4488
3190
1730
6546
2450
3455
1193
1188
7969
3521
5426
476
970
5281
717
4642
3996
5463
6059
7301
3090
230
707
4804
3761
6630
6016
1450
2308
1085
5063
5904
6002
2284
4712
6342
6713
2885
3424
4749
585
5306
5065
315
1535
7825
3039
7105
1212
2165
6639
7306
6882
7078
7326
3705
3179
3215
6547
7125
3109
632
4930
2689
7310
3986
5526
7396
3144
4784
6650
2599
2104
3733
6213
2140
6273
680
7680
3132
408
2308
1684
5769
1604
4268
3797
5906
5301
7707
6501
2005
1598
2490
646
4542
5295
3307
6272
142
5587
6274
6251
5335
5123
4500
6810
1123
4517
5543
7716
5237
6789
4297
6224
1767
7565
7868
3356
4338
484
6990
106
6156
7969
904
1288
7468
6763
3964
1050
5545
5935
7809
2790
2304
5564
1212
3004
6132
4862
7572
4096
7760
5461
3783
7126
4424
5969
6363
4840
958
7692
3500
5270
5216
7588
2596
3643
6574
4628
6922
6105
1497
6831
4913
5088
3975
888
7632
5856
3380
4192
2802
1736
3378
349
3908
7706
1936
163
6796
1773
2777
1473
5369
6622
564
7899
4565
1364
745
2816
4246
2415
1795
2983
2196
6733
2256
3595
7062
2232
1157
3168
133
7599
7614
3312
5058
2512
1956
279
7059
5919
872
7383
1080
245
1963
2713
4060
327
448
6657
5415
2898
2697
876
1840
7008
6590
4553
3728
5946
5964
7057
6994
4267
4121
3556
5510
2220
5542
2498
4725
881
7374
6498
1518
7439
1451
5106
1983
7560
5464
1644
1151
5685
2768
274
5640
1614
3893
2438
6595
5081
7021
3272
6620
5613
7591
76
4884
1058
6588
2167
2356
2392
2864
4598
3935
7712
1111
4859
5505
5194
2452
2261
6308
6731
3709
4715
3873
1931
2970
1237
2355
265
4876
4120
1959
7852
2507
5563
4591
3751
7624
7434
87
6535
561
2791
719
6684
3027
4871
7526
1282
793
3536
3224
3211
3058
6030
318
2890
4881
4812
5667
3966
2638
4501
4599
218
3050
7239
3933
5933
3119
2384
543
2547
5622
7880
321
7095
4418
3179
5363
7523
6154
1137
1887
6694
4948
3020
1507
7744
6973
1982
345
5549
4821
2708
2321
2668
7783
4546
4704
682
7382
796
3282
720
1122
1455
634
3558
3082
5818
6379
2082
908
7948
7167
5009
7560
7931
5076
33
6275
3262
7319
6409
5062
6632
1912
277
1382
4482
5693
5329
7711
2947
1458
4177
2202
6254
4990
6172
7886
5768
6034
6387
1346
5429
4602
7297
1904
3567
3158
96
3142
7073
6370
645
3334
2726
2608
6410
781
2969
7224
2391
3824
88
582
3755
194
2906
3089
7884
626
5098
3692
3593
3857
5696
3157
6569
7794
762
3947
2546
7082
60
4989
5335
2487
6369
1022
6719
4605
5980
3220
4910
2155
3376
5391
3346
4669
5704
6071
3308
4954
7539
5438
921
1309
6848
4884
7101
3377
7347
4890
1227
5077
6881
4078
7986
2303
1581
1061
6375
4317
1055
3798
6731
7030
2718
2707
5050
1711
6282
4403
4336
298
4024
5707
7895
1225
75
5307
4401
2896
5803
2276
4190
1256
1189
5815
1483
4160
4255
5801
6135
6990
6454
7619
7651
3892
1718
3221
6550
5757
7157
7562
6858
2502
1484
4759
1974
4985
2483
7309
6713
3573
5240
5647
992
2122
4764
5789
6676
160
1674
462
227
4983
5877
4636
5865
1032
653
2905
7834
2123
1053
5696
47
4882
3076
1191
7275
7058
525
5392
4617
1986
2542
3294
7876
6429
5018
1892
5762
7681
6851
1113
6238
5241
4591
7912
1169
4696
1078
5604
252
5692
4438
3801
3220
3634
3314
6525
3498
4664
2093
838
5590
6173
6175
3285
4223
2373
1843
6160
1546
1929
5853
1293
3549
3963
3002
7593
4751
1607
7877
3001
5742
4532
1907
6808
7724
138
3821
736
4070
2766
1448
1844
3474
5225
7650
4537
773
4967
1402
1636
1951
2266
1004
4014
340
1247
6569
4645
3031
2168
5647
7068
2277
5081
74
6723
6763
3966
1606
2065
3668
4089
5392
3613
7155
7306
6216
4684
522
4134
5509
6757
5365
5594
965
7681
438
521
3407
5470
2206
977
6760
4946
1364
5772
3949
1372
133
1842
339
6614
6952
4572
5113
710
6956
355
167
2837
1857
6055
3942
5463
2176
812
1147
6920
4984
2782
3649
1688
6614
2357
2466
3485
3760
5555
2482
7208
5358
11
4264
2930
7509
6556
3513
2676
5425
5082
1491
2069
6495
4046
7539
3902
3956
6324
547
4618
1934
5122
3540
5273
4981
2376
6035
7747
301
4722
2347
1258
922
2091
5912
4009
4240
6236
419
4713
2551
1234
2655
4562
2007
3518
1854
2141
6726
4629
4560
5576
1195
792
2586
4963
238
366
7631
7048
4478
6381
2542
3112
7422
5751
3191
3711
4429
7553
3531
6825
6064
751
5919
2831
671
4827
2076
6009
3753
309
5847
3848
2436
7556
5224
7803
1589
3979
6761
2606
1304
1670
2061
420
6349
7571
1434
6585
6719
6574
2436
1082
6418
2901
4904
2192
5032
5962
7457
1239
6416
2743
7435
4044
6285
5803
7634
3365
5438
4099
2229
4155
6510
2788
605
3491
7738
612
1172
7642
5723
5384
5284
6622
720
1704
3853
25
617
6767
3809
6904
5681
7871
3392
2907
2553
6833
7788
7333
445
2938
4360
7794
6390
5993
6962
5864
6971
6988
5817
7655
3477
818
765
1498
5470
6988
1506
4975
532
3245
816
2595
1279
1393
4555
6262
1981
5497
7242
6718
5095
1748
3317
7512
1506
5241
6304
7865
7620
5040
3422
5346
4640
1873
6884
7666
6960
2213
3388
5781
30
3049
3298
6746
431
1712
191
483
4748
4776
5439
3957
1391
1845
4753
4784
6566
5689
7035
2136
6151
3509
6935
3217
1137
905
7021
5994
1530
855
6446
1680
4858
4678
7755
4003
3699
2210
4592
1445
411
3297
4833
4174
5768
65
3439
3006
5816
1356
3030
6154
441
3709
7350
4151
2299
6333
1260
5829
5488
2502
6477
5858
2973
1769
511
4224
4033
1962
307
4928
3422
201
3330
4621
5544
1884
6691
3654
1417
6295
135
7891
271
4014
2897
4249
2931
4305
6069
3528
6535
7638
6252
6481
5691
373
3025
4149
1867
5548
1372
2169
7945
3651
5560
694
4354
618
7426
1868
528
6398
864
823
1148
7274
2876
1722
7693
2922
540
6007
4146
4011
2656
3936
6791
5327
5975
4488
839
5900
5757
851
975
1524
3349
2828
651
4175
1247
5525
2303
3300
6199
313
3060
1367
5770
30
2109
1900
629
6550
4516
41
5948
2836
2230
6682
739
3771
7912
2478
172
658
3813
1855
430
212
7541
943
7631
676
7243
7854
286
990
7851
2455
719
2249
4726
6202
2772
2472
3411
7349
7444
6000
3580
3323
2954
2579
5282
6710
6205
7803
3006
4873
7063
5138
2870
750
677
6718
6824
4415
4586
7978
3285
2896
1376
4736
1069
2873
3980
4211
1331
2673
1085
6136
4300
7253
1825
7828
6122
3593
4931
3280
5776
1269
1829
5002
1345
4977
1717
5798
7113
4219
2928
2401
2215
5861
2896
3205
981
3724
1779
5561
822
4674
6602
2800
4571
3533
3962
2946
3378
4553
274
6935
6668
4520
2985
3519
5129
4314
788
4192
6435
4872
1410
5575
4307
5433
6836
2463
5411
2519
3803
6399
7762
4364
7631
3869
6365
4999
170
4832
1840
1883
3071
1364
3753
1798
4410
1719
5445
270
4310
5808
553
455
53
4063
527
946
479
5007
2699
5888
1113
6088
5945
3828
1185
1474
3077
4518
3461
6579
663
2083
4829
6921
281
818
3691
1908
3558
562
3277
5530
1552
5279
5404
5998
3598
6323
5605
1883
3841
2856
4354
5722
7777
3868
4308
99
3400
2382
5662
4031
923
69
7361
572
3537
1040
3856
4474
2785
5416
3663
6819
7756
2481
7245
2040
6852
2719
5915
4998
1016
5878
4328
567
381
3242
4090
3012
1050
5476
5963
2824
5168
294
702
1840
6916
7749
6908
7439
7659
4949
624
6670
1233
2980
2139
3009
357
3228
724
3092
3684
5068
7072
5476
4161
7168
7466
3690
3438
6156
3807
4434
458
1192
2792
1194
4135
245
4293
821
4086
6622
1731
6368
6226
7513
4953
6860
5798
2765
2021
4234
59
3342
7102
7205
7265
1539
7285
2520
2553
1385
7149
3872
1182
1968
5908
4460
4078
4099
3517
6834
6456
1893
3548
5595
7748
1143
1949
2334
3321
5078
5793
7851
1327
2529
4694
2045
3538
1240
7601
7314
2671
2528
4235
759
1694
227
853
4988
7308
7636
1466
4296
5732
5072
2768
5509
6170
2144
4409
891
2324
6235
7068
7995
1717
744
2747
6833
6982
1569
178
3101
6147
5268
139
155
7104
3939
3200
4062
3574
6475
3406
5691
6958
65
7730
6945
201
5944
1731
4263
7850
1344
2987
2494
256
2376
3331
7750
883
5188
6538
7612
3114
7721
258
4880
7991
149
3880
2004
2144
2893
4686
6225
6347
6622
2518
3700
453
2980
2701
870
687
1641
2657
2041
965
1573
3457
6141
1548
996
5968
7347
7832
3973
6789
5721
6327
3422
4641
5540
3965
2301
1294
6924
5421
5065
849
2241
4225
72
1644
4923
5207
2106
915
3055
6264
7522
1352
6365
7429
292
341
3910
832
3913
4390
3708
2868
4320
1152
2897
3011
896
7586
6449
1802
2280
1590
6604
2866
4423
4404
5803
7830
6615
3924
6948
6348
4515
4333
1129
4498
6634
1839
5050
4311
7452
6138
5691
7267
7745
152
352
7203
1721
3230
708
3989
4894
2074
3609
5068
4549
6137
6586
5472
1508
2808
1053
1078
1229
3397
2852
1832
152
1266
1618
2128
1376
3476
6106
5430
4131
3774
979
6420
141
5781
2953
6786
2190
3280
3501
258
423
4943
5676
2154
6341
1236
6300
6890
900
5410
3347
7801
4628
3952
4754
4705
825
7882
159
4771
3564
3205
496
776
7007
2717
1091
3781
4446
6573
5835
3465
4305
2121
7940
5351
1054
443
1384
2331
363
3673
698
123
4673
384
5119
7355
4236
5103
2956
3293
511
706
5307
691
3604
6152
3703
4818
177
3012
5623
981
4326
2045
5768
971
3731
2690
4738
6398
1639
6910
6108
5921
2371
2291
2460
1045
3132
2647
2534
1624
63
840
6582
7946
399
3500
937
7709
5163
5289
7669
7257
523
1470
6458
5258
1480
6972
1584
6663
5787
6501
1471
3295
381
1823
1581
7521
5742
2197
3185
5832
1746
299
4903
2049
4277
91
925
5403
5551
7985
330
138
7267
2463
3294
1560
3681
2814
6325
7145
4844
1442
5733
7145
6037
4888
1590
6164
7814
4926
1265
481
6939
1535
4689
2892
5930
2219
2838
7743
2403
815
6649
5084
3091
1717
3194
2602
4227
7259
5653
5977
6141
136
3987
3315
6126
7217
6140
1569
4199
7847
4010
3288
7165
858
4728
5406
5265
1198
2650
573
7594
2552
1031
3266
5374
2773
848
6450
2128
999
7828
459
1651
1325
524
882
2092
3902
7170
3902
5749
6242
6239
2847
2590
3405
7905
6764
3087
6201
5291
5193
808
6046
5878
177
6665
3089
3686
3046
3949
1591
439
2610
1713
2084
2390
4056
6387
3412
2124
220
1109
3140
6549
4780
2785
110
6671
3690
3143
4704
4814
1751
3777
7928
5772
3997
6807
5566
5566
7481
3774
2974
2561
6467
7900
7424
5363
6107
295
4614
4319
7282
5803
6497
3856
6834
6762
7888
3718
2187
5277
1463
5190
3803
3609
7640
7372
825
4109
6320
3164
7967
3944
4080
2935
3761
2391
854
2792
7022
5740
744
7357
1074
2586
7565
2835
1701
3165
7944
4747
4804
1526
7697
2393
4234
6420
6098
6395
6970
3727
3259
3334
5132
5325
6466
7835
6514
2247
5243
2745
2245
5030
975
4012
7249
1799
3420
7140
4665
5022
6825
672
3017
4150
6916
777
4566
1814
3322
2075
6100
2623
7155
3390
3892
4947
2663
6131
7543
656
1345
6826
3156
2233
6926
7728
6274
2261
2210
7493
5795
4177
7240
6156
5965
960
2723
2267
2229
5443
2405
1650
3322
7748
3627
841
4300
2332
500
1922
7543
6613
7229
3198
6032
841
7482
587
2554
6185
1394
635
2261
2522
568
6288
3845
3641
193
6547
2394
7935
7399
324
1441
2304
2809
2987
6726
2381
7676
6605
2532
5114
771
4922
4395
7546
7846
6147
7085
7334
2338
3146
2373
796
1485
6770
4004
6660
3124
5236
2105
494
1171
5715
6717
3607
7088
6312
152
3659
2772
2391
5171
1764
6695
3554
5275
1584
5607
1436
6670
5425
4612
1397
7270
6654
3932
244
1695
2822
6734
5188
7943
2164
3069
2277
1153
1263
1123
7747
6773
4985
2511
7140
344
3319
5628
2170
595
79
3280
7704
82
5549
4526
7106
4332
3937
3896
6365
7530
3170
6116
709
3254
2230
1977
5245
4770
7273
3943
4673
81
1210
641
5240
3654
3350
4056
133
1543
2492
7733
6333
6317
5951
2546
1715
5067
2282
3189
5422
6649
6717
2378
3260
7164
5462
2461
4320
7571
6251
6609
7846
2080
2228
5887
24
1010
7013
398
7881
7723
6233
5163
3150
2259
1418
4005
5900
6136
5117
40
2413
6591
4987
2772
1133
7628
1913
5946
2768
6793
2137
4659
4470
6679
3401
220
6
2191
6602
5169
840
5043
5387
5765
2959
4087
7027
7515
5331
6373
1278
5733
2909
5361
7679
1686
3547
2009
3907
2534
3667
4088
2902
4834
1973
2345
415
3629
73
3026
3238
2327
3975
7444
1782
6423
5061
3981
5726
680
7307
7304
2769
894
3010
770
2093
1508
971
4314
6873
6900
5805
2452
1415
5170
6502
6217
473
837
482
1903
7840
5394
1929
897
6335
3702
51
6795
4526
7392
823
5780
282
1354
2273
6567
7082
6354
5377
7808
1373
825
5536
6032
6991
7479
4366
2669
5338
3704
6935
665
6105
5367
1556
3245
2632
3894
1373
7331
4871
4183
6236
1277
5438
6938
6845
7380
3354
6132
257
5248
4276
520
1138
7329
403
7684
7025
3208
5192
4763
939
774
7352
3162
1578
782
4086
5609
1095
3337
4558
4641
7166
4727
1247
5380
6042
1020
4768
6301
1039
3791
643
2933
5926
5626
2038
1711
2067
6350
1734
5825
4642
1383
3614
3727
6992
2200
6254
4262
3254
178
6311
529
3296
1078
5666
2332
2428
2325
3872
675
5038
671
3116
5333
5760
464
4701
523
1399
244
2232
7039
4673
1395
2482
4458
714
7741
3090
1662
7661
3218
2485
6141
3527
5614
6891
372
4392
6928
319
7320
2979
294
2261
7739
1669
4695
2155
7659
1890
2220
4930
424
6091
6364
662
1279
2203
7858
6728
6343
817
349
3613
5943
1208
4948
4447
1891
1761
6820
6561
3857
5810
663
6048
4988
3320
1283
4293
2980
6872
3436
456
7376
2052
87
2926
7266
5577
1644
4466
405
6212
7174
3778
5461
1012
2011
4960
6842
619
7363
681
2339
6751
7462
179
5419
3037
7687
7119
5259
797
5735
1773
3724
2416
6807
735
3046
918
5598
6006
378
1516
4930
5129
3689
834
887
212
7439
331
5025
4732
7392
6381
5128
3312
7069
4537
4119
5356
6514
53
1489
6359
4271
6292
1873
1292
5281
263
2172
4598
269
6316
3525
2389
2504
3685
476
2205
3126
5892
116
5501
4189
6626
4271
6077
3429
207
7017
2688
4014
1635
5662
5993
1486
6707
4537
3930
5733
3487
2874
4312
2719
6985
7554
1227
3718
4128
2814
5345
5314
7898
7406
785
5678
6592
5393
6397
5655
7587
4271
6512
7315
5868
3906
3591
6972
977
258
3629
72
164
460
7935
6598
1989
2734
846
3255
3320
2705
7874
1223
5841
6340
3035
6694
1420
4705
7187
7752
505
5214
7968
5557
3092
2290
3413
2253
3443
4577
6696
3036
3672
7910
1102
5654
6310
828
1731
5679
7281
4234
3238
2777
7726
4073
1920
3227
649
5779
2725
7499
5526
233
1651
7912
159
2592
1975
7766
603
2250
2160
3318
2688
3197
939
6049
2672
1826
7501
1602
5774
4124
3055
845
7604
3986
4259
5024
4285
6363
86
6708
6589
5381
2382
3584
5264
2882
4434
7978
3088
7472
3560
5994
224
2371
1529
1918
2341
5906
2385
1092
7253
570
2499
55
4839
7027
2409
7240
3562
3373
4553
1816
6258
2150
468
4496
1516
2827
4040
7774
6035
3848
7285
908
2875
7150
1180
5438
395
5824
5042
904
5448
1498
4101
7082
3532
7103
246
1193
6357
1405
3748
971
569
3519
1321
2350
5431
7471
3774
1797
5354
4742
3642
6128
5847
817
6519
7287
4197
3681
469
420
3692
5360
1368
6330
7781
2027
4077
3093
1410
6720
5130
287
2839
5
2163
6124
757
802
216
819
1816
541
2139
6890
886
4736
6512
3965
695
6697
7326
6698
7236
7470
2850
7676
57
7210
4210
6241
4724
3689
2463
6954
4367
2220
4243
672
42
5081
2426
3069
1377
3138
5374
6670
2013
3664
3178
2083
1286
5132
1328
943
2582
5001
4102
5251
5641
6194
1450
2850
304
2476
1415
4672
5157
7655
7344
1628
3417
7366
713
7287
5449
7784
4420
5743
144
5075
2825
2941
5141
4861
7599
1736
2468
7286
1767
3107
1819
3829
5305
5674
251
829
358
1012
2014
4459
4843
5301
5127
3103
1575
1331
341
7109
1428
3171
1042
5055
7985
4768
7400
2097
2624
7431
5747
6888
619
3697
5042
5927
7362
3278
5782
2512
415
986
6525
1900
7659
5695
1272
4439
6073
519
3592
5451
3472
2620
3112
1735
1158
2783
6532
4059
7623
7809
3271
6099
7989
6401
5522
1213
490
2402
5960
217
7896
2183
1478
4061
4626
398
7408
3234
6371
2567
2535
5230
2908
5264
6038
351
2668
4686
4908
7792
5287
4298
1380
3627
1065
3813
639
2219
5332
6073
1940
1805
436
1294
829
6579
7876
6198
6899
5876
3466
262
2804
7651
285
625
7392
6203
7623
3266
548
6692
69
7670
6797
932
5803
7731
830
5413
3556
3305
445
3614
1175
1028
2087
6369
1958
7435
5124
3137
6032
984
5557
1310
2806
2036
202
4175
4987
5838
6320
1066
7236
3864
903
6643
6815
2303
1938
1694
7936
6405
7240
5122
6886
60
1543
7581
3228
2209
5608
3006
3995
6418
3565
7251
5708
2989
2135
7567
2348
7047
6421
1463
4297
1030
2710
3210
5353
4060
1343
4939
2121
5408
3129
4524
2243
906
1697
5593
6409
139
3427
798
3789
5703
5793
1589
3075
2672
4940
7728
318
5440
7958
4031
6263
1171
382
223
1325
3934
2314
5856
7014
1424
2643
3920
3347
707
2106
1353
5777
1631
7352
2132
4940
76
2260
7865
3326
4177
1965
2405
6165
4686
1463
1589
2803
658
3587
5733
6351
4506
374
4240
824
4263
3739
483
1978
1466
1365
6946
1625
6575
3629
6358
2810
3764
2442
5906
2850
4004
3006
1953
4373
7876
6396
5199
6176
1816
4968
5648
4019
7715
7303
7248
4326
6522
7830
5207
5212
6852
1462
5144
7941
5968
6724
2135
1597
3795
5255
310
1490
829
515
2394
3491
5046
6506
6270
1059
1850
5874
1492
6013
270
3394
6547
4498
1949
2693
6498
4125
564
6561
4063
4664
3671
5122
6412
2679
638
1872
3542
7346
623
5375
3140
4257
377
2308
7289
5855
3658
6373
2469
145
1518
2153
7822
4768
1316
2799
4727
5986
95
5915
6634
918
22
5035
2855
2510
2696
2471
6313
5671
6096
7223
4625
5428
2848
719
1074
1785
7645
6469
3768
723
2071
7042
5877
3189
5283
6615
457
4109
3927
7911
2478
2821
6306
1154
7198
5029
2117
7827
1505
4373
6962
4911
4150
6656
5503
1677
1245
3925
711
6549
3647
6951
5726
5585
7739
2612
6894
3328
4943
387
3315
3785
4702
1446
15
3789
163
6559
330
2581
4787
5023
2410
2346
4328
7530
1835
2756
1584
7318
5532
5850
6768
1073
7894
3992
6294
1154
3993
7023
7802
6184
3140
7878
5104
544
1073
1870
5420
3362
3243
2547
786
3882
1229
3182
1498
1428
7352
2167
5405
1632
4784
280
766
662
3091
3869
7095
1603
2808
7336
5695
6369
7584
2849
4885
4052
5339
1994
3116
593
2299
4400
3827
6553
1645
3581
6528
3427
4857
7403
2904
3352
3542
6483
4957
5240
5418
483
6549
4762
7454
6382
1107
4432
1243
2142
836
4201
2595
3908
3032
5456
4366
3856
1994
2769
4959
3484
6862
7612
2562
1570
3095
1698
2148
1743
5698
1532
559
6063
546
556
7905
1223
7656
2267
5512
5761
5615
1985
3100
3458
6370
4226
7480
3672
7755
3510
2999
3599
1784
5953
3559
4066
2188
545
7021
2831
6111
6087
6069
3715
3411
4252
3987
5429
2228
2084
3835
4943
5963
704
1113
4678
7168
7245
3662
4107
617
6250
5128
4889
6579
2840
2237
943
683
4666
1348
3864
234
5947
3536
613
731
1742
6793
61
2218
529
457
6027
5259
4939
624
2517
2340
596
4644
877
1880
84
1448
2496
369
1763
5592
3019
5609
2320
894
4526
5525
6589
6677
857
6127
3816
3416
3875
3710
1284
1797
6393
6244
3397
6515
1779
5700
3515
1613
5442
7182
5078
234
1798
7336
7176
2186
6524
5946
5576
752
4117
5334
242
4951
3361
6147
2315
4498
7402
421
1635
7107
5598
3722
6867
5943
7267
851
2854
3741
2191
7485
5268
5345
3504
6539
2281
1770
2885
5074
2757
2028
912
4896
5244
6762
4611
3338
6941
7948
6615
5457
7056
2328
4348
7792
3673
7504
3691
2757
3257
4392
5271
6809
1907
227
2049
5838
4460
3721
4459
3940
5548
775
1700
3880
1793
5347
2434
1209
2754
7450
2350
312
817
6871
3609
6476
826
5074
6413
2766
3224
2692
1118
4056
3031
7042
2559
3237
2036
5565
2353
3365
6816
5909
6037
1056
3427
7317
2403
2308
6558
7503
371
1613
4073
4437
1785
5327
5274
6865
4430
803
2535
1474
3945
2028
6819
7124
6764
4677
1508
1370
3482
2249
1926
6314
807
2686
1608
3413
6312
1950
2579
321
1194
3460
2395
1573
6622
2928
606
673
2674
5815
6026
6968
7034
1738
6460
427
7245
3488
4834
5043
7725
4675
4993
5530
5022
4916
5330
1206
7767
6012
4552
3715
7958
465
557
4508
2254
2529
5738
3990
4412
4221
613
3193
4760
4261
325
3356
1574
3116
3985
4444
7467
328
4278
1144
5629
7544
6183
2956
2548
5906
2271
7784
1597
7080
3266
1485
4364
2518
3169
4547
5809
5803
668
2330
7236
690
7650
315
3131
924
5333
3113
5978
6283
7944
1306
2633
6845
5034
7532
6657
6547
6204
1542
6752
3389
7230
5260
733
7877
5224
2430
6933
3572
404
5934
516
2468
6713
6556
4879
4196
6481
7983
5693
577
1180
1234
6150
3063
2622
1257
6468
7988
7748
6575
2758
6021
7876
622
3204
2080
6690
25
6444
5453
7791
3401
5659
4529
1323
403
295
56
6571
706
7321
5854
2390
3318
5368
4379
2377
6808
768
4393
2715
1336
6898
7283
4922
3142
197
4123
4020
1194
506
3112
5010
6464
7693
4811
4767
2547
71
3340
6918
4853
2160
918
281
856
3682
7771
7726
4812
2553
2789
3172
5430
4135
3771
3779
6121
1124
6700
7169
2755
1730
3195
673
4582
3806
7398
3702
1298
4083
277
6534
3548
2184
3292
6025
1869
906
1069
3153
2202
2612
7645
515
1339
5482
3793
4163
3818
3110
901
5422
4473
5513
1464
2113
3536
5779
5112
6807
7490
7854
4229
5391
5452
3685
5925
2316
4777
1778
1540
2581
917
372
4741
5597
860
3071
4969
7134
3357
1614
2906
2654
7840
1939
533
3668
337
239
4530
7843
6297
7805
7954
7749
6104
201
4324
5955
5440
7071
723
2208
4177
317
4752
7382
7917
7978
55
5560
87
7008
4129
246
2764
7076
5317
1279
4862
1271
4939
65
7401
292
7343
7692
340
4090
6286
1940
5606
1236
5457
6421
7587
2836
6835
7953
2433
7342
6832
4789
6443
1760
2059
5082
7761
896
4668
6375
42
2733
4661
339
775
3431
6608
1672
1237
6779
2071
1315
6831
7703
4079
4056
1566
7932
2273
2163
7534
592
6214
4857
494
6867
5391
2477
5827
3882
4975
7470
1833
6935
357
5309
6472
4362
1897
5149
5422
1424
5170
275
1455
2602
1186
2445
2262
3961
4367
3167
4615
7316
6895
552
4467
3132
1951
5267
7798
3559
3920
4601
5392
4536
2895
4580
254
5648
3887
1519
5620
3198
1748
2697
7994
5202
6623
152
5088
7695
497
3066
7519
1534
7390
5606
718
5919
6576
3825
573
1467
1173
2285
1970
6229
5478
44
4414
5118
916
5858
3450
328
2097
4968
6051
1938
7961
1501
5903
2243
1723
4967
1164
2322
967
855
3924
7937
6134
1515
4718
2409
7345
4012
7779
7409
1759
824
7963
6488
5454
7770
3221
1010
7229
2133
5184
5872
6275
4736
7544
6167
7264
3211
4448
2131
1503
6879
4120
7141
2020
740
795
