78
95
12
15
89
89
121
35
148
104
146
161
196
138
11
14
115
197
17
183
188
104
185
84
123
117
131
147
114
63
188
93
189
84
147
54
15
87
91
30
46
109
23
79
177
193
93
195
138
38
113
180
110
73
2
15
40
65
65
134
22
108
69
152
20
151
76
175
5
57
84
117
168
116
104
28
118
18
46
81
89
104
92
36
80
57
51
47
152
114
156
144
13
13
151
133
54
100
27
67
150
196
80
155
166
196
47
154
39
160
59
163
158
110
41
43
57
68
186
64
85
28
193
87
98
70
176
73
118
112
77
105
190
196
74
68
52
126
122
198
193
9
127
189
43
93
121
12
146
70
33
22
173
52
67
189
34
139
34
166
10
175
165
43
42
173
127
21
78
0
197
19
184
15
80
139
38
72
162
60
58
35
13
6
18
29
135
174
184
104
98
154
140
139
95
190
6
91
67
112
