578
341
525
53
245
111
602
618
289
407
415
117
716
500
142
20
417
574
446
172
643
111
128
426
303
279
767
516
621
491
562
638
402
509
738
233
406
551
19
582
333
768
785
328
228
145
791
118
57
161
95
688
631
268
1
521
205
179
10
787
362
141
315
313
728
92
442
677
434
666
378
674
98
209
386
187
27
106
380
162
464
445
348
493
336
775
619
571
767
506
15
565
146
590
440
111
6
245
746
589
637
780
706
131
630
654
423
660
744
227
463
732
411
117
299
265
675
163
272
164
697
654
130
750
248
16
62
101
17
13
133
294
588
386
513
12
123
794
85
342
284
0
261
295
204
174
222
327
515
707
516
7
623
596
503
226
688
281
65
446
109
392
63
338
530
767
425
386
647
442
799
261
654
229
337
200
760
588
235
587
420
366
540
41
85
495
162
469
527
460
692
447
590
426
172
534
419
104
526
680
620
83
697
5
271
279
744
610
275
210
261
665
347
261
172
653
543
293
504
139
168
142
204
684
520
86
160
55
724
799
325
419
0
742
791
186
725
569
638
665
337
262
705
757
91
270
616
279
257
184
428
328
464
450
253
104
559
594
271
87
248
618
674
790
213
570
301
328
179
496
679
403
677
682
49
35
600
748
419
109
686
397
305
592
794
652
666
759
311
640
462
380
260
236
377
134
480
241
303
403
190
318
694
81
549
163
523
295
775
707
370
656
60
168
317
551
250
144
248
798
467
229
399
552
203
778
93
631
341
49
626
383
297
265
575
218
708
533
513
485
443
152
72
359
509
428
164
497
677
658
331
1
57
676
488
641
2
199
291
140
744
188
9
241
585
788
248
399
21
67
169
225
169
334
763
339
134
575
632
690
622
215
550
259
699
291
108
713
764
199
574
298
748
278
776
715
624
164
755
183
525
179
694
223
676
681
188
475
524
163
14
366
458
226
670
712
238
100
463
70
717
206
483
628
375
517
355
338
629
572
581
276
65
103
733
323
225
718
738
257
609
317
315
714
300
56
294
533
519
396
69
410
490
225
198
238
412
683
270
458
42
128
641
618
67
580
784
337
499
63
287
489
730
80
754
424
296
732
499
302
152
63
99
139
134
130
283
638
238
557
477
535
739
148
92
478
712
429
676
333
622
354
328
728
267
482
423
557
19
370
121
790
406
448
283
636
790
184
277
101
451
207
581
478
308
157
778
659
292
616
110
699
615
251
336
177
360
469
78
445
224
734
524
786
629
148
515
112
493
708
361
201
141
85
632
353
498
446
94
366
299
471
161
95
177
684
364
249
516
46
187
189
612
260
351
517
425
288
494
589
319
108
106
718
385
578
460
549
49
699
365
435
113
735
401
510
289
411
208
404
181
145
674
399
210
393
167
340
485
69
144
54
673
723
13
535
595
347
692
143
579
184
427
325
521
324
82
634
650
715
464
645
526
610
152
793
703
400
439
290
575
778
413
142
326
669
646
617
119
740
100
129
670
474
139
617
425
457
344
440
704
353
223
785
162
484
656
317
733
670
644
180
458
178
42
603
227
751
168
360
705
353
144
705
694
356
674
674
196
212
472
604
280
383
18
187
423
28
221
0
515
85
34
398
537
384
617
224
779
780
201
727
69
438
77
465
190
634
580
20
205
391
132
43
261
427
188
455
655
366
565
551
34
123
709
594
130
281
752
609
178
56
346
762
215
70
109
55
746
33
452
420
697
263
114
167
156
489
594
667
303
62
460
405
145
787
608
39
311
545
594
354
333
247
50
182
778
182
742
277
15
668
471
278
317
567
245
214
560
699
680
600
283
143
436
621
449
418
7
591
