488
180
99
397
57
302
242
246
98
132
365
336
274
494
106
243
186
47
97
156
395
54
22
477
29
315
41
149
380
257
238
8
274
392
293
27
197
64
74
321
69
278
331
147
325
315
270
50
9
206
466
382
0
82
327
294
433
338
14
95
465
206
211
58
316
203
46
411
104
302
173
376
367
195
88
163
117
437
38
96
426
346
300
119
282
200
28
235
50
290
316
448
457
486
59
458
409
289
477
455
487
446
346
46
429
159
148
70
485
301
354
247
372
482
57
355
186
410
363
242
174
484
323
64
394
331
496
377
384
109
142
383
21
179
427
39
143
495
227
250
30
419
110
234
75
135
375
362
271
119
310
454
256
466
340
32
311
379
371
217
35
495
473
413
79
476
82
23
369
122
278
343
75
15
37
413
262
184
377
131
174
282
322
475
23
351
490
304
122
268
36
344
173
260
291
467
24
371
27
434
423
276
12
47
117
137
312
16
271
289
436
279
435
109
347
450
397
56
457
260
271
116
62
492
334
95
211
329
48
282
152
64
197
486
497
463
247
264
375
131
25
235
422
41
185
374
340
53
105
391
173
403
151
352
107
395
490
365
197
133
353
43
391
330
188
423
97
90
306
130
406
363
8
6
445
274
204
154
222
2
115
124
243
490
478
48
265
424
237
317
234
485
477
80
166
263
326
216
97
294
361
442
480
330
52
320
280
398
170
317
397
327
174
350
130
233
259
480
61
412
251
447
493
321
292
238
327
479
164
432
352
448
381
467
306
406
285
51
48
345
84
135
381
262
336
337
286
491
87
348
34
433
220
192
46
67
219
17
90
130
251
228
387
388
417
430
364
270
135
63
176
246
256
248
106
242
216
498
467
429
209
240
130
28
432
195
150
17
213
189
409
480
321
463
312
81
38
44
274
166
290
467
292
349
198
212
351
20
146
132
158
383
498
124
351
422
359
185
15
455
295
353
418
353
239
129
45
384
124
483
400
330
214
211
388
80
477
175
277
358
266
376
294
468
197
307
30
86
25
257
191
218
69
443
214
22
122
451
493
428
298
184
441
267
83
232
485
69
234
361
288
466
8
436
372
309
494
131
143
304
242
267
98
194
302
482
169
409
192
0
449
323
152
415
374
83
313
233
326
17
