1975
786
1590
1342
452
940
1811
1577
1982
920
1068
1742
71
1568
1463
1882
1360
395
339
313
1387
1743
489
1228
1617
301
1873
1556
1101
475
1294
1614
1779
80
1303
25
289
1352
1363
1730
1296
1702
288
1633
134
57
1104
700
1324
615
1329
1385
775
1879
1976
1281
229
1947
73
32
1110
1098
373
1593
1253
123
992
759
33
1261
1709
302
1980
836
1177
1455
1871
1597
753
346
344
147
1681
1806
1297
426
1802
220
430
1241
1631
794
467
821
381
1011
1231
1928
1716
1899
890
1792
966
1953
566
547
858
381
1124
1424
733
1288
1319
1058
1255
1435
1069
1822
1653
1232
911
235
1208
213
982
113
1242
1519
1560
1849
568
1818
366
1877
944
1902
1443
1129
152
1358
1979
982
729
1402
253
1912
1126
1445
1663
53
1741
1329
733
229
104
1413
821
865
1040
608
113
1012
1552
120
226
1007
1713
1099
902
1289
375
279
534
1139
631
501
767
1273
771
1391
1531
148
692
1938
538
172
1699
1775
1074
1019
1364
1596
1009
1405
111
1080
906
803
812
171
1876
871
1882
939
1931
1674
493
619
672
1385
162
126
212
446
655
1673
557
803
1212
471
1234
961
1608
390
1081
1655
74
1966
554
277
453
226
1056
8
1734
1647
1532
160
1277
737
1061
557
1894
1573
672
201
355
617
359
1086
1480
1584
185
1992
1106
658
1311
661
596
303
534
1209
544
196
1406
399
623
1270
1246
1353
829
1260
1809
552
1764
345
65
71
67
70
110
626
922
1022
75
1508
453
259
1350
1022
1059
1071
258
643
769
1973
243
672
1752
1861
469
441
1472
910
57
1151
1487
333
748
1709
1139
164
166
1186
1767
311
1372
1657
773
303
515
1011
425
721
130
774
1901
201
578
1167
38
1088
645
100
1882
1052
288
1252
813
1734
1014
1423
135
1303
1330
434
1171
1228
1856
1066
1126
1705
713
842
1146
794
762
200
1335
804
512
1505
781
1353
1970
1997
1296
891
1850
1501
1664
1752
1249
689
1171
755
182
1254
1537
164
1963
876
1149
1669
1949
294
587
925
765
443
1042
410
352
169
560
135
1007
569
1988
1149
1964
381
1660
1030
994
390
635
1660
1047
1059
327
1888
305
659
1948
1079
1058
619
48
1807
1649
1715
340
1679
1078
1691
52
300
1042
892
1980
1112
1225
1737
1334
1412
1421
259
228
1430
1160
1836
694
119
1429
291
713
755
1020
414
381
611
456
1494
241
1415
775
1148
1548
1532
1933
953
475
126
597
1988
482
1191
246
1932
609
86
1773
1605
933
1722
1629
1360
391
29
1856
466
1541
1054
1752
566
267
582
1222
1327
1230
205
342
950
1525
133
901
290
1732
979
529
21
550
1054
1387
274
966
656
171
525
490
425
1393
1275
509
1939
1587
121
743
513
1048
600
827
944
175
277
318
1119
1085
999
319
1899
1201
1154
455
1187
1990
1944
237
731
580
1711
1078
1659
1971
1198
1848
1863
94
304
1546
1610
1040
1947
1114
411
1757
619
1450
418
751
8
1896
36
1372
102
680
777
1424
1498
1952
927
509
954
1903
1911
1371
445
1451
749
781
434
1847
950
722
573
781
1714
501
124
1117
352
658
1031
194
737
1876
1862
813
324
48
1772
225
593
1432
1841
346
1842
269
286
698
1674
212
178
802
25
979
1601
1369
1864
905
43
1644
1839
279
1307
1314
1655
1199
6
1867
1881
1527
643
548
1668
1050
90
154
1694
1083
1749
1561
450
151
1811
287
1736
54
731
1954
210
1582
574
1226
690
292
405
684
921
1231
1929
1780
330
747
1874
911
909
1863
119
1826
1088
1836
1540
587
328
570
1338
1282
1525
656
608
459
1091
423
1159
475
1869
364
1995
179
1948
809
485
1022
1004
1855
477
708
1136
450
1821
1432
716
449
161
1605
464
1344
667
895
1061
212
979
969
896
1866
1995
1955
691
1732
1424
1917
1011
1089
156
1260
772
8
1001
1255
128
1521
1328
1776
1446
1824
1471
1066
1967
1295
313
1739
1117
1158
456
1903
1084
410
1293
630
1498
863
1304
1963
1459
1995
915
242
516
425
1624
1150
897
663
915
588
147
893
1635
1871
537
969
1738
1705
287
1211
1699
1714
92
586
803
472
693
1074
1512
964
1055
267
1918
468
1906
919
720
283
553
679
1852
129
1141
202
95
1720
1505
532
800
572
209
263
681
630
979
1536
383
350
776
1824
243
90
652
1765
640
999
624
197
1333
1298
1593
519
845
1460
1233
430
1705
648
1356
1874
384
1482
1781
1244
317
1678
1110
270
486
538
39
1965
1725
1906
1885
781
1151
1646
1412
1287
1417
409
1799
25
1435
1416
1404
1418
645
36
701
648
366
1591
1665
688
291
1055
537
250
748
626
1142
670
1802
95
1367
311
173
540
160
146
114
2
551
450
1465
369
1016
1556
901
560
1385
874
1933
773
1191
1847
1247
13
767
1462
484
1225
1929
663
1359
214
382
1334
175
1143
522
1161
259
849
332
87
1725
579
235
272
79
559
1747
1708
306
329
365
1140
1174
668
1404
1831
1188
1779
787
186
79
1067
1541
1648
1416
738
1220
1121
337
1163
75
250
553
978
1415
160
822
406
1312
1730
1809
1736
405
1995
987
399
469
113
1742
181
1882
1757
1934
881
944
407
1262
257
1524
909
430
1364
1687
144
1970
1362
1650
1051
271
1529
579
912
1582
1285
1493
609
1587
282
830
1656
1879
481
818
1876
1361
1277
484
224
1043
1481
125
609
800
528
1829
316
1772
1608
1582
1586
1724
1787
1057
346
1165
1828
1648
153
944
1523
314
1536
1058
173
413
705
330
627
1877
1327
764
844
1826
210
923
546
1241
996
1739
774
81
1691
1747
1265
1933
1891
849
1113
569
1368
904
1100
1694
1132
293
396
784
123
1776
1910
374
1977
1133
1696
937
547
1041
1135
5
891
1330
1218
1294
1722
72
1359
1692
1105
719
1816
262
1840
1294
826
349
1858
1170
1121
959
1027
244
1963
1148
1776
377
328
229
1609
1592
1738
256
1589
678
479
1688
386
349
1224
722
1270
459
278
506
856
471
1376
395
789
1918
1027
1374
1727
444
1110
1466
760
726
1752
842
1671
1139
985
940
1477
1419
658
885
1943
1000
1281
274
1768
329
821
281
1506
694
1507
1438
1800
925
227
385
1475
1259
410
837
679
38
1140
1164
1794
775
1741
717
544
821
141
936
750
1852
318
1136
841
1133
1483
1927
1554
175
1767
7
1088
115
998
1420
242
1413
828
0
1936
750
1472
894
556
790
1965
1992
955
455
1061
228
1562
1693
1762
993
814
1594
1323
1847
972
1958
1743
461
418
835
1825
148
592
1662
1552
1072
1543
1250
1201
1142
508
1814
1963
1425
1080
519
399
1839
127
1744
1442
1385
1243
725
201
1583
1877
880
528
1153
640
1250
1670
1819
626
1579
105
296
975
1637
1657
1815
35
1755
1340
43
12
935
926
1324
706
264
1218
1835
1572
898
1673
1794
81
1951
461
1242
943
132
635
1206
1355
751
668
1357
1982
972
1886
821
711
615
1651
427
363
1163
630
255
1527
969
213
1563
1021
1669
463
964
1746
826
1516
1466
1779
973
483
1898
815
95
1500
834
518
1723
1571
676
1116
1936
1557
196
953
201
91
620
1648
1768
1696
142
1738
1249
464
1241
719
386
1551
1333
704
1440
1795
425
723
173
1262
1628
60
422
332
1624
725
233
870
1754
1194
1412
1393
950
339
1287
1078
1736
479
27
383
1829
249
477
26
400
1418
1043
861
1272
91
575
678
1119
804
801
1934
517
1926
1062
858
1859
898
127
1228
611
1748
1501
509
1804
1679
1143
735
812
582
590
995
63
548
360
1334
1308
697
1000
984
110
2
671
1579
335
804
252
1092
32
1892
1615
1777
886
1622
843
231
1871
1152
57
1302
290
570
505
971
1573
1396
1316
1731
743
1988
813
1479
989
314
933
696
394
754
1998
904
1160
6
1111
355
451
957
486
536
756
1428
229
1704
1948
1623
483
1257
438
125
1018
631
1167
637
1601
1160
1841
816
1383
1402
1787
1460
16
572
572
506
1277
1670
1294
1118
1347
485
1392
1249
382
1847
1228
1348
111
783
583
802
400
1494
214
378
1032
622
958
264
1241
100
692
463
1783
626
1907
614
1475
846
1019
1644
358
978
583
105
1289
1848
295
802
1761
354
1484
1944
1720
1764
498
1550
1590
1359
1415
1718
591
170
1738
919
1013
1599
975
1468
1662
1167
1486
828
769
1779
347
1649
1082
64
1841
23
1181
1174
1992
1204
167
1477
1526
1854
960
956
1697
1069
1484
624
1233
1118
880
1318
1236
225
1746
1421
1596
977
1962
891
435
493
1141
1170
1902
1655
1160
302
1263
728
1377
1438
453
941
472
1340
623
1283
197
667
1037
555
988
748
1991
1385
723
1133
1815
207
1044
111
785
353
749
1778
947
373
437
863
967
89
937
673
1141
800
1909
1393
197
1834
670
925
1363
1871
747
901
1931
1880
820
1985
980
107
1715
706
1625
1937
439
1396
1730
405
408
1772
929
1995
1685
516
1561
922
1768
1440
425
807
987
716
213
880
1555
1364
597
1170
1178
79
1655
1096
1996
1273
336
1473
696
1260
1888
1323
358
1162
1380
626
1463
666
1156
431
839
812
1084
1471
927
203
696
1057
1143
1310
9
1915
73
138
468
490
1090
888
1018
1092
49
1470
722
1229
961
1901
1089
641
1028
823
1612
1828
1237
106
309
468
543
126
1681
1159
732
1879
90
1895
1029
1846
1488
966
1113
1970
586
1504
185
1167
1530
316
319
1177
575
1278
1231
1359
1812
1100
742
1342
5
715
1823
425
674
261
1877
226
1916
857
50
488
1149
896
1141
444
1684
647
1026
770
1438
782
836
1585
624
1948
830
150
208
860
1663
1052
195
1912
195
544
1697
864
134
1172
277
263
755
1010
352
1211
1995
666
717
1327
1761
1034
880
406
1587
1210
1752
1390
35
209
1731
919
291
1031
1009
239
766
1111
1376
939
51
1232
1830
1715
749
1690
1518
843
1118
1648
1881
1546
1514
637
358
585
815
1463
172
329
1283
1475
1875
577
422
963
323
947
406
1171
1685
1818
1569
1068
693
531
948
386
1865
1156
1362
289
1947
525
769
1983
610
282
1215
1549
1503
274
450
1887
1203
127
396
1302
814
970
205
1031
1602
898
578
426
1030
1641
140
1232
1190
492
1516
17
1176
1884
1850
18
1226
781
516
928
1830
875
227
1899
679
1012
1386
834
166
311
136
551
125
70
765
574
1788
1450
1096
615
1738
1700
271
438
1923
395
392
1387
1504
7
1332
995
1669
25
764
43
243
485
1091
1100
1070
1085
90
567
680
1211
899
749
1132
1450
1566
1004
1991
1906
1807
274
1601
1662
1280
703
1994
700
658
987
463
976
1647
1697
331
