224
185
372
365
96
147
378
25
30
102
108
281
206
364
139
384
335
103
365
311
36
343
362
185
45
73
336
189
94
381
23
144
305
114
47
94
312
80
293
349
202
161
69
103
31
12
217
194
327
32
191
13
292
346
264
217
104
19
333
241
216
298
204
248
256
377
129
62
33
229
224
366
277
327
94
375
243
323
335
5
78
146
9
251
392
80
312
304
68
195
331
35
88
214
268
27
145
290
157
192
369
392
206
16
259
189
395
207
319
178
257
286
25
15
385
54
324
172
349
321
180
60
48
166
81
374
187
127
119
257
217
24
298
379
35
167
391
326
272
338
214
351
228
385
396
109
106
81
301
211
28
322
398
82
127
206
311
350
124
55
247
362
264
59
163
50
37
54
327
38
337
309
365
174
316
290
122
255
200
97
213
248
281
358
84
281
235
96
287
353
307
278
37
17
270
29
61
243
309
179
101
81
274
59
310
387
252
341
89
361
62
201
162
176
7
16
315
133
170
303
332
308
197
161
37
347
302
256
142
320
346
96
374
171
167
88
311
81
233
158
123
143
34
13
88
143
10
166
262
42
239
224
130
362
133
285
107
75
302
395
169
125
373
259
109
264
5
225
36
93
326
113
5
53
87
98
138
265
119
218
187
125
173
358
197
121
88
28
154
101
1
367
306
304
269
222
336
269
222
73
303
139
136
33
107
96
337
236
76
97
146
145
204
64
218
358
314
323
354
291
375
189
43
370
94
283
147
278
145
77
151
373
286
78
2
324
112
2
84
157
82
348
14
383
222
25
105
115
84
284
230
102
182
231
48
135
192
66
30
367
245
332
324
168
276
299
137
92
329
369
132
299
192
141
207
168
245
283
366
369
231
185
297
73
139
23
372
3
12
187
224
109
335
126
170
359
101
118
241
286
