21
109
125
12
15
21
184
194
52
47
36
185
29
134
156
127
164
60
26
76
14
87
65
99
36
25
71
63
164
77
117
154
47
93
45
153
95
129
199
3
159
105
192
96
71
20
23
143
138
177
141
151
29
178
25
127
167
97
37
81
80
27
120
9
183
1
81
27
187
29
76
154
166
177
45
157
153
51
134
93
160
172
150
177
4
120
129
50
158
129
30
50
31
108
161
63
25
109
116
86
136
77
148
75
51
153
71
36
114
47
141
141
99
114
170
63
156
116
134
137
151
43
46
184
109
20
155
34
152
172
76
151
154
30
83
176
99
30
194
42
147
188
136
52
133
173
27
51
75
187
3
15
124
180
81
102
71
176
51
110
34
139
149
192
51
99
61
144
19
68
2
113
178
127
82
45
147
121
55
74
141
175
109
24
50
120
11
87
48
67
108
126
17
174
153
78
114
144
157
37
