285
24
209
180
161
115
208
289
9
106
94
146
292
242
150
33
6
0
55
236
282
103
68
172
60
8
201
62
8
86
118
294
213
32
166
94
209
128
64
146
158
69
114
239
254
125
76
117
116
289
193
214
162
99
249
184
140
115
214
98
99
46
285
260
107
59
57
21
151
215
208
230
10
265
37
10
123
263
45
80
122
52
207
266
266
286
272
224
164
12
109
285
6
118
262
222
258
126
15
131
170
188
282
229
212
5
140
277
154
252
291
119
27
132
285
24
158
174
231
65
237
48
281
214
235
148
65
66
62
225
71
213
287
272
119
269
96
146
211
213
288
296
244
226
19
107
45
299
137
270
27
175
289
299
295
290
16
16
270
228
180
292
50
152
30
221
287
20
290
235
181
31
53
19
170
268
123
138
184
121
241
99
216
144
2
288
214
149
230
296
157
179
274
166
151
78
227
293
282
114
47
233
79
105
297
257
16
181
2
184
4
80
84
19
246
62
56
88
267
199
96
193
94
27
106
180
127
84
141
31
13
165
2
28
92
172
64
79
145
29
28
31
137
54
83
23
254
85
157
287
50
116
140
288
13
241
116
221
38
217
109
99
150
112
263
184
29
48
137
268
99
21
10
144
266
145
21
120
134
108
83
140
2
16
72
248
119
76
270
142
27
183
171
253
182
68
83
68
273
29
