1733
1984
1750
1277
460
2992
2064
3520
2866
1936
2314
90
2479
611
2834
11
1529
2146
1005
1570
1094
1076
2643
388
3759
3238
1559
2357
2833
456
1566
551
1965
2244
1169
3612
1550
3963
2958
2041
1834
894
920
1641
3554
3686
3534
202
3812
784
121
601
2832
1881
1407
1045
3447
401
2869
1554
2719
319
1138
2589
1571
3313
2878
2951
3063
3390
1417
2480
2249
2843
984
1265
2724
246
826
1509
1326
2098
921
1685
3377
1727
3595
2559
1303
2421
3528
1090
3182
1101
2550
2761
2731
1404
353
3761
779
2605
3526
2105
2484
2522
1326
389
218
3015
1368
3407
381
1083
3823
555
912
699
3771
1012
1108
2277
3507
120
1507
1574
3440
958
1961
696
3740
1775
1325
1468
3657
1864
1901
1520
1727
346
1447
3981
3117
732
20
3071
2369
3278
1390
3586
2194
2442
1683
3093
1242
3465
2082
958
3106
784
3521
3354
2389
1333
1409
1887
3414
2993
2713
1296
1134
324
2352
892
3357
800
1271
2835
274
467
2194
2022
2581
3220
2742
186
3746
2889
1710
1256
3696
3731
3160
533
943
791
3692
681
3921
1865
3741
1294
3135
3255
2488
1895
1196
2031
713
1482
2246
2222
2269
2524
2728
1222
258
1703
877
3339
2411
3482
1696
2011
3408
1501
463
1576
1010
2896
573
1827
3547
3743
22
1798
2404
36
93
2269
272
1081
2050
2578
3190
248
2735
917
3996
625
3137
2084
3166
2407
3892
924
1102
3751
2519
1660
3126
806
1727
3859
1241
1782
1528
2502
279
3301
2133
255
2607
1651
3144
2228
2111
1933
2670
2995
326
3243
1154
3752
3275
3426
2705
3307
1047
742
557
2921
893
3264
1147
941
1465
3336
2632
1354
1558
768
2808
3367
2986
1420
223
968
2588
2929
1960
502
3334
3113
3026
3562
3829
2432
3995
3387
1421
1711
3637
1377
3882
1555
2741
3813
3425
1960
3914
3975
1028
999
3306
2539
1797
985
3912
898
3890
2103
1634
112
3198
2784
3735
2111
1857
502
1174
256
277
3221
1681
2617
1889
2417
1520
3279
2323
491
1218
2385
2598
2543
2959
3902
1316
717
3433
2645
1924
1426
288
1079
3220
1827
1812
2107
242
2998
2853
2862
3668
2189
167
1284
1096
3695
978
960
2133
2852
3157
2171
928
3628
842
2772
171
2557
421
1621
2071
856
902
1790
3307
2631
302
305
2061
789
1742
1913
972
1481
2426
2327
1856
2561
1149
1994
2666
1831
38
2938
53
3474
128
386
2526
2236
1760
3672
3055
827
2327
1178
3622
1567
2887
3638
821
3175
2835
2837
1859
160
815
198
1744
2138
2390
675
2197
3017
1466
3042
1162
3285
2165
2490
33
3518
63
2512
591
401
3737
3741
1995
3679
645
2301
1359
1632
3449
2231
1628
2531
2664
996
1274
1520
3136
958
1116
3773
531
2310
1474
1449
2029
690
376
760
3972
2673
3132
428
1390
3772
1725
3804
2316
2684
510
916
195
1138
1466
552
2507
550
994
1238
3841
975
642
2711
2327
2459
2049
2754
619
3293
3879
670
2229
1073
1753
3201
2490
1900
1503
745
1214
548
2087
630
1206
633
163
1987
3804
512
3277
959
2427
3594
2570
3148
3529
3381
2572
179
1877
1615
1298
3554
3926
546
1418
3588
643
1888
2551
3291
1
2764
2702
2620
599
1186
2841
263
3165
1797
2398
2401
275
2276
1626
1072
1230
3591
2119
2706
2189
2620
1437
474
42
952
629
3945
3691
3884
1640
2341
1272
1638
1526
952
1832
3617
1506
200
788
1450
378
1518
3021
3919
2005
1077
969
678
1621
977
1976
184
3244
2362
2580
841
91
1572
1879
740
502
2171
2600
3687
547
3488
3309
2536
2145
3323
1508
3683
1477
155
460
65
415
1874
3774
486
3131
1350
2297
1751
1380
213
59
3494
131
2184
2379
892
773
2290
1971
2882
2778
2502
2636
3148
3161
3283
1233
2915
674
3325
3637
3085
956
3768
1457
3834
1948
3203
214
686
3559
3839
576
1190
2766
2635
2027
3625
857
414
2399
109
1055
3615
3239
2306
16
1444
2944
415
3861
646
1037
2727
2608
1949
807
1271
3677
2749
1649
944
3130
2285
3017
667
3587
3295
1723
638
1845
3921
1743
857
213
703
931
93
969
1763
1012
106
1795
11
2645
2947
95
1748
3682
177
34
3048
3119
1680
833
3378
3481
1274
3236
2746
3390
1070
3487
2209
3112
1597
3744
3706
3908
1073
552
771
2257
3866
2576
3872
436
150
173
1938
2473
2971
269
760
1203
420
3105
2018
3124
3735
693
2126
2009
2831
1434
1506
1901
2155
869
1604
3502
1842
1201
3673
3452
3041
1535
3288
1069
3250
830
10
2749
714
773
865
3939
2976
1660
1714
191
421
2171
2384
2448
3252
426
2119
1282
3832
3400
2513
2372
1300
1448
2136
23
2515
2005
3657
643
3373
1910
305
2820
3474
1932
119
1601
2518
696
1206
3325
2009
857
3893
2662
178
2643
388
1035
695
1484
1429
2283
1452
2737
1845
2152
2533
3381
3846
635
2554
1817
1306
3297
198
1638
2478
114
2459
2071
1984
3538
1287
3924
2255
513
1435
3514
1294
2253
1085
2902
260
3303
2348
688
3395
2419
2475
2884
66
2105
2669
363
729
2264
1819
2296
2553
1498
964
1279
3494
1123
2402
1328
1651
2243
741
1985
2488
907
2654
3721
2097
956
3562
745
2710
602
3449
2853
2099
2144
1242
624
1059
3534
1989
230
3982
2237
900
2354
1692
2738
799
1168
3796
3761
450
141
1558
1641
1485
618
3314
3853
2969
2976
803
3811
2018
1149
1195
2965
1365
588
3595
3782
2807
2131
991
1630
847
1078
2933
3206
2353
2712
1256
3343
3816
3042
957
3020
3711
3260
3417
800
301
3033
1181
3282
1211
1327
2207
861
2738
2179
6
3364
2534
259
2178
994
601
3021
1701
3712
1901
1166
2370
1952
1962
612
2753
1590
1192
2596
1083
503
954
3544
1176
1801
663
864
2115
2394
2342
761
2503
1900
997
2556
1609
3917
2902
1053
3297
3557
2503
339
3478
3113
2364
3639
3508
2925
1339
3910
429
1815
2676
2849
2217
750
1227
1140
1707
1648
3524
1555
3171
3651
3817
223
2953
2659
379
1096
732
1946
1619
3885
407
398
531
2880
2284
1717
78
133
513
1987
1104
1464
2852
3172
235
781
491
1637
3552
2771
44
3308
3142
1394
2454
3944
2234
532
1163
3203
1796
3488
1370
2931
1761
1921
2301
2736
2930
1573
2956
2049
1120
705
2236
3759
171
1586
407
3835
3694
830
1625
1227
1904
1209
2244
2207
745
1316
769
1218
2734
2447
1364
156
3292
3615
2298
3428
1022
2251
2210
1843
3290
3872
261
2868
1534
1445
995
3991
3522
3833
3675
2373
3770
1623
1671
3053
3259
1275
2002
2845
327
1631
1271
2508
1463
1695
2039
1844
1668
539
1942
1246
3185
58
1555
2742
281
554
1731
2525
336
518
3752
3516
3673
2801
723
3222
2948
2239
3027
759
33
115
3640
3113
198
1123
809
2213
472
984
1950
3046
1305
1809
3419
825
1455
3334
394
3920
3053
74
724
630
1088
1194
3003
1598
952
3283
1431
3732
273
3248
1291
2325
2173
688
2979
3610
367
1862
1069
1998
2727
3658
2577
1633
1173
349
494
3638
620
842
722
887
836
3303
2805
2952
2444
219
1651
857
3690
3514
1764
3060
2224
3051
3290
2967
1213
2026
502
1084
2509
1322
3976
659
3487
1682
961
849
1953
2568
438
2721
1337
1900
435
505
3026
3035
2778
3528
3969
2131
2487
3916
1684
2070
1313
1312
2582
1832
1967
2514
3073
2355
3700
2482
2912
2442
3480
454
2400
3690
1333
986
2035
3580
3755
1333
1056
2391
1504
904
746
1442
2840
607
2491
3959
332
3514
2157
1251
1898
2773
2037
1130
1577
674
2765
1608
2215
3865
2557
3442
2114
3462
1925
3131
687
352
3593
2770
2266
2298
2904
2377
2234
2130
571
176
1648
1607
2615
3584
2364
1352
2975
1268
1788
3208
698
177
1283
717
3724
774
2961
2919
899
3694
2516
222
2273
1170
3227
1412
1728
3084
147
777
3239
3559
1408
814
232
834
2618
2097
1682
499
3393
1191
1338
296
1214
871
3234
2792
727
899
2307
921
2158
1458
572
3258
3000
3849
2678
3568
1813
1352
3859
3263
1457
304
2099
1742
1718
3314
67
3469
2155
3331
706
3346
813
2059
3377
2590
232
3869
215
927
3345
2593
1582
366
612
2701
1837
2425
470
3634
2067
219
2006
2547
941
3591
3557
3312
3332
3780
1358
3264
3398
306
3171
3933
431
2859
3478
1209
3540
1060
657
2191
2475
3250
1267
1301
2170
3594
3368
2765
891
1
3139
1402
1129
2802
1882
1647
171
1278
3199
259
3065
717
1910
225
1039
3218
1783
636
45
1293
1410
544
2888
3147
1242
2275
3505
1096
928
3227
2848
2676
973
905
541
1874
331
850
3562
3165
465
1839
368
38
3225
3194
2117
2521
1951
2633
2039
3486
632
3479
344
1723
1868
3549
677
598
3666
512
821
3703
1351
1988
2779
3596
3979
2815
695
2471
1976
3784
2111
3490
3679
430
3877
163
1825
3140
3590
2682
7
2074
1487
1735
3230
3687
2699
2616
3666
2626
2733
3952
2662
1296
2071
548
3310
1304
1957
3295
1129
3347
3257
2405
3934
2047
484
596
3185
1138
2957
166
258
235
705
2803
3427
3012
1847
3732
2420
2435
1950
2754
2429
3696
1350
2557
2887
2530
2120
3752
1847
2898
2131
242
3976
2001
2068
2511
2372
3541
1729
901
1983
1262
2786
2851
3440
2551
956
11
3916
1641
2300
3601
2912
2665
1948
3003
3499
1153
2229
3240
1175
1035
385
525
50
2282
1323
154
2605
2291
470
3900
848
2153
3334
1243
3543
2151
399
227
686
3701
1753
1601
4
1886
717
3
3119
344
3454
1730
3740
3522
2966
3259
2865
268
1916
952
1921
1808
2591
2990
3722
1118
2274
2528
399
2773
3268
2688
3917
3438
1322
853
1373
18
1580
1849
2757
2572
2009
3641
858
2041
2151
1280
1367
3324
3963
3757
2323
2638
273
1792
3521
1907
2985
1172
393
3623
3886
3270
3359
3479
1444
1363
253
2924
749
640
3010
1505
601
1971
454
3734
3464
1663
1689
670
252
221
1975
1363
2496
1685
1098
2986
1007
2076
1884
384
2178
2711
1398
435
2746
2334
2490
2221
3430
1212
1146
987
1201
755
2676
893
2828
2716
3658
2966
1652
1132
1890
450
2047
2226
3383
2119
3080
3037
2649
2404
3124
2298
1288
1927
3008
2650
1576
1787
1129
498
3713
2078
696
157
214
2384
200
1916
2240
3527
1621
1534
3431
480
2531
666
1980
3920
3048
1081
1526
3704
3607
1617
2023
2039
42
331
1178
1401
459
2310
619
109
3135
1173
1730
405
2671
835
1486
2070
725
3991
1723
336
1535
2514
15
1735
2563
533
550
223
3648
704
1000
1158
2060
3989
132
2924
2303
2427
2156
270
3003
2847
2444
3791
3223
1716
1064
3975
1671
507
3633
1750
1321
3198
2723
3217
2894
3894
2814
3005
3010
2860
2047
2362
890
3740
219
566
2714
1110
3607
3907
3553
2047
551
3362
2833
2580
1537
2782
574
3886
1437
54
19
3585
3244
466
3771
318
2353
215
3859
3257
1344
1941
3401
229
2642
2269
3824
506
1858
432
3908
569
1383
531
244
2438
2798
1151
3697
1876
3636
116
3537
1087
733
1966
1920
1747
1172
2736
2788
3754
1535
3196
3532
1106
1405
836
244
1132
1823
2171
183
2929
1281
3941
3186
335
3140
461
1233
3089
3337
2357
2328
2269
43
40
1104
279
3578
12
3244
675
1744
595
1591
680
1041
3696
2780
304
2532
1158
3152
2059
2856
668
1152
3091
661
3117
3859
426
2385
1948
732
3263
1835
101
1503
720
2135
2063
2269
2089
3302
2845
3454
2443
2530
2180
217
1640
1731
1366
259
171
433
157
2226
2036
2134
2659
1164
737
1279
3278
1553
3816
1423
1769
2369
3904
1632
93
1164
2880
1847
3872
3381
2399
1218
2852
1250
2875
1905
1103
2658
1525
1007
3658
731
3289
3259
3411
719
3643
3207
1006
3434
2557
428
728
1771
3437
1960
2331
3180
1899
2549
3870
1328
457
1639
1876
3305
3915
1762
2965
611
589
2550
3817
3664
3364
2264
3936
3024
1180
3742
2143
60
1537
2326
1622
687
1434
2180
2349
3251
2095
2774
1211
228
3563
1381
25
3970
1084
906
3371
3064
3415
3483
1758
2052
793
193
1200
3811
2121
3703
2504
3450
1049
2209
2758
2659
2506
3974
373
978
367
3628
2909
3875
778
3151
1429
2627
1267
669
470
311
2392
81
3851
1452
1917
2058
2661
1980
1252
3111
394
1786
2312
929
3373
602
3459
645
2137
3552
2512
588
263
1731
1515
729
3919
3262
596
3663
1050
1651
1746
3053
2454
316
1844
806
2947
655
2738
2177
3979
2381
83
3562
2351
2248
2632
3955
2844
975
3189
907
3196
567
3824
1688
1800
2311
2786
2324
283
2944
3018
866
1026
1607
1473
267
592
2353
1144
1625
366
3786
2653
3312
2448
1217
2845
2052
2786
2164
2275
2907
1665
3731
3614
2943
934
3220
3201
2751
125
594
452
2372
404
770
2984
908
1454
3029
184
2052
3288
2915
139
1862
3027
3770
2694
1356
3600
1954
1181
304
90
76
3098
1667
1196
375
3990
3078
1251
3422
1541
3592
2158
1409
3503
2812
3619
1646
1144
1078
3339
1293
736
3042
541
3077
2502
352
1480
2254
2376
3712
1226
628
166
2679
2526
2468
1989
3835
3890
598
3247
961
3926
3672
2519
2640
753
3571
314
1665
109
1051
2913
1878
3986
2584
1923
2868
1617
1772
3112
2334
1878
3393
520
2959
129
1936
1233
500
3950
1136
327
2756
304
3642
3142
1340
2812
1717
100
347
1089
2146
3346
1911
694
2182
3840
1851
876
463
352
30
995
837
1794
288
3608
2767
2015
3331
635
3551
2386
3908
1822
731
3104
789
1802
1993
2904
2968
2604
3926
2070
1305
397
419
865
521
1247
2092
3316
2867
2546
3510
314
1949
1735
1685
1586
2205
1116
2487
1970
885
2438
3729
3944
3053
3581
1443
572
3275
1521
1674
1265
1105
3386
2691
10
3891
1165
3159
2761
211
1962
3751
1139
3323
3026
405
2127
3574
2934
812
3405
1964
1451
2958
195
3768
3322
1624
370
2440
3444
563
200
753
1186
3002
1727
1900
2554
163
1283
592
1582
13
2864
77
894
324
121
770
1453
2323
421
3676
1938
742
2964
3788
2661
2203
1472
612
985
3301
511
2702
3433
61
2180
1864
3275
1957
1413
895
3905
3258
407
3655
1198
3222
1461
3605
1157
3454
3712
2426
3261
1167
3648
1404
2018
1920
1865
1618
2405
468
697
283
3507
2238
1053
1596
3394
1137
275
309
3976
1283
1963
3070
134
2046
3270
1443
1538
3235
96
153
914
2011
43
3676
3092
475
1745
2182
91
2547
3898
3022
963
1331
3662
3131
1701
3450
850
68
263
285
3951
1637
3115
3473
1553
1920
231
373
3499
3757
2101
2462
1399
1151
2880
2592
3707
1589
1759
1014
2888
2746
3646
719
3419
890
984
2965
3686
3617
2913
3515
2601
1905
2688
674
3930
3711
2393
3880
1892
2571
2984
2766
1419
987
3626
196
2477
1843
1845
1811
2340
1010
2377
1030
3305
1388
126
3958
3570
2080
156
145
3996
1045
1097
2790
1956
22
3676
1296
2158
3238
3569
1757
3593
1346
1238
57
2954
1586
802
1052
3380
1324
2725
1260
3226
3621
3451
784
3355
276
186
499
44
326
1642
849
1587
3415
1684
3393
3407
3347
2131
1407
1077
2665
1287
725
2166
1929
2697
2309
3996
1050
3609
3990
147
1466
883
1432
3684
403
1792
789
1629
2582
2216
2167
3468
2999
197
2832
3018
2821
2802
1834
2676
900
2179
2571
469
2953
1422
2468
2080
2097
3783
406
2456
2751
170
450
3634
1072
465
812
3090
3516
1990
939
2067
2027
3410
3887
2435
3601
3187
3439
298
1416
1900
1839
2539
744
3798
2219
3394
3174
3860
3426
2990
934
2405
2625
3496
1662
3251
3146
2705
1833
392
3330
2987
1957
2240
3540
637
2250
3353
3749
1818
2726
2887
1205
2555
26
2340
1134
1705
2827
2244
1677
55
2757
2663
42
3179
1107
488
2373
3677
851
1363
2863
2424
2234
2867
1042
414
1796
2280
2206
2825
1941
1879
113
2347
17
3164
3843
3351
3349
1979
523
1816
3664
404
1169
3103
3617
3829
144
3130
590
3177
2663
1504
1118
2062
2269
2313
2740
1797
2959
3418
3368
482
1624
2558
2276
963
3131
1872
2872
2237
3600
3862
378
881
1929
3303
1437
1854
159
1964
1805
2032
1182
3460
453
279
426
2690
461
434
3244
3537
563
2826
93
3128
1028
2171
2285
25
3271
3181
2096
243
3959
1249
1031
2791
2427
2183
3815
823
740
3436
2407
2186
3970
3760
587
1197
2979
1493
3304
2996
3081
3828
2067
3614
3847
1098
1515
3605
2616
3472
544
756
3420
392
2334
1124
1135
2739
3290
1759
1352
3935
279
1846
3883
2174
3670
1550
3467
2898
1304
1092
96
548
1904
2354
1537
3540
682
1961
3422
1738
1651
2526
2300
971
2659
2114
1645
1607
3310
2121
364
3247
1346
3147
659
2213
1405
2441
3225
1259
2255
936
3050
605
3656
3129
1988
3579
2238
2777
1100
799
1756
531
2380
1549
3338
1508
3209
3463
3861
1079
1220
3552
3036
1870
1549
2248
3798
898
703
3622
2883
3234
3421
2533
141
2423
1735
5
3866
616
2328
690
2513
665
2238
3410
3559
462
3415
2359
3365
2382
2149
3060
2296
2755
2894
588
180
2973
531
1415
2725
2550
3051
2942
308
2768
2171
2261
2515
1851
3380
1960
1541
2451
137
2974
3917
37
2731
730
209
3154
3715
3345
1834
2572
1771
214
2987
1822
2345
3248
2604
2793
649
333
3762
3048
1942
1072
956
3221
1909
3301
1421
1700
1023
3509
1777
3021
3288
3702
141
807
3312
1530
2152
1872
1526
167
656
1225
3028
167
842
3294
2027
3605
1114
292
2828
2360
1035
1498
3631
2509
1659
594
692
2780
1766
1129
340
3725
622
3410
2083
115
1764
1425
3844
134
3125
2498
1352
2575
1684
1882
1573
3324
96
1606
495
1619
1553
2544
2806
1187
1829
639
1724
1175
2433
1406
3953
2756
678
2869
1837
737
1906
2291
3977
2966
3056
3790
2266
2892
3933
1953
2987
1220
1720
2771
1814
3332
2501
1464
574
3853
733
2705
3980
2824
2870
1775
3493
1822
75
53
2628
2727
1448
3995
3577
3802
2932
3119
3101
2371
2138
2422
2193
562
214
1807
1618
368
1913
3577
2843
2765
2617
875
3224
3445
1849
2849
2818
2369
1744
1303
219
1257
632
909
1640
3031
3541
2154
1670
1399
479
733
106
170
2638
959
505
442
962
3060
1921
1640
2828
3249
2898
1985
93
887
1789
2863
1417
1117
3495
875
310
3692
1737
2897
807
2083
1576
908
3072
2747
748
368
1813
2117
319
422
851
2064
1700
2145
1579
2342
625
880
246
2070
618
1197
3818
1420
1883
146
2616
3868
786
651
3518
1407
3767
3270
2864
980
393
103
2462
679
1847
3000
2530
3502
3159
926
3272
1840
1830
1063
1978
1569
2749
2335
1575
1577
2956
1345
400
3714
3286
3594
1423
2400
360
1354
707
427
3127
2356
3004
359
2901
1205
1856
2421
2736
705
760
2354
711
2152
1243
2173
2474
1640
1524
2518
1453
1244
3410
674
3432
2771
1740
331
3406
2363
3855
740
2024
1307
581
1259
1326
576
3236
935
2529
3087
2224
1776
552
474
1166
173
964
1230
1382
1977
1074
1896
2419
863
1533
2791
3339
1701
3710
3485
2150
1637
2961
1792
1837
3605
2389
829
2112
1384
3135
3212
3203
2990
2428
2366
1894
1398
3969
2099
1680
2772
3344
2632
903
3454
3242
3373
31
1584
1515
1973
2237
303
1126
1926
1638
2859
3326
1649
1577
1533
3743
3867
1861
1584
343
3674
664
860
52
3644
3494
2317
410
1696
322
1314
2849
3592
476
3762
73
198
1351
1449
1563
1555
2853
1199
2750
1502
434
1162
371
514
3274
2106
1325
3473
3896
194
496
1548
956
2470
453
1812
3895
3600
695
667
854
77
845
3508
57
1588
3588
329
3711
2375
2505
1643
1136
466
2320
1411
1766
784
2899
1031
441
1420
2923
3753
390
2501
2916
3849
1627
1067
1696
1355
258
3751
1578
2691
1287
3735
3957
1261
327
2230
1553
2777
119
1145
2762
195
2286
1494
2109
2657
2160
2496
1399
3157
1752
621
3275
2882
3586
3800
2224
1756
1330
1570
1205
2776
3492
212
3778
1794
945
1887
204
1870
2714
708
3189
3078
53
1616
3678
2721
1521
3071
969
757
3527
2754
815
3779
1727
1434
3515
1361
2204
1924
3489
1622
3749
3983
1823
110
2161
2376
718
780
110
2999
1060
3087
2190
770
1610
333
3247
3215
437
333
3334
3879
2883
1297
3975
1206
3316
944
2163
1231
1027
833
1566
3053
1119
1299
1915
500
2602
570
1127
2293
1549
2467
2575
3568
2390
1129
3103
3988
1455
864
3400
834
1916
47
3789
2960
1937
3387
2251
1993
109
2942
2050
2673
1112
2774
2596
3559
1940
2585
2616
3139
2594
3398
779
3358
213
2712
1301
1105
2923
1332
3875
1814
2701
2273
1990
3755
3364
823
536
1109
2422
3855
3782
1088
636
1435
2430
3204
1057
2383
2454
1892
2649
2300
119
3280
763
1214
1540
1035
3933
3115
1931
39
1131
555
2886
1547
2435
487
2926
2998
3119
986
1342
1918
3168
1125
2527
1905
3620
1023
2805
701
1028
809
2853
203
189
2207
769
3717
3897
3018
2482
120
1064
914
545
3285
2240
2161
2274
1106
335
2403
2781
2542
3352
1017
666
2545
3026
2381
1256
3889
3417
560
843
3601
2510
1087
2816
1476
3698
244
3757
943
795
3193
2666
2445
2768
1751
678
3148
3655
1197
3736
1012
2520
2651
35
1576
3518
1470
2596
3141
2570
1366
2299
2983
2467
291
2868
2091
734
1647
1649
1007
2581
548
950
150
3783
3518
3504
3688
2605
1819
1442
2485
2068
2127
1198
2362
3644
2549
3517
2140
3468
1663
2347
722
1967
558
1106
1119
2735
573
689
764
1772
3864
3768
1492
1753
906
3283
3273
116
3860
209
3605
768
249
2639
2315
1153
3894
1126
731
3315
3055
2382
3540
679
325
3661
1539
314
803
513
1530
2644
1624
1093
3213
1146
3903
995
3381
465
2617
311
2519
528
3356
1019
1631
2112
933
3924
1222
3859
3370
536
946
3294
938
2139
3964
1460
1157
469
1389
2656
3304
3857
3394
2590
1952
756
3439
1719
3824
2600
1664
2552
926
5
634
1230
3111
827
2687
1632
3219
3646
2321
456
227
3758
2158
2991
1415
3489
2265
484
3276
975
2522
1401
210
3643
3899
1371
2460
3929
2899
75
1153
576
3680
2046
1823
1230
1069
621
1071
210
2003
474
595
1818
3708
672
2796
3513
1154
2933
1289
1621
790
3455
1593
3882
925
3536
417
1470
2933
1023
3657
3202
949
3620
3953
1954
3730
3568
3362
2378
2334
711
895
1620
1546
3579
2457
1586
1004
1158
994
2228
189
1059
1817
631
