99
81
98
149
69
145
45
33
132
93
150
30
18
49
34
91
7
151
120
167
119
122
15
131
87
75
88
108
44
162
53
68
153
118
188
151
27
103
133
115
74
152
156
185
142
67
10
169
131
149
94
58
83
8
84
126
79
79
184
67
66
108
81
158
97
165
93
187
187
6
116
183
145
120
35
22
137
182
24
105
141
168
157
159
115
88
179
52
25
82
117
79
40
169
189
173
138
12
30
187
40
72
96
144
148
191
114
9
87
182
175
199
41
60
87
155
83
54
1
153
42
167
90
90
163
37
116
171
13
135
70
131
55
34
164
178
175
107
43
109
100
95
147
54
161
93
193
177
135
85
184
41
141
179
100
104
199
147
26
77
184
80
127
160
37
48
188
177
31
175
43
95
84
188
0
116
131
96
103
21
147
34
94
192
159
160
78
182
7
1
44
152
190
181
86
37
60
109
108
137
