1287
4521
4148
4087
3839
1781
3637
3
4989
2154
475
810
1858
198
4978
4526
2377
2752
2872
2810
3863
1652
508
3033
2981
3611
4348
486
1057
3107
1078
4694
4819
848
2942
1422
3827
846
4231
1345
2703
1178
2813
1362
2338
980
2782
2883
2625
3611
2209
2472
2791
1781
1542
3275
1048
33
4285
189
3842
940
1747
765
2719
2660
2159
272
3959
148
515
4621
1875
4
3854
4187
220
3435
806
914
2842
444
2123
4259
1088
2700
3950
4981
3725
4748
4240
2317
4902
1262
4975
4801
4702
2128
2035
2969
431
1400
2983
394
4858
1731
2147
1201
2107
3375
2703
4368
3296
425
2513
3072
984
4795
103
2115
216
3462
16
1804
2224
1000
501
1318
4077
4793
3790
1189
1976
4512
2190
4669
1643
2853
320
4558
627
3227
1371
912
2600
4732
2849
3993
554
3760
2966
2016
366
1372
1659
3533
1454
2347
1169
2847
159
4860
4851
1233
3828
3375
933
3130
2735
605
2793
663
2584
235
3136
4984
4558
4170
3117
3628
3818
1399
4309
1841
2603
2178
3803
1924
4187
981
4520
153
4601
579
2471
1680
1704
4914
4495
1652
1141
1334
2465
441
3798
1548
3969
2001
3205
656
4210
4315
1755
603
842
4074
4050
3084
4029
2285
4939
3009
45
3136
4654
1547
4854
1982
4904
1860
1352
320
1599
3062
1598
271
825
2609
939
1074
978
2064
1068
3308
1067
2800
608
1734
168
310
2668
3740
2538
3436
4748
1263
2235
2848
548
4503
649
2434
1004
4530
2433
4871
186
4725
309
142
577
309
72
375
2551
1307
3725
3499
1356
4010
1688
180
206
1630
3836
3241
4906
2395
1556
3942
4532
479
1189
3342
2520
3245
1144
86
2714
1319
4270
2496
3951
3319
579
4808
3662
2714
2509
2599
401
4953
542
721
4781
2022
2381
3917
1129
2895
516
1161
812
1722
1338
4559
359
2174
311
3167
2401
3417
3024
2410
1361
1979
3985
3257
3022
4310
1391
1576
2123
2345
4440
1547
2694
4215
1985
1971
39
4377
3239
1708
3334
21
3642
654
1981
3024
1707
1207
2477
1503
4983
2017
3204
382
2211
4781
3227
2940
2847
4771
4126
2043
967
189
1309
487
380
1423
184
787
18
1805
3135
1746
3570
394
30
1864
2608
1439
760
4902
4495
2152
2347
2748
2440
271
3345
2150
1369
3620
2383
1158
1162
770
1309
1938
2770
2086
2806
4425
1641
926
4218
975
1527
3164
2527
858
3553
4302
3159
4569
3452
4844
2266
2120
585
4181
4579
1370
257
4453
985
3868
2194
1431
2300
634
2640
835
3087
1360
1535
2765
3773
3887
1099
1498
3707
3570
4531
4263
2773
924
4458
2280
2509
4783
1085
2657
3199
4035
1907
1541
3584
2546
4118
1792
3164
4748
2992
4203
414
2660
1888
524
3010
3846
4676
2191
2743
1475
3145
2142
3320
1811
597
4488
4921
53
2638
1801
279
3382
4083
989
384
51
4248
114
4418
2693
4847
2481
3719
841
697
1360
990
1408
2997
4456
2293
266
2151
1150
1810
3610
1762
2145
3673
2142
2424
2327
3992
4357
4685
707
3582
2453
3844
4551
1266
1192
2521
1218
4775
4018
1030
4902
3125
1898
4777
320
4403
2490
2498
4829
2848
845
1099
262
3634
3749
3576
3000
4909
3197
1149
3650
1597
3737
263
4108
1351
3577
1571
4504
1273
2980
1218
4280
1722
1430
806
4764
1764
1744
2214
4109
3942
1929
445
4427
4022
374
3545
1824
1300
419
3344
1999
4457
3246
3036
4220
918
4036
407
4842
4625
4610
1730
1651
4451
1986
3927
3103
789
496
4854
4108
2024
2584
3988
93
4459
415
1416
3299
3511
3770
1096
157
679
94
2312
1909
2963
605
930
1145
1068
2289
4449
691
4434
4393
4439
4461
992
4462
2855
4100
4225
0
2677
4824
2116
2866
2593
2493
2403
2302
3866
4497
3538
318
1351
154
3794
872
2297
4683
3149
3589
2692
1947
4492
2655
36
2083
3075
4133
2740
3986
1086
4532
1042
3311
982
1219
2023
177
1332
811
1810
166
1950
3305
4364
1430
231
3442
1126
2748
744
3594
1742
2209
1252
2136
4801
3788
1834
4466
1178
4474
2259
3616
1121
1574
3044
4967
3318
3021
549
4581
1821
2472
335
2300
300
471
4269
3742
1070
2015
161
3627
2012
96
4888
849
4506
3325
1007
4704
3709
512
180
2288
548
2577
1050
2298
4652
3899
3140
4905
4829
1020
3090
4603
4802
647
2977
3831
2470
48
1549
1141
3129
131
1298
4188
563
3753
3368
1364
2151
3440
701
4025
2344
4269
2908
4048
3786
4025
259
1257
4567
3549
2098
433
4338
2820
2615
2499
144
3916
1967
2715
3482
743
4919
1831
2567
1724
1520
1482
3743
4630
4393
3318
226
3502
1182
196
2462
729
1151
603
704
2120
3443
4732
1746
1456
1227
2062
202
2766
3651
2274
4619
3577
4107
4021
4908
3259
2868
1189
2063
4197
349
738
3309
3854
3285
4915
44
3416
1523
650
3434
4816
274
197
2587
3624
1808
858
3222
2922
4830
2414
4879
2955
1609
4074
4669
2305
2590
90
2115
4723
2821
1627
1876
156
1892
1865
4759
579
2109
770
283
738
4994
2451
3339
1200
3412
1636
4698
4773
4658
2426
4642
4490
319
4866
486
2147
4564
837
3832
2466
2781
1732
3357
2313
4168
3041
3948
4572
2879
3503
3693
3216
1535
4672
4982
3244
1601
2393
369
2995
837
3771
2569
602
55
4649
4051
948
3274
4633
1210
4000
2192
2009
714
1507
1212
168
3510
160
3390
2502
142
913
3437
1528
2064
1056
1308
2156
2998
4102
403
613
4528
719
982
92
4328
2848
3386
2347
1756
743
2259
3079
4825
438
1724
3698
1770
4467
134
1057
3560
2134
4713
1233
283
3935
1744
705
399
1396
4550
1860
3794
1909
3999
2293
4009
1028
3842
4255
2259
1212
1402
600
1845
3357
4132
3002
4708
2048
19
4238
4337
1501
982
3773
2790
1679
2363
4460
3951
2641
3932
843
4476
2432
472
2194
3682
3900
1901
4984
1882
2115
193
4082
505
3804
3472
117
2494
1373
2616
4032
2755
1314
1760
384
1347
1835
3703
1841
2017
4728
1097
4462
4449
3019
4339
30
3240
1506
2240
3851
1045
4864
4260
1888
2235
4295
2013
2382
4287
2365
3130
4323
2476
136
1004
3792
2566
2470
2809
2093
3859
4317
3527
3899
445
1076
4509
2701
2349
3828
3581
4580
4930
2287
3334
1566
2430
4251
4222
1746
2841
3467
2373
763
3863
1211
3397
3743
4956
1741
2589
3042
4384
333
4644
732
1430
717
1522
595
3574
390
1450
2990
2762
4404
3548
4208
1846
4876
4256
389
3736
1661
573
476
1535
4856
1319
609
1849
1341
3166
566
2508
2971
4459
4221
1421
324
1662
693
1039
2435
626
3790
2548
1163
594
2650
2919
2685
365
587
1849
4701
4949
4363
4474
3794
1894
2931
3920
4040
2049
4692
3187
3212
1024
2108
2241
4171
2636
349
4852
463
1018
208
3593
1663
3300
1817
4189
4986
1419
3727
2304
4424
3547
4234
2107
4893
255
1137
2461
4451
1827
3352
2929
1955
2888
4459
4068
3743
3593
1417
1890
151
4589
967
704
3862
774
2215
3428
3192
3046
326
968
642
1
2143
782
70
2069
2095
2781
898
1141
478
3570
2900
4918
1446
3626
420
4817
172
3947
1462
1647
104
634
1170
1035
3562
3335
250
1424
2843
782
4495
2267
2653
1094
1424
3508
4432
4708
913
1438
2562
3306
3700
4446
1874
2760
4734
3520
3394
644
2904
1836
3590
1822
1016
3904
741
1476
908
2519
443
4517
763
2415
4192
3433
1360
72
2265
1333
2308
4281
1577
4381
3558
1060
4819
297
4705
1329
3495
2938
2626
2601
815
4358
709
1449
1244
4542
2579
2606
4666
1481
1394
247
2813
2082
177
1094
230
1749
4350
257
3526
4511
4919
901
3781
1882
2913
1802
2911
4751
3304
4649
1261
1886
259
2153
355
4970
259
3017
1227
4304
4752
2585
1918
4301
0
1209
2458
1615
1277
3995
3228
92
1322
2308
2059
1335
1426
37
783
369
4812
4072
4820
1171
2919
886
4295
2546
1638
925
3547
1955
3912
23
3048
1206
2120
3862
1378
2592
4963
763
1345
3832
2459
29
4418
2275
3575
279
2545
2906
1916
394
3657
3865
509
1642
4090
3651
4106
1357
646
4209
2440
3405
2504
921
141
3663
1809
2843
4526
2292
2505
4703
1215
4965
4438
4794
4942
2659
2627
4360
812
1404
4056
2835
2273
2850
1722
4545
1275
4309
4472
2331
4210
4665
2393
4346
2484
2138
12
3293
2376
3779
134
1501
4385
3695
4506
1705
4017
3463
1536
4029
2039
1617
765
1637
823
2874
1866
4304
4764
794
244
272
1124
485
1039
85
2576
4082
2495
2529
2614
1053
765
2246
1734
967
1091
932
3709
477
2812
2575
233
1990
2547
3956
4850
653
3614
732
2273
1687
1230
322
4992
3982
4166
1582
573
2308
590
828
877
675
3563
430
1841
3193
1708
3142
2655
922
3428
4040
4151
4333
895
4836
152
4376
2922
4569
4967
4160
2892
1565
3131
1504
3683
2345
3712
4482
4100
401
3815
2516
4731
2514
2230
4090
3115
1340
1961
4058
1882
4862
2460
1316
2524
3232
3491
4751
3555
4508
3441
97
104
1326
1777
3799
4944
3099
2781
4578
2350
4357
33
1603
921
4564
1826
3621
4305
4753
1632
1240
4620
1252
749
2238
31
5
185
902
107
3079
2060
2375
102
344
4558
950
1619
4190
4927
1008
247
532
2006
4739
1985
2033
264
3958
2221
3049
4312
3081
676
4101
2949
2096
1460
470
4396
4513
2360
4423
4298
1900
2156
672
2438
2090
4031
4519
3402
4902
932
1329
4460
465
4079
3550
69
4282
777
2298
1413
2170
1944
1727
4384
4532
1551
2264
1521
2003
1709
2801
794
2927
4308
2042
1957
767
4160
722
4714
1306
609
2488
3726
3369
759
3381
276
3132
1250
2325
3858
596
1131
4317
4363
376
4195
1950
4100
490
1910
2575
1638
4121
498
137
2111
1441
1954
2339
4884
1047
3202
3270
4911
4446
3078
1563
1033
3528
4763
1361
3861
2230
4930
4739
673
1952
2924
3293
1577
4352
3511
3943
1098
208
700
762
1416
2452
1817
3311
3108
4170
306
4343
4645
4870
2263
813
2353
3882
1409
56
4425
1019
2583
4292
2399
142
848
624
4660
3953
4764
1075
1330
1127
2652
2008
2259
1595
2706
3384
3173
3102
1093
3310
4330
1747
1269
3397
320
1807
4712
1566
1769
3222
1551
3062
4104
472
3617
3876
1105
2139
2985
472
939
1354
4982
1631
3550
875
2583
2739
2819
3735
2385
3888
4388
1882
1750
3977
24
754
964
2776
2779
3916
4391
1972
3336
2473
4420
2357
692
3288
2523
3619
2529
1742
1391
3244
1595
2384
1358
2469
2074
1777
1912
3256
3597
4287
4486
4571
1087
1567
664
225
1593
1353
1378
1202
4628
3758
2668
1950
3513
3925
1693
4847
4567
1518
683
1771
2519
4022
1418
1384
71
1888
3103
3875
778
3805
511
3201
1665
4978
2537
3126
0
4776
3532
844
3447
745
3230
3891
27
758
3211
2023
4129
510
1638
1903
78
3920
2591
978
1782
2625
1705
4828
2519
2265
2190
190
41
2128
1538
1491
1972
4687
4497
3862
4886
448
4358
2377
1856
3511
3593
3113
3011
2882
1843
285
4196
116
2817
3597
2162
1055
2579
2760
2296
3447
4576
437
4707
2100
3088
2699
521
3320
4581
2108
1076
2023
3047
916
4746
1131
4163
3135
2962
2983
15
4880
1661
3644
3780
4999
4119
3871
3737
1266
3753
43
232
524
4324
2763
223
2770
4235
2984
3781
2346
4973
2080
1670
879
4038
4960
1565
3351
3746
1760
4038
4293
1597
4996
4421
1594
930
3428
2846
1359
93
3081
4882
2725
1167
4159
3986
3374
3430
1498
483
1404
2462
3545
4999
2318
544
808
2588
1380
3974
2049
323
752
2816
3874
1295
4780
1126
4209
4631
794
210
3876
578
2102
1624
3446
2150
2056
2742
2380
3341
1206
954
4493
133
1574
277
295
251
305
306
375
2947
748
2986
4720
1406
1719
3495
165
4384
4472
3219
2505
3340
2258
4492
3603
3751
4694
4278
2816
1526
1988
646
129
1821
1963
3239
971
2981
4252
1586
1805
3569
3397
750
4203
1758
2393
3890
3409
1428
996
267
3268
1021
3765
4303
2467
4912
1572
1268
2051
2618
4170
637
4335
4459
1384
1474
406
3040
112
1884
4839
2610
1048
1426
703
563
2565
3090
563
2344
2067
567
449
2935
2075
1099
3649
2118
2973
506
673
3061
4637
4876
181
298
3418
772
302
456
3041
2521
705
2970
720
3352
872
577
2607
660
1934
1848
3161
1588
3236
2960
927
4023
4537
3253
1518
4766
3014
308
4503
4317
534
2447
3452
3920
508
3503
2291
2071
4168
1357
1978
2006
2258
1925
1298
675
2671
4911
3673
1580
4584
619
1599
804
3607
2848
3194
3186
2749
769
4405
2687
3039
3798
3427
730
2247
4978
2034
4521
911
806
1042
3694
2464
2329
1428
739
1072
1818
775
3156
2482
1172
758
3240
3336
508
542
683
2019
2034
3571
3731
2091
2914
3778
3669
4226
3790
4001
1220
3322
4050
3091
2677
1799
4667
4016
3409
1039
1348
1793
2312
1918
583
104
4239
2422
965
3589
2509
3876
4258
1006
320
46
312
3590
3631
912
4638
3230
4643
965
3892
4994
1799
2331
3814
154
3481
3031
675
2048
1332
3840
2064
969
4771
2800
2182
772
3492
4476
4341
2624
4623
4612
67
2003
234
1286
1534
2916
1474
397
3081
3930
3840
2319
3798
1598
4573
1461
4480
1770
2012
2931
3980
3533
1994
823
3740
1127
412
2246
3335
1038
3790
1418
337
2420
4563
2448
2650
4671
622
613
1317
2792
3268
4761
4911
735
4411
1948
106
1579
2355
4268
3382
2224
512
3785
4211
2001
537
576
3653
3589
3872
1283
555
1621
3734
2073
3598
1947
3251
3250
1091
4183
1414
4011
3702
3771
1975
544
3675
4326
2367
3791
1313
734
1976
2497
4758
1150
4647
2756
1545
191
1130
3203
3088
3843
4247
2767
2446
1565
1931
710
4032
1195
1516
1114
3461
4357
4292
1749
768
3760
3466
768
227
1995
2014
3531
250
2595
681
982
1273
4970
2535
4334
1018
3946
4058
1740
3575
3943
1684
4455
1896
26
3657
4914
2594
1257
1046
3624
1445
356
4554
3667
3040
1699
4959
2252
4426
1452
1061
4500
4671
2704
820
4209
4038
2845
1955
2925
1508
1846
3914
3105
767
718
4984
3222
4296
515
1122
4396
4277
2215
2105
1259
2538
555
2791
1854
3932
4156
1037
2081
2281
3119
3852
1079
1016
3792
1598
3342
3177
3238
3048
4758
3680
563
1591
4772
2891
2599
2371
1165
549
3532
1252
4709
3782
3197
1880
4016
1809
1031
311
3776
1635
4985
723
2901
1475
1328
695
138
2330
3187
2426
2780
791
2110
3496
3110
3647
4585
2374
1863
4888
24
2095
2317
97
1246
3416
1083
1216
1954
141
4302
2767
1716
1758
3557
2404
265
3769
1478
4259
2585
725
1206
4042
4234
760
4801
192
2190
4310
3903
2827
2335
1334
2007
3814
4906
2163
1637
1427
1937
612
2862
2522
2307
3880
4797
862
4638
2898
3103
1728
4973
3444
4560
715
1876
939
104
2707
2376
2471
264
2906
2748
1965
526
3721
3709
1603
1777
3527
1823
1096
1494
2025
3105
1662
1392
30
4268
4740
1846
1222
2473
3988
2831
14
4783
2133
665
4123
2572
998
1606
3129
4475
4648
3632
3334
1748
127
1947
2448
3369
2221
1200
775
4244
1971
3491
3760
3710
540
4834
3631
4834
3584
3430
3665
3160
210
2382
747
54
902
950
3595
2361
2011
4743
745
977
3184
1783
1929
250
631
2961
135
2711
1595
2728
1047
2873
4719
758
3377
1229
260
201
342
843
2030
2180
489
1586
2204
3563
909
3050
3530
2415
2534
81
1900
3738
4070
2231
1066
2885
1280
4141
635
2573
3473
3544
3599
757
4263
156
3421
1708
1961
1323
2309
1719
2265
1341
2467
105
2818
2921
792
1566
1554
465
4007
1487
4381
1611
417
472
2931
844
758
4446
4319
3248
3801
2868
3765
2516
3014
4276
2320
2781
1202
4058
1653
4609
4095
2404
2743
3194
4411
4582
1352
3211
1356
1707
4248
3
458
4133
325
4487
1112
1181
2144
2996
1993
2830
1351
3730
2947
252
829
2596
3107
98
978
4259
3973
1137
72
3210
1725
3893
1075
61
1391
2392
4852
3331
4303
770
2747
2186
734
1272
1022
3849
3491
1169
1994
3616
857
1840
3196
2348
1178
1084
2805
816
2272
1011
4400
2357
2507
1588
1
2521
2085
1844
2428
3638
1142
1249
4039
4145
4684
4098
1469
1427
2626
4055
4248
1140
3068
3397
3427
947
85
4938
3393
2450
901
4334
540
4638
2346
2394
2134
3773
4609
1491
637
2640
2401
3054
2511
1584
4381
936
3171
580
4668
189
287
2448
4959
4830
187
2706
1926
144
1866
4542
2063
4383
3824
2834
252
986
964
2635
159
319
915
1142
3477
4911
702
4203
2485
2364
3378
3963
1396
775
4554
538
2470
4687
2611
3151
1458
4276
3268
97
922
1081
4415
2060
4078
2655
528
1401
3700
3022
3706
3971
550
1966
3728
4950
3457
3340
4287
4810
3637
921
1797
4565
4957
292
4109
710
4077
1416
291
2429
4323
3904
1382
4809
2860
1438
4991
194
2396
1635
3085
4300
1072
3617
3714
141
4476
3316
3917
917
1108
1302
3060
908
1353
4050
4678
1539
3387
1121
115
1416
1853
2096
3073
1740
2378
2531
212
4657
2185
2370
784
3077
1231
3649
3742
532
1634
246
969
4594
3270
436
3476
2813
4566
3428
4458
4296
3952
331
3033
2956
3373
3334
83
3418
4939
4058
3563
836
3233
1632
1569
2841
2087
1141
1138
4095
1080
4368
3999
282
4373
4509
3015
2315
1479
2238
2540
2236
1744
1817
1847
4703
1590
773
2513
2518
3325
294
2488
1366
3520
1000
1938
4357
2148
2856
1080
2042
4361
325
514
331
878
3638
2563
3449
1600
597
1625
649
718
1937
635
2708
156
4361
2239
2669
2066
2892
1719
4394
769
990
4239
4924
3746
4509
3734
1553
1682
3122
4575
4377
229
1218
4427
2341
2662
2940
2516
683
3440
3565
632
4462
1532
4183
4472
1131
184
40
3421
1110
3056
4063
182
1803
4372
4481
2119
1752
2342
4313
130
1463
4830
111
4931
1274
4460
2015
1098
407
3240
4282
1018
3139
2001
1714
2857
275
441
2142
4100
2757
3162
1533
4625
3133
1408
984
792
4091
2681
1080
2854
2002
3325
1919
2799
1812
2350
4986
2167
3056
964
555
478
1462
2400
4054
3982
1553
1283
3137
3098
2203
3490
678
2420
3151
2752
1549
4731
39
3632
2834
1376
2189
597
4991
3803
271
3985
1994
3855
4012
1358
6
2582
962
1124
4183
2186
2450
3528
4823
2842
2292
1901
614
3773
3548
1257
3806
1870
1950
519
172
3891
2725
4668
4034
2428
759
4352
3994
1613
1716
4587
1429
1264
741
3130
2842
4194
1202
4341
3570
1624
508
1350
1607
350
1297
4119
2221
827
4765
2184
1489
389
1749
1901
3990
4924
567
4464
3462
1438
2734
4560
2901
1335
4442
4045
618
4578
2868
4478
4103
2200
4071
2329
55
4379
3153
1606
3303
808
2240
4665
53
1744
3562
3571
4165
2497
21
1180
451
4949
342
1023
882
4095
3901
273
1531
3341
748
2527
3913
1558
936
2099
2705
4570
2977
1690
952
2240
3596
3118
2796
3072
3319
4931
1092
2638
4548
552
3676
2767
3199
4549
920
820
1546
4619
65
2856
3336
4059
1494
567
2581
2383
194
1237
732
1999
2971
1463
3347
714
99
3826
4273
3746
2183
3959
2280
1897
3717
4336
1614
565
3538
2562
2173
2902
641
4214
3905
1960
744
1678
3098
3322
773
552
2007
4689
29
1034
1555
2553
405
3626
1116
4970
4458
3104
1045
923
3674
1452
2942
3981
373
4309
4826
4334
942
3061
3222
4905
3660
566
73
2647
4702
3536
2862
396
2947
2723
4014
192
3126
1596
331
3552
3536
1102
887
4400
4104
3238
524
1224
1845
2218
4997
3296
1741
2006
4600
1889
2846
3941
2319
2594
3833
4985
2492
1867
4854
1264
3810
3890
2322
1971
2058
3376
534
4091
1923
1598
2706
3066
2699
1801
1302
2908
42
4872
3408
1584
606
3150
2841
2359
2088
3264
4562
3087
2573
3156
1557
4716
2809
3180
1374
3084
2742
4326
4632
4845
2723
89
4644
38
768
3222
2716
2719
1805
1376
2037
3317
3993
4426
4795
1782
1712
3436
4214
2621
1182
1065
3650
2059
4113
3928
189
3154
1459
3197
2194
959
388
3724
4914
644
142
3673
3906
4031
1514
4814
3599
1738
1640
3970
2782
1095
2691
4467
3904
3848
1227
936
1435
4169
1204
2653
2588
403
3380
563
1967
1949
3850
3507
3641
4456
1106
3471
3189
1416
2829
4102
1363
4467
2181
1546
639
3895
429
416
1189
4036
215
4147
4570
1610
2112
4621
2981
4840
1510
2171
3725
4499
3457
891
2884
3776
4399
621
3441
4574
274
1739
3235
4883
1764
2342
4625
4753
1419
3015
263
4268
3591
2255
2483
275
1751
1628
526
4104
2444
608
1630
2430
550
2359
967
3934
1410
141
2418
2326
2709
3489
886
3678
2978
298
4306
297
1607
1925
3988
653
1294
144
2636
726
2799
4254
3922
2597
3387
3264
3623
3872
4795
4268
1559
3631
1615
748
1715
1218
4890
1157
2029
2594
4594
4050
2372
171
734
2253
2240
4994
3297
2570
759
4985
2987
1216
982
2508
1558
1365
251
4239
3149
4917
2439
4982
2201
710
3337
1952
3125
1482
1381
1217
3265
3922
4164
2403
4333
2108
1677
2032
1603
257
2321
2295
1870
4550
4252
968
674
3148
4928
1678
1297
1750
2259
4824
4532
4703
976
827
3203
3669
3707
1784
1315
2734
3302
5
1158
1317
2121
739
3393
4257
4078
700
1190
2
1002
2886
3058
1217
4040
2505
1177
1860
1992
3688
4685
1602
4180
3727
934
4793
4306
1098
1075
3345
3902
1446
1526
460
823
1775
1166
4581
4554
2068
3886
2851
1964
178
587
3216
2136
4124
3698
2082
720
2668
1640
3813
1417
2169
1859
1138
3359
2340
4094
1905
255
2888
2842
2014
1588
3463
1327
1971
960
1979
4410
1626
3084
4376
3968
213
4260
2387
4425
2804
1121
4838
3600
2122
3730
4307
4918
2005
5
3994
4871
3776
2558
4841
3324
4639
306
4871
2879
3934
3286
3598
3102
2805
96
2267
1926
284
4303
1570
3504
2311
1991
3218
2633
1431
4996
3955
284
4317
280
1368
4594
4227
3879
3556
226
3913
1695
2413
915
401
2118
4520
2398
984
4331
1927
3056
2105
4030
550
3573
375
996
2350
833
1318
603
4835
4807
1183
1548
3881
2516
2207
1286
2374
4894
4178
4870
843
751
1641
1212
4492
3861
2438
1354
3546
4067
4967
1894
3762
954
3199
2998
3292
2625
3300
715
3921
3389
3550
381
1705
4217
4414
1326
4297
438
750
404
486
4557
3746
2574
3280
4753
2283
4359
3342
3395
3116
4688
786
373
2611
72
3464
496
630
327
4472
3496
1094
3824
1006
4268
2053
3853
4386
4884
1480
1348
2913
1756
1657
4926
880
957
3131
2816
2687
795
2730
4947
3010
3777
4847
215
39
783
1670
4316
2749
1014
3220
3976
1642
2138
4920
2493
2438
1126
988
2498
4737
1086
2056
3217
4638
797
4771
337
1803
831
2695
2114
4606
1857
1696
2213
1821
3965
2985
1446
778
2889
1459
4202
769
3031
3426
1579
2904
471
2351
4034
1618
904
1227
4755
4135
85
2103
1436
412
3820
29
3512
4898
2795
826
4456
1846
4475
1131
3089
4964
3815
4280
3657
4313
77
1073
130
4972
2034
1996
3529
2271
341
3472
3264
3096
4129
4914
3471
3383
2430
4921
3154
1803
994
3064
1948
1709
424
4975
3481
2768
650
590
4384
3516
1467
3784
3368
4478
2629
167
3146
4861
4913
2314
1740
1228
4086
96
1925
1159
4384
3127
3580
179
3041
1438
4963
2967
4326
4963
4281
3745
880
4170
1198
3830
2163
4946
3855
4626
4251
4189
2913
3928
9
2805
4170
4447
4326
2998
59
49
3119
675
537
4216
2310
1889
1171
263
4137
3722
1206
419
4220
2463
2364
3885
25
1245
2060
3949
304
2298
3370
1995
1809
4196
3351
1917
1982
4327
19
136
4006
121
3399
4469
1188
4260
79
715
2478
95
4836
3642
3793
3873
376
3267
1114
1899
4250
3609
775
4329
1050
1587
268
4245
1623
122
3730
3487
2907
3050
4602
4517
1120
6
191
2259
3652
3004
4521
4928
1735
898
333
1180
2989
1076
3986
2065
4399
2764
4262
4326
2388
700
2775
3474
4589
2274
2582
2467
302
2225
2502
635
1233
2912
651
1939
4916
2865
3941
4327
2986
448
3371
1422
3936
1254
1692
332
4237
1505
4480
541
4652
3145
2445
1352
2631
2178
3271
750
2857
4097
183
4494
1269
4653
4563
1311
725
156
4830
2921
4267
303
1270
2576
4851
842
1956
2262
1505
4564
2681
1411
711
1943
4515
1740
3231
4653
751
2949
2239
3552
2320
4260
794
1699
2733
2260
3042
3962
3969
4058
2108
210
4604
4960
2284
439
55
460
4055
2193
501
4740
1224
290
4541
120
2042
6
131
291
4732
2463
4150
2327
994
4757
76
2517
1680
358
1762
1478
3458
2655
2552
2257
3622
3111
689
2722
2963
3972
4528
4338
1619
4629
637
3753
44
3843
535
3885
2116
2221
1084
1133
2586
3207
4500
3710
2730
2661
2180
2393
4136
4569
3870
3480
3638
911
2685
483
3512
4922
2782
2172
677
3541
2122
4962
4160
4312
1336
2246
684
3804
183
2208
742
4509
4961
292
4516
2051
1372
4743
2884
4821
1954
512
4415
803
808
1709
4524
1710
3323
3235
4176
86
2598
3289
323
2111
3264
2490
1719
1305
587
4901
4810
1099
3911
75
1818
804
1221
1396
1600
1597
2048
3470
1837
3590
3509
835
3385
3051
4235
4309
282
1315
1205
2665
273
2941
949
1198
2561
4080
4451
2400
465
2669
1626
1461
4505
4827
2388
2579
1585
31
1732
701
1404
1445
1153
3688
1723
1559
4106
2614
4047
1241
4796
3142
2822
4471
2089
2181
1686
860
4675
4717
1120
3232
4111
528
788
1636
3244
2962
3266
1605
1258
3361
73
2363
2759
1634
2192
597
4164
2928
4057
1380
3679
1955
4262
336
3186
2443
1539
3442
304
1272
4187
863
4104
4392
831
2637
2066
4259
169
1917
2166
4223
1607
1998
3220
1763
2650
2306
1853
3266
3334
4879
49
4550
1756
2716
3666
173
3899
3685
3718
3141
118
4933
3090
3352
3095
3952
2161
2900
2592
2514
2100
4706
2418
4711
923
648
1182
1856
3898
1173
1297
799
1470
3457
1950
2887
2383
1335
2315
2386
4144
311
892
2377
3169
3636
3326
3858
2678
4695
2012
273
4256
3438
2270
3645
3145
4269
3792
1525
677
1015
519
2103
1916
2265
3373
4405
2227
3699
589
2813
2555
3196
2635
84
745
1905
474
2950
996
1737
1545
1132
3566
3856
192
2018
369
686
4820
3828
3331
4052
2786
1916
684
4202
424
3859
4692
2720
1447
170
586
2391
1325
4987
207
1834
4175
3081
2024
4950
3891
2848
3738
220
939
2907
3912
1335
982
2993
2176
3143
2120
1602
4292
808
730
3715
4029
4839
2732
2204
2601
3507
3991
2571
773
3812
3343
4439
1502
3866
4933
754
1160
3612
2203
1611
3826
324
297
496
2849
3492
2100
1421
3944
3463
30
1923
2169
4406
2841
3728
3262
1605
2996
1582
4152
2530
936
3411
673
3945
1173
645
69
3527
1965
143
1458
465
714
413
1056
719
3923
48
563
4467
3025
4014
3246
4912
2336
649
810
4881
3106
546
2253
112
3333
226
501
2879
2405
1565
931
2670
1996
659
532
418
3901
1948
3578
3494
1344
3152
1762
976
2807
608
2647
186
207
3324
2348
2012
1107
754
1646
2011
3723
1968
4831
4848
1753
2886
1447
1951
1100
1547
461
1810
4269
3538
300
506
4999
2184
1369
4970
316
1477
4600
3023
4010
1589
2117
4160
1988
4298
256
2622
4573
4552
3219
1592
2839
60
3061
3150
321
34
2897
3823
56
2369
2896
1473
2388
2637
4002
3652
899
2306
4292
3364
723
4239
3004
642
4841
1414
1336
2189
2343
4007
4060
898
1185
2780
2386
4061
3424
4876
923
3283
856
1423
4964
2350
1164
1699
3284
2364
1969
2193
537
4444
1776
3303
4819
3437
3965
1795
3720
3557
1285
1840
4151
148
1284
1272
4488
923
4748
3679
1360
1563
2754
3687
2450
238
3618
1190
1721
4684
4930
4544
2306
2011
2020
4649
1614
767
4702
4395
2614
618
299
1065
431
2680
1140
1078
1908
1417
1521
1109
779
4004
4905
4838
4176
1020
826
841
2061
457
4146
306
811
574
3820
4201
1730
3979
1350
2972
3820
3367
1302
4420
1272
571
173
425
2963
4557
3420
2003
41
192
2771
2150
3192
3044
2049
504
3565
2080
2885
3523
1120
2025
3202
2786
2811
388
4282
2945
1744
2896
522
2845
2248
769
1898
2845
3887
2499
3880
4164
2949
3532
1042
4172
808
3131
1617
409
429
1283
2246
183
2301
94
4364
776
