266
179
484
441
594
326
624
253
285
641
682
603
374
347
348
431
346
616
382
364
495
318
113
546
219
438
127
195
647
567
198
91
272
104
364
252
305
217
179
673
547
178
158
299
14
580
313
659
110
406
205
7
199
474
284
663
265
262
112
208
367
388
370
339
323
509
583
93
535
597
231
472
519
433
610
34
515
35
236
233
384
319
481
250
143
443
570
548
427
73
571
33
153
353
658
169
341
14
673
435
211
618
144
556
468
389
634
699
412
96
638
11
289
374
209
404
365
300
311
56
516
291
348
683
45
654
22
79
164
496
173
639
699
547
234
326
610
11
21
667
432
458
14
51
303
376
622
610
20
172
156
21
493
593
242
266
343
451
166
127
688
170
176
304
530
626
622
198
666
641
532
613
697
446
635
46
449
539
28
4
55
534
259
330
77
522
579
269
427
564
455
183
288
124
526
558
7
329
226
693
519
385
338
125
597
616
607
637
76
329
603
644
456
207
370
543
352
170
576
168
629
648
575
181
100
179
426
130
575
613
548
289
290
699
292
573
337
164
554
455
471
657
122
269
565
659
476
532
167
269
304
280
476
640
256
475
341
614
369
0
427
417
95
196
354
473
698
486
405
525
274
115
475
428
209
325
39
101
293
249
217
284
81
332
418
644
305
307
526
197
406
155
513
47
535
336
563
117
139
371
149
1
172
51
442
433
558
520
18
223
381
462
435
570
119
13
585
644
398
243
104
48
567
608
682
605
268
91
234
582
456
573
37
538
353
205
147
464
291
651
118
339
276
639
404
647
568
107
635
331
627
289
554
456
533
326
406
628
303
663
470
33
81
519
525
60
592
147
251
5
61
658
327
42
563
84
324
416
634
461
218
434
69
452
564
212
559
670
497
400
198
210
12
432
337
222
409
365
229
160
585
357
239
384
489
559
560
513
316
251
213
220
347
477
86
627
99
616
483
200
71
268
135
366
663
149
285
5
32
684
276
347
342
387
574
90
340
216
653
10
575
547
51
211
674
324
364
512
43
437
410
227
435
102
629
421
551
376
269
294
572
484
57
262
21
107
626
211
659
167
537
599
146
69
110
82
67
223
494
622
322
558
468
551
423
200
640
118
13
695
640
325
231
294
661
652
194
433
634
168
412
557
192
196
164
219
314
151
162
373
320
209
62
11
32
433
13
31
604
148
117
192
59
467
635
289
62
681
22
362
123
316
481
374
242
550
26
616
353
551
403
395
482
148
387
660
387
552
699
127
629
197
449
550
474
272
242
223
478
617
496
249
405
452
380
325
536
687
342
220
265
389
502
269
40
289
120
562
152
253
475
219
360
152
291
173
444
275
333
614
328
691
164
439
103
271
31
44
0
508
159
435
522
454
290
79
83
375
193
328
236
616
426
264
547
632
83
618
626
436
328
475
680
133
299
90
330
66
675
437
288
141
438
506
609
681
357
588
61
82
282
478
63
40
364
18
52
327
588
512
155
320
443
10
414
618
201
120
234
424
12
401
683
283
354
588
138
524
409
402
80
106
469
81
128
134
677
253
182
100
222
479
445
175
406
579
146
430
424
588
646
582
650
80
145
460
572
6
657
623
