3532
3594
1825
1945
3129
5468
4156
1231
5140
5403
4731
70
5280
420
5
2608
1645
959
2573
4383
2143
3993
4600
5468
4838
4185
816
1110
5855
3428
2884
4776
3846
3339
1193
2227
694
3762
210
2875
575
4204
4871
5502
1843
2322
5893
1470
4637
418
3458
848
1966
2964
4907
4541
2470
2312
4924
3894
2699
1179
4203
1092
2424
1481
3969
3597
3925
2348
4342
4083
4143
2610
4632
3542
3621
3484
3975
3482
5646
1075
4961
3731
4409
1750
4149
1612
995
4830
3750
584
4335
274
2542
5920
1669
550
5692
5034
2202
4318
5708
2027
4855
5857
337
3027
2137
1257
4577
4854
1476
3382
621
843
5956
2498
5083
1870
1330
3647
1283
5248
176
5357
4994
4830
3649
24
2462
5711
3256
5997
471
5558
4123
2013
966
2296
3299
3083
3509
3799
723
5791
4986
1117
4195
205
1634
1044
5304
3599
5494
18
2017
4031
5772
5987
737
33
1004
1518
2180
4877
3533
2937
3855
5242
5356
2201
1785
358
3832
3809
3040
2866
1261
3851
2169
4906
5724
2277
1656
2595
2691
1843
5176
2285
782
2051
1575
4855
5065
2253
865
113
1392
1048
5752
1117
3942
2058
5021
175
4398
936
2509
1956
1242
1051
5371
4990
510
4676
4966
1309
4159
22
1430
2490
813
1233
3273
1645
4058
1855
772
222
3734
4647
2568
3448
617
2336
371
89
5787
5023
160
23
660
321
5212
2381
1595
2580
1238
258
3229
1871
1250
4970
3277
3810
4569
694
3314
713
2033
391
3665
2506
4933
1520
3015
2285
1569
4889
3491
4715
5660
5152
1631
1439
4561
3322
1225
4522
1468
4887
5346
2467
1950
851
5634
5787
2637
1528
1189
5021
4812
5473
5270
1940
4370
138
2215
4312
2697
5091
5914
5232
1205
915
2863
203
5390
1257
2475
2186
3276
1438
2801
1109
1839
118
2431
4125
5448
5350
4952
1265
408
2111
3593
1419
4339
4072
1323
2338
5423
266
2196
2866
4351
5892
505
1352
4615
3199
3476
3175
5115
4380
1630
3273
4760
4026
3194
4783
5535
4500
3038
585
281
550
2270
3777
5132
4272
1367
5857
377
5971
4277
485
2686
1576
1217
1595
1807
3728
3866
5671
892
3318
2014
4339
398
4945
1814
5492
20
4149
5756
727
2213
5465
537
5642
5617
932
431
328
5529
1745
5600
5628
2279
1313
1418
2183
2746
3167
4335
1596
3874
510
837
5400
5205
4319
1382
399
3468
5119
3877
945
1102
3181
5550
5580
5766
2217
4088
2203
131
360
2763
1148
1244
2100
280
3232
4142
2705
1929
379
1955
5418
4565
2731
33
3017
4640
389
2876
4821
2733
2954
3961
4614
3825
1145
4160
196
2134
5471
732
4845
3688
5385
1219
1894
79
3242
5949
3801
5274
1464
1491
2668
3236
864
3221
3426
5158
2218
2535
2731
1033
951
3769
2247
3526
1846
2626
2184
3916
5543
264
644
4156
5703
3599
3881
2884
4361
1340
5708
375
1878
20
2346
646
5675
2966
2655
4141
4737
465
341
5292
1450
4131
1540
2704
3127
3376
136
4670
4999
2971
2128
2747
2745
5204
3331
235
3090
5198
1645
932
4090
2043
1239
1406
849
3271
4180
3257
3568
5294
3175
283
4665
1723
258
2965
960
3406
3914
576
2451
1832
4726
4953
3221
5542
230
2583
3656
3096
961
1221
328
733
5574
5856
4581
4349
836
1198
2873
242
1749
3801
5112
2948
1285
263
5940
96
944
1159
3856
292
2345
5354
1293
3257
4024
316
5904
4094
3003
2206
5892
1997
13
5953
5548
4844
1667
5808
289
1202
2947
5450
2457
5459
176
3483
569
778
944
2183
4577
1187
4638
3794
2037
2770
1675
5471
5613
4131
4752
5154
466
4591
1422
1732
2760
3799
119
3347
3771
4032
821
5283
1602
3996
1623
1909
1921
2913
3501
4595
1674
2216
633
4549
4547
4804
2885
5267
5330
4892
3923
1543
4885
3879
3151
1085
4799
2915
1969
2619
1485
5842
2031
5975
4294
258
415
10
3984
472
2714
5967
240
2024
5485
2919
2761
1107
5576
5868
2694
2557
2297
2112
4850
2825
1955
5185
5524
5732
3431
587
5961
891
1301
2507
218
2522
4716
2172
3484
466
3645
3039
534
470
1374
3867
5948
2115
4298
2079
5146
969
2405
1856
2685
1802
4014
2980
2108
2621
3933
5913
4004
3183
2347
4802
3248
344
5489
5807
327
5317
3465
2761
4592
2455
4225
2311
5248
1400
1486
1967
4500
3509
3036
2172
4266
1628
3140
2152
2954
1779
5414
5511
3810
3458
454
3505
3198
3119
3427
3353
4599
3253
3122
4558
4338
5343
3033
1821
1881
1654
2696
4609
5063
4325
1858
5993
3069
2373
1592
2468
2050
2250
1847
2795
535
5097
296
2602
5783
4324
3189
2877
4397
3972
2764
3796
4689
1234
3147
2387
4715
5330
587
632
1384
3452
4266
2313
3497
1624
272
265
3928
597
83
4935
2726
2182
2822
484
3952
2907
4092
1103
1648
5383
1915
3534
5936
4835
1083
5755
5129
3998
45
712
25
2223
536
4177
2147
3689
3631
4525
225
1737
2687
3456
1204
5087
3732
2192
4620
471
5755
3986
3107
1379
3170
5473
4883
887
4364
5018
1720
5424
289
3574
1200
337
4258
5829
1663
3916
5257
4676
4255
3402
3406
202
5509
2551
1607
5173
3359
4445
5255
3596
265
5035
5479
720
3262
481
3715
1668
540
4299
4011
5702
2544
4280
5769
4601
513
4421
4770
784
5081
3483
4613
873
3741
226
2097
1748
3549
3152
1124
4655
5767
611
4109
2575
310
4582
1571
1581
3752
3395
431
1034
4046
4917
3475
5153
2652
4217
1854
2439
3584
65
4680
2049
3375
4900
4247
611
5707
2982
4021
336
3889
4863
4200
1491
1454
4442
5297
1785
5250
3788
1504
2952
3709
3167
276
3040
5237
5227
2193
4957
4042
1264
3802
134
5009
5058
4750
2229
4236
1472
3086
4771
1994
5267
2540
512
219
5328
4368
267
2204
331
5108
4020
2129
248
3759
2508
3392
3998
543
981
4762
2715
1631
3324
5893
1950
216
5615
5876
5189
5668
3404
2072
4387
3390
4664
3055
1389
852
441
5467
2306
4670
3185
2750
3877
4217
2679
3377
2472
5356
5763
4564
1687
5596
1606
1343
3118
1035
772
3335
2583
5547
4527
877
5732
416
5409
224
1365
4083
2310
611
1095
1298
3923
4441
474
4773
5255
4108
2333
4892
4892
5869
5303
1381
4026
1829
4660
1593
2745
3802
1403
3366
5136
4046
5881
5383
223
4306
5420
1695
2405
4519
5741
2724
3951
4933
3658
5688
5438
3316
415
996
2884
4679
225
5037
1146
4154
3014
4792
5697
640
4501
3913
5379
1759
806
4119
1237
5111
4245
28
3004
5213
808
4264
3880
5750
986
2661
3313
3118
4755
5190
1629
4345
1494
312
2908
5153
1832
3626
2592
2078
5368
1017
844
371
575
1604
2071
4581
932
3135
5773
4279
5676
5298
5331
1888
2045
2833
3028
334
3694
791
2413
5284
1789
1371
3442
191
5308
1189
4667
1318
2889
4938
5806
1119
1432
2802
4666
3023
4639
1851
5517
426
1069
5655
1507
4392
5256
3968
2443
5864
803
747
3080
2606
2648
2506
3985
167
2375
5372
2629
4350
3355
1263
2079
920
5077
2134
1473
745
1848
4885
5408
2217
3600
2217
652
4977
5679
3333
4810
831
1446
198
2528
3450
3996
3112
3693
2975
526
3410
3875
5177
755
3469
5985
591
4155
4706
17
3976
4947
5152
4794
2410
1560
733
4195
2495
4470
2228
4325
1529
1643
5005
1436
700
1885
1194
1610
4281
4612
2893
2616
5692
5733
5927
4121
2347
5404
5707
1037
4175
774
2241
1775
4415
5192
5959
3659
3559
1808
5986
5024
5368
1270
1234
3229
5592
3454
2483
780
186
2572
5664
2728
3081
2356
4818
5836
3775
1022
1558
1001
3986
4339
1772
5427
477
3382
1947
4265
5596
1714
1603
1183
5056
3675
250
5641
5635
4595
1608
567
1318
5901
3374
5272
2470
2614
657
4364
3662
5572
4757
5034
4581
3342
3124
4554
4440
950
4910
3056
2770
4927
3914
3061
2711
815
2186
4884
3312
722
2540
3470
4561
3160
5101
2859
3095
5772
4153
3518
2557
866
5421
2435
3997
829
3230
791
5539
3306
690
1844
3629
5196
1403
2984
5727
5157
5012
2033
1620
3277
3316
5207
4462
1762
5792
2565
3006
4301
4253
2086
1759
396
2179
3096
4509
850
4621
3888
771
1943
1756
2554
322
1517
3723
1226
1758
3920
1166
2980
3329
4313
2740
1412
3219
96
891
283
2721
1579
5170
3192
5162
3031
1977
1918
5241
4033
2837
1687
877
1170
97
1733
2484
21
142
480
5461
4566
4250
5074
2269
3625
4895
5131
1394
3796
1794
209
4803
5946
3020
2903
1520
965
5253
4473
1686
1584
4204
4530
3379
3326
99
4890
455
41
4887
2239
5995
4379
5758
5902
3852
4066
4345
1518
975
5540
5369
234
2169
1952
717
4505
1110
1532
5545
4316
3991
4944
4611
5763
4873
5599
4167
1516
3408
4413
3883
5993
3219
3649
3164
2652
560
5192
4439
5442
5408
515
1012
3418
789
639
2028
1073
576
3023
587
2843
400
4712
2560
4671
5797
2617
2434
2991
2210
3380
733
5411
416
1901
4986
561
687
2847
1468
4075
903
2821
583
5254
1469
4924
459
2418
3922
962
4430
554
3685
4394
4615
5866
2905
1696
4854
2008
5441
1075
3634
4273
2423
2068
619
2753
4268
1546
4413
5549
730
143
710
5233
4373
3530
5534
2465
4175
3801
1157
4750
3915
5307
876
2744
3530
3624
3993
1578
1905
1838
5645
5735
636
4057
3490
5998
4731
5981
2894
4012
4410
1459
3621
3391
863
2846
395
867
4957
361
5526
3691
5269
5951
993
1997
3548
3174
301
4378
2647
296
2947
4760
2243
272
2181
3630
3745
5566
4226
2764
5806
3623
3864
3157
449
4396
3475
346
3422
932
5188
244
3079
3001
2077
3949
4770
5964
5736
1803
5590
454
2231
474
4687
765
5671
1781
1665
3375
1406
2833
3625
1213
5683
5878
4798
2231
2220
2171
5703
4704
4194
3533
438
5726
3730
5243
2050
1520
5757
4177
3666
76
3598
4975
5541
4212
2555
2902
2239
5668
1717
3055
3982
4187
2746
5303
2747
4644
1114
4522
4075
5568
5254
4187
4917
481
516
765
5214
3157
3775
3969
992
893
3996
1485
2073
650
983
5781
4912
4291
5324
4057
1762
4932
177
5499
4490
2391
5264
1115
5680
4712
3283
2177
4504
279
728
5445
4603
1359
5988
1694
531
350
5124
598
2575
5793
910
3543
790
3278
3910
2933
5193
5005
2476
4502
3249
3939
2195
4946
3208
2652
637
2019
2355
1732
4577
4009
3900
211
3247
5053
5087
2819
2682
4576
1274
767
3668
5215
1751
5881
3768
981
2870
5016
320
685
4691
1341
2726
4178
5256
2640
1528
4102
1115
1660
581
363
5399
5795
2019
4993
5688
703
5155
2333
3120
5767
781
210
2967
1338
805
382
4351
4811
3727
2628
5013
3848
5582
1041
531
217
3416
1837
4051
2242
773
5520
4318
2709
5798
1247
1987
423
2531
3058
4035
5133
1165
723
1512
2035
3666
1588
4134
4904
2110
3821
1130
730
3438
146
431
25
752
4237
5295
2779
4119
5165
4022
2540
779
5850
1587
3471
5133
4515
4104
5653
1224
3414
3456
2440
3826
4107
512
2325
2801
2878
2822
4533
5883
2184
4878
3590
5830
1849
1828
1530
3695
3396
4659
1756
1398
3302
1980
5162
629
4932
2338
275
4257
4640
1618
3247
5434
4839
1329
3605
1053
4459
1453
5917
2520
4216
2773
3
797
3637
1989
4628
1120
4122
5977
3433
5547
2728
2578
2109
1985
1800
1799
108
2894
5908
2163
5274
1085
860
3436
2876
4868
3927
4532
2919
5802
391
3704
3108
313
3462
3142
3773
5823
146
4747
647
2238
3603
2538
2219
5458
3205
521
2531
4835
3719
1382
2237
5920
2462
1062
63
2956
1446
2142
4615
133
3735
3675
5117
190
560
3627
537
2031
1218
366
1450
1187
3371
5735
5290
3199
1006
1981
5723
4674
2796
5327
2925
5895
3345
5636
3232
5511
4029
3087
1921
2108
3789
5393
2851
5616
2213
4697
859
5061
3405
3174
5639
5070
2981
238
2363
5417
662
1127
4826
5744
999
1746
4590
4261
952
3111
805
5531
1615
3627
3496
5491
1421
1871
3928
2900
2075
851
2151
2740
2022
135
4401
5475
661
3169
389
5975
5507
1946
4868
4625
4685
3091
2100
1262
5369
1814
4049
4490
2049
503
1729
2399
1723
3289
2530
2668
3142
3213
3891
961
2371
3701
2684
1990
1261
4182
4234
3082
3303
2492
507
2377
5521
551
1250
3591
1654
4019
840
1962
5493
5382
3471
2500
4682
2819
3940
1181
3321
491
225
4479
3766
2275
3052
3691
1139
4320
1055
1881
3959
1551
4660
1740
4680
2209
3949
580
2741
5220
526
3357
1042
3005
3912
4197
4400
5472
642
4635
5192
2034
309
4787
2580
566
5189
1542
1659
2564
5080
4022
2935
2424
884
1758
2021
1990
41
4024
3176
4315
4535
5737
5114
2510
2957
1943
2672
4038
4976
5802
3528
1877
2069
5232
3506
4242
3947
1531
5288
1508
5576
3829
4283
1994
5694
3780
3356
2024
521
5352
5076
4780
2440
3856
2401
3183
1829
589
2525
4263
2643
3199
3004
4776
4979
619
2178
2715
5523
4382
446
4503
3459
2171
1847
1259
5590
4304
4706
2157
3282
1351
701
989
3875
5688
5547
5011
4738
1996
2365
664
2989
828
5209
4640
5572
4648
3913
5988
5823
2227
5170
5454
1567
2203
2447
93
4720
3783
4874
4057
1655
2538
4279
4928
4862
5364
5021
4255
3961
2199
66
1580
5924
1382
2898
1296
4779
2186
2859
1634
3189
5150
2119
5726
5918
4826
5815
1829
1248
2622
4537
3982
2781
1732
5878
186
1276
2647
4539
5957
2109
2483
145
617
1371
1202
4603
2844
5773
3029
3260
4313
1192
4580
2994
1836
2517
3308
4275
4535
1658
1847
1186
162
2664
2922
4878
4095
3425
5943
4215
2395
4739
5603
4414
865
54
5170
489
4569
3165
2846
431
701
1324
5367
5350
1995
4807
5140
1654
3879
115
1559
233
3304
5980
2927
3602
4211
369
311
2568
3765
1103
2268
765
681
5417
2763
4095
4265
4353
5721
3850
3554
230
4252
1527
400
4649
5079
1814
4216
1757
3699
3971
4533
4700
1928
3976
1529
512
3483
2703
1285
2405
3121
34
3669
632
402
1441
482
2699
2601
4415
2251
2584
3127
4922
2958
2783
2344
4405
4207
462
4829
2564
1163
1820
3512
2435
5335
2179
1127
658
3009
3624
2039
401
1144
5575
4713
1428
5992
5439
3922
5012
5517
4296
3629
3778
3689
1053
4299
968
896
3721
651
3614
1792
258
4756
3062
5263
2701
1871
5813
3100
1068
817
2686
695
2059
3158
1372
3597
4963
4490
187
44
5816
5824
1508
1989
2102
4773
3300
79
1395
3471
231
5223
3312
176
2854
1925
4193
1574
3915
5115
3735
1172
5436
407
1383
395
2652
4343
217
4306
57
2700
2478
1638
4995
1622
1550
1786
2283
3839
1694
111
2019
2117
779
2190
5079
639
2421
4546
5832
640
3339
2004
3601
3865
5919
2942
3608
57
677
833
5107
752
3181
1665
4131
2929
347
5453
5938
3670
1167
765
3157
4477
2982
277
2318
1599
2717
230
1504
3345
972
692
2991
3796
2887
290
564
4536
5260
1896
1563
4397
2810
3079
3817
1113
63
5539
5453
2998
5323
3951
2817
1507
2566
4391
5229
3274
635
5318
1384
4850
560
2824
2348
3291
2163
5834
1381
2470
146
510
5782
2471
5943
1866
3064
2451
3550
5056
5615
5060
4069
4056
3612
843
2207
4505
760
4004
1652
1686
5668
5429
2809
5605
4234
3889
1463
3564
3727
5369
5675
4564
392
4338
2521
2272
101
1410
1358
5046
2990
1235
4865
1787
4841
378
3268
5582
4453
2001
5965
2922
1719
5712
908
639
1310
4811
4024
2203
1765
757
2730
1265
2020
1570
117
2107
4579
3561
3041
364
2733
5913
915
3950
4844
2051
2138
1962
3351
5205
4793
2215
3285
1206
3548
5097
3788
4317
5304
5706
3435
5180
2436
1143
2800
1322
1438
5969
5543
943
5883
2852
1855
3928
1311
5988
2026
1066
3269
2130
5010
5651
1436
5423
3203
1708
3214
4968
3784
2330
429
3679
278
3796
284
218
4975
5967
1032
4789
148
5557
738
5298
1242
3829
1162
913
5687
4003
24
1354
1113
5344
778
2327
5300
244
2149
3631
4166
5560
5114
3789
3609
4704
1576
1983
1988
5141
3815
3066
382
737
344
3147
4592
4067
4134
2424
5654
835
5048
2245
1186
5232
1303
4003
4380
5716
5831
5459
3338
697
627
4344
4648
3157
5753
1290
2565
2272
4559
4310
4889
3238
4529
3203
230
3960
873
2639
3243
3597
441
1544
2799
4742
2151
23
4464
3903
710
967
4648
2818
4477
4276
4888
4389
5942
1950
3028
5171
5797
5692
4555
1545
2003
813
1841
1334
534
1897
5962
2261
2046
3286
5045
1128
2799
5080
1699
5114
4278
1712
5379
5158
890
580
5708
1510
1729
3295
5798
5588
4796
5615
485
3500
447
5805
4659
3538
1249
3530
4488
4560
1900
5972
5097
2552
1202
4600
938
776
4109
849
1889
3739
2672
5870
4697
3899
2799
3154
1647
3637
4135
2501
2109
373
2140
4424
1649
80
654
3414
4089
769
1495
1638
1325
2155
1843
4972
4040
2797
988
4607
5044
1011
3906
5381
5218
889
5571
5787
2371
11
5116
1537
3798
5319
5404
5682
895
1556
3233
4129
3023
5388
1202
2574
4566
1861
2840
4648
3618
5981
5258
2141
4738
1411
868
5389
219
4195
226
1773
1222
1673
1470
4535
2293
5095
4532
3582
3456
3521
655
4847
1393
5782
1810
5843
1943
5641
21
4193
5675
749
2777
2768
1885
4287
3306
3082
5641
1629
5792
3325
1756
1317
1090
2811
77
3464
5656
1521
794
2877
107
5236
2848
5713
4571
4839
5430
4988
2860
3929
5447
1728
5742
636
2202
4267
3816
544
4880
507
5729
4254
4441
305
3226
3633
499
1502
4027
2334
2880
5194
5512
1684
866
5491
4304
4654
1430
898
354
294
5563
5946
5709
5012
525
4170
4290
5491
1090
1746
4056
4197
2384
5746
1948
61
1178
5709
2658
2282
4005
4444
2268
707
939
64
1830
1197
987
4655
5804
5786
2922
783
4073
5068
3146
3601
813
5528
3845
4709
329
2309
471
443
4714
2579
1766
4090
1552
5032
2575
2729
2506
2805
5453
4426
993
3992
2312
3127
2109
1627
3784
692
5095
5577
4693
3972
572
5393
3981
3816
4330
515
208
2050
2026
3175
1164
24
5707
3933
4816
3107
1767
3150
607
2759
660
850
4515
3453
1993
4363
2986
5564
5210
3455
5490
1895
4274
1731
2093
5296
4541
3410
4097
5097
911
2637
5199
4587
164
1932
5549
79
2901
5059
4114
1450
4132
463
14
4471
5204
2720
3716
4812
5239
5217
4644
3613
2230
4610
5801
5711
1767
3703
3708
4101
2766
3817
2595
2663
5970
4026
5098
2113
794
902
4492
5496
2708
1685
2270
1654
1458
2028
5304
4022
2642
2580
4321
5916
1225
802
1974
3691
3579
1733
2118
4378
1625
2111
5757
4561
2583
2170
795
4173
2905
4972
1729
4563
1017
853
1015
2097
3432
4213
3341
1696
4207
3083
4204
3718
5776
1928
2535
2008
1678
3825
275
5228
1621
5091
1601
5772
4248
3665
1572
55
38
137
3044
1361
5911
629
2573
283
1960
2174
4740
2317
1489
5098
3272
1920
1936
838
2753
4760
5380
4591
2903
3294
151
4169
1793
828
1768
2947
4073
2962
1173
2450
4985
5557
3826
2521
4388
967
5992
3946
2195
322
4093
2807
234
2733
4539
4033
775
5953
1888
5602
1750
3590
3298
4710
3396
2358
4588
3907
4222
3187
5818
2137
500
3652
5485
4804
3808
3562
3339
3167
285
2881
4998
3315
214
5763
4999
2318
5165
2118
4119
4958
1668
1638
2730
1820
1611
5885
1224
3269
3479
2494
2649
4899
4459
3105
5645
5307
4965
792
1237
2592
3799
5936
1265
2805
2449
148
1255
1967
3096
3756
5533
3448
4629
3986
19
2592
476
1125
4464
1198
791
2550
4151
757
1087
3360
2421
2178
4503
5573
4650
1217
532
5155
770
2702
2349
3333
4495
4713
2667
1990
2405
5972
5501
1488
5505
4614
1883
2786
455
2962
5700
1601
5190
3217
2326
1589
2250
4107
809
740
2735
4805
1593
1788
4220
2533
5647
4378
5571
3777
3402
3560
4996
1781
5423
1410
2345
1155
666
809
1265
2660
5024
3409
3708
3629
5875
165
3600
5005
801
650
2806
3554
2777
4289
3540
4204
1130
2598
1128
361
3466
1638
1085
5280
4817
1389
1213
5097
1088
1405
2388
5289
4352
3035
4284
4683
267
2963
5499
2362
2561
2107
2245
5275
1672
3989
3534
5319
4756
863
3408
1255
4591
2612
182
1528
2693
1733
3379
2141
4782
242
306
3348
1929
5010
171
5809
4097
1043
1870
4422
2014
2331
479
1124
1851
1597
5230
3579
240
1751
5329
541
5356
4935
1857
2769
320
2270
430
5332
698
5837
5712
3786
3821
332
2795
2769
3705
458
333
3398
3325
1902
1144
5569
5366
2827
2951
92
2193
1779
5806
2417
5957
2531
3810
1553
582
5083
5538
384
4856
4273
3137
5598
3601
3035
4545
3393
536
4490
4222
4190
4272
1335
4212
5590
2219
3429
3789
3885
221
5782
4107
4470
5918
3786
3246
1689
763
2498
4915
2935
443
5186
474
2005
3305
2532
4210
4915
2482
266
5651
5393
1596
1691
5223
3191
2144
3343
2214
738
5430
2662
3996
2655
1276
4530
3737
3344
5379
1301
5750
3403
5031
1188
4079
5986
5256
587
3105
4397
1369
4251
753
867
4837
5166
3206
4904
169
4619
1780
3344
4737
805
2790
1202
131
4462
3751
5608
3842
3272
797
3666
1424
92
1891
2282
5652
1108
3858
2162
1028
3074
1483
5945
5918
660
163
2957
3561
3871
1867
2251
5587
1944
75
450
5910
514
2315
1669
4524
2193
4046
2750
5499
221
1659
5680
5936
5522
3177
5846
5732
4772
422
439
2397
4032
3604
5082
3140
958
97
5542
3630
1155
2641
562
1689
3554
2938
1708
1541
3506
3740
1989
4748
4635
3419
5193
175
1562
1034
1340
3103
1221
3798
1808
5045
4632
2284
1635
3150
1501
728
4726
2359
4697
5307
4696
4241
4483
1128
32
4992
1169
4123
5434
630
2443
1670
3576
1063
3152
5610
4474
1624
4999
3022
2905
3097
4270
5343
4653
1853
5278
3076
4286
3698
5536
5021
4167
1601
376
4760
2758
35
1152
2895
192
4221
3856
4737
4498
5194
2536
1339
2995
1204
4160
5987
693
655
1655
4545
3034
2434
5031
5099
3923
2194
1050
3211
1539
1309
2854
1343
1858
832
371
1628
4029
5782
2798
5136
2939
509
4214
2035
4347
1062
3059
169
2841
4409
5734
3079
5551
3235
811
4991
4568
637
540
4345
4064
5578
5552
1536
4807
2269
3088
2359
420
3508
665
2054
1238
901
2525
4981
3046
3123
3332
1603
3528
4157
5793
291
4224
995
4959
1364
3090
2102
5754
4156
3873
1131
2281
4864
1417
5020
3321
786
2633
5851
2822
4488
1895
5796
3634
805
4439
1214
4584
3206
1703
5933
106
3803
98
247
1926
623
1252
1536
2375
2310
4748
4805
3832
387
2157
5442
4035
5539
319
544
4600
4265
2388
5263
4217
4695
5476
2827
4866
5430
1273
1822
4646
3202
5159
5714
4964
3140
3347
2481
424
157
2116
2747
4510
2860
5543
5523
3042
1805
1260
967
5443
1359
1310
3625
5734
783
3616
3503
2166
5206
3267
5444
1400
3244
420
4280
4125
4055
5506
5803
1265
5620
3981
1505
5217
2097
5242
5299
3322
1732
2547
978
555
2268
5131
1064
1980
706
527
1197
5912
1227
1816
5059
1206
973
3902
1966
3014
5691
4742
1683
3638
2703
4011
4124
1076
739
1083
2630
3470
1436
104
2503
5637
3636
1807
2559
5760
867
1797
2442
2205
4104
3517
4222
3506
5065
551
344
2610
2949
19
1374
1243
850
514
2480
1947
2665
3533
5791
5507
778
4591
2410
4068
5052
989
1042
5430
1637
2614
1785
3528
387
2614
5131
4257
853
3588
5032
5733
2201
2107
5150
643
3026
38
2975
923
501
5029
1188
1757
3152
3164
958
1997
1080
4410
2724
3970
1134
519
4910
4541
1582
1798
3277
2407
1331
378
805
1747
1866
3013
520
723
4593
4731
5663
39
1292
4774
1656
3440
404
2803
5895
5170
5660
4377
3338
2040
3297
2586
5966
2593
1853
4353
4199
4760
4681
779
416
3329
3309
3587
2847
575
4101
3750
1892
1987
3297
2853
462
3855
585
792
5194
5561
4203
2095
1961
43
1251
1108
3996
4775
965
4284
2143
4007
4234
3565
4991
2754
2133
2474
5881
3179
2145
1721
3377
2916
4569
533
3436
2000
2003
4639
2122
5493
170
799
4579
4880
4246
521
3933
2995
2250
2475
5863
313
602
2483
2837
731
1319
3021
3641
4107
153
2185
2634
5581
2200
5163
3492
5589
4118
684
2380
3915
1708
4958
2765
4523
2848
829
212
4777
288
3905
228
3122
4142
5328
5111
2750
519
3744
4098
3538
4881
1274
4004
5362
3233
3850
3291
5219
4263
5331
35
765
4294
5936
1035
3760
980
1220
373
4894
4330
659
5082
4534
40
5498
1672
97
1913
3945
4794
837
366
5553
3682
855
1529
4215
1829
4525
2264
4248
3763
5842
4844
888
5201
5874
694
2883
5157
2133
2717
1988
4254
3833
5390
1827
5677
5911
1392
633
5427
5736
66
80
1881
625
4772
1558
5494
2073
4655
3136
1537
1867
1954
1658
2579
5734
1562
2716
2823
1026
2220
2521
3953
3230
4178
4801
1417
1429
4065
4854
4627
5598
2563
2060
3164
4770
965
4282
2370
3113
5727
4237
5488
4541
427
4907
3077
3984
2900
1076
2560
826
3436
2117
2602
5354
3562
4231
5248
3997
3215
3076
3676
125
2403
5417
4095
305
5761
1271
4765
4610
652
1940
5940
1613
1228
591
5786
5476
2632
4992
1987
5088
2049
573
4284
5601
5113
4473
4359
2549
3343
4326
5731
4839
2264
716
1175
1215
1644
4450
5211
3432
842
1177
3138
5166
312
2377
5624
2806
4619
946
821
1560
5551
5140
5051
695
2403
3466
4737
385
2421
4177
1516
2017
3318
5303
4439
3170
1353
5775
5647
3918
2685
3041
1790
2341
756
2413
5250
1257
2511
5024
1208
2918
2425
5151
602
1999
5453
1904
2867
1651
2356
4457
4859
4751
4319
5744
2532
557
5981
4817
2415
4154
2633
5774
2491
213
5540
4864
4203
1330
2778
3900
4467
4863
2196
3905
3887
3630
2921
3518
976
1361
5841
289
244
4212
5736
473
848
4276
4028
5133
4557
3134
3779
5109
2541
5458
331
1078
3560
1141
3439
4620
3319
4710
2179
1087
5372
2248
3405
4200
2476
5934
112
4509
2315
1478
3894
4856
914
4700
2057
406
2991
1119
318
4331
2121
2528
3390
3410
509
3350
4546
274
874
2991
2859
3149
1463
2721
4588
4002
140
4687
5460
5874
3747
3367
1436
4703
4124
312
4905
304
4391
3584
1854
3906
1858
3203
2065
4105
4799
4201
856
4932
2528
1662
3968
2574
3362
5581
5498
912
3763
438
4050
4179
2610
3308
4286
3844
498
3644
5967
5889
1482
2471
5239
1920
3980
2176
2647
926
2048
2961
947
596
5308
152
4373
2054
2194
5055
3451
3638
5142
4473
910
4229
4906
344
2464
3209
488
3484
5025
1786
3100
1270
3069
5127
3820
5082
341
2566
340
4419
1705
3880
2498
1424
4895
4010
5627
2428
3379
2856
1608
5564
1580
3068
2145
3169
2326
1972
5924
717
2624
978
2065
5058
1844
4573
3589
1030
479
4100
3569
1555
5853
3411
4759
4235
5762
910
3585
4200
567
650
989
1105
4047
1355
2441
2409
4548
1848
4951
98
2243
3643
1773
2127
1249
3828
1340
4039
5736
445
4874
3844
3299
1784
3118
1163
1346
3285
1576
5591
2233
192
1482
910
875
3063
5223
293
2831
3096
343
127
5932
3673
1428
4096
1095
3682
436
4753
5877
3748
19
4092
3311
3421
2108
5910
2002
2195
1107
124
287
1358
595
1702
3734
1555
3375
809
697
4394
3223
4857
2224
1377
4681
2443
2569
4505
5841
4472
1978
670
5327
4669
5797
4261
3588
5535
1670
1854
5016
3149
2348
4600
2650
3438
3298
3395
613
2185
1720
4641
3676
5203
1171
3478
5282
5042
5373
719
4936
2864
1770
5711
3796
4508
825
3251
3194
5131
5396
471
938
2268
516
4514
309
568
4131
2541
3357
1736
5487
161
313
3025
5160
1789
3889
2538
2343
1047
3612
238
5338
2186
3764
1741
2896
5789
4883
2045
1198
3141
4988
45
2299
128
520
2778
1662
2850
3499
5515
994
5726
1426
471
4644
5178
4012
3079
5961
2404
1010
3253
2526
4675
3876
3683
509
598
802
3465
3512
5529
3827
1286
3878
2663
2262
1367
2007
5449
2707
4086
1430
2155
3564
3850
1050
3968
4181
412
2472
1228
3309
1082
233
2399
1784
1636
4724
1618
4907
4963
1448
1850
2452
5049
5047
1769
1779
1460
834
5587
5400
1101
4029
3374
2762
5837
4479
3171
4529
1518
2121
3250
2626
415
4240
1138
901
4914
2425
517
2851
768
5088
3513
3905
2652
388
2651
5012
5156
3314
4119
5616
595
141
4874
129
548
3543
3672
437
4193
4287
2250
1668
570
1975
3247
892
2642
464
3267
5374
2626
4020
5837
479
2993
4352
2962
1164
859
5228
5527
5005
493
1785
2227
916
2019
4214
1427
3283
3113
510
311
2791
3790
2529
1866
3172
295
2029
4512
4558
3232
2377
4248
2722
3868
3151
2464
2415
3789
2804
3047
3557
4127
885
2877
1240
959
927
5559
1680
2314
5706
2351
4000
1296
5603
761
480
5895
5077
4016
4298
2235
4931
190
1230
1907
1989
3642
3122
4543
413
108
266
3021
1461
3164
4271
3963
5414
345
991
4983
1623
4501
5922
5475
528
4573
516
4836
4282
2535
563
4345
646
1476
2231
4952
1558
613
4808
1668
2188
3673
5713
283
3565
5924
5040
4300
4961
1980
5446
486
4490
173
321
987
1166
1548
2963
2947
1986
2009
1295
1325
4917
685
912
1904
4583
2739
5110
2992
3604
2387
1406
4908
2641
841
5404
5156
2386
3829
5832
344
789
1515
2418
4140
2159
1018
2803
312
4320
10
2802
4411
3989
2366
1359
3119
2811
2794
1343
3671
3691
270
5269
3158
2038
207
4682
2345
1694
2327
1192
2996
4398
899
3672
1291
5671
2651
5238
5078
4792
5086
1902
5928
1114
5691
4582
2617
1813
5580
376
2878
2738
1677
5194
1434
2127
2491
347
751
616
1735
5292
4669
4792
5321
152
1163
4763
1041
2338
3443
4927
2601
4810
3686
1943
983
1163
2737
2939
751
4292
1784
512
2756
1905
2479
4687
15
2853
4008
3653
3176
5190
2566
5207
4849
4181
3248
543
787
5401
689
4023
415
4343
3628
721
391
3632
4364
3664
5973
4487
4554
5031
169
717
2584
4844
2688
2987
170
713
5359
235
3940
1279
911
4516
366
3143
899
4800
5685
5142
1413
827
3019
4891
206
5114
5246
3801
3460
1318
4150
3020
5949
20
2600
3914
4898
4530
5640
3303
2639
5168
2763
1988
4279
5096
5306
4694
981
5675
1730
3967
3981
4378
1305
1211
624
2414
4475
104
5086
2532
1154
1986
1990
5592
436
5211
217
5917
1702
4324
61
583
3583
1675
4670
2437
5383
4609
1822
5918
5934
1317
5932
3223
3513
5442
3027
3950
5879
3683
4169
4198
4929
5743
3016
1055
2992
772
2106
2033
5545
4
1389
5621
2035
710
4966
2080
25
2267
4449
605
1275
2415
3559
1654
1551
5927
1176
2607
1813
5565
3944
175
4968
5428
4118
3803
528
4570
4775
2417
3524
2842
5282
5550
892
2299
5892
2252
1221
5657
419
2476
2030
2382
5056
2124
640
2012
54
2964
2458
361
3999
1619
5769
4568
1845
5073
3175
400
1221
5361
4107
1995
5536
3334
5006
3933
3772
1070
5454
1775
4696
3454
3531
503
620
2620
350
950
2846
3555
682
93
1297
2087
3658
5981
1496
437
3178
3674
4601
4662
4226
3963
3340
4448
4845
4512
2978
249
4744
4736
3875
5865
694
2127
560
1018
3839
3432
2279
1391
4297
1293
5268
2430
4191
2024
2324
779
1389
5772
1125
611
3662
4829
3482
2514
5629
3289
4411
2337
4119
721
2760
687
3826
2392
782
1995
3559
2631
2211
572
3530
2955
2539
2125
218
3980
3180
3463
3972
2298
2303
589
962
5398
5629
5454
1649
714
185
2715
4416
4502
413
5270
3556
1352
3596
4450
4344
3303
4054
2573
2354
2141
4570
5207
3233
302
533
1165
3587
953
457
1303
4562
5882
3914
3194
4302
2409
1185
2634
4230
2211
307
5728
448
578
3644
676
2872
5340
869
3799
1621
3717
5045
2528
3255
4130
227
2769
4909
4955
3481
2981
2147
76
3476
1640
5080
4201
936
2195
365
411
5024
3986
4218
3626
2340
1908
1307
1369
4035
5519
535
1385
2512
29
1073
363
2553
2999
391
86
2161
4508
984
609
832
1725
3555
765
576
2377
1082
2690
1992
2672
5509
4341
2950
3271
2723
3763
2085
4231
4972
4268
2670
5681
1121
2478
1067
3282
3413
573
1559
5103
1429
1916
977
3454
3858
395
159
2176
1840
5742
5758
2894
5159
1605
664
3695
1206
4861
3631
2548
1559
5842
3669
5281
4733
431
4478
56
4859
4356
2957
1411
2942
2531
1132
5469
2042
5479
5511
205
3139
257
1319
576
3314
3344
2364
5827
2071
5420
5044
506
3197
4080
4456
3136
2137
1009
4870
2779
2956
5087
3993
1371
2568
3560
276
5983
5455
1587
4958
5523
2151
5775
3974
3786
1210
1913
2552
3828
4986
292
5176
5613
322
1336
3211
1842
1527
921
5702
672
5613
5267
5822
4555
4038
4719
750
4168
293
4389
4662
2103
5617
1646
2944
640
1637
148
2399
601
5588
1256
5536
401
570
752
5763
3548
781
91
738
828
2594
354
4575
344
5580
3021
4573
4315
2704
2575
3829
524
1012
5232
2457
1478
4405
341
4708
1603
4456
2621
4560
3530
3112
42
4322
65
4702
4522
1456
1265
4079
1074
3986
5285
4703
4550
5366
5998
883
2039
2765
3783
4740
3177
1300
1615
2624
4688
4717
4200
1754
2327
5931
4043
5985
5452
797
2118
799
891
897
420
1416
4454
3114
5335
1090
2542
4284
164
4019
640
1620
4906
2598
2031
3845
3905
2920
553
4797
4203
4543
2873
4758
474
1385
1097
3592
4494
2
1890
2971
3000
4848
5186
3483
465
2009
1368
20
3824
4468
2462
1277
4572
1501
3924
3777
3870
1297
965
5240
3937
1033
1400
3332
2745
4660
582
5463
4814
4861
4002
4770
5443
252
5834
4025
4983
4648
5417
2114
2568
1594
3958
3756
4766
1357
4204
3515
411
1985
1111
3410
445
462
184
5450
2686
3510
4949
4382
3016
2083
1200
3737
1736
4736
2418
3431
3742
2148
4116
2809
478
2025
4042
3108
2326
2682
3069
1769
4028
3226
291
3566
2740
1794
636
1131
2283
5810
3740
882
2227
1497
32
1989
4139
5248
3791
2667
3817
3968
2318
1149
2231
740
5152
4779
3704
5657
2073
892
21
3825
2701
4002
617
855
3241
3676
2437
1661
253
981
3408
3010
2373
1242
5919
4863
979
3592
1149
3008
4475
2211
3783
704
