264
591
355
85
340
342
71
567
91
275
28
223
386
48
267
251
15
40
67
225
336
7
170
110
436
178
590
424
5
112
549
57
221
180
180
288
573
160
597
478
317
47
201
417
557
39
245
16
410
226
522
116
581
208
476
511
405
58
420
157
261
581
249
483
191
264
353
96
336
420
101
374
117
368
554
533
283
326
316
469
197
254
525
69
462
236
147
141
478
584
280
300
257
434
339
199
187
184
107
359
192
278
140
414
520
249
34
69
271
472
354
589
195
335
488
472
326
273
259
227
436
1
181
355
182
309
183
456
413
360
385
394
226
395
542
511
457
391
262
103
15
121
85
412
208
394
257
201
219
378
168
509
90
577
0
396
328
354
289
91
215
588
173
414
274
277
375
271
461
390
385
149
133
477
191
599
361
315
33
483
471
211
127
312
212
35
196
548
283
99
493
499
383
191
499
133
324
522
131
250
319
153
567
324
285
433
454
481
41
158
246
300
311
313
314
431
566
452
398
287
267
445
415
148
48
78
400
188
195
213
135
491
322
533
190
560
381
415
509
439
484
350
292
190
87
542
510
159
141
40
42
377
211
365
323
219
326
444
559
142
156
42
517
566
77
573
519
29
247
13
95
268
151
440
598
87
347
80
448
563
43
242
83
214
241
374
525
563
310
406
309
441
235
261
26
383
113
550
177
95
552
30
314
180
276
575
593
377
190
90
554
7
367
415
557
282
487
308
546
361
211
64
294
0
596
339
331
100
300
204
549
442
492
470
481
428
321
488
568
97
422
576
561
584
274
371
165
577
49
331
412
392
185
581
173
454
51
254
74
342
457
507
194
137
471
281
336
119
282
359
400
75
573
422
226
265
394
561
351
190
13
239
48
132
580
475
103
89
435
500
221
339
437
310
554
458
556
420
2
226
409
343
245
115
295
208
143
190
178
422
110
207
285
341
99
154
409
51
135
171
369
120
598
230
482
233
65
503
121
81
501
344
308
221
545
125
146
474
438
220
486
46
95
270
350
55
47
173
219
300
329
226
33
302
347
100
270
154
220
326
352
270
212
573
254
357
403
60
304
257
145
103
435
532
445
97
52
115
561
250
30
104
482
208
583
298
30
216
380
99
158
489
317
598
187
318
260
90
237
110
238
112
470
434
292
405
509
330
235
292
302
308
199
92
590
410
223
184
45
286
585
65
284
557
390
45
470
94
80
521
163
358
504
467
479
25
317
373
194
230
310
334
344
31
33
547
344
180
20
205
314
355
280
95
266
510
461
223
465
218
88
302
578
583
522
326
26
592
498
31
25
497
483
69
109
0
312
434
381
370
483
420
443
99
285
250
35
176
39
536
552
493
192
101
22
142
207
29
10
284
