272
157
267
230
373
96
144
110
78
188
140
116
253
310
147
47
192
156
5
343
360
351
391
347
150
62
15
82
225
179
396
394
118
167
223
109
188
208
234
241
2
75
147
254
360
53
196
314
151
115
35
208
302
209
201
128
138
199
354
127
353
280
80
127
331
292
171
154
221
206
313
104
275
327
22
128
265
153
64
282
247
240
338
243
39
162
299
378
388
304
266
39
289
100
345
395
306
74
3
3
171
187
18
182
228
197
185
190
229
166
331
83
196
215
263
3
168
230
81
318
392
315
381
13
230
156
218
322
273
332
265
363
235
270
57
96
137
263
305
364
144
385
249
217
18
44
197
228
116
0
14
79
43
77
255
181
211
323
105
24
220
398
83
214
225
281
210
346
294
19
321
351
189
254
285
384
229
36
128
250
16
292
216
99
192
59
147
147
109
126
201
384
245
339
53
121
80
48
209
264
127
203
398
362
241
32
301
395
370
321
253
346
96
216
129
204
363
7
109
332
120
305
205
208
306
145
98
214
158
216
298
78
249
116
43
65
320
172
171
143
283
8
399
23
311
157
94
159
256
167
290
275
327
350
90
58
5
203
143
228
348
292
129
351
342
115
156
57
301
117
237
304
230
46
203
373
347
25
308
335
355
269
85
220
319
268
261
34
4
341
302
132
193
361
89
352
172
139
86
229
365
96
5
146
294
37
276
57
365
224
277
18
24
143
10
332
20
13
32
14
114
147
198
348
287
107
360
133
142
223
44
217
4
192
280
312
175
339
350
38
116
181
86
234
260
0
342
245
234
101
32
144
259
329
216
159
186
381
209
178
176
245
35
169
117
10
186
327
277
218
398
320
194
317
235
92
121
131
236
174
100
137
89
301
380
331
314
81
88
179
7
90
390
351
174
314
21
321
223
163
