140
82
142
246
111
1
92
294
98
3
348
78
221
388
263
368
5
309
78
91
11
195
310
300
163
69
321
306
284
62
277
394
208
3
219
345
201
39
230
312
78
1
269
313
313
191
119
136
167
292
258
253
347
188
32
398
383
177
175
210
296
262
179
224
148
384
35
85
19
117
188
356
335
300
294
391
74
116
321
324
19
257
299
188
132
17
273
221
299
156
223
342
194
234
134
234
285
382
377
286
32
192
372
221
250
25
74
300
114
359
154
71
141
64
396
105
121
116
77
363
10
363
69
340
190
317
385
110
142
96
162
393
179
316
210
297
339
315
270
107
7
124
68
341
218
198
346
346
224
218
392
269
272
369
260
269
256
372
232
31
203
379
210
314
338
205
184
91
396
6
389
40
171
294
85
386
109
6
249
339
299
374
263
7
130
226
81
216
187
371
352
337
265
385
221
340
271
262
219
326
283
174
261
168
99
203
16
289
267
277
140
359
63
190
140
189
323
195
336
310
117
254
363
264
156
312
390
219
175
381
48
0
180
168
272
319
147
333
217
280
327
85
280
43
385
292
285
116
40
278
36
94
305
88
223
136
70
132
386
340
166
52
26
252
282
279
170
304
383
49
52
314
341
284
1
35
99
189
221
142
308
162
226
209
98
71
319
245
93
7
68
179
392
303
221
94
161
79
265
207
75
202
181
171
298
349
314
2
202
12
352
224
188
168
93
102
45
349
367
323
37
119
257
59
297
212
365
74
318
37
366
306
283
254
273
287
169
173
344
332
314
263
74
47
386
78
395
143
231
190
323
38
337
55
109
65
61
213
126
132
260
347
16
90
19
31
235
90
55
30
351
38
182
384
191
13
45
86
45
80
130
304
15
274
261
11
27
280
296
152
37
224
343
39
193
13
246
258
118
16
