4997
3154
2655
3850
1512
188
2780
3030
166
1088
468
2650
4103
3404
46
3343
58
3235
4531
3157
1247
4915
4501
3791
4180
4174
3445
669
4200
2152
1201
515
1831
199
2376
3647
923
4009
4291
2552
1371
3095
2491
1633
2907
1214
257
301
799
222
1613
2253
1989
2676
1838
2165
4262
4818
4450
1852
2465
886
1428
2106
3765
2904
1544
940
2888
4613
2707
2986
4496
1297
2387
2514
1301
1433
3704
4030
1482
4951
3615
4256
782
950
4337
3677
1227
4284
4476
2751
170
4992
710
1205
137
2081
473
2757
3771
2198
1343
3034
4730
3316
4555
1001
4411
3834
3985
1636
542
4288
4676
569
2168
4598
4867
3653
2031
1105
606
4194
3553
2344
3643
1312
4937
3445
1991
32
1320
2566
3259
2075
3508
3075
4725
2377
479
307
2000
4533
3999
1295
4961
949
1357
456
4574
1144
1132
4684
2005
232
2000
1683
279
1439
2921
1751
2272
3270
67
1346
651
2409
2890
1843
4678
4406
791
3704
1631
3188
4770
4799
3346
2816
4754
479
496
2194
3593
3281
4525
462
509
4996
2374
3735
4396
3694
4005
2318
4503
4758
4843
3312
1009
2670
1193
2357
2477
447
195
500
1146
3364
3106
1381
4420
4648
1692
4199
2319
4956
4241
1039
4050
401
1261
4418
3734
2859
1069
4729
4154
3758
3960
4548
157
2354
1860
4578
4022
202
1553
2387
2619
3995
2966
3080
3861
456
2494
1859
4940
4114
3502
3792
4860
2188
647
4061
3436
1692
1754
4054
4254
4734
4973
4936
3368
1258
1064
3840
950
2982
1692
3748
3522
1863
737
1990
2514
4856
1578
2338
3475
4653
4680
4437
3271
3666
1983
644
3273
2276
2801
4559
497
465
1949
1322
2704
659
2716
995
4745
3311
4272
1363
1306
2196
841
1843
1807
1863
3021
2144
3225
1020
1434
2536
1463
3518
3691
1268
1337
2359
518
2216
1269
2508
2862
1525
1841
2544
4626
2232
475
3161
1473
2988
2640
4951
1304
4674
727
2600
601
4441
3105
4504
1201
4216
72
2662
1319
4623
1521
2906
404
654
719
3971
3003
117
4134
1397
4623
2163
4536
1551
2787
547
4143
4754
1938
888
2032
4238
3148
3617
1424
3263
729
3911
2462
1916
3317
1307
2493
1296
2512
3492
1204
3177
3721
1830
811
4918
4142
1991
3804
1030
187
188
2700
2411
1052
672
661
1806
1649
1636
1473
4068
133
3337
3333
2469
2218
3946
4863
4293
846
4351
1966
3668
186
365
1933
2952
2196
4329
3555
410
699
1307
1354
2086
98
3055
2921
1580
772
1646
3376
4531
1354
2739
2288
4325
611
2466
797
1662
4313
2707
1258
3734
3412
2660
183
4534
2893
3092
1792
4383
361
548
3965
3565
3336
4960
50
1531
2433
2019
3866
4769
3652
1649
3501
4968
3867
109
4107
2253
2662
251
1171
404
1833
456
2965
4092
4964
1525
3697
4800
704
1787
1674
1686
4081
3440
2538
528
3900
3463
682
3721
4574
982
1278
4121
3078
3529
900
1153
2616
803
4431
4442
1735
1245
1796
1991
3494
583
2480
1667
1364
964
2716
4077
1658
1018
4374
536
3353
2638
181
4783
1077
998
3489
485
4336
3888
3012
4419
3052
1545
4841
4667
761
2047
2704
4353
3783
1519
1306
666
1833
4603
4991
3636
190
155
4274
2157
1741
2364
1454
279
1524
599
3312
4160
4573
3664
2528
3408
2670
1982
637
180
803
1762
403
4936
522
4641
4732
3642
3795
3716
1040
1633
2562
287
3842
4939
1275
4686
954
246
1616
3426
3184
1582
4154
3515
4899
2637
1706
2480
4198
145
1682
683
1595
744
869
3624
2152
1558
3423
859
4419
1607
2034
4112
706
616
223
4710
3091
463
1477
309
2197
1019
1561
2815
4506
1814
731
3507
3721
2702
1496
3300
148
3875
4713
1536
2659
820
3975
404
2131
522
506
4165
1822
4214
2861
417
1472
3854
855
1212
3931
170
248
3639
3000
2637
661
2810
4491
623
883
1386
3825
3471
2501
1878
4073
4774
937
2779
4812
3023
3493
3904
1882
2698
3553
1892
3266
1264
1833
3930
2078
2976
2578
1246
4553
2728
2150
1426
1166
4743
422
2666
70
4295
4299
3222
2029
2761
3400
4221
2026
4009
3512
4349
1762
1072
3287
169
575
3711
1544
132
810
825
2283
3026
4834
3658
2664
3022
615
2660
1821
1110
1040
4064
4119
3331
3781
3809
3112
4140
1258
3652
3950
2817
185
4123
2508
4157
4115
4433
4967
4901
1458
3377
4959
3926
3238
4759
2416
2203
226
864
2788
1883
2818
653
1438
3769
3812
169
4110
1653
256
860
1628
3544
1093
633
4643
285
2001
3346
1915
2682
3940
1083
3427
1294
4794
348
1497
3725
3243
127
2975
4798
3753
3866
260
3045
3221
4559
2844
4725
2535
942
2678
1893
3152
516
4576
755
453
884
48
911
1378
1380
185
1486
1137
1523
2472
4854
398
271
1187
121
1568
3971
3085
1187
2814
69
1728
2934
2995
4957
3055
1677
919
377
4167
3181
1356
1029
186
3567
1642
2520
2975
1138
2639
4755
809
3645
4919
4658
1618
4658
539
3445
2828
1910
1305
2304
2508
1637
3712
1381
3596
2947
2326
1460
2716
4637
385
1001
1300
1190
4910
259
3784
4133
2721
1797
4415
2108
3553
1245
698
715
3263
2650
1534
1627
3995
3779
894
1919
1475
403
777
3844
802
600
2179
3985
3880
3786
4154
3393
4915
1929
424
533
3314
2751
3439
4895
2066
652
790
4402
1263
3857
2447
3469
4801
2844
193
2878
3736
122
537
3323
4381
1818
977
4019
4398
4102
4754
2964
4861
3621
4387
3493
4399
3692
4453
3827
1468
3491
850
866
64
947
3466
729
4693
3917
130
1064
3194
1198
3753
645
268
782
792
1073
1359
2720
774
3282
4720
4220
3029
4497
1859
960
844
3740
3317
253
3946
3046
397
1526
3020
3554
1076
4547
619
4535
1613
699
4773
333
850
448
4134
2966
4557
3284
4283
567
1448
2418
2626
229
1706
3392
1777
1477
3727
1272
2138
892
3058
1605
1376
1005
2345
4194
3554
1777
4566
4934
2544
1600
829
924
4070
2645
1294
199
2036
4440
4633
3539
3463
1814
457
1894
2768
1739
2527
182
111
4623
1124
388
4500
4885
2034
2661
2657
2536
1760
4594
215
2833
1488
1453
132
3828
958
356
2878
2777
1823
570
255
4878
2691
4392
2940
4185
1537
3403
2516
3458
3238
751
1330
3655
3954
2834
3110
1218
1127
235
4622
13
1206
4737
4100
30
2408
3767
2309
2301
358
1765
3382
4562
3821
4466
4434
1043
689
4885
3588
155
1837
4947
622
2991
4221
4539
3428
4906
4720
3718
4656
3840
4469
3370
3843
4247
448
1557
3212
3753
1865
3926
864
1478
578
3471
3902
3679
163
2806
2493
4245
2980
3171
677
4128
1574
2717
1167
827
4310
2277
58
4565
1575
2804
2443
2434
227
3800
3344
3864
4742
4969
3313
4374
3063
4594
1691
1958
1179
2900
4459
1492
711
4244
2147
2630
1874
4828
3588
4803
2038
3150
848
1224
2921
2245
386
4117
3020
2022
333
3135
4295
2172
2997
3342
3566
4450
1638
4470
3749
1024
344
4348
2899
2265
340
3462
2654
3507
4029
4949
3467
1109
4477
2350
1968
303
1675
723
2112
2891
2494
2305
4929
1449
2105
1491
3310
1192
1787
4115
2676
4121
4297
1864
1732
2677
883
3780
84
2111
1360
1900
1097
3564
4974
4323
2902
351
714
3472
1946
217
4456
571
2288
3270
1472
3511
3784
1938
1661
2377
4982
4602
3083
3182
1508
4847
3532
675
1409
4564
136
3886
4877
1697
1159
1890
3344
1577
11
2104
2374
3974
895
608
2849
4189
2286
1487
4939
1299
3577
4914
4757
1638
3905
1545
3385
2560
1637
3935
4793
1334
2480
4542
3171
3616
1443
639
801
2033
1755
863
4289
3685
486
2637
4006
1778
3127
3288
800
975
99
2061
1207
74
3903
1357
1599
4286
2984
517
4224
121
2567
704
1133
1371
815
1103
2815
2794
620
2617
4126
4651
1210
3941
2427
179
2279
3860
181
595
1886
2116
3174
2586
3553
3470
4217
412
3066
4977
3186
4968
2278
1056
1433
8
1294
4278
853
3705
1524
3474
978
2603
3982
133
3438
3634
1322
1280
1453
1242
4391
4547
3743
2577
3219
400
4963
2127
2838
4854
4203
497
3122
698
1435
1282
2278
2143
2895
642
3478
1350
3520
4433
3584
1465
1370
4708
349
3817
3477
2656
3185
1807
2678
1805
777
3831
2402
4041
3617
3241
4574
2798
4328
1978
4486
1301
4760
2583
4360
713
2037
2329
2788
1001
2506
3588
411
1837
4458
3761
1952
4882
4898
2532
3935
4960
3336
1104
2361
752
2695
2781
3801
1803
3131
3132
4150
2838
43
2137
3541
3162
2856
2863
3827
2775
1560
1474
3844
1153
2287
3502
1795
4939
1779
1877
478
4111
3267
4525
4068
3903
2035
911
4902
4374
1654
3596
2952
208
553
1394
1323
4968
3008
2876
888
4848
4351
4264
2306
3051
4999
3770
65
3887
2419
4718
647
3214
2262
2779
1416
1427
4987
4235
3907
3449
4223
3478
3527
1935
431
1198
940
264
1946
1061
1504
4375
1211
4090
1378
4384
4478
4259
3974
2970
956
4100
3181
3832
1717
1510
3345
1471
1480
3323
2162
1977
3026
646
768
576
249
807
2845
926
3875
4724
4646
2801
1184
3659
4542
4580
2520
2763
4447
3392
3923
1603
22
2819
3308
2482
1649
543
4489
1934
1536
2906
4209
4680
1782
2213
1362
396
2314
38
3934
1958
334
4561
4289
1336
1427
499
2874
1568
167
1398
1403
4438
2484
2961
3599
3140
614
1063
4024
4070
17
3544
570
3032
3197
2044
1695
3199
4991
4643
2975
1343
4405
4754
4539
924
2765
3329
1854
3837
4067
1296
3650
2986
1973
1942
3027
686
12
4484
3337
3167
3441
38
2375
1218
3986
4761
339
3892
584
2851
1682
1268
4190
2763
3769
836
3744
4345
1122
4949
3005
1768
2833
4650
2179
1160
3786
749
334
3280
2130
3182
1804
689
190
1699
4816
2374
2923
4328
2609
1040
1803
1095
710
3069
3929
131
560
2712
4313
3846
1244
2964
255
43
1355
4610
2226
30
2336
4050
1549
855
3334
4101
834
3549
1036
2249
1051
1439
1413
4070
3742
341
4480
3790
180
1774
3473
3370
1367
2019
4810
4983
4222
4416
130
335
3254
2995
2463
2179
2678
3117
571
630
4119
4469
1241
3517
2790
3724
4066
4779
1952
4291
4312
3353
4225
2632
1711
4795
3064
2512
1955
381
3795
198
2634
4780
1546
3225
4342
4385
1563
2564
3670
840
4353
2639
3659
463
1825
4627
3875
2697
3164
1395
2843
3123
322
822
1637
86
4609
3865
3691
2667
2257
4776
1695
4573
3827
2733
754
4711
4326
3353
2605
3326
1805
4152
1231
769
1304
2610
4603
3950
4309
1043
4517
2102
4236
3851
2841
3208
3068
1361
3399
2739
2397
4667
2879
4045
3891
1873
3022
689
3699
2048
3346
4013
2581
290
3152
4257
4055
1218
135
4964
2618
2701
1776
2304
4474
868
2765
981
4271
4982
2587
3748
1107
2483
4885
593
1000
4531
2766
1484
2943
2668
651
4817
231
4850
1059
4723
737
4633
2483
1823
1060
3671
66
4716
4969
4357
1150
633
37
3307
1130
3351
4310
971
3261
3478
1828
245
2711
4971
2118
1026
1306
4726
4942
493
3027
2265
2882
2675
3892
4381
3144
4563
95
119
589
3769
2608
2160
2442
2772
4072
1290
4043
799
2362
3701
917
1613
924
1674
1212
3797
2908
655
686
541
324
1833
4944
1691
4580
3712
354
559
2962
1316
2329
4828
1176
837
1250
2469
3442
1120
862
4596
1978
4093
4550
3630
3706
3173
2100
4714
1469
313
91
4816
4811
4678
2453
4502
4583
1221
4343
3221
4439
4807
2914
1307
4480
4541
673
3354
4739
4957
3274
1494
311
4113
3668
3307
300
3313
4531
1180
4833
4304
3610
912
851
4957
133
2703
4347
4200
954
3091
4819
2524
3556
2474
3405
1628
1876
1519
1679
1574
1276
2928
3110
4044
2505
1234
1510
1457
1885
968
2756
1312
4933
4107
2873
1128
4366
2363
1299
4389
1703
4596
1561
2064
179
2068
4202
3214
3581
1536
3723
4669
560
2054
4972
2843
2082
3406
2309
2321
4197
1913
3202
2805
2186
3115
4736
2093
66
3558
2883
4879
1962
4036
4269
3870
1746
2949
4213
2366
722
1033
3746
3272
1105
493
435
1850
1716
2706
4164
558
424
3988
3543
410
4012
1238
2452
3944
157
1946
1518
427
3615
2182
4356
4082
221
4219
4625
3105
1470
2102
3905
2595
3460
3561
1440
2156
4562
2548
4320
2323
4321
1261
2438
644
3607
2135
1010
3339
3109
950
1426
2053
643
1304
4738
280
1818
359
3601
4148
3381
420
291
1201
4277
1069
2151
2303
2000
1919
4132
2540
2397
4343
2565
2591
2239
1393
3605
556
3876
2852
4137
4513
120
861
1921
3429
4467
1911
1043
4624
4275
2013
1724
3222
71
4726
267
2869
698
1647
4357
3205
3592
4078
4558
2655
2600
2602
1866
4158
2094
1320
592
4946
3036
865
1368
3124
508
55
1009
4140
749
4630
2745
4054
3351
2991
2466
3691
2164
2608
3805
2923
1438
4903
4790
1728
3815
3933
3356
1285
2737
2983
443
342
4450
2968
3760
1209
4379
4891
3888
4802
2901
2163
2094
1637
209
2533
383
2028
923
149
1995
2353
778
1206
970
3893
4518
46
2496
918
1310
701
3351
4287
894
1918
3327
2473
3218
1405
2173
4887
3457
2321
2277
2568
688
2547
3557
118
585
2628
3400
1019
2377
526
4556
4027
2595
1800
3225
4516
1932
4261
3965
1594
3060
1630
4777
1415
1941
1716
978
1647
4988
3706
2740
4610
2913
270
4682
1099
2604
3992
3946
3142
3846
2715
1537
1526
2985
2641
4139
2875
885
4940
4724
2338
2768
3390
3504
1911
418
1474
4468
4526
4106
2091
2359
4167
4584
4762
1272
552
3047
3181
453
1180
3590
3923
4613
1857
3908
2380
3203
2656
1702
189
2863
4589
2239
2313
4547
1726
4162
251
1079
1576
2127
4745
3649
1508
4456
1474
716
3705
574
279
20
3939
3645
4775
2260
3834
2105
3469
2100
4941
2491
20
4706
4253
2236
4587
4395
2086
4436
556
3294
3856
1223
4766
894
2172
910
1850
3914
2434
4734
834
483
4959
4718
277
3385
3483
4322
2912
698
2248
319
3391
1064
95
3202
4329
2782
4813
4970
3656
3927
4643
4751
1719
4579
2203
1725
4247
4998
3750
2753
3818
3231
1130
2014
2425
218
4865
1749
2201
618
2845
3663
1407
1671
4391
2695
3509
568
4639
3633
3092
189
2845
2786
4161
3259
1326
2426
1645
3828
1730
301
4924
611
3234
4889
1422
2194
192
3932
2228
4448
2294
3390
4059
4369
3344
3103
556
4891
838
1133
2700
4675
1634
3875
4278
2275
352
705
679
2680
4578
2092
3626
291
2235
123
4617
1316
1075
3885
4181
1766
17
3978
1597
3876
440
124
674
4078
4872
4657
2323
1439
2765
2128
4836
3957
1125
3598
3817
1654
2426
2284
4105
2860
3847
2263
4038
2981
23
787
696
2578
2538
3260
3905
1522
1313
2483
3483
3858
168
1794
334
4379
4227
2812
4302
1568
1641
4388
688
2330
1621
3080
2229
2194
4812
2457
4759
2458
641
226
3529
3088
3635
3899
4524
1048
2504
105
1971
3757
1563
203
3432
3964
4520
4108
3743
4190
3168
376
128
1087
3809
4348
578
135
549
3135
4707
1829
1314
1223
3780
643
778
4193
1841
786
4024
1761
4991
3979
4995
4458
1773
2622
4320
2498
4077
355
2135
4021
1916
3379
2440
4157
3053
1522
4110
3747
4340
1115
2737
3900
805
3319
1978
2371
4405
4596
3511
4295
3897
2454
4158
4040
971
1165
718
540
4802
3571
370
896
177
3608
2727
37
760
1756
164
1545
886
392
1897
4351
3809
969
3519
1300
3404
138
3247
2263
3678
917
3343
404
4955
2533
2904
4212
3908
2523
2403
4253
4986
4076
4433
1450
4248
1619
3386
3015
1646
4328
2325
3923
4290
4964
4998
2897
4265
3192
4717
1445
4986
4905
2651
3296
3828
1570
2712
2776
614
2639
4776
3032
2124
2769
404
3919
3090
3554
3364
2911
3192
1239
282
572
1709
4405
3754
3494
960
4721
1973
1829
2418
2264
3045
3849
2031
4824
267
2139
1172
569
3628
1204
3738
1164
1170
3960
3848
3966
3782
2733
2751
2800
2196
4230
3118
3727
799
663
3894
1691
643
3524
2880
4630
4713
3010
3939
1915
1252
322
4673
40
3603
2317
1617
745
1520
4329
2823
1994
2301
2215
1431
577
3574
4237
602
1902
1545
3295
903
2512
1698
4029
2506
2126
2035
129
4761
2742
2105
4671
3395
4125
2618
1729
556
4660
4218
470
4476
4171
124
4295
2869
1317
4989
1734
2683
1967
4381
1378
1966
3950
1807
4379
2170
4444
2392
2543
3208
2615
4004
2935
3557
510
235
1330
688
2153
2851
2691
1257
3388
4559
4057
1829
951
1830
1283
1654
3085
2286
3902
2439
2655
2910
580
3446
3501
3747
3443
130
2936
2082
3383
3731
1567
3797
2373
720
2595
889
1965
3028
1985
2619
2098
4170
2772
714
2586
1352
3069
1352
2933
1760
4920
4323
1332
4104
2884
664
4247
267
910
3023
130
553
2947
729
381
2561
1072
3230
1327
863
4431
315
4022
2177
257
2792
478
2611
3306
2752
4884
258
1597
3657
101
2166
1989
3284
512
3504
1822
4230
1164
3971
774
629
1807
4023
731
4655
901
4096
4657
3531
4497
2197
416
1939
2595
3637
1848
4441
4710
100
1234
2974
252
4498
1133
1361
4809
3813
330
1797
633
77
3444
3396
479
4261
335
4951
4059
4577
1764
3111
3254
883
854
1190
2877
4120
3092
4831
3776
4735
4195
508
3702
442
4056
2342
3791
3245
3271
2334
717
4547
4042
2138
3904
4183
4122
124
2613
936
123
4356
650
3614
3295
4486
3425
1442
2913
382
1470
3018
4180
3576
2094
265
2216
1252
4398
780
3897
3198
4525
833
2364
3076
3143
3651
3078
560
1791
2760
1218
3845
4353
707
1759
4887
3137
3325
4324
2867
1835
3591
3433
3941
152
122
3907
4097
1953
4871
324
1041
2220
3555
2429
3860
3352
4994
2304
816
1006
717
1646
2966
54
4453
4378
4452
2539
407
600
961
1788
2050
758
1529
2088
4555
1917
87
1181
26
3123
3346
469
1645
2433
2544
1542
4274
2908
1896
4941
658
4202
4716
1014
1113
4987
3299
2554
130
4210
1100
2869
4456
2406
190
3706
487
4529
3061
334
4256
2532
4238
3238
747
2893
3484
958
615
2686
19
1783
1901
3371
314
4868
4275
4176
4374
1762
2980
3340
2665
113
3484
239
1409
4451
114
3443
1860
535
158
1689
4089
1026
4553
1284
1315
780
164
4578
1535
2186
3545
1476
3684
2509
54
1459
4834
4903
3968
3285
2834
3517
1467
2755
2638
3797
1647
848
4498
533
911
2200
3935
1326
2971
1762
4977
4331
838
260
2150
2666
1730
3546
750
861
1646
3394
4770
4861
2937
3534
1309
4325
4185
3935
3288
2054
3540
3411
618
852
3152
1667
1396
4412
4358
4492
2514
2616
3448
3272
421
1081
59
1767
1597
1504
440
4983
3076
2249
2829
2566
4166
4852
2897
3471
3060
1985
3324
3129
696
1335
3412
1664
4107
3058
1340
2349
1458
1767
1855
2817
967
4796
426
546
4204
81
4184
2023
2546
1173
1223
1446
2168
4079
903
3991
1854
2010
3171
2389
4361
4571
4008
1321
601
2578
1650
4530
2566
2171
446
2509
2482
2680
2410
612
231
3597
2937
2278
3345
2607
915
4724
4566
4889
3624
4675
386
3469
1829
3723
3560
4596
4511
1891
4106
2098
3901
2942
3449
2049
3754
2486
4520
1136
3207
1571
3731
511
447
4760
4893
1770
4052
547
63
2080
1040
1327
4556
814
1518
408
3625
2701
4838
4098
4330
3853
2831
1038
3544
4468
1102
2961
4086
3568
3301
3499
427
2780
2776
2025
1114
2986
3136
360
3788
254
1354
1079
2407
2218
2962
3639
408
2171
1625
4698
2981
1415
4221
1245
861
162
815
4123
592
1580
2256
4551
2755
1512
1805
3685
3571
2203
578
4182
1323
4247
4723
4903
249
1756
3621
3389
3146
2546
4050
3127
3214
4197
908
3487
4670
1077
1089
4478
4130
2312
1604
4643
1415
2398
4373
3880
4445
2522
4590
58
1567
1328
1446
1642
3124
4711
819
4357
1098
4037
528
1820
3762
2225
3590
545
774
673
15
23
1303
3048
1909
3660
4852
3820
2913
3206
1452
497
1464
4495
4756
1333
3744
134
516
3641
4016
4659
2676
1881
909
3511
2397
313
1801
446
2850
1715
637
1314
1668
2777
1111
2085
781
2427
3208
4882
4772
3694
940
4777
815
338
1716
269
4927
134
2920
3388
2941
153
373
4898
2314
3032
1423
978
1661
3511
2608
139
4845
3318
2863
3050
2814
50
2699
1450
3753
2124
2022
3213
1779
3746
1815
4445
3383
4216
1911
4019
4528
2563
1542
1355
3671
434
1558
1362
3699
4481
4004
3150
1886
643
2087
4512
1555
1315
4969
3408
4270
4583
1066
1494
92
1970
2740
528
2770
4996
3138
3453
1001
1888
1505
2188
3982
1339
3344
226
2576
3228
1220
2262
963
1580
2828
547
257
3818
316
145
2216
3059
4372
1456
1511
4989
736
4395
921
2471
1331
1085
3100
4639
732
3698
1508
2903
4483
1836
4841
1165
1069
793
2847
4893
82
2773
4411
85
4664
3754
4811
3260
1160
8
510
3688
830
4930
3171
4212
2295
1623
1190
1522
2299
2258
3725
2218
713
247
2320
4303
3378
3121
3695
2210
3509
3197
2917
1534
4706
2837
3170
4695
643
4642
4079
2775
4363
1705
4787
3351
1762
768
1010
22
2049
1254
4724
3785
2584
1156
2820
2415
2144
4556
991
216
3778
4468
2524
4649
1237
3799
403
3631
15
1760
3958
1830
1515
3772
2916
780
4273
1267
2388
4143
4211
2523
4591
3607
1883
2097
4638
473
1242
1740
4498
3097
1195
3736
2619
4284
622
4828
4072
1959
3713
4113
2541
2936
2009
727
1187
3367
126
205
3145
4368
3756
2460
2576
1328
1470
4929
4572
1232
989
1246
4302
2611
1565
396
2350
385
4449
1823
2430
4885
3589
222
4658
1442
1633
3941
4884
444
1542
3425
1364
2622
977
1935
3324
4936
1252
3953
961
1322
4668
1950
461
2585
149
133
3506
2396
2721
390
2313
4517
2239
629
2064
1951
4232
2772
1762
1184
1358
651
153
2444
229
2511
414
395
4323
3092
4809
896
92
2072
4092
3615
2565
4622
2609
4379
4426
52
1212
4577
364
3426
4220
148
50
3230
4923
3206
4984
576
4420
4039
2653
2823
660
605
3294
4639
545
729
3296
1632
191
977
1379
2116
537
2264
3810
4124
3717
3598
4166
4711
2320
4445
3066
4873
4969
465
2738
4348
2842
3723
1580
581
848
1051
2329
4773
668
4343
509
1050
937
4492
3681
42
3238
4127
1314
4644
366
4897
3546
2939
1778
221
1573
3671
2745
3447
1246
4433
1846
2835
287
811
111
2199
3840
234
574
3935
902
3810
1560
4307
2317
3484
786
430
4416
934
2228
1789
3981
63
2142
4833
1390
933
135
4988
3058
533
2084
516
954
1215
2573
1167
1415
4475
3619
4860
4376
4732
990
1873
1497
679
2139
1199
1648
2951
4242
2166
2841
513
870
1565
1786
2671
4142
1922
3848
3700
3272
2
968
4299
1437
2022
4578
3076
3120
3219
663
1899
3472
1308
243
2630
2812
2774
3805
3676
1990
3032
3052
4389
4144
2996
1868
1905
2963
3846
3774
1433
4631
2561
3677
140
2005
3592
1260
2415
536
4048
1574
4197
3737
3775
2509
22
2722
2568
236
743
3170
751
1184
2941
3695
4667
4145
1823
3298
3109
1958
1520
3412
3468
1894
4982
2607
4842
3867
1130
3831
1382
3217
3444
1783
4422
4197
1266
1543
4481
424
3605
4803
4775
2355
584
2152
1806
4500
525
4527
1506
2294
4150
660
215
2735
2885
696
3822
3459
3473
4186
2986
5
1605
4732
174
2790
550
1529
2053
4302
1689
4605
3973
4687
2823
4813
2704
4338
2567
4126
377
1969
470
2889
1816
1435
4973
1443
3658
358
4638
2067
3304
1870
4484
1133
2241
1987
1359
3660
1863
154
793
2676
4675
986
2488
3996
2862
4142
608
890
2534
362
4829
57
2225
2983
1601
2438
3049
2345
3816
2473
667
3143
902
2342
4085
1802
3896
1786
1708
1246
2360
1955
3495
791
655
345
4020
557
4526
2104
3405
1207
2645
3095
2031
2726
495
2651
2862
624
552
2357
1248
3829
3357
4450
3685
814
1502
2409
3335
4113
4106
4807
1452
3417
2495
4822
1661
3531
1315
2164
4011
4171
3725
2736
3445
1556
1322
2095
1304
3503
324
349
4691
1187
2005
543
3021
3483
4084
4612
1310
557
2178
260
167
3142
2012
4025
3758
1979
1645
1498
986
3226
255
4255
3560
3311
1773
2102
1240
2722
4648
2708
951
470
4052
3903
3217
2861
4319
1168
1714
1846
3845
3726
1122
777
883
1709
2043
3569
2326
3830
4256
512
2135
4448
3076
2560
2253
3996
1387
197
2279
2638
1521
2321
637
2495
4189
3231
3033
4799
762
153
4296
1432
4826
4277
2815
2694
2759
4914
587
2667
808
3744
3345
3047
4772
1102
2607
4332
4246
3893
2253
2887
3749
4865
4140
3987
902
3687
1953
1023
4184
3658
3149
3280
3324
4392
4844
4745
887
1290
3168
4502
1654
4120
3346
4329
565
1594
3805
3531
3835
1812
2071
3716
2654
3809
2980
566
3182
2576
4272
3444
2753
1068
3729
4464
2323
2861
1447
3769
71
1764
4921
4755
4486
1819
2222
200
1546
3955
4380
541
3832
935
424
1320
1785
2110
2243
2541
4851
3702
1652
1568
3712
4804
160
1060
2083
784
996
3882
1146
1556
1570
2726
3852
653
2743
4427
3369
1731
464
2374
3616
2515
1012
1216
3457
1427
1387
4028
2352
285
3097
4193
98
4669
54
1546
4144
3597
2733
3905
2725
343
2231
2530
2285
850
2940
1699
3260
1102
4221
81
2960
4202
3200
4782
3315
437
2785
4719
1345
4729
4434
4898
2731
3171
2599
3221
2070
2031
4336
480
2547
4553
1372
620
1524
4502
4230
4478
3327
401
2239
956
3682
2057
520
4824
755
2920
1809
906
4563
4798
3331
4463
3463
4164
2367
104
1017
4404
2289
1406
1018
3309
4716
3600
3748
3333
1011
1031
1848
4552
2721
3521
4539
1685
3310
3473
2853
3367
4759
2176
3160
600
2489
2693
3137
4889
4465
608
1318
4759
419
3692
2268
664
3645
202
331
4947
4863
3666
1248
4902
2769
1453
784
2080
153
2222
3492
2774
383
2902
149
1627
2551
4863
3229
4593
4747
2624
1960
2340
3674
895
1461
4717
3945
318
4117
3285
4260
332
966
1399
2034
11
1420
1184
1546
1594
3829
3178
2477
2512
1511
4604
3729
1633
2201
3829
3375
3926
1067
159
1003
2476
2458
4785
1838
207
164
4853
3097
4112
108
568
2943
1145
3555
1975
2919
3353
3899
743
3093
3666
1145
4501
668
472
4047
2916
1155
4036
51
300
2809
663
1591
3568
3278
3282
2725
928
111
2570
3231
1645
413
3529
2561
2979
2995
1535
972
1112
219
4344
1207
2843
3316
950
3988
800
4089
3583
2468
1559
3585
2458
984
732
662
1123
1629
4586
2540
1214
3219
4993
425
4928
2442
4719
3787
4129
4985
2498
3362
1893
4117
3642
2387
1145
1227
3477
422
2955
2362
4229
4118
4155
3392
4484
1330
2366
1247
1535
3916
993
4851
1384
1733
1658
1195
4766
3242
1281
3849
4552
1976
1806
3472
270
24
77
3441
2704
2134
4380
4738
2624
1580
4229
2532
4674
358
4654
2519
2540
2434
1262
2492
1672
502
2794
22
2262
3573
1990
414
918
1655
2231
3514
3204
852
1380
1170
1268
3509
1829
4446
4885
8
2796
2631
3898
2038
4336
2969
995
770
3545
4689
1506
4960
1766
3361
3858
479
3129
253
4050
348
4972
217
3166
2301
4372
4625
2078
2399
1235
36
4040
1085
4861
1174
1361
3222
1521
4369
337
4576
4951
2487
509
3791
4168
2351
3189
1572
4672
577
2629
300
1688
3624
145
4094
1624
1475
1514
2080
2178
1959
3229
2487
2011
2757
4443
2241
2466
4747
123
2018
4546
186
946
2790
3909
1412
4885
3121
3318
495
4094
2577
1712
43
642
1460
3245
692
3075
932
1646
2907
3953
1123
3850
1951
4795
4285
1394
2100
715
1577
2224
502
584
2555
2208
2860
3581
2217
295
3763
166
40
4120
1854
4307
1986
782
2247
3813
1230
3451
2509
366
3933
1806
3761
2957
460
1923
1631
4759
4427
933
2430
2617
249
2887
2611
4233
1449
3112
41
3844
1669
884
2981
706
2261
3647
297
2006
356
4588
4279
3361
344
3748
2959
1278
3316
634
1863
3609
603
4508
2439
2073
2939
1732
1886
2844
348
2012
1476
3578
2908
4815
4812
4521
3976
2996
2085
4903
1648
86
4103
4751
2416
2735
197
4818
3879
3907
2522
551
3390
1704
2956
4837
4606
4860
2168
3620
1102
663
88
132
3848
2239
3728
4534
3871
4482
1281
2318
2552
1149
3671
3250
977
1579
2406
2852
4082
938
340
3563
1567
3128
130
3952
2703
1283
2924
4108
4284
3565
3595
4823
2895
4510
708
4691
