75
123
73
27
103
158
83
102
40
51
116
2
104
80
93
118
188
129
149
90
36
12
190
35
2
149
85
36
100
41
28
134
63
79
85
6
162
2
29
140
117
84
154
141
29
45
131
142
141
9
43
177
145
127
1
76
2
173
30
196
33
17
100
105
34
11
88
139
127
62
188
138
69
133
164
99
63
74
82
14
14
73
88
76
2
68
106
142
23
56
61
193
150
108
8
70
199
25
61
70
32
13
188
74
173
10
13
40
188
140
95
41
83
47
74
128
8
94
110
181
93
152
38
127
183
157
140
113
129
71
17
107
162
76
9
73
95
151
177
192
54
142
39
69
176
150
21
80
98
106
80
157
161
147
75
107
135
193
91
13
86
104
95
159
8
102
151
107
49
72
53
72
137
180
148
196
34
25
172
64
122
59
30
34
197
11
2
96
35
195
43
152
145
15
84
173
111
63
138
11
