4058
747
5578
3772
583
3046
1204
5799
819
4125
2266
2555
4782
787
3705
673
3069
477
970
194
3079
1141
3955
4329
2829
1915
3066
179
4149
470
5095
3443
850
4696
3684
2562
4161
4176
4083
1283
5281
601
5757
2277
2880
192
2195
945
1567
131
2626
3828
5665
2692
248
1942
5253
3101
3389
1688
4157
3293
1153
4333
3035
1280
4784
3967
1447
301
1460
770
3423
2233
4167
5974
1180
3018
3106
230
4156
3030
983
2381
4674
3497
5224
4184
3670
2180
563
3606
1466
4899
3307
413
3754
1079
5091
5238
4830
1906
5289
5752
4400
2898
3836
2562
4533
3908
1708
4770
554
4074
4541
2131
189
2983
1991
2515
3556
5846
1805
3618
925
2267
4232
1926
2036
1233
1456
4828
970
5923
5238
5993
3032
2806
5601
3982
1712
5715
5315
4554
2332
483
1847
3113
1270
3682
2585
4026
2531
1366
3922
4559
1069
4905
3118
1085
251
1522
1724
1635
1855
1475
1185
3656
5100
4555
3753
5501
1937
1291
2892
4209
1879
5605
3913
3171
5123
4560
2642
5154
2680
856
1299
4785
5100
723
3600
2518
4917
1822
3418
1793
656
2006
4861
2986
1854
131
4729
4787
1484
63
3547
5037
3965
1828
4216
3654
5750
3874
2357
3039
3589
1760
5974
460
3711
3482
3393
2821
4549
873
3406
2826
2706
1985
1646
1395
2276
5508
1108
3685
2692
1475
4692
480
5876
4308
4711
5957
4756
2943
40
4133
2400
2786
142
5573
1194
2373
1911
222
1695
5720
2717
528
2921
4472
2567
4694
785
5360
991
2405
3998
4028
4747
5679
734
2041
4266
1604
1504
4968
3245
2696
4572
978
1328
4463
320
2342
4148
2772
2247
3981
3866
1449
4808
4670
3150
1017
3401
2205
4221
777
5293
3534
2676
574
3505
567
2982
4008
3071
3124
1210
5947
5309
5428
5999
1838
4054
3249
3037
2060
706
2925
4746
5512
1812
1991
1765
542
2768
2477
802
3205
4439
5452
3954
976
3136
4498
4223
1747
5797
5349
1809
1235
759
1420
1360
3190
3199
3435
5014
1562
3539
3836
4432
3762
944
4808
1425
1786
3162
3974
4755
5275
5213
666
4907
1898
3375
2143
423
2251
5797
2863
5815
5140
927
5326
5958
3756
4528
4567
163
3106
5085
5774
2032
5193
3106
3717
1542
401
1771
4234
1107
305
1254
1934
1106
3312
3491
3248
373
5460
852
2583
4736
3426
3543
2878
1989
5987
381
682
984
2807
1910
4280
3567
4947
1339
2081
3128
4310
2312
3231
2791
5658
4948
361
5914
4886
4846
842
4618
1888
1478
5360
656
3280
1061
2897
4770
4639
5210
968
3865
4046
3105
4988
4240
2404
722
3441
795
5231
2564
4408
1970
1355
4316
209
3096
3728
86
4546
2236
1973
5854
4015
4491
1459
2956
1225
4144
4597
2890
3204
3994
3211
3875
2911
2040
1230
3593
4312
3363
4174
1187
3672
216
4567
2977
2650
2032
2753
2638
2922
1486
5814
3697
5544
4709
2607
1152
5755
1412
5960
2273
962
4623
5554
5534
4854
5434
4983
5477
2091
4212
2872
4217
1445
4766
994
2920
1864
1239
191
2010
4711
4885
5256
5747
4638
3762
4296
4053
3435
3601
5996
5269
5335
5307
2503
4791
2675
4282
1010
1177
1293
3890
4000
1434
898
3735
832
821
4557
1903
636
2110
1694
3348
2958
1271
454
2390
481
2399
718
3851
3285
3400
183
1780
4509
4387
4156
3309
1667
3323
1363
2224
4860
2762
5251
2008
3509
5884
2176
4909
4428
4062
5137
5104
4156
114
3507
1524
5680
2322
2454
2791
5672
5487
3333
812
1817
5717
243
791
3967
1548
5409
2116
1262
4302
5484
5732
5478
640
1827
340
5877
5343
4582
2492
3174
296
761
417
1559
4339
360
5432
536
2733
3413
1880
2655
4817
4718
2282
3001
5795
4153
816
4635
4521
2769
2191
1126
549
5658
1178
4025
4115
207
1772
5457
4508
1198
1426
2011
1189
5801
4707
5449
4119
5101
876
755
4571
3423
3196
3557
226
578
2425
5111
1598
1189
3342
282
817
3786
658
4637
1536
2722
2117
4463
4867
4979
4313
1472
2092
731
5467
1040
33
4718
157
3353
3096
620
1489
3288
4206
1310
2708
3941
3875
4478
4260
3189
1878
1430
5583
1541
1849
2001
906
1143
3152
1582
2619
2537
4540
3204
180
5296
1134
1535
4637
2292
3290
1719
4604
1941
4378
1761
51
363
3099
1743
310
891
2217
1011
5655
5301
1970
4194
5728
4394
5657
3043
2028
3067
3465
5142
3443
3965
4755
2241
2337
5593
4215
4566
3697
3328
3675
832
283
1915
2779
4156
4279
2272
5277
3637
5340
5376
5343
1576
4218
5982
2688
4166
2320
3994
167
679
75
859
3364
779
2268
1548
577
2267
2485
2413
5317
3727
5632
1210
2981
3225
827
3208
1815
2959
4819
5020
1284
5926
5900
1382
2105
2569
1323
618
971
57
2145
1551
1028
2511
308
3392
1806
220
5243
3249
1499
4209
3893
5788
703
2251
4311
1432
3051
5830
1825
2363
3526
5490
923
966
5161
1091
577
2735
5768
1042
1928
1564
296
2929
988
43
5586
924
5784
5454
2962
3323
2448
3028
3164
1492
3806
99
1964
509
792
2241
5560
975
4202
995
1764
5446
870
2236
2513
2004
1332
5718
1316
5062
5399
3279
1215
4751
4414
1067
2654
5440
372
5671
3376
2521
1973
2366
5519
728
3021
3508
4702
5376
942
1071
1246
4598
5133
3430
3500
1813
5370
2562
2427
4817
1371
4881
5434
3912
4340
5929
4274
3477
2564
4857
1807
510
5711
4187
4904
3069
3092
4374
4364
2843
5082
817
2426
2856
3804
2961
3229
4696
1038
2067
2402
1271
570
4805
4536
4397
1452
3342
99
1789
5158
3086
5149
3127
896
4960
3290
5373
880
3357
3174
5123
5363
3466
589
1503
3189
1377
4166
5552
3298
2301
285
652
3065
5774
4476
145
1578
2365
2373
5293
4588
4090
5182
2776
4189
4737
5258
591
5703
5194
1120
3884
315
464
3290
3920
1005
5593
3644
707
1420
2068
47
1155
3868
5858
5273
2728
2866
266
5291
1448
875
752
3207
502
3642
2336
5499
1652
4188
2964
3486
5434
5577
2150
5078
239
1033
5839
1348
644
2416
1469
1197
3568
5288
163
1877
2454
5993
1386
1258
227
584
1829
5403
5475
1785
3683
963
2259
5682
3982
1221
1553
5070
5328
3509
4431
2123
661
4993
1831
5889
2891
3739
2024
3151
2406
2148
143
3267
5792
5366
2353
4101
3053
221
4964
4688
333
1908
5038
4799
5435
984
485
2272
2690
1611
1045
1976
1360
2951
5696
3283
5218
844
4447
357
5710
2120
5623
3314
0
1106
4359
7
2700
2355
1310
5155
1282
3586
3273
5621
2512
2331
3578
179
1121
3291
2612
1380
5779
3898
5874
3483
2358
3173
1704
5248
5633
5927
5602
797
1838
883
24
3058
710
4977
659
2933
4263
3074
4233
3977
1665
578
2548
2282
336
5066
2945
4867
1284
4926
4259
1276
5692
3257
4232
5075
1601
4403
3796
3925
3967
2349
633
1497
1326
665
5544
2490
2319
2840
5009
5263
4609
4561
39
3673
4036
507
4735
2776
2037
920
4486
762
1655
1534
5122
2626
3747
5410
3249
3840
4358
4483
2558
4098
361
5200
162
5799
2926
872
1142
3516
2758
1021
4935
3861
223
419
3762
4089
5355
42
703
4218
3132
2437
4683
80
5451
1319
4445
3202
4615
314
5418
3232
1019
1099
2659
4559
1929
373
1388
610
258
2008
4360
1233
1927
5382
112
2665
4233
4954
5186
4720
2813
5445
2758
4722
108
4438
2076
4285
663
805
3697
3446
2711
4013
1777
5207
3538
2132
3638
1893
1594
3256
5742
5361
2015
2135
5163
1307
2949
2619
1347
2814
3408
3232
4520
1293
4188
4083
2194
3000
1273
5370
4216
1002
1491
4410
4622
1122
3983
2696
4152
4651
3794
4752
2973
1658
2540
571
775
4533
4497
1009
3366
1899
4536
4427
2836
3731
3101
51
963
1348
2609
4266
2243
1390
2289
5286
3024
564
4980
2039
3944
1111
5069
868
5561
928
2289
2806
2953
345
3202
5584
1327
104
474
2777
239
2969
1844
4681
4612
2519
2963
1740
53
2631
3958
1509
1609
4978
1091
3266
5063
4652
1136
4808
1783
5973
4162
3675
5348
700
4940
3132
3091
427
4457
2672
1468
115
3732
616
2519
5717
3156
802
4595
2793
2470
2268
463
3855
786
656
4747
192
1488
5552
2809
1696
2995
1663
3949
50
3827
4330
148
71
2313
257
1840
3797
1795
1622
561
2673
4423
4177
2304
2584
3620
1133
3157
3263
4452
3475
2056
1061
2990
1473
3188
4834
3081
3142
3256
5279
2394
3308
1271
1201
4654
5027
2319
4563
4147
5574
1942
3199
5376
877
4801
3928
1654
4414
2654
2807
926
5440
945
1137
5329
2797
4316
2721
1671
1395
2696
4887
951
1944
4256
1276
1213
408
3820
4833
2489
4269
4875
2771
3156
4953
3609
2909
4110
4658
1408
2731
5683
2666
2555
4854
2828
634
2246
2512
769
3659
3361
5694
5356
561
3347
1613
5272
949
3515
3682
4233
2573
2098
1395
2838
5402
2461
3755
3873
1133
5806
2862
23
3478
633
1193
1170
5067
372
2948
5723
2594
4856
4200
1517
3595
4997
2935
246
1565
369
1180
2806
4411
417
4368
1034
4947
992
5318
2386
771
4684
2404
846
5192
752
2494
4152
4292
4108
16
3754
2827
3409
2168
544
4027
584
94
2456
3253
5842
2722
1718
4908
1146
4464
1380
3161
2007
1873
5847
2905
1262
1809
3548
4403
1380
4633
4865
4122
5488
2313
5521
3227
5871
4516
1895
2531
3249
4727
660
4289
4193
2343
4315
4419
3042
1766
3881
4224
4725
1954
1250
1169
2663
202
1510
5661
1559
3934
5491
4399
1654
3010
1684
1430
4726
366
4263
1881
4981
373
4013
2596
5475
5552
3306
4372
2494
5975
1788
3963
783
91
3544
3793
4621
1587
2223
4343
4336
4609
2000
4969
5728
5295
152
1727
5708
1227
1508
4992
3094
1405
5943
3124
1531
5729
5511
291
3136
5446
1729
3295
1385
4002
3229
5756
5779
4607
3196
2520
2305
1045
3117
2906
164
3349
3728
4987
2658
4112
4786
587
985
5250
1415
1810
4110
1102
4837
2869
846
5495
2684
5888
5797
4089
580
2982
3405
34
5440
3954
3390
752
4302
1656
3188
2327
5984
1934
5695
2239
4916
4736
3795
72
2687
5973
2207
5532
1081
5388
4987
639
3506
4466
650
2277
4563
1459
2111
512
2607
4313
3804
964
1991
4726
5366
234
2348
683
5684
797
3648
5651
5286
212
2230
4095
5059
4572
4008
2494
442
1970
5270
3208
3978
1514
3660
279
5053
5326
3485
3955
3695
4151
4155
5753
204
1041
4953
3655
2264
3710
4568
2134
4936
3322
5069
4164
5421
3109
3139
2253
609
578
1949
1974
666
1308
4804
1366
4715
3776
2958
4962
5994
235
1712
2307
1340
5568
1050
4613
5564
2278
5152
335
347
4204
3354
5530
5554
2746
4001
5215
5523
5190
1561
3922
2397
1583
2926
4421
1005
393
4679
4282
49
773
2952
5017
2009
796
1299
1082
4439
825
2814
2160
2117
928
944
3651
2325
1935
3956
2520
1187
1711
1760
462
1479
5510
3440
5255
2695
1837
683
1137
5770
329
1992
4064
4391
4936
5865
1482
859
1162
3492
703
25
3658
5267
3555
779
4215
2738
5242
2743
3235
1189
446
5405
4183
1100
2992
3581
1985
239
5449
2310
4971
371
3003
409
3993
5679
4937
4812
1471
5784
1903
730
2925
3207
3712
1288
1912
909
4906
834
4661
5517
696
5523
3333
2263
3252
2356
1736
2581
550
4443
5615
5374
1134
5477
4434
4921
2618
431
5530
1724
1348
2686
2733
4849
5196
4943
4980
1977
4413
520
3770
763
3566
1036
5059
4949
2311
3886
918
883
3630
893
5433
4206
493
622
5240
1371
4002
3912
833
1460
3555
4072
1119
1012
2571
644
5440
4556
246
5740
5269
2835
4100
877
2310
1466
3598
1040
2672
701
1379
463
3757
293
3036
4152
3821
3866
5252
5146
342
5766
958
5483
582
645
66
1132
3552
1688
5800
3860
4475
953
4464
2905
1795
4841
4939
3214
153
117
1385
1894
5806
4279
2096
5479
728
1625
4389
2889
5486
4548
683
2941
1286
4246
5573
3899
4504
2002
4121
5523
5487
5858
68
4277
684
4295
4724
4813
1142
1665
4613
1990
5858
4202
2140
223
3290
3500
2361
250
334
1555
5389
2113
5412
4909
5480
5268
268
4734
5629
1293
1701
4977
36
1141
3414
3448
3516
431
1082
1476
3627
1937
1179
2576
1043
436
2633
2984
5364
529
2872
3671
1640
2395
2515
1981
2030
1483
1376
5392
4902
2902
2834
2250
5958
2203
37
4160
951
4233
4266
1378
4959
2846
575
574
4907
4922
2921
431
713
1137
656
1812
1184
3615
5576
2107
2220
2373
1272
5771
3994
5170
2025
4097
3804
5518
5837
2178
3257
4848
2969
3168
5572
5471
176
1448
4663
1141
5613
103
317
2351
4268
5005
1177
1649
5926
1130
2518
4134
472
965
2907
405
1823
1803
5178
5360
5330
2516
5926
1398
859
2177
4415
216
3251
3042
2892
633
441
5476
1587
5662
4191
775
823
3492
754
1726
4175
465
355
4944
2255
2067
4951
2395
101
101
4119
5000
4323
1184
2117
2553
4772
1918
1964
4623
1356
138
1378
5960
1120
147
1037
4710
863
4414
191
1307
4604
3643
3471
5856
2025
3744
2181
3717
1825
1938
1714
3555
258
4243
3178
5709
2998
5365
2799
1380
1341
588
2507
3545
1704
4433
3065
1038
1588
450
3569
2598
992
1943
62
4715
2989
5616
4414
1038
354
5963
2325
3288
2969
2865
3486
5663
3354
4672
176
3125
4241
499
424
1195
4686
4909
2121
1330
4873
36
5725
5074
4912
3946
3462
1091
351
5176
917
4217
4475
1683
3094
509
3483
816
1574
613
5091
3971
3251
422
4830
3123
1822
2224
1655
3546
5791
216
4516
4985
358
4243
2480
2600
409
1501
1204
1082
3775
4874
609
5998
535
5940
1260
5507
1686
5747
5766
2307
1739
810
5959
4704
2673
1086
4087
1485
2112
866
697
1891
1792
4973
1028
5347
3532
909
4223
459
2959
1413
3704
4866
4413
4754
1408
1405
4656
2875
5399
1620
3278
1511
3344
3199
3763
1368
3121
3993
609
5253
2394
2295
4848
1365
4735
242
1107
2455
1411
2959
4089
2287
5171
416
1005
43
284
4388
4411
371
3194
3753
974
1871
3438
802
2427
4370
1530
2147
580
1828
989
105
4058
3486
5846
1895
3682
1118
2438
2747
3634
3099
3703
4878
1801
5458
1314
5930
472
622
1826
1255
865
647
5027
126
1914
3025
4774
2687
1854
5861
996
701
400
1020
476
5878
3165
1736
3371
1841
1629
205
4071
4784
5590
3756
5096
1765
557
4737
3940
3441
4249
4082
2629
3351
134
3208
3768
4608
659
2250
805
4727
5273
2708
4486
5316
3000
3415
4471
3606
2655
730
5976
89
1863
3454
2177
3192
3902
2063
2787
2252
1947
4358
5495
3266
4162
2395
3205
1338
4662
2760
5843
27
1974
4585
4296
3109
4934
2416
2044
2431
683
3428
1822
2638
5138
4217
5761
1223
3949
4364
3556
5131
4251
597
4637
577
2227
654
5953
3762
4557
3267
1986
4622
4653
5071
5526
924
3341
4854
751
1550
3014
3154
4781
2611
1770
4948
988
901
4257
4108
1435
291
1261
132
651
4282
3468
4630
4879
956
3275
2830
566
5954
3490
1451
2467
2541
2479
5630
1749
5176
3842
3573
5304
3354
5682
2834
4007
1400
1515
2467
1995
999
5877
1607
1093
5727
3762
4214
2052
5291
4915
1135
4804
5164
2743
3199
4787
3133
1090
2941
4225
2066
5382
1251
995
922
128
4390
4452
5347
497
2374
5033
5308
3863
1
5583
662
3080
4323
5716
4195
971
1640
894
2113
2211
5169
2716
5952
5560
1605
4647
5278
2387
5519
1508
2341
710
2773
4313
2874
4247
4232
1433
2694
3159
5959
1054
4049
2914
1487
5938
874
5189
862
3578
5315
1319
4805
48
3785
902
3626
939
786
2943
4653
3389
4463
3018
5891
5833
2897
4415
4446
3007
248
153
5502
1909
3446
5477
1072
4275
5089
326
1716
3899
616
2393
4269
1156
1229
416
274
1074
2736
286
3121
4195
1325
3182
5731
1576
2764
144
3659
3134
134
2496
1463
1144
4679
4964
841
2331
4911
5187
5936
3205
5138
1965
3311
2651
3135
1994
3983
5182
990
1027
5504
665
2195
1863
2027
3178
895
2619
2291
3194
5429
3458
4489
2731
1626
2116
4207
5869
2165
5550
196
4044
4439
2438
5630
3994
5764
2632
598
549
127
866
1949
756
5428
4569
4893
2371
734
4998
2954
4393
4393
4001
4103
3794
4033
264
1588
4062
5914
3980
1077
837
5289
2264
4686
4037
2815
1470
4619
5657
134
2240
2652
4552
308
3288
4974
5640
2637
2245
4404
5725
1125
2994
516
1569
5346
3140
526
4161
1408
3745
2327
2610
1310
4359
2068
5583
5813
1744
194
3584
3641
288
466
5752
216
3160
1281
2203
128
5979
1670
3338
3485
905
1333
2045
4688
1581
4833
2492
4107
1152
4605
3641
4824
5497
3539
237
3482
2322
3822
334
5403
4039
1938
3321
3556
109
3244
3522
91
4764
643
2742
214
1275
5230
441
3071
5063
5439
5216
5552
4479
2941
1325
5677
1823
4943
1843
5712
2279
3284
2869
576
3336
4128
1599
4363
4218
5729
5184
1442
3772
1456
995
2612
3786
4530
4664
834
1764
1822
5892
4642
1297
1257
3602
511
5359
2365
5876
62
5989
5560
3146
5595
3799
3857
813
5842
1365
4645
4777
3401
2817
1599
805
4474
2186
871
960
1071
1242
1585
1866
2054
3929
4726
4204
4068
1084
5216
1653
4470
3486
4750
2194
1490
5769
3911
3928
3820
4352
4220
3217
3284
4348
2422
258
3773
2033
943
4533
2633
2445
1564
3095
672
4844
728
2159
5999
1131
1580
5786
3580
3239
746
1375
4504
5041
4024
4020
2078
3137
2730
5229
2728
4659
4665
2443
5408
578
3087
3657
4420
2336
2500
4286
4083
3103
1282
416
2532
2495
4469
3398
2453
5252
3903
519
3393
2531
1528
2804
3947
314
1330
4335
3079
2329
2426
1783
296
2369
666
2177
5604
3287
2412
2405
2387
3220
1017
3186
470
572
944
942
4117
441
5410
4173
1793
5732
73
2285
2248
1104
5449
893
4278
4355
415
5080
2824
161
3126
2786
5837
1414
2360
1133
1605
384
1217
1240
3931
4679
2960
5125
2159
362
1767
5430
4908
2744
3665
3203
1976
2839
1987
3578
3498
2228
3851
2787
1813
376
3589
4335
691
5811
1501
13
2269
1607
4094
40
582
4212
4601
145
920
5675
145
116
3974
449
2179
3065
1440
3539
4964
378
5029
401
1314
5004
2323
4680
3660
5228
5321
4479
4526
4055
798
1117
3620
4757
4747
3509
5407
5267
2019
1776
2326
3613
5283
326
2900
3460
147
1864
1791
3393
5580
1292
2825
166
373
2950
2079
5661
5238
1760
1455
736
5357
2630
5526
484
1182
3824
2199
834
132
2237
4104
4499
2279
984
5191
712
86
1690
826
675
2468
3148
4867
4230
511
4230
3154
1126
4827
2809
404
2299
365
3974
90
3687
3603
1401
1108
3088
4049
2229
3628
5900
3494
5757
5648
4520
4461
300
5303
1637
5103
5618
1476
5007
2294
3900
1048
5467
1229
3919
3410
4957
5267
3536
1505
148
2590
2899
1995
5650
3787
4462
1558
827
2516
5849
4627
3945
3115
4836
5962
442
1603
5605
3793
1239
5613
1900
3974
257
1248
2597
4876
5290
66
5770
2626
3197
4947
1874
2366
2412
2185
634
4505
5220
1669
2046
548
911
5524
2021
4537
3317
4226
470
1212
0
3642
922
4224
1963
1032
1136
134
5893
879
4758
3360
2680
3030
123
5443
961
652
2815
187
5931
4541
1299
4632
5165
4717
1666
4039
5260
178
1275
4411
3662
3806
2730
826
3197
2793
3122
3572
5875
2973
4954
5246
5624
1995
5265
5725
950
347
1391
3262
2757
5776
3145
706
2168
3946
3808
1319
4898
4517
2215
5266
710
4959
2432
4743
1051
4167
2370
5579
360
401
1624
3105
4337
3142
841
593
414
4104
831
3351
2468
162
2310
5207
3859
5678
804
3614
4396
801
3487
291
3660
5409
1359
5981
1513
2390
3618
2942
4375
4414
1653
4989
4104
5995
3814
5874
1614
1655
723
3162
2430
3464
5854
4490
4931
2654
1872
5711
1628
3944
4822
5444
468
1383
957
190
1211
3579
5302
882
2805
5417
3333
4726
3007
2830
716
388
2474
93
2383
3258
1382
788
1540
2927
2924
4669
1897
272
1288
1984
5521
3512
3857
3638
2220
3647
3110
4120
4210
4889
5542
5702
5580
4655
2764
3235
3312
107
614
2317
5223
4588
2640
571
5708
890
4658
5296
1971
4547
2018
1724
2323
2148
4631
5681
5201
5955
716
1522
2795
4681
4013
2072
2254
4013
274
1358
1253
1292
5557
3196
1503
1412
4224
1986
2363
2351
4360
2698
2786
2365
1424
5856
1888
4379
2060
4381
2417
80
1539
318
1669
3717
3247
4307
607
100
4181
4244
2848
297
4235
430
3546
118
107
555
2708
4611
1075
256
345
5922
5349
4671
1133
3649
1074
3949
910
1624
5278
5422
3922
1298
1552
1404
4371
5560
2857
23
4932
2361
2446
5110
5118
902
3331
1067
4715
4217
4358
5877
4654
4614
662
3023
5101
3210
78
1718
3277
3904
2929
1016
1112
4354
915
1063
845
4685
5746
268
389
2941
4768
4521
3837
1447
1198
4471
5381
198
3718
5822
1428
2956
3973
4339
5637
3578
3091
3531
5698
2044
2257
5118
1771
5579
5949
4951
4403
3126
4373
664
4072
1803
4790
874
3645
5486
5727
4529
2309
1132
1879
1454
2430
1322
3976
1999
1832
2342
3446
2577
1521
1567
64
5925
1342
4657
1330
2865
3751
1448
708
4541
2352
1302
5923
3341
304
4639
1594
1519
336
593
5085
5322
4594
818
881
1543
1034
4737
2763
5483
2557
3183
2724
658
5237
3958
2485
4312
3375
3863
1429
4976
4034
2818
3804
2136
955
1838
3827
2755
3945
5129
4507
1702
1762
1801
1254
4351
1984
4928
1477
1374
284
4542
4431
5464
5669
3216
3595
5696
3325
4087
2603
102
5009
1876
1765
2828
3762
990
3438
5203
5205
4854
117
5525
3347
3954
3354
5211
5453
2054
4521
5022
4753
2193
3143
4074
5249
4306
1672
223
4022
1451
970
4385
4145
2926
241
4256
4201
3269
3760
930
550
2590
2609
1771
2185
3170
4225
3950
4902
2519
4219
5198
5407
2731
5295
3390
1070
5841
4063
2454
3390
2248
4470
2423
4935
1767
3013
2421
3444
4581
828
3459
259
420
3297
1245
2248
590
2943
5550
3918
567
5854
4402
1851
5570
4315
5238
2495
3984
2277
540
3129
5794
900
4938
5894
3504
917
98
3143
2147
3301
268
429
5980
4666
111
4740
4199
3369
2191
4153
4042
2567
2624
986
2664
5808
3176
5544
2483
1581
1795
1675
5741
4166
2112
1779
4975
4852
2904
1254
5426
3137
5231
1291
1467
1951
2868
3921
4836
4242
1315
1340
5621
346
4713
94
3506
2880
4871
3118
2814
1037
5951
3352
5741
82
5355
5681
1063
503
5198
3204
392
963
5458
5310
1892
3845
3440
4851
2984
429
4223
1915
3451
458
19
188
5076
4497
5062
4741
3893
2839
2949
1508
245
4347
4417
404
5948
354
4438
4807
4263
3040
2424
3052
1243
2112
2537
2509
3606
5744
3495
4664
1857
3740
4466
5656
1169
3382
3867
4271
5901
2095
376
2194
4250
1717
2693
1073
4722
1176
2548
4977
5124
5866
3957
4824
3300
3619
48
5061
3907
446
1887
2985
5689
4804
3593
1926
5167
5075
4249
5842
1081
2026
5229
3128
3696
4068
698
5019
5342
2110
4333
3272
4707
4599
5357
2903
4596
2467
1500
509
1011
5148
2411
1570
745
5269
2509
3786
5584
5708
1540
930
2894
2892
3208
2600
4939
2700
918
2439
4371
3048
421
1454
2519
3945
67
2140
4142
1108
942
5611
3497
1036
127
2886
4053
3156
1169
551
2121
1285
480
4370
1790
1529
1020
3207
286
2482
1756
2792
5046
2537
559
120
1621
4518
4893
4428
5895
2281
4365
1697
747
3684
1232
4905
351
245
4906
2595
3438
3571
1009
3382
4511
4484
237
1402
4367
2824
5104
3379
3849
3526
3791
5002
5154
1537
5710
858
689
871
970
2532
5675
5766
1152
2864
1037
2171
4059
1649
4130
4888
2058
834
1781
1649
5920
3987
5856
2612
4181
3675
1874
979
2042
792
4159
2063
1018
314
1266
4466
732
3784
5854
4536
1940
1918
578
155
2617
1076
5674
1770
2673
812
5042
2902
5257
1143
4166
313
5473
4532
2692
5923
4932
2774
5923
1634
5509
113
301
4429
37
993
3912
4093
321
1351
3522
4745
4311
1553
1738
1388
5961
4421
3132
3477
1803
266
2772
4283
5511
2323
5012
5835
592
88
4193
2719
1491
5794
4103
1437
921
5635
5148
409
2329
2752
2978
5080
2554
605
3942
3906
3430
2611
1046
5651
1035
4352
2448
1902
2123
2539
5141
2750
2659
1858
860
3179
4904
2
2034
229
3213
5794
4063
3265
5425
4205
1445
2061
5462
5434
4450
1489
268
2521
3700
4083
2076
1068
1612
1367
49
800
235
2546
432
3895
585
57
2248
3940
3124
2363
4372
2930
5990
2119
4734
1856
63
1963
5438
5245
1953
5115
2672
3196
971
4538
3923
5428
109
904
5485
5911
2058
4632
156
2157
4284
797
1415
3916
3105
289
5075
5958
2114
4897
3106
4687
5861
2088
4310
4170
840
3702
5860
4831
3246
620
3027
5515
2695
4887
1603
1379
3175
2135
2650
3350
4152
3563
3529
3983
1707
4731
254
2612
2890
930
3315
3710
3177
3909
323
1317
1755
2900
5917
3735
2737
4700
5361
4852
3709
1943
3335
1577
2357
3297
4287
72
5090
2967
115
5440
4376
1038
5528
3870
4720
4238
4067
4128
1681
5561
2089
4609
638
2219
671
1062
5769
4047
208
5252
4996
3036
1373
5068
4664
4427
3502
5205
5295
566
4215
196
5067
5534
2390
1082
1274
4025
3560
2057
5153
5926
2635
2340
5269
2750
2046
1139
3176
3257
1365
2304
3009
2362
2377
577
4852
5961
1708
3202
5729
2282
3770
750
761
2143
3483
5690
1834
2567
5445
4782
5675
4657
4766
2033
2419
4753
2862
272
1460
3534
4547
2154
5269
3861
2159
3531
2990
5118
3388
5811
652
3305
4016
3570
820
3012
1339
3763
36
2668
1981
4402
949
45
1221
1963
1085
201
3460
5025
4033
161
5855
1527
2967
5138
5667
4078
5513
1678
4243
4204
1606
5446
5901
1093
2066
2114
5100
1961
126
2397
3014
1370
1730
4687
5797
3880
4807
4232
1250
5338
2753
2934
317
5275
3961
1108
3241
2143
5545
4703
4629
849
97
4677
3638
1578
343
5548
4799
4176
5594
797
4019
473
2727
2539
2561
1434
1476
1812
3021
2880
394
2083
1616
4330
753
3294
2838
1953
4083
3667
1877
1318
5410
1594
3693
4422
981
7
4939
5852
4973
288
2087
2355
1863
1413
1790
982
2938
1408
2650
4823
5263
554
2012
1432
1329
3318
3004
1145
2666
5839
3319
3246
5565
1834
2199
3436
5394
407
2561
2273
2971
3818
5688
3837
3126
4272
239
816
5019
2464
5563
5089
2757
1327
742
793
1677
1456
5584
3210
5858
4182
1952
1695
4821
583
3225
5585
5041
3920
1080
3586
3224
927
3433
4010
1416
2561
841
4876
2300
2840
3429
1973
4959
1096
1906
4224
1771
1614
5878
4056
512
3741
5636
5787
1632
5047
3573
4279
3766
2693
737
3093
3559
2211
5310
3247
753
3387
3087
4414
4481
860
5837
4980
577
3894
4243
1219
5213
5029
2771
504
5190
3960
342
1160
5360
1485
1857
5189
4438
747
5747
620
3598
4475
3050
927
4950
2499
3078
858
1965
5920
2437
5348
5519
4064
2046
2196
2712
3914
4313
765
4970
1018
5051
3096
5818
1485
575
5900
1380
261
4192
3517
5439
2857
851
4078
4938
3485
3425
4036
2214
297
2899
728
4622
4328
550
2872
5920
5936
1742
5692
3680
2921
2822
5360
3090
4939
5989
915
5572
1560
956
5082
222
3
2268
5793
3506
5692
5
1711
1198
2330
1321
4357
2496
371
2576
1332
2985
2891
2484
5768
1770
3894
1628
2772
3227
603
5829
859
4347
3912
2588
4504
1073
2924
5369
2795
2801
3781
4678
129
1274
695
3293
2878
3644
1253
2591
570
2583
3023
1248
1813
558
5784
1360
1240
5770
5826
1973
3258
3628
5544
2964
4587
3674
3480
1694
1841
2427
3308
391
2700
2269
1348
5282
2408
5683
5729
5672
3391
5309
4368
1975
4728
5151
1569
1303
256
4435
3747
488
3283
4299
2365
2055
2263
286
556
767
5270
5124
4516
4604
2166
1933
3781
4203
1014
5499
5580
5886
5479
3200
3154
2939
2820
465
1653
2372
4832
1146
2257
2993
3723
3948
4251
5737
2448
2225
3034
192
3742
2336
4274
3322
3713
4892
1022
1326
3917
855
1674
2982
5878
2260
5338
5186
4894
3209
4618
412
1436
5715
658
5862
4213
3332
2390
5055
666
2839
5288
4229
1070
1252
3290
1221
5826
4975
708
2462
2863
1755
4686
1443
1184
764
2619
2111
441
490
4754
2482
2903
3329
3257
2506
5926
86
3249
3229
5609
5764
1353
4546
3881
4547
2879
976
1133
2154
10
4734
5283
1612
4077
4090
4200
4334
2056
5077
5834
392
5825
2091
2279
1930
315
3376
2225
3750
192
4470
4704
395
2672
2044
5252
194
3830
1616
630
2385
2115
2580
1498
1580
1146
4270
5364
1372
3927
5722
5731
5880
3133
5307
4462
447
2986
2942
1722
4168
3961
5375
2789
1569
4532
4965
4834
4915
3651
904
5569
5831
5973
1491
1130
5650
1514
5428
5574
5627
1420
49
2027
4317
1464
628
2082
1639
3260
375
246
3185
4430
347
267
4698
4406
5266
3528
876
3321
4749
3410
4817
4052
1583
503
1823
4977
2208
2740
4766
4457
4269
707
5611
982
3037
1637
2965
947
4623
1784
3604
2195
5839
5541
3705
3243
5031
5000
2257
5725
754
29
147
3842
3388
3348
5129
2083
5509
4544
779
4883
3268
17
2086
4541
5800
5164
5580
1557
2138
1060
3925
1422
1214
2120
3828
1128
312
5881
244
5939
2332
821
2465
3380
1806
5701
5187
5843
1207
4815
4388
1071
1977
4777
4867
3518
4698
4059
3505
4629
4988
5903
3977
3697
4189
1512
2269
4463
1274
2668
843
4958
3662
1936
2206
735
4760
207
305
3350
1179
4469
5182
4128
2320
5646
1637
608
5878
3590
2184
5656
1625
2893
99
2688
2895
4569
3257
2486
4799
2856
4633
4707
5917
4880
2943
230
3312
3205
23
3935
4693
1703
2333
1882
2604
3252
784
3717
256
4161
5589
4000
37
3745
5335
5200
4169
3087
1660
112
1292
526
642
1062
1980
3483
40
1101
3881
283
890
3699
5864
4870
5749
3633
4707
3968
3288
5298
957
5504
5883
2514
4964
1791
5529
3285
3407
4910
3465
2
2774
2404
5931
5802
3488
2707
5741
3352
4871
4614
3389
5302
4665
5097
4633
2809
296
5845
4162
4075
705
439
2335
1859
1034
4619
2910
5571
5347
122
5653
5310
2799
1437
3527
1652
4845
3117
3698
3115
1870
2345
2453
1051
4347
4387
3886
1686
4031
4904
2097
4787
1439
3209
565
646
3019
5034
5801
4813
4188
1559
1284
1657
1805
2590
890
4935
5782
4829
4282
618
787
889
5012
3143
2531
3816
40
2701
2972
411
2330
3871
2348
5276
5025
1215
5419
2416
3470
4680
860
1704
794
2840
978
3242
505
3448
5135
423
3930
2234
4504
4153
5248
5438
2948
1003
3499
5377
1315
1797
2991
2914
5419
2386
5239
5714
2702
3696
3586
5688
2232
1443
3339
1294
1556
374
3814
1243
3405
2511
1494
4798
5698
2078
4172
4020
2147
2002
1371
5478
1112
328
3622
2050
2705
5920
4682
515
2040
5198
3624
256
291
1418
3402
4175
3349
5301
343
2500
4756
1673
5106
1530
4357
1467
4205
1548
4963
479
139
4720
303
3480
706
4176
5457
2347
1423
5399
5421
3870
180
4917
3841
3139
2157
671
3051
5435
4640
1734
5927
3881
50
5522
405
3012
1142
4026
3657
5191
3280
483
156
889
2184
2659
976
4949
5754
4496
2241
661
5994
698
2535
1632
5029
2578
952
2061
3571
614
2938
5698
5961
4122
438
3374
5467
1364
4536
3695
4126
531
371
5712
4283
5261
738
1427
3935
5524
809
5063
5007
4549
2121
550
1433
3037
4962
5726
4742
5351
5523
1674
460
4294
1677
4508
4944
2476
4821
3289
3672
4341
1816
737
4271
5555
1770
5065
5521
5478
2919
3559
2646
3751
858
2585
1292
2194
5980
4595
4796
2702
1235
1155
3743
2171
4156
1826
314
2998
1108
3962
228
4139
2944
4014
232
3624
4012
1419
1158
3098
400
1593
387
919
5375
2221
81
4311
2809
1231
1658
1951
4241
4594
2086
875
2248
2885
268
1544
1032
5510
3652
5483
2061
4670
3467
1073
3037
4924
4656
3204
5785
3330
5547
2439
4283
2150
5965
271
543
2582
5011
5742
2590
1276
196
1596
4422
3385
5530
1508
165
5952
253
2968
3876
2338
1210
146
289
5026
243
3561
1892
2453
3105
5980
2419
2728
4260
590
2721
5341
4955
5246
1121
5587
2462
577
1272
400
3752
2478
2704
5534
5811
1238
1545
1488
2924
1503
1387
4576
2693
2907
3542
4294
2649
617
5418
3094
5178
888
4130
2615
3494
1235
2379
5660
4472
5950
5203
5985
5739
5788
5629
2019
3961
2074
401
1371
2658
2587
1247
5641
4616
1056
2884
4298
759
2372
1397
4278
5250
2449
2456
4680
2424
1491
1987
5259
4486
4007
1324
589
22
4720
175
3218
1653
2182
3422
4744
1346
5226
2434
755
5938
4619
736
5220
3696
1790
3079
1018
2033
1598
3142
4821
4294
704
1787
2739
1884
2497
693
1562
1709
2270
5259
4705
2073
4368
2389
683
1999
3010
4456
512
5700
800
2720
4073
455
5870
1973
5224
3659
4866
5344
4418
2595
2719
1095
442
2157
4655
3380
5820
4501
3339
5972
626
5354
3050
5595
406
2701
485
2644
3797
2293
2115
4342
2284
5664
3670
5939
3794
2036
624
2282
2882
1252
2675
5724
915
398
2020
1387
4533
161
2347
1679
5242
4763
1514
2066
607
2401
5064
3851
3286
488
4824
4056
418
1328
4043
3972
3133
5120
3806
424
265
4284
193
1694
33
1699
1398
112
5756
5621
4226
1535
5918
5362
3859
5056
5082
4493
4526
208
2407
4288
996
3144
3758
2745
1280
268
973
2130
3440
862
3532
3711
5293
2496
5082
5920
728
5190
1650
485
5539
2905
5184
1089
3034
3095
2809
3208
2636
296
876
3554
282
2172
4340
2113
5818
4448
2535
3727
1272
1616
3502
3985
5466
3142
1728
5720
1214
4576
2253
3110
5459
1552
5205
5741
753
1613
1507
5539
4006
5302
5801
3954
1565
1207
5609
3484
397
2820
1756
1003
3675
1666
3107
2310
3837
373
4537
1552
477
3204
5009
4491
4742
4137
128
10
3726
3172
1049
3172
2367
3775
5714
2692
2547
4012
1280
1388
2908
5451
5459
506
3710
4392
3616
1955
5770
5761
3095
5212
4679
981
480
4728
5263
3319
2615
188
243
3106
2945
62
5260
5254
2650
5803
2975
2017
4605
5655
12
3338
4223
303
3284
5782
168
1931
3156
2493
495
1056
