3150
3996
3175
3679
91
1441
1230
4323
3847
1452
3065
615
976
2505
4517
2095
3024
2879
19
789
738
2088
2699
1245
2980
772
692
172
3928
3021
1766
4342
1337
4101
4542
2086
767
4619
3574
272
4358
29
4519
4602
4345
2551
2043
4890
1039
2202
4003
1409
72
3296
4138
1701
1918
4724
3229
820
3650
2478
2135
3732
585
3372
1284
3967
4435
772
4858
1068
961
3758
1312
3337
2368
4014
2684
3476
46
2710
4
3969
3072
4739
1488
1790
4701
3630
138
1106
1595
4579
3644
2795
1844
1990
3621
4151
4692
4545
327
1387
2682
4306
4440
3271
4793
1009
714
1290
1826
3488
3073
1882
1375
739
2089
971
1094
1094
4970
4377
3792
3550
2673
1721
149
3343
3692
2537
190
2309
4713
224
2703
4615
3867
3424
3919
1261
203
2568
1285
1978
735
3006
449
4108
2689
2882
3500
4240
2455
3861
3532
1379
4434
3952
1856
1052
3941
137
4413
2277
996
4768
1003
2528
4558
1697
4183
4013
4505
3330
3941
3057
4569
699
4689
347
3868
3773
4786
1113
3269
2787
1740
4903
827
285
1001
2303
3365
1124
668
4596
4252
3200
3417
1192
4005
1420
3828
1622
2593
2155
476
330
4347
2852
532
1388
3294
129
190
4531
2016
2414
4116
1414
4815
3540
2173
805
2503
1485
600
1903
1061
817
4487
349
1722
2271
4675
2875
3759
2984
1280
4711
2922
3326
2238
3818
3971
2818
4867
859
1741
3858
1624
2443
3556
4001
3326
3219
759
1520
2636
2969
762
914
1585
330
932
2646
3976
937
911
821
2525
2941
553
3667
3802
2057
4022
1083
3230
2805
720
659
4643
3082
4268
3135
778
4795
1114
1705
4237
2751
3217
454
3497
3707
36
2747
3422
4779
3597
4462
4925
1089
1341
2225
301
734
1061
3482
4465
3206
2132
550
2761
2873
213
3083
2532
3907
4867
509
2319
532
3004
2664
1517
1131
2768
2380
242
2942
1509
2127
1877
1629
2209
1660
490
1349
1610
1769
4178
952
4661
670
3104
2353
3593
2537
1208
4429
3775
2591
3013
3525
4593
4029
4039
4696
3820
3100
2336
2670
3123
3707
2850
3759
1417
3974
3303
3673
243
2269
3820
2369
4623
223
4018
4424
4917
2981
1658
1199
49
587
3125
454
1242
4545
149
3189
4211
1832
4964
1782
2115
4975
4927
393
4906
3413
3302
2919
530
3305
2058
3507
3079
3750
4876
1650
1453
98
1294
4547
382
1869
4568
3706
2172
4671
2122
4182
2961
2490
4713
4570
2968
4759
2720
2049
943
3228
1515
978
708
2003
1107
4651
4065
4262
417
3090
2269
4342
1993
3447
257
4426
1989
2413
763
1901
970
1407
4034
960
3131
1375
712
1375
2377
3354
717
848
1043
2615
3453
2557
1056
2094
512
3219
262
3301
481
4627
1469
438
1342
2589
526
452
2779
1725
4146
1796
3643
3894
1824
3001
1325
2026
3014
1847
1287
843
4802
3561
2129
3876
2286
3470
752
905
671
3286
4789
3894
416
2459
2282
2011
816
4019
1032
1868
1692
1457
936
4102
3970
4347
2500
517
4003
358
961
1963
4116
1141
3036
988
4938
1313
2022
3645
3359
2546
3349
1722
1277
1172
400
1654
1566
3181
2086
1861
3206
370
3228
2886
13
3825
2369
1172
349
314
144
4132
260
1390
3186
816
3342
1514
2941
3586
1027
909
3564
829
3728
1884
2620
3276
1941
4894
1033
1294
538
611
3267
2729
3959
3217
3712
123
4606
4446
4071
3032
4559
4649
1374
3078
1984
1356
3121
2748
4127
1458
1640
3729
446
206
131
1976
2465
404
4661
3401
1718
464
4154
3155
2762
3436
1413
1862
3780
4208
739
861
80
3058
3838
2304
603
4757
1751
2752
2862
4061
4811
4099
1873
2320
2137
3831
4917
3160
1061
2867
1557
4486
2644
601
4290
208
3228
992
4650
1043
4239
1166
3773
4764
1853
4707
4883
3423
1418
160
3669
123
2395
4782
1687
133
3888
948
3862
3017
2911
1544
1716
2975
4293
2518
2717
4833
1505
470
1244
75
991
520
4663
3555
2566
3211
4805
4280
95
2915
112
3751
1402
496
2202
1529
1102
4011
1632
4992
4077
2156
3677
1992
1450
3886
4365
2970
920
172
3575
4540
160
2389
2093
2220
4070
2043
2891
2403
2825
1154
3538
94
973
3939
888
512
1767
3600
3718
668
1252
2626
4422
485
4030
3086
2878
3928
1757
62
3389
4393
2245
1899
417
2963
3169
4904
1347
220
4813
4947
3688
3740
840
660
60
958
4334
2776
325
2390
4320
4207
545
1611
1790
3009
3365
798
3259
3687
2668
256
1043
622
3336
195
4276
4454
3144
3575
2325
872
3245
3340
903
1103
2682
4447
3839
4662
497
2277
525
4415
1836
3052
4789
2219
46
153
4824
2221
3191
3292
669
1184
4285
104
593
1857
3478
407
2832
4824
327
2651
4022
1280
1223
4942
3463
3998
1589
4155
4951
118
58
4109
2648
1480
2341
2589
2670
2882
4258
2313
3936
1631
4437
1528
3061
221
4641
354
4711
292
4632
628
1681
1570
1925
2833
4833
4356
4966
3820
4394
2191
1783
2323
2938
4925
2293
941
3946
203
665
875
1455
1766
4724
4948
4547
1869
1261
4795
665
2874
3292
108
36
3739
2418
2300
3898
421
151
477
2138
4512
4672
2400
3775
517
1251
2181
1312
323
3704
654
614
1545
1286
4283
3025
3974
4494
4582
4471
3629
4848
542
850
4189
681
4929
4597
3356
2094
4729
2883
3979
3615
3202
4196
1228
179
3746
364
1240
2547
1702
1634
101
3054
2198
2698
1260
3753
4975
4151
3401
3992
263
4041
1380
4238
4645
2158
3533
2701
741
465
3524
2218
4731
1028
4566
1520
2192
3074
1620
1767
2096
2678
869
2888
1332
4241
2883
3329
2442
3348
3011
664
3746
1459
430
173
4956
1898
1221
4672
205
599
3041
4548
2905
2603
2688
2399
874
3534
572
2887
1350
4214
1941
1666
1870
572
4215
4793
1371
187
3870
4507
3812
2006
1333
4018
4274
1828
2055
3252
3052
194
461
3577
2310
3966
3285
3963
4828
2012
3147
2070
2285
1615
1578
3214
4499
2797
4563
2408
758
2463
822
3270
2880
4076
318
2706
2203
2121
4935
3797
2679
4799
2643
4077
2280
3513
1057
1529
4803
3608
575
4546
713
1468
4886
3145
2949
4274
3444
1599
3639
4773
2296
2380
4699
3650
4005
447
251
4604
2817
95
2097
4912
3712
4372
137
3830
1185
461
1195
1573
3394
703
462
722
2015
294
2320
3085
4142
1803
3258
344
1198
4002
536
2828
1974
2735
4863
185
4706
3909
1358
3138
4015
4842
743
4380
1216
3795
1599
1585
2561
2031
4337
4540
625
1650
249
3163
1765
1025
4683
3732
1902
1324
3548
1710
4973
1509
817
4421
3245
2572
1852
1553
1126
4876
1989
260
3602
2358
2044
1622
3864
2799
2300
3343
2702
1241
3307
2760
2644
2051
3695
518
2844
30
1795
3428
2477
1557
598
2364
2030
4151
924
3153
4703
2925
3886
3228
4356
2986
765
4561
2195
756
1004
1262
4716
214
843
3040
4584
2151
4232
1641
3042
1891
4304
4410
1707
4563
2243
4792
1354
2019
2029
3926
3807
1769
776
4743
2760
3421
791
23
893
2617
542
2021
4814
3174
941
4023
2637
3608
4467
4074
54
2304
3615
2795
2883
1964
1802
1839
19
2940
1136
4948
3890
4180
774
2618
444
4761
2773
3114
3
346
2132
3937
2009
3005
4100
1056
599
2610
3324
3556
1027
3592
429
1549
1344
578
3472
293
1000
3614
3140
3214
12
1626
3467
4160
1508
3307
3796
4599
1081
3699
203
453
112
2358
1052
4993
1274
1809
4680
4075
4654
2256
1494
258
1856
1107
1098
4237
3698
740
59
4386
3384
2303
2429
2638
1474
2790
4799
4314
379
4784
536
2630
4191
2686
3579
2076
2457
3938
4713
3468
4873
1044
2429
4744
4773
218
1802
3427
4519
483
4233
1971
1716
448
1511
1463
3372
1399
611
1543
3581
1718
4557
1223
2594
2361
4586
1055
4929
2207
1940
1298
602
95
2847
3593
3860
2923
1126
1356
4042
510
491
716
714
4159
3661
343
213
10
3724
2289
2562
1591
2408
4772
2438
4914
2951
2300
3334
1894
934
970
605
78
3167
1154
3392
3010
2992
643
335
82
4780
3202
4390
3026
1227
1043
954
3042
1085
2438
2351
1465
1747
4578
661
2310
2622
633
2716
3170
889
471
3700
1565
1025
2863
2727
4171
3350
1228
98
1363
425
1585
4230
1556
4317
3223
3925
1468
2338
4825
3760
3391
4796
4332
3142
1576
2426
968
4422
527
2475
181
877
303
3563
2436
1915
2963
1474
76
1480
3780
1126
2134
3100
649
519
4477
2268
1964
2024
309
2977
573
4894
287
3834
3230
1904
3486
1185
4929
1822
2833
2611
1713
526
1525
1265
1388
3594
4086
3372
2722
3598
2083
2494
694
3749
4515
891
3749
1875
4927
3717
263
1164
4190
3327
4001
1083
4047
2921
669
3616
2830
1459
1279
3793
1646
1005
2796
937
2631
4082
2761
2365
3469
1397
1885
683
2181
964
1981
3830
764
3097
4682
2292
3645
3496
4472
3984
1423
1834
2653
2395
3257
1615
2940
4998
739
3947
102
1858
1130
4599
4269
2712
4687
4440
1580
4021
4854
3653
1125
2741
70
3306
2192
2049
241
4553
2485
1475
57
3112
2583
1885
3061
2269
13
1753
775
4606
1790
1763
604
6
1729
4563
2679
1538
222
2647
1922
2729
2187
741
4458
1049
3927
286
2805
2383
3229
4334
1123
870
430
776
4222
345
182
4807
408
4155
3609
1031
1376
2659
569
4929
2432
3294
247
2013
4405
2772
1675
4818
4228
3213
538
2033
2486
3268
4564
2840
1400
225
2230
722
1393
3797
2074
1491
2720
350
4137
3034
994
2163
3395
3047
1037
3313
1267
603
2709
851
1305
3887
4528
416
3989
701
255
1207
4141
4259
2211
2189
755
3766
1522
4303
4430
522
2613
587
4012
1639
1303
2640
145
1912
676
4911
2286
4862
2283
4193
1208
1777
1242
711
4068
342
2716
2073
1773
1587
1186
3878
4385
351
3651
4554
4686
3088
1049
470
3076
1788
1490
1680
4951
617
2783
4739
324
2368
3365
3634
3877
1059
1821
2254
4403
1480
3322
4968
3871
4533
4071
2079
749
4883
2354
4538
3797
3120
4473
378
3767
4276
4472
759
3275
4437
3443
4867
2298
366
4566
763
1204
4146
1383
4633
4143
4230
2428
3655
2448
3221
2207
4174
4786
3621
1747
3372
480
3318
145
4972
256
1315
3716
39
1679
1257
3741
3657
4659
2948
2299
4487
904
1585
4154
3764
1434
3646
4239
3698
4708
1846
334
2669
2115
1609
561
2283
1563
1175
3405
976
4363
3877
698
1006
4239
4264
671
922
1954
1423
943
4538
4558
1805
1540
1794
1626
2755
574
3877
3550
3701
1536
1017
2774
459
4432
35
2825
1415
1393
3026
2101
3182
2391
767
4704
2463
1790
2002
4245
4969
4662
2920
1514
1578
3775
3280
4562
121
4358
3709
4204
3853
225
341
3774
1646
3837
4505
7
3305
1809
4149
632
4378
3846
1895
2710
3274
3126
2340
4512
1903
501
126
3055
3874
2665
554
2950
100
4522
1189
4343
4546
4965
4335
4864
4184
3019
1696
1528
2090
3257
4718
1402
4237
2699
2993
1029
2540
826
2877
2621
2174
4480
1055
2306
2388
4388
1587
2530
2208
94
2050
3302
2850
4872
4529
814
1988
4846
2668
690
3533
4556
1033
846
3467
2827
4929
4704
1217
2424
4178
1049
1152
4785
703
3582
3442
21
4473
2499
1705
4759
2886
4099
3726
2485
2920
4614
2382
2195
737
4863
4879
1584
618
2400
1688
1274
1723
3516
694
1299
2596
4049
1267
391
4146
721
3624
1792
1974
307
3476
3024
1335
4155
357
1826
1192
2186
650
262
3756
1051
1091
503
1205
3668
3656
1219
2227
3501
1271
2774
3018
1272
1153
3931
1701
3780
1571
4217
1879
496
3475
3085
2696
3953
2584
3202
2420
4368
4500
3513
1255
4387
3046
3806
893
3662
167
1738
3222
2334
2919
3695
2686
250
3592
955
2971
2150
1135
4083
1072
1013
1179
2243
2382
4666
4910
4144
4785
539
264
2347
2617
2867
1539
42
4015
4667
3322
1436
3711
124
2314
1872
1198
3867
4202
1138
536
2785
3447
2332
2164
2214
2840
2253
220
1970
849
1689
1412
1551
2786
2901
3211
2447
1639
4181
2511
1877
3227
2924
763
1770
4853
4958
4700
4391
1501
3165
4417
666
4144
471
3440
1999
4262
1696
2750
1652
4413
4841
1270
4033
4342
229
3459
2434
3518
3844
1785
1442
1895
2526
2365
1086
364
4061
308
4667
3788
223
3473
3700
4077
2663
3120
4036
2626
1519
3040
1285
4439
2028
4862
3987
4417
4214
324
1113
1330
755
3832
1965
3042
2183
1825
665
1786
1097
3100
1937
506
925
1100
2829
4115
1002
176
4954
4310
4359
3367
1393
2922
1447
550
1643
4045
2901
4962
4087
746
3998
2553
2370
25
1170
4187
2042
3620
2518
4950
4647
845
4082
3935
3462
1797
4026
3116
4492
2047
4867
4878
1051
1891
987
4732
4372
3719
4517
3754
3265
4648
1080
4576
3101
4678
2724
3375
235
2805
424
543
1872
1936
4850
132
3478
2360
4500
2079
157
4018
2335
4841
968
1710
1871
4010
3970
859
19
4007
1267
1008
111
3617
4091
1998
3592
2578
3713
3426
179
763
320
2814
954
785
4839
3095
1788
2551
1195
105
4328
2636
588
1158
4286
3908
2009
4902
1218
877
1064
2175
62
352
2542
318
4562
2247
2679
4918
1635
2182
723
685
1757
4562
4070
3431
2414
4678
4762
3617
2329
4148
1450
4223
252
2424
3197
2898
782
3960
1861
3625
4032
1640
1540
1376
1495
4579
3306
1142
1043
947
1390
4016
2416
2113
822
3755
3590
1504
2356
703
4087
4084
3911
1095
2548
2280
1811
972
524
1325
3038
4129
2899
2686
2528
1298
1922
3184
3942
1325
3337
2640
3851
1867
342
3964
3940
2256
1688
923
3870
1989
2157
3992
1599
3031
1940
1673
4781
3457
207
3879
4743
2556
1425
4366
2262
2942
1744
1668
2671
3632
1039
1527
2024
586
4579
2094
2100
4153
3144
2481
4189
2865
1031
2669
2469
2381
3038
607
1913
4235
996
3402
2899
1621
3943
4436
3634
4570
3308
4154
88
2363
842
2676
3056
3089
4252
1356
465
2595
4081
4799
644
37
1690
1854
2878
2957
759
3830
2346
1839
774
2267
2750
1105
1961
668
560
4752
4123
1479
2894
609
4391
2933
2095
3620
4388
656
4624
2762
3593
4065
4246
1327
4865
671
2029
1242
4603
1658
852
2978
3289
1949
1694
3707
4579
697
2149
4262
4248
814
532
2358
4280
1636
1041
2519
4184
3312
2965
1409
866
27
554
4442
1601
4412
792
793
1638
1046
3083
2926
4986
2156
4829
496
833
4616
4987
22
4191
4475
2519
4647
362
2910
3922
1342
3459
0
2555
436
434
1304
2417
1689
4949
1250
1297
1245
4068
2255
1596
2313
2421
1172
3447
4939
255
2925
248
502
3373
1346
299
3752
1801
399
846
4341
1425
2762
2111
1840
2619
4958
4664
1914
1129
3700
2260
259
633
4409
825
3341
4788
1690
3002
993
4009
467
4319
3297
1925
1544
1139
1300
4561
4515
3986
1776
3903
4196
1709
4393
2642
2135
2020
3776
4530
1126
3326
4791
2057
295
3248
4168
4741
4745
3600
1125
2482
1136
2900
3619
3339
4104
76
1312
3573
3894
4433
1347
833
1873
3232
1706
739
807
3007
3958
3651
1181
1483
4356
1680
2767
1380
141
1892
2381
4037
3524
2920
3558
4980
511
2340
2094
2674
2695
1283
2195
3791
2274
4529
2941
4325
1616
122
4588
2631
3610
4409
4988
4615
4030
2969
4971
3665
4007
4732
1403
655
4114
397
4850
1217
3435
1844
1566
3944
2541
3165
1279
288
3569
4309
1669
784
4654
3123
4856
1447
1063
4919
3023
3605
1330
3850
3000
2963
4340
4833
165
3784
4106
4247
3056
1673
634
957
1173
3083
3120
1513
2966
1512
2124
1601
3516
1636
4657
2066
1393
3411
4953
753
4866
3746
2291
3573
2905
4870
2111
2040
4978
4556
2080
1880
4003
2126
3944
3958
2918
311
3721
4713
1227
2891
4991
3440
2150
4422
3180
1563
376
2824
3339
860
3170
1585
614
4928
1076
2823
1299
2068
483
3769
3641
485
2385
2446
3905
4360
4390
4935
391
4387
2964
1982
4311
3214
2176
3162
4572
817
356
992
4451
1124
2850
2839
4119
749
203
2904
4006
3209
1414
2456
3025
50
4828
3956
3072
2673
3071
112
380
2073
691
2148
1710
2496
4677
3819
2556
1130
3008
1993
724
2235
3678
4392
2913
1841
91
439
3371
4092
1566
2360
3635
2499
1913
3444
2059
3428
2263
2886
2724
2960
4501
2457
481
1473
4825
1510
2601
1112
3495
2742
1354
4927
3099
192
4873
2720
3112
2767
4926
1488
4679
3915
4995
4452
1643
1579
3237
1710
3417
924
28
3220
4302
617
4525
2357
4320
2095
4726
4809
1694
3794
1257
1964
4611
2458
2018
3358
4502
4620
347
1882
4581
1838
111
2857
2680
795
2578
1666
1562
4127
2463
4257
3089
4832
3588
449
2935
4033
872
3471
3833
124
4485
861
2324
1786
3536
3215
952
3330
3822
789
2901
4309
2760
3430
1450
170
1990
3293
4436
1987
2290
3931
907
4234
2163
4936
1369
3809
4467
1055
3643
3973
1754
3366
1610
4990
1721
1399
3099
2990
4338
1782
506
1379
740
3726
1726
1243
1549
3370
2829
2579
593
4157
4024
940
1031
183
506
266
2258
3501
818
3378
2428
2836
4983
4408
3606
4521
4547
4922
1533
3264
3808
629
4447
783
248
2178
4932
2373
2865
3788
4815
4541
4260
1904
1106
2569
4150
4273
641
1197
1144
320
207
3906
4905
901
398
1499
2900
92
1106
359
1148
2710
996
3923
347
2747
685
3779
3954
4273
3232
621
2179
4828
882
2411
4642
2
1549
3875
834
4818
32
3708
988
3848
18
2527
3273
4303
3389
2792
1745
1180
1800
4023
3917
1962
2645
287
182
1672
4689
4915
3672
4803
3337
1024
2769
721
4594
4635
2940
2307
985
1199
1418
1998
2857
2707
4760
4519
1354
4230
675
1808
4863
2280
1784
460
2008
2310
464
3778
3918
1753
4464
3937
1037
4092
1095
3905
1603
1808
3497
3033
415
4919
1905
915
3749
2545
1131
1368
550
4381
1823
4961
2291
2856
2841
2827
434
3507
3901
1838
4418
3028
2471
1850
2585
1660
2401
3031
2285
3600
575
816
406
2102
1540
1682
4042
3518
4087
4783
4291
1738
1983
433
4291
980
763
4685
2103
3995
4975
4238
1386
848
505
907
2672
371
2074
3814
1875
158
1696
3554
2354
2450
4015
1336
1789
638
3855
822
374
2185
3225
77
3497
2496
1780
245
1676
3712
4228
4479
1921
3114
4946
2318
4304
1262
2910
1187
449
1533
4704
1348
120
3783
4815
3073
1
2245
2873
4211
4395
549
3289
1408
3905
3992
3958
1383
4571
4537
1608
1436
3267
1284
1517
225
684
2224
4146
3426
445
1722
1061
283
58
3296
927
888
4107
1807
3167
2185
2294
3018
1129
1295
2440
2495
3614
711
4785
127
3941
4307
222
4306
2567
3407
3743
1429
2208
1071
968
4129
1098
1122
1797
2873
4899
474
175
2480
2638
3107
1803
204
1319
3870
930
1283
2704
66
3803
1816
3609
253
4756
1090
4156
916
4095
834
1926
829
4785
2575
4130
1093
3726
1887
4399
363
4096
2196
1114
48
4063
256
886
2985
3146
2423
1983
4090
1099
64
111
4161
4681
3727
2352
4804
4103
2530
1752
88
738
78
530
1808
39
941
2600
1622
2483
286
582
473
2252
1546
1899
4427
4012
2726
2041
1661
1559
1826
3651
4609
2770
1964
1630
3252
4139
2882
3624
1006
2495
4131
1229
271
3854
4736
2305
1040
1819
3156
4384
4963
391
4180
2712
4848
4694
2917
1320
1054
4609
1730
4858
1010
1266
599
3427
4846
4663
4917
780
1553
3677
2985
665
1559
2949
4651
4831
2733
1084
136
2466
1227
637
3797
91
1934
2681
4137
3497
4585
4327
109
1927
4799
2798
3778
3963
24
134
4039
1679
198
3359
4654
392
1346
914
4098
460
3368
875
2576
2233
3356
1024
3638
400
3039
2763
1844
3200
3194
3019
4302
2550
3141
4793
1155
2754
4605
4286
3757
934
3080
4722
3405
2367
3758
1455
3058
4062
1222
2348
2982
176
162
4134
3101
2073
1424
4344
4763
1896
2541
371
57
564
1152
4888
4596
2692
81
4394
3378
4595
2932
2850
1265
194
4062
946
2678
1464
4259
3474
1175
3565
2809
665
4974
4588
3660
2755
4874
4958
2287
3361
2555
3732
1228
2135
2282
2572
464
3262
723
3668
4142
1898
8
165
1686
3061
1355
1807
3930
3490
367
4674
2341
1230
2788
4396
2464
4217
4741
2543
2418
4859
231
3954
2244
2313
121
247
2774
3982
4099
2109
505
3302
2452
2844
4026
1246
4524
1061
704
2231
1194
4796
690
3058
1867
1134
2464
2213
760
1516
4932
3524
1466
4554
2748
2282
549
2001
3144
2278
4294
3048
2234
651
4658
4978
3687
1104
2285
2600
312
3606
3916
4311
3877
320
4135
3092
2207
500
759
4036
2152
1847
3535
1345
3490
1144
3242
126
2912
4330
4353
4379
2541
3709
2311
4660
2455
1838
203
1100
2135
3955
3977
647
857
851
678
3372
178
770
93
2169
1346
4690
1315
2122
2584
1380
379
905
3988
1902
3679
3633
4421
991
4061
462
2360
862
3065
2547
3841
4137
732
3783
4153
2313
1705
2058
2869
186
3040
4577
3150
3120
953
4937
2722
2628
1246
3504
1495
935
205
4798
2295
2310
2585
1523
4405
1099
4524
3123
3570
3268
3187
4236
3971
3796
1166
4608
4563
1688
1866
1534
2769
3340
1405
2098
2502
3260
1254
4669
1629
1623
534
4151
2215
3645
2191
3913
2906
3753
919
1887
4725
1185
1600
218
2075
3354
3632
1276
4713
2001
1481
4716
389
1460
660
4298
3310
4999
3542
3525
2082
3851
983
4655
1392
3209
3730
234
1691
4588
2998
2747
199
3091
3401
1053
2923
438
12
4497
2435
4040
535
2217
1136
923
3753
2228
334
4002
2707
1643
3339
2095
114
858
1295
3077
4584
379
492
3911
1286
4420
427
3751
2264
1120
3224
4260
541
1491
1300
3098
809
4135
3013
4965
1825
748
4668
1320
2050
2797
4706
1751
6
3709
4656
2550
3780
1191
2130
608
163
485
598
2513
962
1817
3615
2599
2007
2415
3137
1075
1163
291
1960
4030
4983
823
4938
2942
2005
693
4869
880
1172
331
4566
63
1241
4852
1367
1506
719
2434
1564
172
212
4578
1179
1405
2255
1144
4293
3414
2601
2569
3141
4026
3247
1840
2740
3527
2097
4096
4471
3652
4467
4792
1262
1549
4877
4820
505
3161
1384
4296
2201
4909
4400
1383
2616
1729
4457
666
1038
4216
71
733
4881
4133
1430
4403
1248
3112
18
4113
1332
696
2580
2760
1403
2347
1386
1444
1107
201
2322
1066
1008
3583
3315
2270
1490
695
2183
1922
3238
4996
4561
3410
54
2339
743
2564
448
3045
4636
3742
528
2497
1629
1744
1803
4494
3021
3776
1521
2974
4360
1828
4030
3991
3048
321
4773
1971
2487
3731
2177
1495
3690
1070
2018
2696
2863
4360
2600
425
723
3761
215
3337
2345
1163
3888
3634
898
2404
2959
4996
878
1402
4846
3832
197
966
229
1217
1669
1577
4892
76
1656
3755
1232
2600
849
714
2285
296
1666
887
4614
3710
3237
301
2614
1714
78
251
1242
1335
4633
3849
1293
3342
1997
1455
2687
4685
1628
3832
3995
951
94
2701
1292
31
225
1422
1131
1879
1199
388
440
4210
116
554
3818
2010
2547
2226
2100
2459
4300
4908
3311
3823
4347
2352
2502
91
384
893
4426
1278
2631
3882
2546
281
2732
4913
1598
1610
4869
1900
1440
2899
1243
2855
3312
1287
3045
949
1331
1597
2027
1423
3999
1053
2533
3799
3854
3343
1294
4178
3396
2371
3728
20
1062
2234
4421
4142
2865
2924
2007
2002
436
907
4781
3983
4828
229
2538
384
2970
3095
3691
4166
322
2844
4013
1894
1051
653
2913
1030
4686
1922
2022
3184
589
2374
73
4505
4705
1089
962
939
1759
1640
4982
4406
1593
1951
1541
4326
1909
2942
288
2646
668
2017
2969
2690
1553
3929
4190
2298
1003
3856
659
3554
1217
4570
1827
590
4530
3838
1715
3675
4846
1740
1627
4473
4868
4601
4745
4021
4944
4750
2028
1018
4888
4735
435
1711
652
3719
1376
4076
2456
888
380
4710
4688
4472
2503
4002
3647
1103
812
1166
3635
4301
2783
4963
4352
3929
1188
4279
4911
195
1685
1111
3771
4803
912
545
4225
843
4323
2399
1457
4855
4589
911
4637
1581
714
4616
4933
3383
2338
1376
364
726
2582
2344
1906
344
968
2505
1495
1810
231
1831
1121
2912
4972
1795
1250
705
3020
455
3610
1913
1226
4675
4300
1742
255
1556
3895
2331
1201
1324
3275
4298
2317
4205
3902
4604
2387
1910
1883
229
2133
2168
3381
1723
4155
2458
2237
3997
3230
2289
30
2801
3926
4452
105
949
883
4363
1842
782
1101
4007
2910
4295
3848
3572
3775
4465
631
1948
4446
425
779
1925
4164
2784
105
4714
2821
4956
3190
4952
242
275
2687
3423
2313
535
1481
1176
810
3373
3873
2701
4480
856
4978
2467
3619
643
121
2805
510
2651
4374
2811
1322
226
4233
1495
974
1136
2111
3504
561
660
168
3111
1006
2721
557
4407
3299
4715
3107
10
4358
4457
1199
1638
155
2524
3277
1174
3198
885
3313
4148
2978
1710
4737
413
333
2094
2981
405
4944
2160
1684
4874
614
3485
1428
3428
3232
2621
1838
3073
354
1677
755
879
2334
2779
2255
211
2075
1813
2217
4758
4345
1143
4139
4759
1188
1347
2581
460
4843
1754
304
1082
2356
809
1490
2452
3613
2127
3165
279
1521
3682
1611
4
190
4290
91
231
3511
2373
4257
3237
2555
1
133
2330
4489
3177
386
1504
3413
2630
2393
1604
756
1991
3473
3130
816
100
3061
2784
3224
587
4851
2816
4512
4765
3461
3191
1032
955
3789
4275
1867
4610
3297
4562
262
2725
4689
3349
1027
4130
4329
3627
4970
4581
3087
4234
2451
3224
1635
240
2010
1244
1334
1200
2647
1785
2272
72
3961
809
466
1622
1766
3243
3524
2139
4457
1868
1125
304
1897
1407
3197
709
3106
437
2288
2817
2691
2104
2121
3627
1827
1617
3024
4918
2408
929
4394
1228
229
3869
1115
729
4208
4730
2507
3616
1685
3248
3138
468
1594
3556
2705
2588
2433
3941
2047
1097
763
4687
4428
940
1799
4518
1630
2472
4415
418
4917
1943
2491
2729
4861
1153
108
523
3040
4575
3143
2119
2965
4549
3387
1314
4145
4229
1097
1855
2640
4424
3784
3922
4368
4040
754
1583
1915
2666
2127
1408
151
3655
4204
2219
1139
1473
3503
1378
4392
730
4489
1611
1721
3343
3176
4720
161
3204
3976
3689
3840
3074
342
677
2441
4299
1553
2960
27
3582
2077
4798
3034
246
2397
358
2305
1133
1428
2633
1783
757
4441
410
1083
959
1484
3048
852
3725
1385
4374
2626
3769
2192
4947
4939
4817
2167
997
4739
2274
1253
3825
859
4737
3387
2141
4012
337
529
4383
576
3766
4545
1686
4478
480
1756
2398
928
1315
976
4481
4986
579
2523
4217
2970
1029
615
4474
998
2801
346
740
894
1044
4352
14
2063
4569
735
1718
4585
4847
3983
4717
1094
3486
4764
3279
3248
3467
1681
3296
1461
403
3275
4570
3265
181
1655
355
1673
3095
3081
347
2367
4114
170
3924
2167
1634
2029
4458
3549
1629
4886
186
4656
3366
1615
1774
3415
1601
713
1718
3663
3374
4971
1787
3262
2707
3266
2564
3623
2065
54
4260
410
801
2860
3603
4151
3039
4213
4944
1207
132
922
4928
2055
722
2466
3008
1706
1713
1794
727
482
2439
3720
4119
4851
3963
4893
3690
2372
2282
1484
3488
955
4923
4938
4895
963
3181
4772
4620
661
1344
176
3477
936
2041
1001
3193
3214
3903
3746
4271
1093
2730
1262
1123
3222
2867
890
2231
3685
2502
2056
4054
4886
365
2273
2899
4024
3406
2445
4497
3969
621
2386
524
1318
4628
2447
3844
1805
2606
172
4881
4113
3355
4352
930
2609
2101
3966
1680
2646
770
2502
391
1254
4714
1659
517
1882
4824
4294
1171
2280
3750
3446
2889
3214
1577
3713
2949
3652
2339
36
1547
4388
4919
1379
337
3081
4959
1942
2593
1681
465
4217
2722
4753
936
2902
160
1699
3159
4960
903
1422
2192
3310
1871
2595
4763
579
473
391
1570
4878
4776
3634
1761
4667
1163
2754
4155
4093
271
2980
1119
494
4513
1433
4585
740
3160
3513
2885
1186
2361
3151
927
3744
3348
1465
2582
2136
812
4682
1158
847
1748
1117
1149
827
245
3872
797
4055
1372
2683
4880
1320
1608
1795
4058
211
2345
968
712
3926
260
1863
4126
3256
1491
3045
598
2285
2825
2161
797
4257
4475
3083
1375
1928
2586
3375
3163
4888
1013
1097
3561
2500
4564
2532
31
2391
1367
2115
3211
1665
2541
4130
3307
4160
1456
2946
3688
645
1693
2143
2033
3858
2105
3560
988
2414
1255
2331
2511
