8052
6999
5956
7720
8289
5913
1092
6158
3656
3353
1797
4463
7631
7688
4316
3244
776
5750
1315
3512
6183
6427
3244
8463
2164
4232
5859
3146
6208
7454
6113
1876
8932
6106
3917
5685
4852
1276
389
1928
8499
1419
1682
5010
5153
4160
3745
7362
5063
5411
7902
5191
7498
1277
3955
4363
3638
7891
6599
978
2458
4731
4673
1254
2985
7871
4339
8211
7169
7795
4884
1018
3292
4428
2510
8244
8324
7151
5774
7628
3700
3739
25
7698
7593
3821
7091
7416
3415
7078
7091
5570
6832
5347
2051
943
3863
6984
3484
38
7131
8257
3454
7615
7927
5615
4388
8336
7966
2940
8846
480
3659
6179
8408
7316
6735
3119
4160
2571
2836
7230
8965
127
4038
6913
6587
1923
2465
259
2362
7140
6198
1563
398
109
4263
120
6474
1827
81
537
1694
7345
1226
4086
6631
3209
360
7166
2333
1680
2193
789
5104
3997
544
3210
1523
78
7869
4859
2451
3582
7294
6341
4177
79
1585
6084
4307
2192
1684
4274
8009
3419
6435
6848
8922
7430
384
4263
7359
8875
5425
1601
375
8206
2235
7617
7354
8235
8029
7308
7426
1274
2919
4274
5955
2208
4233
7909
3626
1571
7624
605
4859
3193
1315
7173
69
8310
6388
1989
6617
2240
5610
8621
8880
312
5354
3155
8114
7560
2198
506
2354
2803
3934
6319
2510
181
8459
5409
4101
7241
4387
5196
3914
937
8230
5001
4517
6341
3455
4054
8976
1155
8934
1125
7078
1239
8658
5492
1047
4063
6580
7113
3505
7990
8966
1448
4721
5331
2570
8410
4831
8821
8016
8819
5351
3333
4135
7457
6636
6608
6253
1748
1663
3824
1354
1942
4253
7726
2334
4896
4462
7581
418
6702
8834
7422
1788
4984
4110
860
1076
7542
7820
6467
8115
7368
3937
1258
5292
1663
1719
6946
8514
147
6291
8346
4553
6474
1617
6601
1425
8450
3123
4703
5197
163
2697
5871
2074
596
3858
8989
6931
6424
2464
4744
2689
1605
1721
6717
1071
1545
5610
5656
4179
2289
1079
7751
3121
4103
990
4236
954
3583
5889
7679
5273
5942
985
3046
670
6752
7344
8970
7788
4612
1471
7648
997
1622
1966
4024
7389
7658
6594
701
5531
16
992
3977
3380
6728
5360
7661
2554
2250
669
6234
3746
282
4912
7407
5939
1367
8684
6671
1994
7023
93
5790
2899
7401
2802
4800
4178
4486
1385
7406
1687
6988
5665
5341
7903
281
1779
6557
3039
4856
4674
7540
7100
1075
4217
4668
30
5326
5915
2680
7779
5811
2678
2846
5511
4648
3889
3448
6777
7881
1972
6229
1977
2010
5711
616
6806
4494
2307
4330
2068
6181
7212
257
7450
949
3896
5947
1466
6192
2409
5568
8465
7254
4294
6108
8574
1335
7520
7854
7071
3319
5856
3801
5911
7686
8758
756
5949
5875
604
3999
5630
7860
6209
1444
2617
8493
7721
4552
59
6387
2345
1901
7409
4619
2081
709
8499
5403
7290
1805
2489
485
5951
3380
8788
7932
7401
1118
3639
1588
2442
7697
2559
3002
6610
3723
2677
8069
2504
2342
2389
6312
6064
4233
5743
2926
3507
189
8594
272
7236
2209
2208
893
8375
5466
4317
8759
6060
226
6873
7062
4681
8571
1997
171
3990
5305
3410
2883
3449
7737
3069
8190
4769
7154
5638
8219
816
791
5784
6578
5762
3053
4771
325
3058
6247
1701
3028
1396
4660
8263
1924
2125
1586
4179
6803
6270
1145
8692
3114
5488
70
4110
4599
2113
2778
988
8374
620
3103
8872
900
1567
8327
4244
7000
4726
6600
7432
7526
4165
1552
4093
3777
3178
2096
390
637
8353
4040
2838
414
465
5864
8780
2024
1243
7526
7363
2604
91
8369
4174
123
7776
1441
5905
2970
2221
6760
6738
5090
6154
865
6934
4067
3508
716
3673
4581
1161
3011
3669
7123
1952
644
3731
1052
6564
115
7912
2367
1354
610
6694
7546
7064
4688
604
7551
4141
956
8200
4036
4447
3973
5168
8502
6624
80
7576
7185
6642
8276
7805
7198
2505
1557
7224
3633
2072
6363
2606
2109
547
8246
5205
8703
8171
1072
3169
5620
6057
2175
3317
8464
2010
2846
3877
3604
8808
2200
2135
3467
3729
8112
1866
5209
3664
7215
3422
6096
3698
8923
2539
4513
2371
3288
3982
8908
1047
173
4494
2299
4804
7614
6189
5817
4172
842
8946
8250
8745
3592
4707
2079
6769
7003
2495
5594
4337
1311
5801
7608
4582
6990
6329
2343
5598
3388
4501
1941
2797
2923
1429
3402
3716
2188
1260
8780
6276
4267
3586
5277
5840
2413
5630
6179
511
3729
3457
492
5281
7264
1334
3307
3353
4714
2061
1579
7193
5103
4919
6927
4924
1878
3355
4188
2452
3317
7711
5372
1563
4318
5195
7296
2055
6483
3391
4553
8503
2046
1852
8019
6906
7055
1008
4526
7927
290
4795
3250
2270
4604
919
6694
229
4290
4332
7653
2647
2958
6377
438
7232
7615
1863
5767
931
372
8071
2125
2692
7893
1292
8483
3593
1623
3435
1884
8483
3273
6311
8022
5315
4719
8569
6757
3143
8083
2868
841
291
3834
5558
814
84
458
5219
3982
8513
4974
4084
5645
8906
3604
5253
3552
2570
6916
7075
5218
89
6005
2260
7565
5826
5661
2265
3178
8884
6980
8958
6741
3971
5342
5355
3463
46
8275
8347
7953
8171
6133
7713
6931
2183
2342
7498
4086
3818
8339
3845
444
4670
712
8311
8186
816
2193
4388
5406
4280
6779
5056
499
1723
5821
6651
3535
5576
7790
7610
5917
343
5404
5578
2307
3804
1190
8160
8034
315
3311
6524
1789
2862
1024
8108
2593
8314
2080
565
2416
1616
8826
6012
3929
1415
1091
6514
8567
1238
3735
502
3684
8735
1287
1156
3763
3655
8657
5707
2807
723
2229
1956
7722
5508
2215
6167
414
7899
3861
2424
2874
2871
6758
1470
922
4899
7301
5948
3254
8821
634
2393
4668
7465
8939
8922
3716
4340
7348
1863
7497
8868
2128
6866
4599
8565
2514
6771
3653
4134
3837
4769
8545
6602
5516
5180
6266
6459
8558
5118
2422
4129
7834
6496
752
1535
1891
5664
4037
5502
49
951
332
3443
7156
6593
6896
3476
8677
6734
5963
5905
6858
8189
1384
7677
134
1584
3557
2859
355
867
5331
5453
5797
2950
2076
2839
252
7842
2904
8266
8469
8416
4028
4733
5342
8093
5920
3310
1492
986
1978
2646
8627
4383
7324
5763
7521
5151
6327
2799
127
1359
3251
1773
8093
8361
8836
7555
433
6045
922
635
2908
8950
2917
3380
2225
5490
2755
3662
2035
3092
8288
1555
4017
5740
8585
5096
7193
2685
2565
4563
3775
8071
3232
2342
7367
5699
3477
3017
2655
8028
3191
1142
5874
4149
8436
6894
7082
8557
1039
8545
8373
5535
2872
267
7691
6406
5730
6577
6457
6262
7633
75
4093
4846
8278
644
7487
529
1361
324
5992
7147
1458
4031
4874
3833
6684
3246
8772
2801
7206
3763
6560
985
8542
921
5434
8779
5012
4386
5039
4502
8513
3259
8632
2712
8955
5738
6882
2431
4838
72
3243
3783
5696
4928
2618
133
4584
3559
6363
8466
1684
3734
1367
7388
5895
7363
1956
2134
1939
7222
486
4872
3216
3695
6161
705
8145
8629
4546
2040
6263
8184
2625
3507
5996
6944
8221
8006
2582
5079
3436
8693
1207
1865
7477
525
2981
8652
484
7212
6058
7418
3681
2921
4578
8635
1406
1398
3788
1720
8051
866
8752
1266
8024
6835
299
2417
4342
3808
8234
3040
6330
7813
1009
2838
3255
3912
7550
2360
8391
2520
2686
4321
6198
7597
4747
1851
1555
8602
4234
5295
1763
8143
6965
7185
8052
5371
6441
8687
7275
2295
7574
120
3034
8566
2854
5033
6434
400
7228
8419
7456
5014
315
8368
2735
4087
5712
6716
6971
1961
509
976
4405
7876
2562
1753
3072
6056
2922
6463
8198
7334
3847
4434
2111
1932
2891
5055
7560
2186
6885
6808
5212
3906
2780
5202
7250
7157
451
5760
1338
4367
3505
1365
3709
4620
324
8526
2920
8877
3809
8965
8444
2043
1306
3410
5694
292
1796
2676
4182
7106
8268
4501
2742
665
4126
4244
801
649
18
4188
5
785
4195
4970
4782
3453
5069
6236
1177
1558
7307
1372
2633
2688
7666
1916
7050
8553
693
4595
7144
2692
8709
6133
6522
2213
1397
7065
1201
8784
7000
1204
1407
4434
351
500
22
1977
7187
8623
6966
896
5403
7881
1817
8018
7579
8723
4255
7903
3489
4785
4690
8980
1941
3284
2757
1197
5236
1454
342
678
2097
3125
7804
8271
833
6246
3503
5461
8129
8027
883
5181
5886
5767
6088
6540
2929
949
7218
1938
3381
8129
2959
2853
4310
6710
3290
7386
5952
231
6900
2894
7841
4657
6281
7050
5308
3197
3750
6885
2755
2436
1397
3331
2144
1986
2898
5748
2440
5701
7342
3951
2789
5239
7885
3957
4238
4551
1606
5802
1981
8863
5422
741
5540
1374
2114
1577
1781
6476
1095
189
1645
8590
5615
3118
2981
4448
5899
6532
7181
4055
6175
7705
6868
3793
7775
3494
6960
547
1460
920
1278
3426
7034
1023
5087
534
8161
1536
8384
6160
7358
6600
4964
1301
5582
144
1216
1226
7791
8545
4122
5719
8826
4725
2271
8928
1592
6428
4088
3102
8008
1352
4112
4125
3819
6352
8213
622
2460
1505
8552
885
5175
4459
3586
8773
1237
3519
6541
679
4929
5215
1669
3193
2771
2549
6905
8819
5686
2853
6698
3837
5807
8023
5374
5100
5284
1620
6553
1011
7007
6914
1946
3014
4646
4474
6429
4434
3665
2287
4978
2216
4759
721
5481
1321
5724
7431
6463
355
859
2475
8530
690
956
3184
6350
5626
8691
8214
8161
2560
5573
3526
2217
2120
2463
417
800
824
1653
2298
8529
8388
7595
7612
5010
5763
6259
4830
5893
7303
6132
5684
6365
3106
7228
615
1002
291
4866
2156
2472
6584
5474
8105
2818
3798
7638
8603
3543
8291
1669
7030
734
6789
4586
3380
3588
7435
7892
2295
6287
8865
2309
7545
5565
2345
522
8792
8254
8636
4702
6384
7723
1
8779
2784
1897
4556
4134
4518
6558
2504
1486
2670
5775
1759
321
5341
3635
4757
1394
6069
360
5773
8178
5625
208
7003
8418
2832
4663
7121
1099
7798
5468
3413
2003
382
1050
207
3917
7516
3057
8249
8643
430
2118
7967
3962
163
996
7573
1393
4508
8757
1552
4407
5271
7209
5549
4465
7386
2081
8021
277
4508
7313
6394
5599
303
1752
2347
6197
3378
5605
3571
8968
5315
1536
72
3738
1233
4817
528
5902
4872
7889
5373
0
1182
4092
7809
1634
5682
1376
7837
4424
644
7684
4875
7986
4975
1592
6267
1043
8587
7245
7434
6938
4000
736
2687
6309
7269
1968
8816
20
6501
249
3017
7873
3563
6517
8732
7682
1869
5887
6388
1248
6459
3707
4603
4376
459
1941
3492
8892
3701
2708
5723
6037
7801
8883
7768
4966
8281
6292
6930
4864
5144
2721
3960
2046
330
4985
3563
196
3725
6771
3423
2793
5565
3289
7616
6438
6062
3780
6097
6122
6314
5656
2528
4827
7826
1732
2134
8995
2913
3161
2298
2837
1428
4789
5213
5770
3606
4762
4160
749
5160
5319
7153
4879
2638
3955
8701
2695
2364
2793
6063
2482
3599
6349
8255
2395
4272
5137
6646
7695
4899
8516
8509
5015
4486
4616
3757
6699
3149
1230
344
5128
2370
1336
1767
1621
5969
131
8230
8880
1306
1191
7298
1928
4848
517
530
7310
5070
3500
1043
8805
5289
2031
2317
6523
7961
3374
3555
3507
6185
6040
4424
2617
3949
7378
1517
6337
4187
8831
575
7076
1571
8235
3805
5720
2288
2093
6175
4082
3400
1969
6033
1523
1640
3352
4759
5132
337
7573
2331
5559
7479
7620
3170
1188
4263
456
2909
8949
120
7305
5892
239
2907
1353
4060
6413
7445
5898
328
3610
6075
6230
213
3451
4140
4985
8936
4743
8538
1799
2059
6804
8738
4214
4092
2503
2652
2848
5462
3303
5476
279
8136
3678
6870
2492
2588
277
2641
5647
4987
6123
2138
365
587
8330
1225
616
4898
1087
1144
1465
6076
1636
1616
7786
4505
8227
4414
8771
978
217
19
7100
6857
7908
6617
722
3560
8603
8825
2695
994
992
4577
4338
8638
3924
8546
6672
5267
2072
6992
5558
2869
4644
4275
1349
380
4758
6227
6824
3853
7208
1376
5340
4866
4470
5471
636
5373
7330
2352
6569
8739
1862
7900
8306
339
5038
2781
8830
4893
7591
2333
5043
7
6448
8088
2153
1627
1499
6222
4985
1204
8248
360
8739
5927
6415
724
8625
2303
1623
2092
5574
3472
600
288
4545
8837
6353
8676
1308
5310
4375
4380
1380
2921
8588
4899
4180
1920
4119
4315
2618
4907
6021
1087
3118
7084
4699
3085
6219
5897
6111
6023
1739
6223
2083
6496
1563
137
6500
4756
344
1816
7669
4352
7636
3068
5099
8584
4801
3673
1141
3903
8457
1741
1203
4425
7632
2061
8711
6541
5302
7744
132
2326
8413
2459
41
40
4531
811
658
800
5380
5705
5724
7373
8368
1999
251
7898
724
4961
3570
8581
5576
2815
3013
425
6180
5783
6294
224
3592
2215
427
1501
7902
6144
1985
8133
2790
8646
447
7037
4862
7939
7745
3463
6388
1404
5798
8902
4594
7180
3609
6457
5244
5908
3793
3621
1512
8428
8965
4802
8731
2994
6112
2679
8892
1857
996
3842
5727
2846
4878
1464
7561
6044
1542
4618
8707
4167
5570
7096
4925
13
8654
1376
6984
8393
2314
2527
6703
1961
8159
7408
1307
2047
7631
3730
5658
7956
5608
3171
492
3480
6549
7523
8393
8967
3530
8211
4074
5245
5457
2004
5458
1538
3382
1028
8345
8777
7003
1252
2110
7138
6081
2093
8837
7087
3532
8032
2652
2428
1737
8140
8910
1759
8174
8970
8883
8799
942
7957
3573
3058
2033
6062
4678
4174
3516
1147
7179
4824
1609
3367
7047
8339
5750
285
5373
2961
3906
7270
5479
3157
4450
1250
8004
2568
7127
4227
3353
362
7584
3205
4519
4953
1092
6489
8156
6477
5932
5473
1737
2540
7777
7422
4704
7473
8962
7013
5207
1038
4615
1672
7349
291
503
352
2112
2415
4626
7488
5473
459
1212
1253
5773
7126
5655
4042
120
4243
7147
1040
3928
5839
8413
3475
7723
518
434
8423
1774
893
4286
2081
7580
3834
7709
1330
4687
8167
1452
5622
2934
8590
1437
7939
2994
4078
8894
525
2382
4988
2845
2062
5387
4381
266
1387
2430
87
7097
7129
5359
8752
1618
126
2807
3174
3903
3413
4388
1789
7185
2657
8611
5983
3863
3842
6724
6413
7333
8646
3011
8628
4437
1478
3304
4035
7348
3497
5148
8160
2763
551
5958
3691
7944
8107
7057
4243
3969
4884
1268
4100
8981
2573
8087
1433
207
5111
8644
2934
455
5336
2545
6223
8607
4877
7113
8908
5455
5339
7201
3062
2813
8675
8982
3499
5685
5556
81
4557
5408
3075
2907
5128
5228
8221
5235
4818
6592
8781
2969
974
7402
3248
7254
1585
6647
2774
650
2069
1295
4275
3434
4739
8490
3523
4068
8923
1987
1589
1936
7240
3087
7110
8565
3543
4018
7254
7068
7709
7367
1024
4173
6776
8665
7474
157
1710
5018
3573
7473
2258
8415
6526
3649
3397
7279
6619
8851
3648
7095
1281
6491
2040
2227
930
6245
26
3922
4348
1815
718
6614
5524
6037
3113
167
5202
1514
2538
8404
8054
8927
1214
8333
1880
5260
6134
6071
7685
6665
2598
4141
3117
7831
1217
5287
5362
5407
1792
6290
8155
3839
593
5780
8966
1093
900
1458
8428
6489
3369
6048
1653
7747
2941
3811
7213
8166
420
6583
3183
6312
7728
889
533
2566
4311
3440
5234
537
7515
7196
5254
4447
2338
2691
2353
7024
694
6876
8363
5390
8663
3178
6343
3151
772
1231
4624
1955
4849
4562
68
5836
4738
2494
8181
5118
5062
169
6774
5837
2871
3974
3171
7541
6733
1935
8497
4179
7002
5186
1956
8678
8200
5414
6823
1360
5535
387
6622
2207
5515
1668
2800
538
1217
6402
2809
8194
2394
5582
8755
4360
6905
2042
1644
1853
7286
5340
8818
6033
2253
4128
4235
4731
1273
4857
906
618
6761
8156
3219
7782
5604
8834
4224
334
4577
2424
44
2831
2736
7796
4924
4797
8828
853
6486
6377
2289
6919
297
7951
7450
5898
1988
7611
828
3327
971
3680
6703
8239
6427
1380
298
4071
3103
4547
3845
3955
5555
8743
2034
254
7125
1057
5413
3955
8748
2639
4435
3396
5753
8529
4022
6084
210
521
1166
3411
1853
4815
6444
2934
8962
1846
1912
7760
8601
4567
5066
3913
7354
8591
3589
5712
1227
856
3463
8168
2252
4201
8814
6013
3038
5603
6413
3882
7778
4209
5011
6481
6751
6914
1301
5182
7515
2519
4633
6496
4698
7467
3851
2564
6589
6388
2877
2639
3161
4741
5879
5768
7704
5069
4551
1225
6077
5008
8570
1880
6297
7719
8304
2870
7370
6766
1893
8394
5363
4203
4787
251
5847
7558
5189
3489
2663
5689
6063
6559
1179
133
2505
191
717
3926
7282
1601
1297
300
3361
3362
576
784
2015
3437
396
1439
985
792
8598
7774
8873
5022
6395
2186
8459
2564
2013
3410
8629
1938
1390
8500
2808
8801
7359
6264
5028
1683
4150
2821
2407
4475
7830
5678
2629
2930
2144
6233
5700
1995
1160
1348
5023
2508
2714
468
5298
1185
803
8243
5053
3079
5580
5141
3457
7713
1953
5999
8039
7643
8600
8293
3376
329
4605
5847
6999
6978
2123
4279
7027
7007
8268
6089
6400
1450
4393
6391
5669
332
813
1640
6761
6303
5491
7517
1967
5037
7881
3736
1448
4699
1644
25
1103
2894
5674
2102
215
408
3711
2470
8361
103
1527
98
8258
3643
2187
672
4249
1945
7174
3342
3263
8688
431
5479
302
7983
1161
8221
4004
8946
5277
1388
4417
6655
8017
1591
7507
369
4818
4737
8267
5280
7317
7361
7400
1147
2332
6043
7850
1196
5836
4287
4081
2798
114
7105
6900
5637
1686
2468
5789
2401
1367
7675
3601
489
2166
1990
8557
6312
1063
5901
4164
8087
2858
6548
3078
8399
1208
6755
1563
5648
1761
2497
6397
6715
1610
1613
5882
8129
2699
4752
1440
1166
2567
586
1804
5102
3237
5871
683
4594
1459
1870
2641
2422
4970
4326
4168
50
6772
7645
1352
331
322
4263
6437
3918
6026
5055
6758
344
8518
573
5050
5229
2424
2500
1325
1059
3729
2775
2248
8122
5225
3463
1990
1370
8448
4243
6666
8657
4043
3525
2494
4807
5482
2845
3799
1552
2431
4036
5716
3918
2089
215
4397
368
1646
1622
6721
7308
8495
5272
4287
5028
4845
941
958
7815
137
6712
4464
3151
2305
4486
689
4682
4063
8775
7701
2263
8459
5496
936
823
2257
2195
95
534
397
1076
3971
2644
8403
2440
5854
5389
7979
2044
2486
457
4209
5143
6966
3920
8363
6477
8556
7414
8091
5778
4413
2311
5084
2527
4204
3895
4810
3955
2594
440
4266
1889
5168
4569
3352
6506
4440
8616
4080
3255
5009
3484
364
4190
7944
7265
508
8790
8211
4848
4347
3832
186
3290
7494
8660
3311
8538
528
7397
2404
8868
2096
322
4675
6414
7932
4722
1304
8545
7567
3355
8339
5404
7717
2376
3570
349
3248
4876
2468
8700
6995
5671
7895
2503
5243
4484
3331
6132
1422
188
5632
5422
1955
6451
289
414
1593
2300
7404
1253
5484
6308
7113
6548
2962
6352
2984
4697
2339
4724
520
6534
999
10
4378
4863
7817
8323
7580
8320
7921
2836
5681
4465
1912
3503
7389
8335
7060
6573
2295
7272
7643
8198
6223
8370
4213
1085
5463
2128
5042
2506
5909
1274
3978
6397
7750
2872
8163
7356
3335
3836
8597
4729
3869
3857
7834
7323
3092
7443
3145
2679
8509
1252
2841
3684
4760
3296
8186
4600
1345
2534
6864
2785
1967
2444
3497
132
3663
4070
3990
5396
511
6666
1838
7231
8543
6995
3981
2547
4226
647
3907
3368
7201
8479
3801
858
1945
4324
6767
1894
5211
1504
4529
1518
2537
8296
3256
523
6377
2196
8516
4158
8946
1815
5063
2859
8994
6946
2933
8538
8066
5784
280
2971
513
3493
8247
2677
4917
7928
4086
4180
1113
6730
8066
4981
1184
7961
7195
567
5288
4302
8323
1135
2449
8888
7533
2751
6244
3114
2775
7221
2305
1136
3978
7604
4664
6265
3704
3145
1865
2009
757
3692
2647
4558
3317
1361
3672
4141
261
7538
6568
3697
7022
371
7818
375
4405
2337
80
7016
3486
136
4018
3460
5766
2375
6594
8007
3831
6722
7960
5099
8262
4604
194
8034
6208
3631
2875
1278
499
8674
7908
8304
8082
7021
4857
4473
5080
6420
2786
2215
494
6278
569
4296
2119
633
3267
308
6728
19
4631
770
8261
8271
1292
5898
4431
4859
3080
8458
5634
8042
82
4263
346
1987
5353
2250
7941
3036
2790
852
6179
1756
8459
4375
299
4276
5591
1715
4368
3889
1402
8138
4536
1514
5835
3145
6772
4784
7353
6195
4083
5982
85
371
778
8326
5535
6174
2294
6270
2632
7738
3018
8805
8164
4783
2356
7478
58
1297
273
8448
8012
1511
3953
2471
6097
3307
7925
6555
3490
2598
125
8442
8378
4039
5662
2229
2606
7624
1297
5484
8443
2694
918
103
8031
395
5663
4098
6816
5537
2641
5435
993
4764
4837
7323
6827
7109
6934
3191
6208
2071
1834
6403
8299
8224
7491
2578
5987
7838
2576
6276
6933
4099
1828
2195
7481
5238
4616
6748
5997
6967
284
5159
102
6287
136
1459
5046
6322
5713
7266
7903
5146
416
6915
5005
6225
2380
5074
2521
4651
5751
5376
8753
1389
1846
2064
4005
3910
2506
5496
5477
3192
7716
4128
8983
1539
8102
3858
8972
4055
1380
7845
3138
6099
5480
344
7564
6327
8101
4952
6925
7618
3196
2742
8963
2121
7538
5672
600
1077
1795
2274
7597
7535
5735
8729
1095
8627
6586
7052
7131
4294
1538
1359
6925
2638
8193
4629
3460
733
6475
849
2130
5232
7041
537
6471
8866
3987
2352
1941
744
1917
2927
311
3137
7232
1671
5986
1348
7625
7469
5693
5126
1615
8482
6973
2838
2478
6046
5441
7399
8080
8913
4053
2330
7075
8597
1978
2141
4294
8139
2513
8435
1957
2905
304
1969
1572
5749
2606
5819
2287
3353
2776
905
1032
3483
1318
8153
794
8231
8703
1570
1090
7227
905
2722
886
5551
894
8813
4742
8039
1608
3898
1318
2070
6180
6003
3557
5152
3476
7626
6088
2605
6087
8219
2600
1645
5387
6906
5810
6812
5603
6505
3901
76
6339
2189
950
4361
3768
2374
775
4773
1797
8729
2630
3617
8911
1300
3721
4852
2562
350
8040
4011
229
1288
7867
6205
2041
4212
4162
8250
5999
1912
2403
3000
7783
8231
7558
8417
6980
1973
757
892
7812
5924
6279
8222
8182
7248
6796
3645
180
1827
138
5345
1304
4557
5229
607
8747
5740
294
3932
8184
6924
6946
8970
2144
6644
5803
1618
3646
8085
2060
4750
954
5183
7718
3425
1819
2017
5912
998
2765
1613
8963
738
1867
3134
5339
5679
5678
2950
905
3293
6147
3017
6637
5599
1338
1448
3585
544
6442
3002
8897
3216
6555
6198
2287
2247
8124
4821
3171
6476
5986
2711
1239
6498
4778
4605
6800
16
8997
3767
8256
6323
7770
1289
8393
5243
8202
6934
4732
6159
1285
3425
7168
2717
1970
8156
6030
2378
8859
4200
6160
7266
4598
4575
5394
2629
8816
2873
2288
1103
5069
1729
4839
2793
1499
1579
3513
8585
340
3476
3552
1171
4985
7942
7531
7362
4979
5119
918
3088
2453
6589
8915
765
4166
4648
1727
7607
4835
8651
2312
5935
745
3281
3018
6692
4864
2224
8409
3374
1875
4805
6088
7873
2411
4540
3144
2939
67
2201
6716
5700
1143
2384
1761
81
6062
6309
4747
5861
4678
7417
8859
5565
4446
8890
4517
7270
2718
2246
6381
5158
99
7532
8217
1059
7216
8543
4082
4507
1702
151
1548
8250
3859
2526
1069
1354
4921
5124
2538
1634
5989
3063
3517
3669
3152
5194
3691
293
1218
6545
1154
820
5066
7126
5223
2119
6826
6523
6021
7704
6847
1269
8274
3846
5711
2634
8899
7123
5955
5839
408
3889
5676
120
5650
8978
3594
1492
3889
7900
6975
4971
2146
8765
145
5200
550
8624
7711
4213
1198
4691
8235
4368
2049
4428
4373
6016
6840
7272
7609
5523
4681
7376
3783
7640
1583
3681
2656
7395
5595
1318
7608
6835
2396
3252
4295
2252
3161
7146
3033
3705
4087
3883
1165
5186
3807
5769
5499
173
2574
4375
6198
7436
3304
2675
5202
1219
7895
1094
2919
2941
3421
7009
819
3754
2041
3031
397
1303
7669
7393
8805
8930
2366
8954
5546
5440
214
2223
3852
1172
1044
8258
7176
4758
5194
4628
7553
8342
8374
5188
3987
7612
6770
3433
4746
6470
95
823
7090
4405
4350
234
8672
1724
3071
8516
5741
4029
850
7316
515
7578
275
8270
4376
5109
8619
4944
144
7853
5489
5912
327
1549
5815
712
7259
8947
3201
3651
775
5746
2648
7431
2133
6004
8261
2903
6251
7471
8681
7595
6958
1602
6585
3174
2964
4277
7151
3532
4155
2523
5347
2902
8359
2301
5624
4628
2937
3667
8491
5581
6531
4097
383
4990
4271
2341
6476
4549
7327
5545
6517
4912
984
6993
7728
8743
2936
1258
5657
3
5310
4212
5992
3577
8464
5942
2417
2039
1815
989
7674
386
4792
1800
4038
5970
7588
6355
5936
8786
7998
8518
6596
5751
300
1962
7255
3869
3559
7519
7678
3561
4549
5773
3892
5150
422
2741
3622
47
347
7034
1216
2854
2170
4570
2162
2615
8614
7043
1997
2292
3676
7236
8144
3669
1696
2145
2511
8427
670
690
3323
5170
2468
3729
8540
3961
8180
7542
4354
6639
5656
3536
8875
7836
3278
1474
1495
3897
2987
624
5944
181
4300
3781
4301
8316
8703
3899
3206
8070
8072
5341
4249
7290
2239
1332
1115
3557
1111
5340
7698
2611
4010
35
7207
305
7456
8214
5097
8076
4022
7679
8036
6929
8938
6302
4497
5114
573
2331
7919
7066
4570
1214
5047
5301
7707
5763
2909
6679
6538
1045
7762
3736
1645
2262
1071
7960
1267
7976
2372
269
619
1563
4006
3829
3571
8116
2414
1210
7222
4670
4222
4306
6215
7759
1767
3200
1850
7817
2055
171
6938
1908
7534
904
805
4181
3583
3678
2363
4837
2739
7846
2725
2241
5584
8509
8515
321
7065
6312
1598
310
4048
6827
2244
3013
7263
3222
8297
203
1659
8500
7746
5140
4809
57
6837
2621
7651
5623
3837
1201
2331
325
3370
6211
1704
3213
1845
7346
6214
2936
8129
314
6312
4089
5116
4492
7736
91
1389
1100
2471
967
5263
779
3385
1493
8635
5913
7847
3383
6461
5728
1208
5901
4437
4560
3265
3976
6814
7242
5089
3471
1611
4468
7490
6767
3948
3472
3449
5307
8880
7793
6375
944
4461
2507
8744
618
1762
1069
2736
7641
118
7134
2301
3122
3994
4929
3632
8619
3393
5135
5373
4527
1512
8152
6154
1306
3455
5181
3877
1946
2831
5861
3117
4322
3054
25
2938
8532
3998
7614
4129
8465
6661
7575
6360
8040
8197
6085
7344
930
8034
6252
6560
4294
4900
7178
1997
742
5474
4431
2727
6796
3799
4796
631
5754
6425
250
2445
5125
3443
3655
1391
1557
3661
3399
7675
7428
5282
4989
4205
3072
855
8701
7932
4527
5731
2727
2574
6526
4513
6810
60
5822
3378
1587
7881
875
7744
648
3619
2546
1222
21
4668
911
4347
4818
3275
5952
8061
7287
6291
4186
5161
4349
7485
1950
2577
5851
1241
4159
6359
8073
1080
3850
2110
2501
8357
7378
5303
5888
538
6224
2097
1467
3990
5108
7322
7187
3436
7826
7690
6782
5983
8691
5391
1041
2553
8239
2194
7129
6755
3212
2480
5338
3807
5294
2861
4062
5233
1179
403
8901
564
6329
7561
3710
2528
311
6119
8096
8009
709
7589
1671
620
4713
3106
2622
1122
1710
6754
5709
4359
1066
1889
4063
476
37
6797
467
1032
1674
3848
4149
2173
4435
6090
8289
8615
8469
6701
1987
8423
85
3042
941
1718
5093
5633
7126
2565
5000
6989
3516
5593
1613
3982
710
1692
8467
5064
6840
6606
6442
1833
8187
5451
1793
3968
3384
7150
8114
8985
6313
4203
5358
3893
1357
3329
6422
5582
5654
3358
743
2927
2713
8941
5321
2898
3017
2323
916
6956
3039
6872
392
7203
6546
728
5344
6703
1632
6241
4657
7958
1686
1750
5844
6626
666
1146
518
7365
2058
7153
249
1429
3800
8440
3449
8562
13
1373
2245
5011
7143
1905
8647
2857
5328
1009
1682
2364
6836
8700
8231
3281
3615
7007
3300
1597
6800
2508
3466
2771
8438
9
4169
4793
5926
2589
2906
241
2998
2245
944
4131
8585
4797
7876
8656
639
8594
1180
2969
3272
2660
8544
3078
7478
5129
1753
3778
4428
2451
5813
947
30
7812
2867
1560
7814
5168
6567
28
8200
7169
4219
871
275
520
3123
3939
1397
1671
1363
5227
409
6747
8167
4448
1032
223
4350
5877
2721
956
8612
5322
5790
8196
2731
8751
8797
2894
3574
3654
2871
6827
1345
1322
6424
5551
5968
1599
5436
2811
8250
2959
5995
4144
6785
5747
4728
8222
6625
6859
6068
8994
2331
6820
8017
5126
8534
5648
4110
2850
7216
4764
5831
6504
4710
306
1293
8557
4542
5303
8873
1195
3957
1991
3728
3732
7338
364
5932
6050
478
7838
7240
3665
6718
1308
3085
5109
4734
8488
3053
2408
2748
6225
2675
8267
4430
6554
2597
7086
3225
1272
3184
3331
2448
5744
5951
6541
661
2263
2471
1742
3167
4491
4617
6597
4848
4807
2501
1991
4537
5988
2247
8700
5764
6306
5969
4778
7534
8558
1293
7375
1255
7373
8181
4207
8655
3807
3449
1870
7487
3247
3084
3695
8617
2967
3220
267
5869
1872
7668
8454
6834
7718
5567
5451
3525
4722
7451
2191
1296
3354
4616
6859
1306
5899
596
3827
8047
566
4044
8467
6828
120
2745
1274
2897
532
1684
398
2467
5035
5447
5567
2901
972
1826
3768
5258
8422
695
4927
8570
5674
2851
7046
5175
1421
2433
3994
8322
1819
6404
1393
6423
2272
1688
7600
4714
7207
8046
4930
5148
8774
2002
3093
7446
1936
2371
1663
7160
3778
3791
7830
6375
4090
4352
92
8713
3088
2463
1777
4094
4912
4411
5171
4333
1152
6206
952
8104
6189
3341
1660
8829
3178
8098
382
5481
3192
2543
5812
7619
513
6880
1008
4243
6061
2246
1610
6637
2832
6788
812
7990
2459
880
4333
3665
5943
5911
333
6767
8720
4437
8095
1833
1270
8145
2428
6123
5982
1993
1228
4894
1799
8134
1656
8602
4033
4078
6899
3999
6664
3002
751
7374
3863
7868
3307
489
5646
6351
2058
539
8590
1091
7447
8837
3195
2475
1108
7454
2808
1805
2226
6911
6921
4229
3803
8728
5545
7966
7171
3642
1516
3671
5621
3394
2135
237
4290
4247
4780
8450
2876
6752
8833
2290
5784
6285
1072
4238
8402
24
5625
648
8955
3911
7331
4145
4797
8090
1873
3066
663
6691
4833
757
8723
8983
6697
8271
4221
6471
7195
7300
6927
1843
8951
5527
2263
4636
8582
2053
2378
2644
4236
3205
6569
3525
3104
1174
4770
1554
5446
8109
6570
1710
3115
2009
157
4775
1352
7364
280
2646
4679
8185
4350
3382
794
8133
5871
4143
4700
1700
7759
2878
5239
2752
4970
5395
3788
6888
789
4878
8842
859
1336
7670
7085
6359
6479
3816
6359
251
7600
1016
3157
2141
6255
7175
8616
8768
7604
2570
3812
7622
1902
2890
8045
3014
5777
2221
1469
8387
2171
3577
7810
6872
4949
3944
5884
3571
4733
6405
1628
5877
3440
361
2312
563
4236
6017
7028
3325
6563
5624
2378
4593
4579
4925
4274
8347
6683
5609
2348
8674
7112
7023
2514
7698
8054
8864
1347
2905
6810
3914
4298
2584
4284
788
7517
6593
7946
112
2233
5408
7367
4630
1699
4655
2706
5793
5817
4481
8227
7785
6719
7259
1552
8164
5614
5210
366
8249
1663
7677
707
3507
4797
8232
7992
4662
3664
545
6156
4433
4413
8803
2140
8784
2507
6341
4359
2996
7864
7671
2357
425
5098
5120
3527
8229
3706
7558
7201
5504
3003
5595
8628
4420
8049
7160
5337
250
7876
4529
4296
5398
6139
4716
6926
3889
7909
8591
5013
2961
8114
1150
7357
5591
5872
2830
1640
6348
1819
1313
7068
5329
1996
7174
2001
2554
6746
8268
1130
8045
1013
3347
5576
1317
2830
8751
4322
4862
3973
6817
7369
1748
4899
1412
4080
7581
4454
2409
5728
2815
5395
3512
7201
5703
4117
1988
4805
4863
2603
2873
439
3915
5296
700
7201
4313
8652
5007
4075
7178
1608
2911
3175
2281
2271
684
5912
2791
6720
5501
8051
2721
6447
1438
7038
783
2571
4807
5630
4825
3074
3386
2805
4464
7889
4208
7927
4270
7504
2112
7773
1907
8970
2693
3859
5101
5626
6923
7276
4491
8249
2582
5861
3062
3548
887
5815
5828
7089
3709
5110
7939
6762
4011
7078
5391
8899
1195
4222
4360
4286
2127
8924
6699
6390
6119
8808
7586
4184
7660
4445
8355
4021
6136
7018
874
8524
6104
6102
5172
7220
8128
210
2417
8239
7969
432
7948
579
1481
961
1659
1722
5143
6701
5238
1665
1353
2347
6350
8597
3828
2905
7163
6857
3919
1701
1761
164
8157
4289
5848
5648
8933
5405
5855
3733
7439
2471
45
8996
1046
7021
1755
2808
8292
7963
2705
3158
1878
64
2804
5525
5566
4379
664
4200
135
8211
4472
1217
2912
4532
8991
6128
1392
3317
7330
4569
3034
1917
1612
1259
1053
4110
3853
8708
7099
7483
2416
2842
8604
5243
1840
2284
1118
6335
5894
1463
7403
4936
7033
1285
512
4297
7995
2624
8565
6876
7700
661
341
4520
7990
8211
3340
4256
292
2034
8704
7783
8463
6872
5469
4592
1502
6462
8417
1282
1257
7954
8585
2055
2698
4598
5158
7086
8209
3005
7184
6999
6707
8526
6829
4772
206
7329
4613
2719
4252
8166
317
7141
361
8861
231
1666
7546
311
7642
1775
1820
2420
4395
7878
110
1502
5984
2502
877
5235
3253
7457
7258
6344
6341
2675
4161
8384
470
7374
5593
2716
2609
4424
403
7500
1860
1166
2457
7348
3582
2218
6428
3178
3343
967
4673
3427
1769
2093
4122
181
599
3480
4637
5423
657
963
4947
5717
2417
3762
1991
3976
8965
1741
256
2362
8177
240
4461
2839
1264
5023
8268
335
47
4975
1920
3143
198
728
3669
7920
3740
2014
1904
3943
70
1303
4831
6219
8067
7199
3210
5158
3335
7519
5141
1754
1578
2644
1076
1205
7629
2083
7498
6343
712
2490
6373
624
154
4314
2417
4599
8990
4792
3327
8285
1599
27
4138
687
1800
3424
559
4266
6354
7746
7142
6105
515
741
169
26
6287
6321
4192
2552
8910
5587
8638
3961
3610
2647
7347
6150
3947
7114
8599
3875
6760
2428
4568
1365
8668
147
1056
8224
8939
8050
7279
4459
8960
4712
2144
8299
4917
6781
1298
8307
8757
6176
1757
5877
6313
1195
1391
8675
1269
3896
5731
6846
2622
573
1580
1672
8291
4178
4563
3877
7221
4235
4291
5795
3621
5713
701
1186
1736
6628
101
1062
2641
8379
6912
7842
8547
5419
1408
6799
8313
6677
5494
2747
933
930
4515
532
8937
2522
619
3835
1709
8842
4127
4053
3901
2668
6365
4556
270
8496
6205
4565
8750
1081
8978
3347
1509
7914
7948
3177
883
2247
4134
3652
312
1215
8721
6606
5946
1943
8820
2015
6214
5091
5678
4446
6502
4293
7530
2774
7251
3351
7917
4220
6207
2973
1536
2972
3402
4316
1924
1715
2239
8520
1918
2910
7571
8049
6529
4402
5041
484
7627
7205
1932
2384
6685
7306
7522
1583
2986
90
450
4637
2211
1421
4658
6469
6332
3801
1799
1454
399
7313
2649
36
8723
8062
8562
2779
4776
6179
5172
8991
4114
4842
1884
8087
184
6092
5151
1295
2656
2718
4599
4397
2080
4119
6937
8411
5787
4309
1311
8723
4143
320
5365
8529
103
2094
1338
1577
5986
1678
1757
3002
4327
0
3337
3435
4362
3825
2503
8721
816
8908
647
5930
5723
3884
5122
4244
7178
4382
3990
1063
6417
1675
3143
2585
8640
5636
3191
1240
874
7398
7706
6170
3348
3948
6112
8848
3536
2916
4807
2625
2774
6530
7693
2771
574
7784
7847
4388
6636
7391
2929
4398
3664
3719
8131
2737
3232
2370
5115
8667
7093
999
6429
6643
6735
5563
3572
5139
7254
8650
1923
827
3374
370
1429
7193
6462
2248
413
6126
4885
5276
5995
6029
2825
6504
4356
2109
5317
4558
6045
7398
6535
3959
1499
8152
7075
6471
5625
7118
8335
1838
8727
4130
1485
7218
2628
1754
2214
7728
7105
8888
3257
2225
769
3895
8864
7657
176
6025
1514
1907
3502
2013
8819
5935
6784
7758
6741
7190
6876
3695
8744
2941
6663
8659
733
2853
7413
2305
4139
1819
1589
2500
4868
7058
1502
4144
2024
3510
4377
7936
2124
252
2084
109
8046
1398
1928
4017
7935
6690
8489
3242
1581
6362
8271
3482
8636
5166
1821
5386
5201
5717
6349
4135
7707
7563
5502
349
8598
6260
2188
4904
4589
8167
3771
1729
2731
5070
4071
3805
8174
1129
1090
7410
8721
6746
6475
3810
3437
3843
6087
8450
2531
483
6327
1525
1304
7776
8262
7953
5254
1967
4757
4451
3811
1687
8134
4725
1119
1227
1153
5030
4359
3430
853
1259
3113
1856
5551
2265
3116
223
6280
4460
3174
5049
8166
5217
6673
1677
4234
2016
2099
6122
8017
5861
6424
5839
4953
2758
4454
3114
1457
1295
1741
4844
7446
4721
4241
7513
910
4417
3629
8077
4603
620
8574
4682
5798
7104
7049
6126
2940
3910
5898
2354
8074
1428
2986
7645
24
7151
4740
4910
6149
1101
2372
5017
2976
5912
2668
4112
6694
4623
5557
3107
1508
8831
4294
1491
5338
7750
268
4808
4274
8296
1615
7810
2748
4562
6068
8156
1616
1572
4924
5172
640
4940
3208
2023
399
5541
6919
34
5161
7503
3686
108
1720
3623
4723
4327
7136
823
174
2765
1816
2937
4165
5271
7821
7860
5498
8672
5173
3161
1699
1176
3949
1688
1230
4860
32
867
6790
5451
1612
5580
8358
2620
7658
5882
3473
7843
5850
4087
1900
410
2537
5093
7257
1940
5944
6662
7497
997
1666
3003
3428
2325
4009
6540
272
1667
2950
8759
4476
7078
3219
460
632
4023
2887
1172
5763
946
8021
7793
5768
307
6217
2809
5622
8966
8745
1820
5267
8870
3251
7229
7508
6519
1793
5486
1044
3344
8717
5539
3414
6863
5442
1865
4976
4577
3962
8719
4630
945
4150
7746
296
2781
8133
3311
1690
2048
1299
7594
5950
1089
3109
7227
3335
8827
143
1136
5572
4790
650
5989
8304
6564
7189
8272
4186
1021
8599
8305
4694
3259
6447
2358
8591
3058
8048
3237
407
7663
2964
4347
3844
7209
7643
722
3521
4341
840
2686
598
8819
8592
6192
4013
6478
8136
8292
4659
2193
3243
5101
1398
8709
2437
4505
7553
8479
5942
4039
1745
1486
8998
4908
4715
1178
1273
717
8605
3760
8848
8182
917
3170
3044
3073
7074
5667
919
1763
5301
776
4601
2712
5179
2370
7059
4118
994
6945
5636
31
7821
4970
4070
3249
5886
256
6884
6904
3720
2921
1907
7667
4446
735
745
3243
2890
2047
2134
823
4558
6550
694
3517
5201
2063
6807
651
2631
426
5150
1571
6527
5231
2144
2421
4122
6511
4751
8343
3101
4755
2068
7232
1939
5870
4260
3186
6891
8765
5136
4109
3201
4536
7941
328
8739
4408
4996
3218
5162
1367
5550
2815
483
3736
6840
2110
3777
11
591
7903
553
5787
5649
3010
2194
7395
6368
3234
1855
1122
6075
6529
754
40
4450
4885
3190
2104
902
5840
5873
1501
2818
5773
316
4249
7698
8790
4553
6481
3439
7563
1112
3820
6108
6764
5493
7274
513
1864
6074
1529
2017
6502
7277
7139
4770
5720
3781
5187
8624
4488
7206
3606
3510
4843
2391
927
1746
3914
4868
1707
6540
3295
5253
1403
2419
1316
4186
5559
2596
1559
745
8719
4592
6954
3782
709
5544
6806
3798
1159
6632
2992
2383
4520
661
8572
3383
5726
4380
886
6024
5822
6713
1695
6005
1891
6120
1564
324
6734
8932
1347
5136
6231
5090
8487
5362
1410
4337
5626
7323
2733
8032
5154
4824
1902
8435
4956
8842
3961
7196
6581
4448
8518
250
7544
7956
8177
6329
8809
7560
3491
4205
5664
931
2022
3252
7426
7835
2998
8
2793
2088
4819
1709
507
7019
955
901
3144
5537
6364
6133
8140
6968
7895
884
821
2517
8184
5448
3967
8160
4666
884
5075
4333
720
2866
6150
3743
2406
1665
6158
4786
2117
7299
7207
2269
4685
7478
3331
5083
5461
925
4064
3989
6246
5706
8002
6381
5917
2226
8266
8097
8327
2629
8247
603
4872
7528
8185
6817
8740
649
1341
8893
4886
4734
6393
995
3030
6643
2289
6354
6733
7150
6042
8577
4061
2200
7700
1176
2220
6883
3357
5440
4191
1275
7152
5168
194
5442
4933
2317
6813
315
4106
2309
451
8866
5695
7192
76
5951
5438
5347
5410
4653
4113
3698
4441
3707
990
5129
3608
1991
6798
2816
596
4234
7283
6745
6347
2564
3815
607
8125
1980
5041
2397
4463
7011
2659
6943
3082
8726
3087
4841
2040
2863
5767
3523
5671
1591
788
7821
8349
6890
5351
6237
347
4398
1667
1586
7415
841
403
4428
3433
7887
7735
7306
6551
2925
2162
4431
4052
829
4031
6385
3387
5414
794
2240
3673
359
8563
944
6856
6335
6604
7643
1112
52
7804
3422
321
5207
7308
2110
2235
464
3719
2279
6782
5756
2559
8049
8365
919
2098
2607
4413
1143
1148
421
1676
3375
6981
1853
8549
5444
7707
2510
6096
1768
738
7426
6597
4792
1128
4195
865
2660
1206
5601
5809
3667
4056
3674
355
8505
7981
1623
6941
5270
7073
406
2773
8467
2360
2129
4679
2868
7230
1771
8973
1940
3290
810
1976
4066
2913
638
7829
8679
126
7532
8531
2088
4871
335
6241
4894
5547
940
1389
3063
6959
4080
150
1240
3104
5280
7939
3970
1394
1500
6580
1735
4663
1554
3094
2247
980
7475
941
1627
3485
2875
6329
7445
2161
1082
5603
170
8384
6162
545
6173
5624
3477
4221
6986
4015
5341
4180
4123
8603
7271
3330
3834
3381
2957
4778
3068
4077
2318
7347
3030
5198
188
6687
7767
2962
3921
1621
1242
4288
2911
8366
326
7993
3435
3364
7427
4531
2733
5287
6708
2621
3567
6841
6491
4081
3487
7225
6685
8887
7011
7349
6492
7358
4968
5920
955
7069
6823
7611
6337
4224
3173
559
7269
3126
4253
8681
1290
3711
7068
3567
5399
1651
5920
5263
5734
3094
3342
1222
1230
4711
2471
1877
3040
3928
3846
832
8251
7888
432
161
3684
931
2520
2737
5261
3707
5271
7487
7528
5856
8397
4001
4881
1483
1998
3550
6278
6240
4
5670
7459
5258
8684
649
8694
8160
3744
6460
1460
1733
6169
2971
5102
7653
2774
7760
2459
5947
7645
8745
4851
4472
3709
3544
14
7871
5582
7564
5135
6299
7165
5980
744
6425
2192
4036
5291
8850
1634
5816
1714
289
6188
4941
7555
1219
1625
7055
5908
7060
5740
6781
1847
4925
6143
2217
6130
7763
26
2011
7742
2748
647
6181
513
1907
1374
4609
3178
5259
1330
8423
5152
1223
4503
6315
1784
7184
3782
1963
2594
2976
478
4110
8991
547
2529
6263
3320
8525
6264
2193
4078
5526
8380
2012
6329
5258
7738
5702
239
2630
6914
2726
6580
4309
2732
2833
3136
3032
4368
927
1298
1804
1849
183
5727
148
44
3263
8614
4351
1107
6960
3787
5365
5096
6854
1366
1660
1736
1398
7183
5911
751
5656
4609
3701
3241
6363
6128
8439
8124
1487
3912
67
2016
2734
6371
4222
3207
3428
7087
3279
2975
6942
5866
7558
857
3407
4738
5683
4749
1077
8878
2130
300
241
8962
4020
5793
6709
371
2594
5525
7881
7368
2738
4807
5030
6736
2892
1628
6275
2918
8382
4224
390
2998
5820
5209
6962
8603
1099
243
4798
7302
5028
6342
1079
2269
8350
2481
6956
5006
3172
3225
3254
702
6054
6234
8491
2578
387
5616
4888
329
1331
3658
8715
7292
1059
1484
6259
635
4162
8456
8943
7422
7880
6713
5731
7772
8871
3747
4226
1963
6241
2410
7269
4357
7177
8093
2753
468
5669
1510
6078
1218
1369
1586
5931
3719
6831
6912
47
975
7346
3839
283
4743
4395
8560
5700
7772
6578
6573
4276
8441
1542
7132
423
3515
3127
6413
5907
6786
4056
6196
1857
7870
5411
3466
1313
8067
701
8918
3874
2979
8440
6676
6254
7911
7799
5408
1371
7690
8228
4345
6910
33
2213
5445
7363
7307
8078
1868
6079
1193
7768
3235
8678
8473
7814
8344
3153
4949
8400
7365
8583
419
7984
3691
6588
2097
6722
2925
8783
2208
7369
6653
6173
3250
6956
8022
1371
5760
5912
8344
6584
6812
8575
8370
2929
1055
5550
575
8127
5689
8964
207
4339
1619
4166
7897
161
4610
7655
2258
3122
8691
301
7060
8475
6925
6303
4542
5435
2871
1634
4572
6314
4599
5147
2323
5733
7124
6279
3635
3062
6897
6005
8385
4001
1391
7957
5136
8369
3597
7339
6596
5984
1623
2011
3154
389
128
5472
319
3392
2981
616
7804
4817
3719
3967
3579
5231
7780
7548
4336
1324
8579
5736
1255
8141
3963
4354
4390
3424
1135
1968
662
6670
4839
7561
6932
24
2094
6653
8798
7917
2348
8877
4268
2953
3216
711
6341
5402
291
58
6363
4228
5459
1776
8428
1709
2
25
1254
4010
6651
956
3198
6047
7505
4273
1044
8822
3172
8922
6263
1615
3385
2503
3769
5486
8580
1904
2870
2907
4677
6109
4510
8202
1836
8586
1381
7218
4690
4894
3884
27
8733
5531
1837
8288
2400
840
3440
893
8445
8345
2805
8474
2312
3848
8253
197
2617
1621
8130
7341
1757
8185
359
1570
5482
1104
1189
3355
6477
2189
3876
1287
1570
6703
7570
173
8359
1361
5867
6519
7198
3024
8797
6121
1597
5645
1822
3504
5611
8530
2572
101
3321
8001
4297
6544
6954
6240
5258
2801
1249
129
6442
6354
6182
486
3775
8489
3804
1578
3825
1330
4282
2018
3818
6576
8523
322
6631
6388
5085
7332
4289
198
1347
5875
1160
192
8887
3693
6765
6075
3872
4319
3394
4817
8635
1307
3713
3129
7473
5221
7862
816
5917
43
2777
6381
5600
5978
7252
5877
4515
717
7949
909
7000
3609
7040
8206
2582
7740
1997
6587
95
1891
5961
6630
7943
5435
7892
8520
5123
2743
2838
215
4932
7928
1134
5697
7687
99
1801
4591
7282
6899
3339
4909
4676
2352
1822
350
1994
704
5668
7765
6594
6649
6650
1134
8998
3952
4771
4090
4910
7204
4477
2218
7250
2780
5685
4258
3075
287
5170
39
7333
5306
8400
8595
6932
1211
8492
7949
1183
3981
3855
1406
957
556
3577
6677
5538
3984
8459
7141
678
7551
3536
3860
3819
3803
5841
3820
6178
315
7508
727
1385
4084
6624
5483
1706
2472
7928
3869
3466
2863
8625
969
6412
3986
5210
4376
5570
6287
1039
7746
4103
765
1962
4539
2324
1641
4543
7570
3166
7674
8137
7676
8368
2831
3238
2312
4667
6473
6285
7195
8966
8395
495
8571
2011
8957
3337
1129
3935
3271
1892
1888
6981
4915
207
3906
4857
3315
6074
5401
2332
1554
8447
5802
2937
2478
7999
7118
7018
1427
4047
6523
5576
547
4365
920
6093
4081
7970
7477
2103
3806
4590
3144
7076
202
8755
3428
2501
4276
6863
612
5992
8725
5569
2238
8158
3054
8119
3546
1429
3786
3314
6281
5667
7374
8279
5131
6912
7556
8138
2305
2630
3799
6897
1729
5408
6041
7634
6295
3748
6168
8834
8704
7702
1928
4843
930
2211
5194
8617
1408
1903
8841
4634
8690
2563
4069
832
1305
8830
6560
1484
327
6903
2094
992
7973
7804
7763
5848
334
4658
3004
3446
5489
4186
8799
8722
1940
2276
46
2994
963
7291
8286
8203
1208
301
422
2292
1277
5093
4243
4812
2653
270
8728
5984
1856
8486
2947
4850
4405
2908
6691
5824
6641
3464
3069
3288
8494
8478
7406
6030
2744
2695
595
6186
8792
3372
8524
8961
4427
5815
7519
6918
7253
7672
6920
812
6695
672
614
5819
4088
694
4977
8740
5519
7988
3127
6979
502
3781
1655
2608
970
8797
6429
6402
3951
3533
7755
3761
2073
8433
7568
1886
1509
1672
2186
3737
8517
2576
1344
3038
8027
1243
1098
4686
3229
8793
7386
2029
526
5604
5571
1557
286
8146
1151
7967
6535
8651
200
6609
3448
7487
8628
3856
3535
4866
299
3515
4895
5600
3836
7841
4162
1575
3843
7225
8151
6549
1471
4364
868
783
7361
6033
199
7258
3775
5117
2686
6138
7221
2012
5446
1917
1829
1961
8305
747
2494
7509
5873
389
3512
8888
6433
2183
2967
1713
7010
1266
5525
7747
3754
1082
4794
5807
2842
537
5207
1224
6934
2847
5065
3855
8831
3583
3208
4195
7421
311
2583
7140
1294
2379
2214
4309
1372
3422
3026
4892
674
6262
1151
7599
1526
586
4916
7340
3786
6499
4740
7052
4333
6957
3837
8006
4151
8889
4481
5588
7393
4456
8186
6268
1466
8550
1475
8837
7943
3992
1265
5676
3578
5891
104
4962
8507
6515
1570
5275
4068
3164
5490
6854
7149
3737
7295
2164
7296
2855
3860
2415
1928
1964
4588
1320
4506
6626
5290
8373
1254
3090
4863
2101
1471
2126
1117
1194
2700
6864
3784
2314
7379
5624
6908
5057
4308
3534
7474
2774
7057
5180
2580
6416
2005
7263
4119
7949
5794
178
4345
1256
5645
8335
6000
1541
8820
5443
1106
2985
1231
5117
3331
4395
8820
3091
6528
6384
4213
7400
7826
3048
1500
6350
4710
3947
918
2476
3746
783
1349
6236
5746
8682
4000
2908
8464
6942
6205
6014
3570
5925
4847
8726
8493
8130
4298
7400
904
4034
8427
6836
1275
6829
1405
4487
6486
7245
2382
2911
5430
4002
6304
3683
2914
5047
547
7404
7836
2876
8080
8323
379
2153
8928
2073
6956
1140
3122
5997
1089
7168
4628
1221
4818
570
753
4253
7464
1920
7969
2477
281
5009
70
5570
8981
1155
1010
5603
3623
2261
438
5862
5799
7865
22
4487
4956
5469
8312
4148
3879
1823
5299
2776
2466
1075
1628
4786
2719
2458
907
2297
5942
7800
8900
3870
8638
1818
3825
7310
6805
6051
1469
8659
7803
1602
8844
3166
7200
8425
7511
8163
3013
6187
4571
2040
1384
75
8289
3691
585
758
6200
4496
7425
4741
2365
1084
7907
6729
8245
513
4147
6146
4801
3997
4970
2566
8496
2385
6348
555
4675
7836
616
4233
5698
2402
3238
2039
1012
5420
6600
3088
1523
1829
3063
5961
6654
4806
3942
3259
5448
390
8451
8215
5502
2802
1426
5731
7325
7957
5372
4823
8361
492
6180
1780
1075
2977
6170
106
8802
4401
8113
7748
3442
5540
3659
7819
1602
5929
7764
5179
6655
7219
4699
838
8734
8620
557
323
2359
1989
6604
91
2029
7903
6141
96
8082
7649
3495
1314
6759
102
1871
5479
7584
770
5481
453
6486
4505
6081
8127
2895
8716
5423
7571
6280
8737
3344
3396
1386
1645
1889
5737
8058
8265
1463
7209
291
5759
1914
3185
4430
1655
6376
2115
1953
8482
621
8628
7254
8114
384
4227
418
2460
3553
4329
3486
8603
2839
7889
7250
746
366
6590
8317
8238
8941
6475
2489
5950
7862
5315
2764
4064
8166
8934
1497
6129
1956
7564
2109
4320
8975
3457
1013
279
8031
6525
308
7919
7070
5607
5147
1720
6544
6701
6609
4098
2924
971
5906
5666
6903
6733
5988
8508
334
4411
5460
5114
4361
696
1295
5686
6480
6182
7133
5066
4957
2451
5319
5737
8856
2504
8489
801
4761
2315
2211
6712
1808
843
1177
2160
2841
139
555
7345
508
8742
343
4473
3416
4189
6529
5346
1543
6775
6860
5032
3077
1894
4859
8101
5234
2482
8768
587
5111
4260
2582
6462
4949
8137
3586
7444
7001
1681
8604
6849
8059
3763
2644
8707
3830
5967
5519
5662
3842
7695
8584
8157
2709
355
99
5415
6144
1487
933
7074
469
6547
2743
390
239
3872
161
5752
7818
850
6844
4065
8545
6406
4808
7587
1166
7793
5412
7744
1660
74
4675
8838
2936
8717
8251
8995
3782
7829
3818
3753
6152
4917
1193
3766
505
6188
8154
6010
7584
7323
2542
8822
2608
4499
5415
7950
4660
4280
6700
3626
4048
7700
763
4263
3706
5425
6208
4405
5863
8743
2036
4956
6979
4998
6313
7944
2336
1025
858
806
4575
8919
4047
4482
581
1087
4517
8927
2100
7351
6516
3969
4067
4857
4715
691
5448
155
6694
8976
7849
3929
4679
2088
3906
6834
3067
6809
6560
6883
3563
2903
8444
6395
3362
4698
7676
3165
3814
6922
2315
763
88
650
3424
7158
8158
4870
1989
2527
5368
1650
1542
1232
71
3920
3529
1252
3905
3925
853
5231
5506
3081
1530
4875
3604
194
7688
8825
2143
4396
3852
2544
1531
7215
8509
8693
5530
5892
4885
664
6443
2517
8427
4638
6689
3665
749
3488
4906
5688
8762
1808
3307
8161
2253
8003
809
5774
6646
3911
578
1264
5267
3490
5098
3013
5748
1124
3546
8890
6516
443
7138
1926
2195
8889
7423
6222
3841
6004
1752
2062
4508
6001
4394
890
2426
3678
2676
2673
858
3691
6020
3867
6717
4580
7576
2815
7362
2678
3089
5692
7423
3123
3466
3826
7420
2292
6478
2851
3969
8258
8375
7963
87
8232
4163
4889
1884
5977
3257
2825
