118
57
25
53
129
178
215
185
239
170
175
145
203
214
274
244
0
127
235
7
286
46
21
150
81
119
93
182
250
248
6
266
198
52
174
37
217
236
236
223
0
20
56
104
155
247
43
44
30
78
102
271
12
188
218
56
165
196
208
207
145
291
199
254
130
85
95
186
167
130
266
258
243
42
178
68
153
26
38
179
134
261
45
126
117
124
69
243
284
103
250
76
283
254
136
202
218
15
239
152
85
261
24
261
147
278
41
277
289
14
185
58
132
76
187
59
174
55
63
258
122
158
99
227
194
92
103
237
47
124
35
229
116
200
151
62
185
45
213
72
235
55
194
37
149
91
227
41
273
139
203
170
137
294
154
286
265
73
159
285
133
274
203
6
176
7
89
261
257
231
65
295
227
6
257
23
80
286
60
95
63
187
265
110
14
131
293
47
87
278
53
227
231
70
242
60
150
67
292
204
6
276
250
260
169
218
132
258
258
61
147
142
140
160
254
172
192
193
146
272
222
35
183
30
254
49
74
262
32
104
219
133
228
196
260
138
22
163
245
219
19
276
284
267
221
196
269
229
172
71
234
224
97
139
232
287
189
53
253
248
235
265
43
212
56
130
99
249
164
78
11
117
234
50
162
55
228
215
118
16
273
39
104
128
216
78
48
170
125
135
92
46
116
226
170
179
86
56
39
78
