1253
1578
762
691
1443
1379
1957
1248
597
312
1318
1584
775
469
350
1807
1400
1405
158
1510
57
299
1090
353
1281
791
529
799
830
242
1581
1973
23
350
1845
1888
381
268
1450
1749
735
1955
863
1654
796
1562
393
1188
466
306
1990
588
1670
1491
362
431
1341
1986
180
673
919
1179
879
1678
267
1249
1684
1348
557
1039
637
1361
1325
730
949
858
201
101
1307
692
786
1984
1636
1539
1436
1166
128
813
1102
1458
469
1722
186
1654
296
443
727
487
1451
35
1929
1984
1856
246
1074
817
75
1309
1682
235
437
1715
90
715
1533
192
431
1
393
1343
633
1517
314
397
715
805
1533
129
605
1540
1582
1987
1604
818
1928
330
1876
636
375
389
124
928
238
1605
895
488
483
1734
419
1408
1864
1337
930
261
822
415
1790
1869
818
1044
1314
333
81
1269
675
122
40
1567
789
463
1723
1798
410
1048
327
1054
997
1097
60
1418
637
1903
866
1839
269
1744
940
1843
1384
1137
730
200
1769
340
712
767
873
1228
1140
1818
1162
1359
141
1955
1584
294
999
1794
688
1076
1339
607
1072
257
1834
148
845
1538
1826
1406
1372
134
1530
768
1096
383
1607
1828
1114
1547
1233
607
951
1359
176
1008
579
1087
544
1925
1331
684
483
937
1600
762
757
574
1527
1533
1643
643
1470
256
1125
1282
1473
1873
1059
921
1386
700
1587
1442
655
274
1576
609
1814
886
838
250
531
805
314
1581
1746
1263
1959
1231
1247
1910
1211
1638
306
50
1840
1792
1673
270
1134
1377
1358
1619
1437
1543
568
1294
72
283
605
1937
1694
263
788
1075
1315
1214
1224
372
1123
1645
745
930
198
1548
621
593
1934
1072
1460
1882
125
1568
1977
1971
1252
482
340
599
1734
98
444
1329
1468
766
1098
1210
1329
1329
1944
269
365
1690
121
132
511
456
786
1393
1924
1828
86
522
356
43
959
1393
843
1767
1048
1295
965
521
1144
1901
1619
741
856
1103
1050
1417
86
1517
1546
1227
626
879
1180
511
565
1685
1189
1906
1410
672
1399
981
1157
209
151
1801
744
1979
1257
1044
1092
743
807
382
1300
341
193
795
1156
281
110
1188
1913
201
192
1908
1899
18
198
1148
1357
1938
779
19
1054
1846
1707
1086
1335
1600
1574
232
1428
548
1069
1902
432
383
1114
186
312
965
1852
649
930
678
1359
1099
1703
764
1962
359
1995
1523
82
1928
1662
629
1180
1384
1418
593
1616
1240
444
919
1881
745
1712
1107
760
1354
1302
1620
1881
654
1217
920
1197
1145
1325
1030
998
1111
64
1287
1137
1481
841
1249
302
541
1141
1746
363
1112
1921
1109
1822
1859
1178
1764
65
608
1840
1355
1672
727
1961
805
1886
993
850
1093
797
112
255
1666
1613
1465
1908
1392
1763
671
796
1319
907
845
22
946
1089
848
800
1255
840
1775
1388
1214
1725
136
879
943
1190
200
1000
1692
468
662
462
1800
200
1068
18
979
1314
131
963
1316
212
634
368
850
997
308
1208
1166
1425
923
525
128
686
1844
135
1260
809
1985
1413
1329
463
1724
1423
1006
872
695
951
1745
61
1677
1437
1422
570
20
145
264
1519
562
1940
127
528
1145
375
1270
396
1921
213
1103
635
1264
285
182
65
1032
1879
1399
367
573
375
1660
920
49
1487
1847
1169
494
1327
584
642
1584
1784
1628
649
28
1167
419
254
1169
589
1164
144
890
962
735
558
1564
1881
1030
1699
498
1175
745
792
803
61
1733
1357
541
110
872
1395
144
634
107
1344
1657
1064
860
197
329
466
1991
508
290
42
1969
1323
1006
1963
65
1942
539
650
1036
1361
1991
1675
811
946
324
1808
634
821
616
716
1439
1481
1187
502
1925
1592
558
1273
1381
212
1133
168
1312
1740
1520
815
1115
1454
60
20
1224
678
1072
733
621
581
1495
683
1395
1677
650
419
268
280
1359
1134
1602
505
1010
1318
105
554
94
689
400
1540
263
954
1433
205
1943
522
162
1484
1860
454
1695
200
1963
514
166
78
507
531
1767
1105
1824
1698
678
1228
1002
1037
182
1123
1129
1607
948
504
808
1232
797
713
67
1199
1741
438
230
1659
293
1792
947
457
520
573
1263
1440
1394
872
522
856
118
438
1146
1585
1954
227
1427
1152
1601
1659
1413
404
1149
565
1505
1063
638
905
1849
624
52
1905
1347
357
861
1406
1258
861
147
674
1762
468
1621
298
1302
1543
1696
1407
991
175
666
882
1043
604
251
1412
1527
1302
969
648
1042
1496
238
1376
992
873
1944
964
1184
1583
989
369
459
1608
1304
557
337
1667
1685
665
1314
1689
532
832
1397
1626
525
1452
1193
1617
977
1320
1781
1321
1513
703
958
1881
894
67
821
1626
1940
282
730
1146
1971
1235
1985
585
1155
1318
1791
65
1843
458
929
307
502
1312
329
1787
172
620
871
1381
408
292
1600
1337
931
1440
1837
882
476
1921
1122
1405
505
1007
281
893
1007
1563
298
75
427
1427
522
586
379
244
1118
185
11
841
554
97
607
801
1530
1950
426
911
1403
1003
457
1915
183
630
912
1478
1564
418
462
474
88
651
799
832
563
1733
1022
1963
1289
109
1765
1138
259
353
483
843
544
779
1784
259
229
1528
1200
394
1742
647
1657
91
63
1549
1347
1913
141
1190
660
1412
626
1478
373
443
1104
717
1436
1484
1061
1912
1302
551
1383
292
1649
1904
349
1374
835
1411
986
1926
1131
1394
1575
306
562
1210
1371
703
429
164
1241
258
1058
55
887
1180
1621
1402
566
620
1230
1895
19
1646
1528
204
985
1041
1576
1915
1552
1127
696
1537
838
1829
1247
115
56
1738
1663
1652
1230
1549
107
19
1872
31
803
1329
1817
1391
349
769
903
1068
1506
1272
507
533
1634
180
707
1212
452
1113
1009
682
943
1574
760
1036
1566
167
1235
1882
1763
851
1138
88
1803
1349
1089
1750
889
168
1799
1874
610
1307
1880
813
1381
564
1303
539
1765
896
828
1204
1396
1129
1182
7
1325
945
1645
1087
750
411
1374
925
369
1481
1236
1636
1653
191
1335
1236
622
1670
100
159
1941
877
769
615
29
1674
475
1160
1124
1567
862
898
1249
1415
832
670
48
1007
506
1265
1400
417
1924
463
1766
1388
1324
823
999
944
755
1101
1431
805
164
1429
1505
1451
530
1194
1153
1115
285
62
430
1613
1184
76
1358
99
746
569
1077
162
1302
1961
30
673
1914
1950
788
330
1753
27
1741
462
981
151
1204
981
565
525
577
1955
62
1153
1799
1926
1233
1916
539
299
193
1144
1676
640
1151
1703
1730
1892
1396
1309
823
731
1114
447
989
942
711
467
1435
559
951
1159
696
874
1813
733
1122
710
1446
708
218
731
579
1202
880
94
1217
877
807
1656
366
745
1013
117
1705
1483
1546
999
1455
1869
1642
427
782
1626
856
1987
1607
137
1616
531
1413
710
193
743
389
443
486
993
577
1087
288
65
1020
69
882
1036
620
1093
568
79
1647
1575
1716
1853
524
299
534
788
1672
1878
632
1326
1169
567
1699
163
346
584
1842
1356
883
352
817
1058
212
1461
945
901
902
1470
1643
1129
14
423
1902
426
1031
830
1927
144
554
1722
1836
1037
1549
571
549
964
870
300
199
1956
394
725
1662
113
1639
1021
1111
164
1578
925
1863
1400
973
80
411
470
929
566
1726
1851
852
952
864
1732
1518
614
121
172
142
1579
1338
1756
140
626
59
1457
155
1906
1447
684
1325
69
497
98
290
1286
1745
1812
127
1097
1182
1913
439
292
1194
1078
409
1355
405
1840
1541
1786
1694
633
156
1035
333
278
499
151
1734
929
1731
825
491
1306
1585
254
370
248
533
601
1453
190
1977
1091
1948
1208
768
191
1483
612
992
1132
633
110
1021
643
519
1156
500
1600
1384
904
1729
1758
523
1412
1549
1851
994
1191
759
1259
543
1070
1806
984
506
1742
1544
1494
593
589
498
1509
1405
1248
1605
1679
892
1487
1057
2
384
373
441
1272
1284
868
1562
705
1014
309
281
1650
934
1452
168
103
1289
1258
229
836
106
253
1712
1321
254
434
1862
1636
1762
891
478
672
724
1979
384
1130
1962
1037
717
1221
498
1221
1823
564
1992
574
237
484
173
3
507
188
1194
1641
396
605
1377
1385
661
963
1164
1388
1472
1326
485
1919
601
682
1905
1141
889
1033
346
668
12
1091
119
1271
353
836
10
1963
1342
164
1126
518
1389
868
746
1049
679
435
879
374
1675
720
1962
1140
634
1626
1534
175
627
323
577
1789
1558
1540
1913
140
471
154
19
422
1329
526
1424
550
693
1218
1661
309
1246
1302
1533
477
833
811
1253
447
886
79
1027
1039
1677
807
1612
1581
1936
1931
1313
63
1363
1290
173
1129
1434
1151
1422
1791
424
1899
1517
1
1807
1938
844
933
936
834
587
1555
1472
125
1782
585
1982
343
1919
1759
1709
1307
691
1893
250
1593
620
456
1452
1738
1731
1747
1482
1316
1135
1730
1085
680
1886
1362
1236
1497
1903
1333
654
1959
1066
225
360
633
541
1448
658
1338
1107
722
720
458
1987
6
1338
1493
643
1928
1536
448
118
1292
1102
1535
745
712
328
1684
678
472
322
1747
1907
347
1663
305
1627
1979
1188
618
278
362
263
289
1783
328
377
1202
1506
864
1326
291
1368
898
1605
1354
64
1660
72
1384
68
753
258
1843
181
1163
327
609
316
573
1541
1728
1230
1601
1141
258
619
1665
270
470
788
849
1926
338
1974
1065
405
1404
1511
1952
1513
424
1660
35
1088
732
933
1606
1221
1215
517
961
1002
991
1969
780
174
66
1589
165
187
165
301
1022
446
304
1271
596
20
1834
387
1433
1694
1080
1235
195
1425
1201
1541
1838
61
382
506
652
903
1821
306
1325
324
260
166
537
325
18
1522
1114
810
1153
669
823
1972
760
1718
1307
1180
493
1261
1493
57
360
363
392
65
1346
878
1602
1152
1932
37
1833
1326
1500
1749
49
608
1330
422
731
493
410
1485
760
1643
1306
630
971
469
362
1693
1180
1852
1651
794
1864
888
256
455
950
1496
145
414
1941
1869
143
644
1680
1888
1530
637
1396
699
1949
666
40
651
323
902
251
304
1043
440
540
1182
1303
229
1714
723
91
886
684
1381
592
498
1443
711
1248
824
971
56
299
315
1896
265
1728
1209
542
153
248
1914
1344
1327
1869
1442
410
2
1592
211
1499
1288
487
978
1609
650
973
435
1560
528
131
836
726
894
396
1428
1581
522
1399
718
1436
1545
1453
22
1327
694
330
286
1706
1102
73
165
1797
554
712
1709
1889
1546
459
807
745
443
876
1997
3
885
1088
1932
598
243
1044
61
1510
431
1622
1262
362
633
784
1553
911
820
