2086
7827
6727
1797
2462
8450
5679
5190
4542
8987
8615
7016
5712
3175
8296
2789
4400
1442
4240
8732
1722
8749
974
1778
1016
6227
3220
7199
6580
1841
7674
6012
7183
2727
2492
5858
3243
6427
482
749
2875
3996
1216
8872
5581
1052
3177
5058
905
6055
7989
7727
8433
1256
6772
8969
157
3915
8534
8429
6138
1029
3640
5458
2662
5135
8525
755
2634
2546
6903
1390
6548
1740
8328
4277
7377
5000
4858
2466
4707
7180
8206
200
4956
7836
4085
2492
2480
6236
6321
4378
7160
1266
7687
5668
4368
3410
4060
686
7038
3211
4305
8412
5885
2039
1212
2572
5702
4655
6876
1848
842
2677
8777
6460
5431
6955
1541
4959
4100
7089
3107
4940
6802
556
8907
7959
1969
218
8942
8565
7540
1242
8068
1300
1050
167
1368
2337
6610
7206
829
5737
6946
6829
5136
5615
6188
3347
3009
2604
2654
3047
6943
5301
5620
2520
3574
4038
2244
4131
4712
3692
3886
8835
4973
4465
5078
139
160
4640
3095
1567
3049
6664
1830
4689
2992
7325
3528
6343
604
3321
417
2937
1712
8842
3250
7680
5799
3102
46
7994
8996
5881
6377
3914
5280
4615
366
2453
4080
981
8299
3111
4090
4025
7515
7276
6893
6538
2872
4994
3659
3281
1402
7923
212
8583
7577
3497
6647
6553
275
7002
7775
4311
1874
4811
6104
6738
4821
7609
220
1051
1345
7939
5135
5888
2836
7530
4059
8089
4495
3474
8361
1385
7717
2851
6605
3952
7115
1872
6692
781
4046
1984
8117
5737
3580
8043
7953
2119
2544
6796
6624
1319
7126
8645
5249
6769
2694
3249
3838
5215
3936
6146
2298
3300
3549
6490
2584
6808
5590
3391
1273
5557
2468
2152
8097
4596
3019
6228
7671
5616
8507
1042
4736
1893
8244
634
398
7537
6989
178
7298
6760
2345
1510
3899
1326
6712
3887
4385
8140
3301
7459
2643
6550
1849
1405
2473
8940
8955
7291
3783
220
8890
1726
7007
208
3089
2279
3186
155
845
4268
8090
8239
1326
5393
8143
6315
8807
68
2156
4960
4164
7945
5829
4346
1976
5460
6128
436
1744
6748
4189
1676
2064
2372
787
8646
6711
7918
1288
6740
6113
2553
228
2586
1353
7737
6339
4599
4665
3501
8293
3224
8192
7691
1972
7407
2126
768
1569
7385
7983
8908
2316
7638
8401
6449
3550
4505
6708
765
3860
3510
8926
1493
1762
8355
4824
2441
3226
5623
1448
3863
7720
7360
4755
1623
2083
7065
7791
8669
7962
616
6402
117
1680
3885
7619
3689
7637
782
3275
2942
7043
2295
5767
3117
8618
6839
4669
8157
5976
2398
4809
6605
6545
1707
8475
6767
5574
5506
4782
6688
4333
5634
5431
4797
4141
5413
8536
2935
5629
3248
4784
135
7736
506
3409
6852
3510
7290
4070
2737
3634
3609
2703
428
3843
6974
2706
3689
1970
8864
7112
6005
1303
3254
7577
1926
6328
11
1893
1880
2112
7869
4296
1314
1583
2388
5552
3167
7779
1992
566
5329
7395
6075
8319
5368
5692
4197
6654
7967
6330
4470
5544
7719
3005
5695
4124
6389
1589
4529
1117
607
6555
2039
2661
2725
5413
8792
2031
1898
5126
8148
8673
6481
5088
2328
77
324
1510
5180
8266
2255
803
1681
1572
3051
3689
4288
3836
7055
5983
7758
4797
7617
7810
2995
6733
2762
886
2506
5083
3144
6737
7563
5068
8837
7732
7956
1204
8500
5951
8974
1163
4212
7296
6571
821
5332
7936
4774
7790
2486
7746
2691
6865
6545
4368
3157
2163
7943
8468
5366
7176
7629
8968
5953
4937
545
5003
5483
3457
2453
617
544
6459
7185
5925
4626
6130
1007
8270
1437
7100
4560
6979
2294
6836
1124
6715
3993
5602
4527
3749
6497
6010
7207
5585
4882
8478
609
2722
8594
752
6235
8569
4878
103
7012
8935
2226
1285
3872
7006
7592
1948
6304
6325
2770
4243
3894
4374
2354
6793
3821
77
3630
8804
7415
7439
681
5501
6249
7356
1076
4604
3905
8843
6468
4572
6912
1041
6773
6419
282
6102
6917
6977
3937
3468
5507
5290
2041
884
741
105
6551
5295
5553
7922
6371
5006
2403
5836
3205
6790
3518
1650
4380
683
8406
1373
6856
6136
1049
1792
3417
7361
2958
5991
8545
2917
2405
8404
8348
4459
8150
735
2256
1863
3638
8306
7287
825
516
2894
5105
3459
8370
438
7407
973
8735
6854
4922
7695
8129
519
8570
218
1120
7898
2891
7363
2413
7846
6665
2933
6625
6368
8996
8610
7738
4550
4798
3334
6000
2216
4369
8808
7302
7611
5175
1325
3124
1635
41
5619
1770
2381
8264
1183
2550
7486
5922
5571
2390
4267
4740
8215
6858
4879
4087
5459
2976
3962
1741
5359
5763
5404
6178
8056
3902
3350
4695
5535
5385
4824
3049
2478
6
7125
1032
6738
4614
336
3012
3896
1293
3145
4338
5086
3844
1639
2604
4367
3205
6676
8215
6601
2752
816
8382
4879
5388
1851
8524
3934
8538
7674
1470
7071
515
5188
2854
2664
5322
8434
6644
5631
6332
4290
4591
8676
940
4455
1513
5473
5243
6326
7561
6480
980
1750
7834
922
6030
6781
5145
56
3442
7556
4076
6039
6005
1446
8845
8061
6943
7466
5078
1682
7809
4642
3110
358
158
4264
97
4701
2192
6028
4678
729
2707
7212
842
8108
3031
3057
3971
8599
8383
2489
4775
4140
2550
5271
3130
7957
1865
3507
1221
2784
4159
607
7572
8312
2622
5071
1944
6224
7639
6739
2091
4478
2961
2781
4747
1081
6771
7186
6965
7769
8499
2343
4555
4002
4668
2250
6848
2156
7396
3449
3015
4162
5731
1034
6412
2965
7023
8345
8010
597
773
1911
6468
2851
5202
2093
8495
6206
5703
933
8460
1096
2019
6417
5180
8988
3034
6579
3347
1966
2875
5664
783
7079
5128
7442
6642
2243
6070
3232
4995
7593
5740
1716
4180
8518
6801
6673
3116
3638
766
3494
3596
6097
8730
7220
7998
1558
2236
4584
1569
1279
3091
325
8857
8840
930
2241
4836
7037
4751
1250
2503
2647
2970
5325
4375
2282
6203
7443
4188
4606
8756
8993
4840
3656
5790
3514
5149
7213
1935
611
2555
2474
8048
5330
8945
1499
3333
6372
7227
6710
1126
4250
4106
6467
147
6463
7682
8171
1588
3041
8085
5817
750
5305
5188
3241
1009
3561
6053
1564
830
649
2512
2381
1166
5469
8587
435
8462
951
2582
8604
4287
3100
2841
6906
7681
7366
6425
6548
6991
3174
4281
2076
54
8035
6093
3720
7000
3739
4426
6767
5965
5669
3281
2354
129
7129
1355
2749
8600
8853
5879
5217
6365
1236
6422
583
5490
8845
1527
5555
3818
6430
5606
8914
1938
4818
2127
7025
8279
254
4928
899
5025
5692
4837
4359
3684
7370
7733
412
5503
4835
1818
322
4429
5391
1670
5479
1673
5577
6984
5106
4031
2301
3262
6303
462
5300
2317
8935
745
3221
5155
820
1668
2634
5726
7334
2220
6532
3445
1061
871
5716
8388
2419
6595
7840
6877
5333
6259
7789
6449
5390
1091
3247
4919
8864
5972
6210
2923
4064
8251
3892
1800
3500
4860
7410
7232
692
3405
5092
1519
307
5253
1269
1600
7752
4379
3066
919
6901
8978
5175
4310
2683
290
8864
4443
504
6650
1235
4831
1847
1065
4616
3505
1842
8181
5993
6440
6269
8307
7532
8039
1394
1868
4818
2107
3093
5504
707
2257
7836
2868
5904
826
29
4055
6965
2944
4020
1179
2329
378
1143
2663
8819
8595
3487
945
5611
1473
5701
3113
8338
4042
3319
6696
4375
3409
8902
655
6206
8253
4901
7661
1463
4594
4168
3064
1001
2753
7719
6708
8417
1626
6549
3657
3843
4851
2889
8494
1195
8936
440
2444
353
690
7181
3006
1711
1053
7255
4980
1456
4456
8629
831
230
5585
8216
4391
6640
1881
4245
7696
8302
7891
3853
3682
1739
4043
315
2287
7142
6713
7474
5560
1797
4652
6873
4977
1206
539
5980
3355
2739
6255
4607
8848
8050
8812
8241
8289
5854
2198
6595
5531
6141
2009
8964
7088
1975
4280
6922
6985
8800
3839
5055
4161
6650
2756
646
6877
6170
2344
5544
8528
6956
2660
1151
8131
5030
1566
5055
2409
8343
8539
5868
3201
4354
7094
8740
5749
995
6167
7841
3223
5732
271
6299
1026
1860
3495
3440
7334
3565
1112
2113
1838
6136
1301
7722
6860
8032
7764
6029
6837
5879
5540
6269
5494
2225
513
3370
389
3091
4954
8205
4613
655
5428
6553
5065
1103
8863
668
7049
4932
8022
281
1114
1426
5188
7612
32
2849
7554
2593
8975
8043
53
5545
1919
4349
6396
7873
5862
5596
7919
4889
1367
4445
6986
5710
1736
6664
6529
8109
2713
5826
4750
573
5328
4358
6511
5375
5826
4976
1746
157
3244
7414
7930
8212
79
2418
3019
7447
2802
752
7080
8913
1922
577
2151
103
476
34
1914
6040
7314
5156
534
8265
764
6888
88
2353
5926
6999
8219
8910
6928
6563
6334
5387
5771
4966
3435
4823
2430
6429
1499
5194
6832
288
5652
2750
833
2521
5484
640
5761
3926
3359
26
5962
3837
8557
4062
8985
5339
5655
2337
5590
8912
2999
641
70
8683
4959
284
8486
3918
8802
3191
4952
3701
7455
3024
6506
2577
5965
3041
2017
2987
6912
1362
5581
8439
6512
3841
558
2031
7274
3880
1180
456
1672
7763
252
8182
1804
2292
6550
6759
8755
4797
7243
7198
7780
2833
8380
7134
5703
7024
3670
848
6514
8574
4562
4372
1439
8966
7721
4328
7241
2648
2404
696
5085
8244
1241
6074
8438
8353
849
3300
3649
6991
4935
8341
3423
7053
107
3068
5416
6632
1124
1081
5436
8825
869
5238
892
2258
7806
402
5184
4133
6611
8618
2002
8784
5113
2212
5272
1672
3269
1153
8087
7513
7127
6230
5858
5240
8219
1912
7682
790
3352
6545
3584
3537
4921
6051
6765
8080
4746
1680
5042
4730
6013
8364
1844
7708
4201
7600
8375
5934
8972
1515
8947
2416
623
2046
1124
4998
5496
2101
7411
1853
7381
453
3042
8657
3572
1951
6973
4909
4087
1471
2548
8645
7637
3337
4685
1043
6716
2521
1678
2861
4690
3381
2968
6743
6164
7201
2351
8459
6677
5358
2629
1497
3695
2657
3943
5324
5696
6380
1648
7403
3660
8163
5809
5113
864
7309
7186
7626
2735
8284
97
1618
3869
1147
8745
6219
8696
6163
7023
178
8263
6729
6558
1431
6963
8480
8698
3456
4274
1503
273
6697
7850
1583
2694
8121
4338
7844
1599
2572
5532
3645
7446
3281
1175
3641
724
6175
3642
4167
7721
6793
5306
6450
1641
8331
3028
7551
8104
3327
7918
5613
918
241
5663
3120
7910
875
4871
5306
1184
549
3633
383
7310
7557
4686
483
7108
6728
8787
5250
8160
5554
4218
7651
745
3063
4342
4810
2805
8654
5815
2353
2354
6407
8910
3354
1830
1513
8555
2483
8393
3994
5674
3263
3840
6172
155
8637
1125
7416
2641
7943
6961
6290
3530
961
7972
1193
3141
8756
2924
673
7955
3358
7793
3463
2827
800
881
2336
793
6260
5775
15
5513
2088
6565
497
5133
1699
2803
5870
1007
3811
1544
7638
4544
1641
1389
6253
5526
3354
4281
8197
7116
1826
3287
7894
771
6167
6460
4877
6374
1088
3460
3830
2572
608
4
3199
2215
7802
3746
6875
2313
7946
2088
8120
3686
2670
2800
3998
7228
4696
497
2596
8199
2849
2912
1392
8689
8427
8114
4714
758
4914
6133
4773
8062
8161
7647
4844
6620
7125
7126
2165
4979
2304
6342
5853
8945
1556
2129
304
3691
4969
7144
4186
8967
5565
6152
4599
7377
6991
8712
3308
7165
4264
5359
656
5331
2007
1506
8154
7081
4376
6083
1920
8426
6296
901
5969
7308
799
3259
3176
6431
1186
8489
7709
3666
5956
3531
8530
5455
5704
6473
8223
8879
1422
3612
4050
6736
7511
274
1822
3994
7303
2173
2039
6713
927
98
2920
3389
539
196
745
2653
6510
7881
3800
8978
7576
4037
2970
4776
5698
1634
2142
6591
5358
1209
5639
584
7117
330
6740
4530
158
336
8414
4989
7184
7600
653
2702
7749
6383
7791
7960
1291
6019
2207
1692
8991
8090
2325
5311
1360
215
1911
2130
5581
3291
3188
5183
6365
6959
4073
663
5322
8968
2282
8456
1568
5563
5038
8428
6903
7992
8199
4621
7506
5036
2757
6300
1260
3358
2743
7176
55
1643
8549
708
3560
2404
7172
3962
5994
6413
8807
4203
7525
8049
5982
5560
7043
2017
1750
8882
7015
3723
5637
4166
1810
6647
1959
3765
4603
6173
2322
4504
5770
5722
2291
960
3234
3386
5084
7819
1905
591
7682
5459
2757
727
5078
8928
6308
7332
8040
710
920
7220
8819
4545
3333
3817
2410
285
1288
6683
781
1842
2167
3993
5959
4564
5639
3711
8287
1184
797
2161
5008
3739
1893
5422
551
2645
3496
1168
8858
3842
7798
7351
8000
2777
6440
2493
4888
1398
8288
4604
7153
178
2791
5252
4347
938
2323
5569
4065
1021
7020
705
3260
5934
2825
4866
3109
5522
299
7434
3918
5235
2005
696
6741
6995
8302
856
2742
2093
3806
8525
7348
7084
5401
5758
244
119
930
3514
8759
5356
8687
6296
8457
1657
8909
8776
7738
3643
4056
8845
8465
2909
5097
5716
6808
7098
4253
7101
2888
5077
8925
8288
4866
4821
8151
2604
582
479
8817
8608
5444
8171
5421
4300
7381
3345
557
6218
4101
1540
3740
6558
2983
8932
7503
4605
5452
8330
5422
4697
6226
7932
5131
5690
7070
4520
8246
2065
3157
1965
2242
7910
3348
6525
408
5065
8210
4671
1854
5685
7383
1954
139
401
6556
1835
5737
6056
2462
3879
1920
6976
376
3076
2707
5015
980
7497
4754
3874
2965
8727
2891
4919
7220
8383
1269
6938
4302
1826
2370
7733
6942
7336
3936
6177
7572
3144
2693
4481
4257
6158
6013
6269
7646
1674
3786
8956
616
7645
2414
1658
8090
8423
2319
1193
3080
5156
4303
3908
3499
853
7895
1271
2645
754
4344
6274
8019
6981
6990
7196
1746
7585
6426
6028
5039
8410
6146
5595
1808
8951
4247
3766
3744
754
5378
2271
4811
5832
2355
5026
174
1555
7768
1469
817
5724
3039
881
845
4678
8640
7294
4524
3223
6882
954
4833
5383
664
482
3253
1507
3576
905
7395
8491
2568
245
5953
8807
6781
6329
1691
6657
721
6509
2069
7387
4888
3082
6893
5929
3536
2785
8595
89
114
939
1911
4935
2641
7483
6517
7717
7206
3408
566
4320
5774
1807
2926
7781
1960
501
5526
1690
5087
7057
4846
4482
4632
6984
4145
8824
4840
4306
4028
6797
1766
7242
1724
3052
5296
6363
4995
1218
4533
5182
6263
4419
758
5952
1807
7895
7098
2552
3291
1972
2564
2991
3503
1557
4467
2431
715
4552
5798
2798
3482
6166
2817
2316
237
3835
497
3679
7388
2405
7528
4600
6528
4785
2214
4390
5480
5504
4916
8417
7414
1473
1374
329
6340
2809
1116
6677
1736
869
6725
1983
2674
2392
6793
6212
2158
656
3192
7985
5683
6450
8588
4466
6167
8070
6513
8900
4452
6789
3053
5570
1482
7318
7007
4821
6338
3841
2216
2891
7773
3987
8784
3418
6711
8312
4543
3695
4379
7726
8074
3535
3052
1629
6085
8046
654
3805
7307
7694
6287
7889
5231
6031
6429
4231
2253
501
2028
1481
4243
2568
6636
1237
3653
1268
13
8216
3634
5176
8705
6010
4465
1876
6908
3307
8135
8483
1266
4724
5184
2728
3053
1688
246
4861
5249
8312
2651
7495
3367
1517
2936
6813
978
1689
3544
8015
7513
1063
8020
8524
8265
4137
7627
3531
8815
8823
1885
4427
935
477
2876
366
8091
4366
8976
1808
3156
7356
3686
3029
5670
546
732
8961
6523
1297
2539
425
8383
174
1497
4174
4802
5708
8522
8994
6319
3518
8499
7483
8433
7677
875
8348
93
1655
6247
323
6096
8505
2872
3213
973
5443
634
7237
6651
5473
5292
7084
2985
43
8503
2875
8111
6378
7228
1204
3179
3586
5719
3862
4228
3983
5082
5702
5854
3808
6087
3562
226
489
2006
5914
3513
6300
8743
8456
5750
4263
5549
3438
5413
4441
6216
8790
7060
4797
8749
1172
7020
5017
5467
1560
8075
5105
6788
2072
8282
5972
8078
1515
8046
8913
5421
4400
1981
4466
6279
2596
6623
1749
5580
1866
7655
8404
312
3068
588
4147
5599
6152
8584
7486
91
3158
2116
6789
2229
4878
1542
5928
134
111
5192
6316
2104
6082
3198
2512
7558
6221
6724
8129
8724
2731
2234
6584
3893
1937
2405
8486
5375
411
8698
3614
7541
5900
3282
6192
1417
6005
6989
2934
4507
7060
7076
4735
8419
3430
2023
3770
1167
32
4735
4493
953
703
834
994
6945
6152
8777
3330
5386
4737
7759
5068
4227
4693
2336
998
7708
6559
3299
2588
3939
2478
3998
935
5746
1871
6165
2924
7279
3009
3742
5797
2448
281
4452
1781
928
2733
5669
6757
2747
6901
3258
7564
6585
5982
1931
3875
427
6105
5333
8086
1008
7072
8402
3006
665
1977
8394
3115
5441
6283
5171
8135
2291
3484
7123
382
247
7349
7269
5729
4469
3909
8040
2234
2749
8538
8112
8722
5744
4543
6358
5846
4766
3831
3547
4416
173
528
7845
7138
3930
3898
899
837
8184
918
939
5591
2898
6524
6269
6899
6846
2500
8308
6891
6433
942
8609
5088
5969
238
1787
4250
7626
4375
5383
1835
6217
1968
1471
6061
4990
3467
1131
3180
4698
5938
3529
3846
8357
5069
8481
3335
5530
142
4842
8138
6993
7518
4107
1025
3809
5552
1735
29
3880
3754
7832
105
6248
1629
6598
161
2041
4546
1157
7088
8533
2732
1584
406
587
876
3557
6481
1907
4223
8783
7547
2531
4308
3538
7281
3380
2522
8095
1475
68
4751
5284
3295
4816
4755
7574
5624
902
8258
2933
6917
6909
8432
3149
1172
2585
6174
3637
6228
6823
4731
4158
1978
2217
3159
2994
1355
78
6457
2670
5249
1849
6304
1733
2953
8284
8294
7618
3056
6266
5752
3609
1942
1438
970
5955
1811
4451
367
6973
5222
6704
7894
500
1260
2079
6889
4375
8005
8435
4559
8344
8298
4388
6401
5000
8027
6649
490
1614
381
8368
7439
1276
1744
5004
1205
5167
4871
7996
818
4608
7737
7516
548
8796
8068
2546
1278
4412
2369
8840
5129
6738
8306
4225
8271
8673
8992
1665
8483
4855
5265
7445
1828
8434
6423
4364
7023
4524
796
1529
5924
4684
737
1934
2465
1658
758
7910
6627
4911
5788
4759
7844
1415
2214
899
5550
8348
53
2946
1173
3784
2354
7669
138
1158
4527
5457
4939
8654
4447
7765
6888
5019
5452
7994
2817
6459
6511
847
1996
7122
3185
8366
2554
8523
7136
6839
2009
837
7550
494
2092
6637
4132
7051
2046
4094
347
2086
6269
1858
5243
3677
7323
7155
5180
1852
6841
570
610
4744
612
1395
1254
608
1929
283
4710
3040
3892
4968
7567
2619
4612
8675
185
6068
8027
1556
4393
1905
6218
7043
7740
1877
5665
1966
5566
1425
4747
6812
2443
7254
607
8196
2445
1793
7852
7259
5780
4139
4460
3408
6435
1044
3961
2774
6047
3772
478
5645
4523
5934
8820
4613
4366
5009
5004
5201
214
1252
6372
6876
6102
2893
8571
1114
7523
1213
2662
3533
6212
7868
7325
2435
2512
1933
1536
7848
6193
6806
26
230
854
8327
6568
3509
6830
3604
7443
4240
7360
4776
8128
4678
4480
2216
1425
882
8572
3633
3861
6264
1652
8367
2810
7963
8144
4227
5315
752
7211
2079
620
7529
8085
514
5778
3959
3319
7891
2504
2959
1831
2091
7156
5615
4668
3340
5591
2134
2099
5223
1763
485
5103
2935
1104
4638
3192
7368
4671
3127
482
4819
6272
1979
8838
7745
3990
2269
5093
2897
5719
4282
6473
6968
5498
3338
782
6796
4361
2379
8469
6957
6694
2058
7506
5473
7858
3126
6459
1274
4832
259
1137
5693
3761
696
6227
7722
6224
2742
7221
6323
6037
4541
6856
2300
2703
1564
2699
3325
6498
3460
2911
4038
297
4643
5736
3064
2565
5768
2439
5820
1851
583
2364
6018
2051
2811
8929
2872
4396
675
6930
469
8934
2819
7457
417
2800
5792
8437
1299
3407
3527
1610
5902
6440
738
4301
2361
4972
2840
3430
978
7154
264
695
2326
5019
4818
4300
647
1407
5330
176
5059
4757
7290
1119
2820
5471
7723
7571
5898
1748
4903
4853
3665
3774
6942
7165
2704
8756
6818
6693
6528
5211
3713
4399
8724
3245
2432
6927
2939
8443
6447
6700
824
478
5700
5871
2250
481
991
6646
1397
2339
7703
4203
3620
3945
6560
8156
5040
48
8202
2256
6898
3648
2655
6447
3209
2356
1760
6832
1457
8085
7716
4480
2448
4214
5911
1254
4350
5595
5475
5156
1672
7923
1357
3415
233
6396
4966
5911
3174
8925
3748
8642
1212
4303
5301
7292
6529
2140
4288
5265
219
8146
7000
3330
7161
6969
4061
6126
6436
1335
5928
8872
2169
8966
1683
7046
4606
7643
7084
2049
4982
6991
5556
3088
131
2682
5551
104
7183
7971
90
991
2719
2548
6420
6166
7445
2386
547
395
1152
2947
5068
4318
5914
5216
3303
4804
8726
2034
2780
7999
7900
977
1862
1423
8122
3639
714
1049
5200
938
5827
4333
7680
2297
7334
3022
1177
7430
277
931
1823
6953
2635
258
1816
7414
5123
1932
5181
7861
4637
7532
6507
4735
8797
3336
1229
8808
2713
1794
4232
1192
3488
1185
170
1539
5530
4680
6568
4072
7791
4688
4267
8751
488
2785
2710
636
7804
1932
7263
240
7320
6300
3071
2894
6095
1546
5696
3331
3593
4112
4370
5798
7019
6189
2681
7904
8355
8975
2551
8445
2957
2375
7386
7560
1447
3958
8169
8501
3838
1438
640
6471
4635
7955
6262
2018
5054
2992
1607
3266
7029
4237
3099
7107
7489
4998
4562
2098
7077
3015
5786
6984
6827
7572
910
5111
2405
8341
3229
421
477
5719
2365
166
2290
4749
3170
1966
5215
4869
5734
8587
8321
5335
8614
1577
8542
1592
8047
3079
820
8733
2164
2054
5773
3907
797
7586
6589
5315
1525
5601
7757
6570
2208
4969
1520
2719
7375
1814
7054
5462
6938
2049
3858
8298
6761
5516
2845
4966
5606
2665
3790
748
658
1323
4431
2463
1507
100
7340
2059
7886
4429
3778
8365
3407
4988
6489
3108
3043
1679
2344
8991
8238
7696
3596
2592
2261
8881
724
4942
8754
3598
1900
8920
4112
8081
6276
821
4498
8625
3205
4425
444
1732
1135
6962
8717
763
3601
8321
4224
989
8335
1723
6677
1467
1529
5335
7753
7443
4022
8042
5535
6984
164
3750
4985
6151
4418
457
151
516
4676
8722
6906
3963
3794
1422
7414
8002
8534
2112
2250
4827
1271
3104
1509
48
5311
4578
1759
4799
4614
2143
3361
7373
6241
7225
8154
2375
4851
7831
495
8531
6062
144
3941
8301
5277
933
7142
8613
6825
367
2407
5558
3838
5032
2634
4450
4266
6413
3876
6969
7561
7137
8980
4440
8928
3461
6127
8629
6988
8595
2580
8745
5646
5529
721
6335
4894
483
1578
8633
8248
2002
2672
3225
8399
7864
654
3781
5013
6941
843
2724
6388
3011
3285
4837
5052
4902
2499
4142
761
4376
8500
5554
6872
3473
8577
3364
1223
451
6236
1856
3734
6211
4580
8105
3894
5435
6022
2637
212
1349
4642
8508
2057
7466
3063
8895
8585
905
6883
5678
6238
5739
4106
5042
4281
4698
8466
929
453
2890
7338
4887
1672
8200
1085
8993
7398
119
1615
5438
8603
3617
3842
7494
6893
2370
7997
2828
700
1529
2370
8960
7519
8312
7611
6965
3413
386
3064
2905
6756
2484
2111
7963
1169
7788
5016
1982
3989
774
5156
3740
8480
4334
6210
2470
8564
6567
6037
3039
2873
7658
3582
5681
8032
2906
5409
1567
4814
7692
1038
7585
1032
4493
6671
1950
3926
8667
8481
5100
4565
7845
8553
6786
676
6375
2612
5215
8994
173
4826
3212
6210
7496
6784
5156
221
47
3322
4604
315
5989
2825
6916
8101
4024
6582
6885
3297
370
4555
3198
1923
3072
82
3575
7349
6104
3661
5766
2171
519
8209
2103
5309
8984
2543
6621
7394
2729
0
6144
3805
7888
7525
8783
4575
6587
3640
2517
337
3404
7171
8408
8251
4163
6947
7844
3342
3733
4016
6814
5179
7587
5036
6644
1094
125
6421
530
1330
3109
6921
5743
7474
2985
8597
8742
2513
2024
6930
7552
191
3933
3044
31
6761
193
2040
3894
4084
4203
5642
3588
1645
8434
3105
7735
2832
7164
8231
2020
6387
6311
1136
2173
70
1444
6438
3852
8705
5139
3623
4804
5834
2978
2396
1158
3801
4391
4206
6033
4034
629
8447
3979
5135
5179
6042
7604
8671
3391
6041
7506
487
8810
3497
5454
8555
6949
7644
4149
8858
1538
5882
8683
2739
4381
8469
4563
4103
6169
872
833
8125
3863
7986
4744
6883
3505
4621
5543
4928
6324
6894
5133
7908
3404
2808
4510
632
1089
4618
5734
4751
6208
1273
5059
1248
1908
6435
8839
1807
7187
4890
4626
3215
7509
7664
2654
6423
8831
2077
7692
1078
7510
4827
492
8524
1231
7042
7945
7574
571
645
8091
613
2432
6271
1702
1580
7795
3451
3352
8973
6440
4168
1680
319
2740
6773
5666
1733
8962
910
495
6742
6538
1299
5121
6572
5200
3481
203
3123
6760
6288
967
4329
4039
4225
5098
1180
2612
4449
434
868
2126
6846
1319
2007
8527
900
8095
4042
1446
5173
1132
2003
4195
2923
7448
3744
3115
7283
513
5339
2099
7680
2895
3277
7512
4417
7785
4659
2829
4673
5792
7802
5543
4688
4852
6179
3435
3714
8162
1562
7
8052
7583
5385
2421
2847
7126
3684
8035
6259
8605
8617
1912
2489
8918
4782
4961
1989
5289
6182
3609
4766
5471
4617
5072
7667
3017
1719
5698
4875
6487
7169
5744
1297
3948
3333
2060
6659
3718
4468
3973
3077
2940
3153
4867
4591
5313
1952
3948
1255
6653
4632
1733
7140
8018
2846
2524
7337
8723
2104
5642
3858
1953
1555
3998
7527
3047
6458
7405
8074
4861
7652
2893
797
6227
6144
392
2605
2051
8887
3366
7125
969
741
8108
7897
3150
7766
4881
4536
2767
1010
5086
6372
8228
5844
93
978
1349
661
3650
1200
8887
5783
6511
8008
8628
7321
756
8896
6777
2222
7931
2082
1680
3186
5922
1783
2086
7107
1569
7163
3783
8759
147
4037
4653
5216
2393
4654
8216
5945
3626
6643
3215
1835
6343
5296
1676
4056
8874
6323
1174
4579
1367
7211
8248
4994
6923
2299
3919
2546
8833
3862
7777
181
5379
8784
5728
5698
2422
8151
7613
4698
5486
6069
4970
3914
5552
3843
2224
4786
4951
2923
2327
5513
4269
3322
572
3330
3579
3896
2356
6159
1181
1510
1047
4712
1204
2746
6728
3376
8167
7890
3665
6261
8556
731
8307
1082
1215
2884
3394
6074
7549
7636
6287
6371
5955
4941
2200
6533
1887
8563
7962
3934
4680
8413
4174
6275
6842
1103
3458
3652
2985
1961
7654
13
503
1744
7854
8149
5344
6479
8224
4165
8978
7554
2339
2191
5875
3390
3704
887
8298
1912
3844
194
1632
7729
7275
746
6655
4474
8297
1636
2688
6794
4065
1863
4771
1377
6681
8992
367
4784
356
2414
4682
5976
6063
8607
4186
6627
896
8941
2001
2650
2063
8969
4495
1012
5145
8786
5177
752
3273
3578
1696
2488
7895
5678
3517
6874
6669
2735
5903
6163
6428
7154
8127
3226
2686
4104
2883
583
3860
610
3207
8614
5431
6086
1026
2268
4675
1678
6483
2053
8024
7843
7852
2151
3578
582
8167
214
5129
8798
3238
6285
6043
3011
1943
1742
5052
2518
3219
5662
415
131
1312
312
4919
8748
8836
1556
8271
2227
5250
6700
7999
3115
1769
667
4840
7012
8656
7002
3990
3281
2846
3801
7012
1384
8477
5806
3878
6453
8911
2876
4751
7147
5544
6195
3683
3600
1163
1912
1831
732
3809
2162
2341
3950
8131
5113
7283
2355
385
2882
355
2692
324
5970
2613
2178
2381
3207
5104
3081
6568
654
7008
2998
5243
4148
473
2271
4537
7829
8737
3133
3828
1002
8868
8808
1526
7603
5777
6168
7944
8489
737
123
7611
926
3568
1712
7732
2412
2405
206
109
6231
8044
385
7094
4887
706
6291
5187
3933
2288
8587
3863
7154
7160
1781
5238
3791
6228
4678
6016
228
8735
7473
3321
3512
2347
4411
1173
2978
7689
416
3313
8010
680
2992
2652
4391
7052
8961
8285
1694
6959
5394
4366
8316
7630
153
214
2496
8986
5753
3797
6935
911
956
4416
21
4241
6545
2780
4517
8810
3850
1135
7565
4880
5837
2754
8137
619
4533
2274
2211
3060
8580
8510
5084
7329
8007
3699
4226
8854
918
147
7013
1045
6518
8829
5135
1350
3349
7877
1320
7497
410
8932
7547
2832
3534
5922
5361
7530
3635
1936
4792
2202
2023
3986
7447
8230
1909
8337
8945
4859
128
3247
8811
2310
4381
7004
2956
4350
3660
7053
3896
3037
1170
7788
7945
5788
4863
2434
1882
6286
5183
8697
8913
4525
6927
1511
2361
7465
7389
4644
2265
2807
5892
5692
6117
4750
1547
7856
6582
5516
3873
1719
2737
4287
2592
6346
3249
7560
1771
2902
8257
2042
7900
6274
6906
6033
2431
4543
5694
2925
4212
1599
3703
5877
8261
4503
2006
6040
1245
8718
7595
1646
7001
5152
1902
6502
8990
4156
673
4145
5582
1400
4434
3083
4256
1151
7088
978
99
7640
1601
5230
6631
904
3893
7545
3352
7810
1531
608
5359
4051
4406
4359
7943
5202
8580
7603
1041
3164
2755
1633
573
3878
7440
8564
6598
4147
7373
6819
6015
3854
5974
5241
6824
6409
4633
8014
7848
4403
744
867
3773
1136
956
1763
7967
5139
4591
5149
7013
7023
4653
789
2867
2755
8632
6986
649
179
5167
8530
169
651
5155
4050
4388
8919
5582
5970
7033
413
4392
2733
5187
7844
647
150
4406
7622
5162
454
3566
249
8242
5914
5996
4635
5510
7104
5318
8403
2737
7010
2498
6757
4938
5924
4359
6701
7512
7488
4696
6157
6600
8737
3493
5666
2388
8052
4799
5344
114
4050
2392
5189
4310
4018
4781
4195
1557
6515
5346
5087
4383
3255
64
3159
4088
3860
709
2425
8259
2860
3376
8062
6035
7076
7847
3341
2464
273
4071
4267
314
5958
2959
1848
7030
6402
1170
5902
6946
8567
2431
5147
630
2453
1102
5221
328
4309
361
4565
404
1338
8669
6156
4191
5065
3020
3242
5918
6393
985
6421
3080
6045
3503
5463
2532
7079
8453
6728
8856
3407
610
8538
3504
6257
7385
5724
1823
1644
5161
478
3485
8382
8340
5939
2669
13
7322
7045
7234
840
3041
4642
3550
4444
3587
7987
1102
947
8332
3934
5125
6359
4775
8961
6899
1149
1764
7415
2857
2908
5768
2240
4228
996
5136
2760
7420
2371
3627
6161
1192
2674
7116
4628
1768
7055
8281
43
6655
8284
6931
7250
4338
1676
1074
8236
1721
2230
1188
26
8409
3362
745
5910
132
5992
4302
6334
5494
3192
3445
1923
4300
2868
8261
193
683
8569
7475
2361
7779
1756
3437
4138
2430
2378
750
3527
7720
6800
2083
8802
4396
3849
41
8213
5073
6398
2905
1121
5936
7103
8442
3656
8995
6016
6473
2820
907
655
7119
1395
6230
5977
5286
386
3011
2764
7105
6702
8155
8119
3920
3305
3286
662
1253
8642
4735
3722
7454
7733
2902
1109
6543
7258
1359
8067
8267
3770
172
7940
3831
6667
2412
2174
2011
8484
8390
3607
7246
6372
8086
7391
5597
6925
6787
284
575
2806
5882
7376
1440
8199
6611
7445
7896
7789
3726
73
6111
5845
3825
4100
8784
1157
8241
5934
6295
2294
4554
7830
1312
2830
6622
2797
6438
8418
8966
6632
8300
3552
519
7364
2059
2426
1827
8724
3705
5287
275
3254
1370
411
5615
821
134
1263
5882
6183
3399
2651
7372
462
901
2072
2261
7451
127
6386
2739
4062
4240
386
6945
2242
7564
7410
1172
4262
6750
5914
8738
8847
7215
6664
4401
5192
6789
3435
6402
2044
6958
4336
8000
8666
8847
7549
1665
5246
8709
3507
7736
2337
2511
674
5051
8231
438
8180
2664
7510
5251
3123
5991
8558
8235
3742
3860
172
4249
2270
7173
8952
3040
4856
2786
5215
6859
123
629
1267
2068
7152
8879
605
7021
7018
403
8709
1614
3411
8748
8432
3715
4446
1343
752
5361
3971
8932
5770
7430
644
3135
7529
8522
6943
5509
8520
2325
8388
7149
6364
8358
2534
5812
95
1134
6534
5853
5049
2103
5963
8843
5649
412
7574
5524
4650
3718
8882
2093
769
8391
225
2692
402
4479
4289
1710
2274
6209
6261
4381
5678
7202
8
2173
3059
8037
5372
4219
943
7613
8385
6434
8269
2600
1441
7620
7902
6396
495
18
346
3034
2568
1640
8623
308
5570
3928
4536
2363
8418
8113
3726
3249
362
6163
7492
5288
6822
578
716
3453
4447
8629
8503
2741
2345
7050
5834
7786
5959
4296
1644
361
2239
1968
3443
932
8359
7216
4079
5151
8862
5893
2598
1625
3040
1685
5047
4297
8737
4263
3074
7546
6891
4663
4436
7813
5491
546
7408
1825
7389
250
537
530
2680
4574
4796
7315
7099
5858
4346
5265
8295
8134
1156
5445
7519
8597
3831
405
7017
8341
4607
3497
2609
7470
3631
6317
1219
6720
3158
8888
1309
5981
8157
8927
831
4496
261
3710
1251
5121
6150
4372
5847
4183
5146
986
5209
5000
4641
5305
5162
2048
2957
5709
8331
539
2781
33
884
5384
5190
3216
7052
4869
5757
3165
8778
8769
4258
7336
442
1570
3743
6790
6027
1764
6966
1971
3165
4298
3672
8823
6064
8236
8153
6666
2351
261
2193
4165
2491
2871
2566
6175
1349
6125
2021
4400
7619
2261
8671
3670
6508
6593
2216
8393
86
5809
8643
525
7068
1686
6889
6636
4582
1293
7560
1213
8616
6086
7432
4781
8324
6288
4641
2760
8348
4682
1184
1492
8783
8145
1176
7163
2581
1953
5389
1315
190
7066
5460
6355
1620
1849
2055
5524
7881
2023
3036
3121
7634
5282
1741
6397
6683
422
834
2216
2005
4016
546
4381
6266
519
4689
8107
601
5263
4379
8710
1949
1155
4863
6898
3504
6599
4367
2963
4141
591
5963
5755
4514
4759
2509
321
7212
8807
5719
8210
957
251
4680
79
848
6957
1886
987
2709
3959
3374
5071
1872
4177
7591
6156
2156
2187
2564
909
325
4536
7584
3334
3219
8935
2739
2508
1682
3910
3067
4987
6471
8014
8142
4510
4701
7622
6307
8030
1988
6068
4777
7962
8827
7159
1855
3040
7525
1874
883
1861
8847
5389
5158
8703
3497
3518
1340
4756
4835
2080
3793
1854
5823
1517
3879
3205
3620
5773
6885
5841
2979
2371
1393
5539
7714
664
7637
2335
8405
799
135
1529
61
1532
3435
5160
377
1794
2588
2291
4800
1247
1287
4703
7753
6982
4088
2146
6594
7089
2942
1287
3724
1944
7921
3606
3448
8114
76
5407
7587
1999
2093
1363
2716
3185
8930
8632
3150
6813
6997
5111
6288
8105
1448
5627
1458
2283
7876
3456
4291
3067
2083
3061
5517
5022
4718
3751
7618
6617
4744
8660
4624
7670
3833
217
1343
8934
4822
4064
8756
5931
3670
6602
2926
5448
408
8101
2197
4464
7856
6538
2698
8312
3736
3253
1122
2674
4531
3610
4340
2639
3733
4481
4610
40
4790
8533
2252
4624
1773
5942
8951
8826
97
8433
3733
2106
3611
3025
7734
8955
2303
237
629
8197
105
3902
7117
3792
6077
4970
5434
6825
3015
3194
2628
6080
2184
2996
5533
500
2650
6254
5860
4035
5795
1152
5162
7162
6869
7332
6970
8646
3358
7973
3206
6988
3019
7489
4300
467
8647
4301
5911
1132
633
1364
7962
4123
2340
5898
63
4933
6657
515
7862
1341
2047
4219
5081
989
1834
6338
7420
8141
1032
5846
5146
3827
2424
533
6906
5704
1982
117
7080
8403
7633
2882
2176
3780
4486
6500
4294
3591
4653
7137
4201
4314
5769
8806
4158
8461
8558
5774
7408
1405
4794
1180
4205
5109
1597
659
723
6739
4989
7128
6145
3378
5818
6520
2059
600
449
4443
8278
7542
116
3909
5169
4111
5134
693
5244
2223
7541
6620
7218
5986
5480
6275
5066
7607
3591
2529
6324
7639
2433
6216
7350
789
1136
6563
5086
787
4018
6886
3818
1966
5417
6578
4899
7736
3074
3436
160
7656
7387
8096
3623
1344
2076
7
1510
515
8744
5250
7464
7105
3006
4442
8099
1832
1175
2254
4286
8008
7772
3680
8519
7227
7080
493
4954
6544
4544
5238
534
2427
4540
1215
1650
4234
2837
5932
7261
6534
2086
6931
1971
4660
127
7050
6619
4431
948
734
493
860
2412
2141
6425
5074
2189
5880
3955
7812
501
3505
8930
8212
2388
4253
6023
7421
8149
4181
4763
3709
499
5023
8322
6637
7536
4732
5771
7935
6601
214
1953
7939
7205
7056
3260
1030
4308
3058
8816
2303
5212
8263
2792
8775
7687
909
2323
3037
8497
8032
1396
7523
5077
5619
4647
1256
7686
492
3471
3787
2827
2627
2789
7881
396
8927
8852
83
5129
4517
6727
4959
5058
3397
1619
384
5353
2963
6745
2157
7588
2335
6267
940
4238
4666
6616
7089
853
6230
7835
5095
4790
3344
1750
5345
8972
8500
3916
5805
6224
7589
8515
1413
2482
3864
6664
3052
1630
803
7117
7194
1810
3200
8038
6700
92
896
433
83
4640
3222
4531
7119
3990
2961
3007
1855
8394
5596
2913
3176
709
6638
6681
5752
7433
5066
2155
7717
5922
6690
6403
5391
7096
5477
5670
2783
3505
2898
5724
2915
2795
3615
8682
8359
8167
1971
6932
177
737
412
671
6672
4884
1237
6412
6090
83
8104
1096
1241
6354
5468
4040
2490
6634
5979
2626
8738
3715
7043
6255
3140
4828
4879
2261
7563
30
1089
929
8361
3390
6222
3433
5226
8025
1926
4096
1280
3019
4942
2242
5691
8936
1196
1943
7604
2635
4486
2629
6159
4053
6064
2045
2435
3580
1856
6864
2576
6965
3527
2187
4811
7573
8919
7213
8448
7097
3379
7041
6965
7197
4504
2247
7511
6929
7230
4996
6404
5376
6906
2762
7276
3618
1316
7147
2636
7610
6127
3327
3216
97
3866
4653
5189
8353
7835
3381
4560
6726
683
1228
3998
6310
2817
7385
505
50
7279
8620
4612
3980
931
2958
2684
7496
171
476
6923
1167
4385
2077
6297
6511
4814
7059
4569
4486
5509
6214
5805
7749
3711
7379
4447
1378
8903
7804
758
7405
2850
410
5273
1548
4253
4349
8483
5138
4378
2820
2283
7042
7760
6919
5318
8465
3085
6577
4499
3569
4635
3916
2403
2850
5157
901
5428
4700
4117
6950
4904
559
4675
4970
8710
787
571
179
6861
5883
2084
4735
1584
5540
2057
7777
8355
6540
6
8932
1609
8678
1056
4650
5047
5754
8072
5891
5472
8736
1718
2913
285
2917
7287
3056
5529
3694
8515
5355
1950
8241
4829
2617
6040
2908
2696
1887
4868
2125
7170
3087
8701
1304
8295
3406
7579
3879
701
7491
8775
4643
8656
6963
3672
2305
4457
5617
4491
1976
7647
4434
4611
2471
850
7423
6645
7252
5264
6877
3702
6718
2167
5334
8275
4780
1918
4162
3277
662
2480
8672
927
681
1277
8181
5765
8161
4198
6384
4739
3230
6389
8132
5431
2761
3111
2212
6588
7776
7967
7534
3580
229
1673
3366
2072
2661
6047
2595
8663
4100
4379
638
1458
8741
2850
6510
1448
8207
2569
5177
7107
1268
6727
1269
1581
467
5183
5229
1632
5525
5904
6703
401
7660
4658
8394
8928
7992
2847
8732
5407
5435
1068
914
3693
7988
1363
6729
8389
5681
991
2409
4208
7085
8138
1353
6611
945
5910
269
1598
4559
78
4036
8019
2513
5849
4606
6175
1304
3219
3147
4624
5185
7951
1870
955
3673
6188
7249
7289
6345
8291
778
8021
685
8354
4371
2909
1039
7033
640
5042
3273
4183
4761
4645
5335
1063
5614
8352
2554
1861
4042
3855
7064
3246
4929
3833
1657
3265
7555
1767
2405
8977
4098
3303
8657
8932
1504
7861
921
1779
2130
7623
2279
3629
7657
1795
5801
330
2943
2648
3849
4090
6990
3446
3678
6896
3324
1395
3455
8910
8339
7306
2024
7302
8493
450
2029
3369
7468
1704
531
2064
5495
2858
782
1302
3457
1274
2669
5366
7212
2059
5946
1077
2211
2963
2629
8278
1845
812
3808
4143
637
3136
3869
1013
5021
2529
7748
4440
947
1347
6017
8477
7900
1191
7922
4444
6989
7468
2774
8581
3601
1332
7112
6252
37
888
8395
7982
2599
2993
1903
471
3772
7460
4026
7082
88
8769
1795
8548
4248
2233
4887
5109
6172
7577
8206
1380
5505
7615
3959
5166
1067
8280
5240
8362
3679
283
2802
5796
8694
6862
6121
4716
4949
4443
4578
3882
3329
2622
2693
7761
4641
1606
5697
1469
3956
981
3319
1666
6401
1558
5886
2338
8541
2762
1029
6347
1294
5047
7792
7467
302
5758
5306
7288
1132
5671
561
5280
7877
1707
7526
2930
1136
6278
1451
5000
6846
6311
4312
6778
6416
3181
2118
7271
2179
8095
124
7986
3830
4120
8616
5207
3284
4022
797
7697
797
4134
346
1945
5343
3909
5004
3077
2026
5317
706
6274
256
8394
117
3472
5691
3984
3259
4241
3833
3299
4673
244
3171
3475
4837
5021
5787
6106
8174
8969
2507
7082
5875
1752
5347
5408
8912
2044
7034
4551
3568
4904
8966
6043
1908
3087
4726
7331
4849
6795
7092
3898
2783
7798
936
6338
4901
5552
224
981
4874
597
6420
8001
2487
5162
7709
1175
8737
4404
8518
3217
4642
2606
4922
6086
6607
5581
2773
5251
1123
5449
7135
4207
4050
5202
2059
2027
259
6276
7165
6444
6333
3049
8962
3054
5490
8754
6186
4447
7904
6409
3224
5422
2796
5742
1042
3446
770
3684
4019
5794
3367
4160
7342
3991
8391
3005
4366
3080
4827
3214
3856
5994
8074
4449
1330
6454
6736
916
3109
3140
8308
8192
4565
4994
6115
6134
1185
2824
6450
202
3502
4006
1944
5803
6886
7253
5594
8683
2701
8399
5185
5521
2461
7557
8142
5937
1975
1251
7581
8453
1034
889
5695
7475
5632
7257
7153
2586
1131
6311
1186
3489
3568
7154
3866
3838
3185
4286
3470
4280
5998
8348
6808
8362
3814
607
3476
7381
4503
3938
8501
4048
5293
7203
3333
1774
3079
3023
7899
3861
6677
5553
3335
1662
7421
1458
6633
8206
7662
7910
6784
6928
7475
3209
8510
4660
1913
3364
5224
1176
852
3048
1444
7594
6739
14
11
5463
1908
3328
6038
7251
6914
4951
2412
8694
347
5899
1537
2774
630
2024
7315
8959
610
3243
5686
4484
2073
6281
4704
6456
4595
984
6726
8670
8207
7805
6381
4913
2260
8385
212
2001
8558
8664
238
4531
4884
5055
4846
19
3791
2594
8868
4600
6469
7703
4884
7549
4602
4538
1701
3920
224
6614
4647
8240
4173
3197
7566
1024
1515
6572
1595
7634
5350
4750
337
3754
1390
6083
6733
5536
8747
2349
414
1617
8112
4079
3644
7707
2145
4651
5670
3187
550
6150
5907
613
2018
2937
8114
2015
1149
7183
397
5827
3740
2590
7544
774
7267
8076
7376
914
7233
6224
1254
6236
4881
4553
4434
1371
5521
7327
1852
3366
6283
3380
6670
4208
8129
5815
5230
1956
333
4725
1688
3014
2174
8684
4464
1237
7271
1853
5756
1084
6010
797
1351
5207
4466
504
7618
6752
1198
5731
6230
8846
641
8541
1429
6126
6894
4624
5686
4849
6976
7682
8726
7194
4432
2251
2188
5650
3856
5490
8917
7738
4780
8640
4406
2660
392
1857
3576
4447
6076
754
2822
7653
221
1243
8642
1042
3549
707
2253
5331
2170
6258
8917
6273
8788
1160
3808
5641
2752
6927
8735
3337
1650
5751
6863
8048
5335
318
5800
7426
4664
6289
3160
5040
8010
8284
3810
5848
6971
6778
4408
6998
6247
5098
4152
391
5832
7470
7249
1797
7948
17
343
5308
7648
5396
3412
6367
6331
4748
6383
4192
7397
6916
7697
5875
7822
1971
4041
2917
2195
1498
8962
4750
2947
6636
7770
6664
2927
6250
5595
6059
8032
8650
5111
8359
5707
2403
1508
141
7583
1480
3703
4867
7759
6183
7340
3018
3835
1220
2868
4165
5305
7335
2207
7935
3321
670
8097
6193
2262
4952
2921
3248
7912
4216
292
3927
6558
8698
3057
358
7864
3173
693
1751
6547
6653
206
7152
7838
5875
8909
4034
8514
1588
1509
5285
30
4075
5520
6974
5024
6411
2736
3534
567
3302
6219
7920
2509
91
1495
6038
4106
5159
5949
3688
2692
603
8795
7955
3283
8853
3081
4578
1256
3638
7181
8764
502
6167
5570
8297
4625
2817
6627
6938
3754
6320
3918
2524
4908
914
3211
6345
6345
4378
124
8723
8358
2076
1214
14
8462
6692
6541
8865
6426
5944
5990
3208
5541
6030
1901
8001
7645
1243
6703
1600
741
970
7658
5442
4360
1021
5585
978
2097
4154
7868
1868
6766
5941
3404
436
1610
8510
987
8130
4673
1863
874
820
7502
1541
484
143
3064
6104
408
1652
1068
5144
2300
6587
3516
7454
436
8167
6733
5860
8002
7622
5230
1010
536
1506
8652
5782
8409
2905
7259
8623
6533
5166
8566
3134
2483
1241
3143
2978
720
5050
7971
4742
6998
3629
1733
6841
6089
2530
8754
5474
1643
309
228
2806
1878
2381
8944
7232
4665
8891
7451
763
7708
6424
8817
847
3998
2875
309
6838
7326
3710
2069
4505
1070
3476
6781
1036
4139
5713
2652
2978
3793
5237
84
8046
3372
7591
1010
128
7329
451
525
7088
1370
3679
5939
2691
4761
2608
5215
471
8628
7307
5903
4996
5318
5058
6890
2192
4895
6310
6671
1287
6545
7899
3624
4766
6187
829
1149
6346
7955
8261
8837
2674
36
4472
1256
6190
8312
3636
5040
5594
326
1327
1661
1547
7004
6830
543
8452
56
3974
1398
7429
7616
4755
5222
513
2890
6779
871
6067
5021
526
6624
2501
5158
5845
979
6308
7815
4875
6668
1811
5193
8772
6531
4114
8499
5625
2497
986
6995
1389
423
2616
2560
2368
6633
836
4762
6453
1194
182
2529
1993
2873
8380
6747
5603
2081
2705
6778
2
3815
4205
1409
3536
708
6037
6414
2761
1666
15
2939
8735
8468
7741
3143
1406
8629
1595
4426
4111
1539
1222
7637
5539
8036
5563
3391
5654
6742
3162
525
5581
5213
5189
1393
3669
2973
3360
5475
5202
6416
6655
6333
8192
6777
8174
6679
3642
6247
401
5043
5925
4077
7873
6116
311
8462
4296
7192
7969
8182
385
5276
3919
2619
1391
2662
4664
7922
1168
8917
6438
2535
3733
3100
7692
1740
6809
1590
8055
7250
4939
1764
5154
726
7538
3554
6330
7314
3989
3975
1578
8236
44
7755
7644
412
7630
7659
5805
2471
1664
4463
5316
3905
8142
4213
5487
2815
1529
2815
6641
6026
3229
2215
6140
488
4846
2562
4351
4396
5510
618
932
1038
1534
2094
5137
1965
1343
6668
7840
7608
4675
3055
1397
4756
2693
35
5836
1240
4626
7493
1621
5052
4898
3992
2917
5552
5151
722
8242
5393
7521
4869
8602
3254
1915
4985
8089
7824
3390
3223
4709
4584
3663
6984
8687
771
8976
8915
5345
848
408
2214
1166
2915
4159
628
1411
8146
147
8181
864
3899
7496
6515
3946
4896
7119
6184
2680
851
8830
1013
8536
7076
1576
2190
8302
722
6360
6145
1288
3622
343
7525
5305
243
8496
3311
1024
5513
1652
1287
4516
6113
576
649
3798
6410
7015
4727
2899
5650
1156
3653
8861
5064
2080
2261
6325
5854
4196
3280
5014
5533
1452
3549
8457
5560
3352
4252
4977
8634
1808
7580
2186
6068
4268
4330
8843
8086
5405
3275
5869
8399
7603
808
599
1216
5292
5944
432
3602
4078
420
8504
7984
6769
1388
4315
7159
7420
7175
8042
249
6322
3463
775
4593
3681
459
2422
6338
6999
7686
3803
3944
4977
2669
2892
1583
4825
7421
1940
2658
6787
7851
1000
3556
3580
5157
3665
8955
1448
3677
5615
3626
2599
3590
3359
1053
3626
1583
8137
7960
3720
77
7552
4392
5792
6782
30
4027
3626
4271
8972
1371
8302
2046
4987
117
7960
6516
4786
3248
1647
2410
4540
2689
1977
2628
4837
6043
5997
6507
6665
5716
8524
3941
1305
2379
7636
1039
8811
8726
6251
4722
1164
2248
5540
2931
1813
166
8329
597
7479
6931
1342
6801
4973
4129
2557
3925
7269
8864
6140
59
826
6324
4375
448
1009
7030
4258
1221
1781
477
7168
2426
4617
1629
3873
6614
26
3733
187
8492
4575
8134
6904
5343
7293
1696
7080
5373
6187
1959
5043
1842
4983
4938
3205
5636
2108
1748
7054
8739
1913
187
493
6627
4198
5870
6313
4962
3933
8852
6691
4124
6475
4383
8115
2543
5410
4648
2685
168
1356
6188
4503
5148
2174
7267
7851
3011
2951
4889
3340
294
6707
2398
5870
6505
3392
3104
3423
3604
6820
3304
2467
163
4001
5186
7345
7390
7759
1741
8952
5715
5508
4291
7524
5614
8210
1907
6675
8986
6453
1434
5487
3970
4831
0
376
1505
3498
3862
3655
7639
5626
1581
3273
6020
2916
7537
1686
6351
3399
6845
1541
4720
1822
8609
110
6868
6102
4118
1947
3790
4250
313
324
762
2193
1926
3158
6597
1729
2348
2471
2608
6394
7462
4888
4595
7873
7346
3255
2959
7159
1970
4168
4436
1030
7344
7640
5793
3872
583
8422
4201
3179
7204
8454
5730
6085
8851
452
5474
2896
8150
5657
2170
7777
1713
5260
2292
1283
2288
2920
4857
7004
585
3758
8611
4912
5903
8231
321
8730
1091
8384
1769
876
8087
955
527
4982
8869
6910
436
8163
713
4658
2098
6012
6256
7721
4060
3943
5176
7669
4914
5784
398
593
4361
5882
5007
3791
3841
3425
7606
5022
4201
3183
2748
6468
1069
1194
542
3320
7039
1519
8800
7693
980
1245
3008
6860
3477
7248
53
753
853
5992
2421
2871
1515
8901
838
1003
8541
6241
1316
482
1532
3387
4057
496
7823
5275
971
46
2496
7535
1520
5423
7178
5745
6484
2575
4812
4626
915
361
6303
7896
506
4843
8523
1623
8767
8656
8312
1342
8017
8746
4768
6953
2993
8377
6538
3351
3424
8085
5705
8679
5467
4036
3971
2108
3770
3680
8757
3618
3934
824
7716
4139
2752
4657
6846
4547
590
1545
239
8364
4120
1640
8760
1695
2689
3708
1937
32
5217
6151
407
2212
4319
2951
2065
5530
2724
1978
1556
3763
3643
7059
5351
8911
2204
7901
1664
1118
3527
779
1701
4871
6350
6674
2151
8904
5524
2972
209
5115
2625
666
7430
6618
4175
3949
5816
4599
1031
6297
5757
7546
5340
8726
5964
7335
3250
3084
7542
1307
1015
4714
6359
3947
471
8843
1099
4737
5694
2734
4869
4300
2046
2361
4819
3819
2072
4082
2774
3503
6839
3057
4637
8274
872
2084
7952
5079
4717
6464
1882
3134
7449
2418
4456
6356
239
2128
5631
6741
6315
1862
602
1264
8777
3672
8184
5622
2708
4657
2452
7885
7759
6974
8726
1999
4680
1866
2807
1890
1083
7879
2338
4564
298
1342
7653
3021
6793
3259
2023
5761
1223
2904
2883
8288
1353
1923
5811
876
1345
6135
7368
6231
7885
8653
5549
4446
4530
788
5548
8181
7614
4972
6656
152
6588
8355
7418
5060
5626
5009
7999
5264
4087
551
285
2899
1009
535
8462
7299
1155
6911
4726
2359
979
3832
3799
6738
5857
4838
6172
8821
6219
7251
370
2663
3341
4332
5169
1851
582
2919
7226
3470
5678
7495
5452
3516
180
966
2111
7703
3612
183
1529
578
2686
1061
6790
7600
1377
851
8850
4396
4157
3072
3202
4436
7857
6574
6705
8071
6545
1248
7654
8256
2809
2782
1923
5239
7847
6558
2664
8354
1066
5953
7830
4357
7801
3559
4120
5019
439
1455
7483
7095
8178
4983
3334
2372
8946
909
5244
3821
7695
8200
3422
5434
963
3310
5462
1823
2070
178
4095
7699
4272
3161
4624
4706
8674
3378
3247
5071
5869
1656
7722
4466
5628
6645
4496
2370
1190
1844
4462
3951
7859
8779
7150
7470
2816
1204
7994
138
5741
5230
494
3555
5939
4436
1772
6974
6963
3754
6225
5041
6626
6952
5460
1681
752
6981
1150
34
4672
8888
6868
3010
5138
8973
6450
5810
1172
8963
3747
5938
1751
3990
2123
2256
8886
1318
6453
8165
6585
7179
3576
1644
5287
6467
6492
440
3442
4682
5099
2241
1388
8325
2442
8106
6216
7811
870
6282
3307
2776
5484
3700
7378
5503
5217
630
789
6571
2224
4203
2144
4650
8634
3717
8946
1191
3183
266
4342
8594
1762
7506
2191
862
1507
4555
6241
4207
7006
7288
5730
1687
521
7309
6616
2547
5011
5919
2556
1390
88
1724
4123
5818
1009
2247
3590
518
3416
8965
4591
5728
2889
217
756
3272
4868
2560
5208
6871
1102
7611
884
3611
4312
2095
4141
5112
119
5242
4511
8276
5930
7923
5568
4151
7411
462
3047
5092
4900
1892
5442
233
7219
539
5679
2831
1232
8751
506
1702
819
2524
4142
5337
8274
8551
2871
3713
2008
6880
1099
8984
1202
582
889
8389
1074
727
3609
6119
7998
7906
4347
2047
5180
4308
6708
2766
1436
915
8556
8008
8783
2641
514
1668
3493
873
2552
4442
5650
7287
8691
3496
3026
1623
6499
7968
2580
8086
1569
8561
1971
8084
7566
6568
6943
1894
4288
8322
4123
3887
7015
3809
1607
5606
3766
6074
845
5400
7197
4455
3921
3443
844
8821
2025
2724
5458
7908
6708
3317
6434
5166
1391
2407
8471
238
4922
5639
2350
6943
7762
288
8794
310
7799
1622
2950
2309
5213
4666
2194
8484
3408
287
320
5070
3921
807
8833
5078
4270
4642
7465
