147
1715
1670
1272
831
885
1719
426
1615
1026
1351
1428
862
1898
990
1158
344
1421
822
1331
1112
1223
67
536
14
1559
1053
74
1280
715
936
1067
1863
1386
1973
57
795
349
433
211
1513
1627
443
1017
880
303
931
1567
283
472
510
157
1880
493
1078
1542
871
1003
590
867
639
1804
1828
1084
570
517
1295
1746
305
45
711
908
1746
357
1939
1436
61
841
1646
1100
62
1649
915
731
69
1172
696
526
978
1562
839
1413
1659
1163
262
315
1888
1018
440
89
1957
1432
1757
312
14
1974
1044
384
1066
842
673
274
806
365
1242
111
1539
1824
155
835
1025
328
473
1474
1002
253
1396
1037
155
1418
1861
672
1165
1346
1543
1707
1714
1328
1458
955
155
1560
594
116
774
1056
438
366
149
677
932
1322
1546
1467
475
1071
782
436
1840
1668
1121
1180
1194
1052
11
767
825
666
481
1112
1056
1295
372
1270
291
983
1859
365
732
924
1024
1239
920
1317
880
245
414
1248
1132
1286
1344
1095
1717
1682
1066
961
436
211
695
1112
1039
161
114
1762
1400
1929
1210
1902
1024
1465
1055
861
760
746
1161
587
824
186
441
296
568
1462
1191
88
603
209
1833
1491
1164
1459
309
457
401
272
397
1494
1084
1091
538
526
129
1687
660
373
881
1155
973
461
1540
816
1501
669
1302
1656
808
587
152
860
1772
1302
199
1201
1447
594
1946
1209
1381
480
1508
922
1382
1257
1866
701
398
1832
479
964
1047
1489
858
1817
1265
1826
1305
464
969
1956
847
456
423
1805
1417
1971
1489
1014
334
1647
1565
1156
1684
96
356
1974
1151
476
418
601
805
643
810
491
1661
1433
279
346
726
674
141
632
180
1481
1629
1726
1317
396
631
1194
1409
1015
1642
326
208
571
1783
1878
1093
1323
1172
510
1864
1939
1900
1310
946
1398
67
1275
705
1074
967
1098
1852
258
675
988
688
1328
1757
1233
1176
436
383
378
1931
1358
147
527
1119
1356
1319
138
1324
1624
352
974
1100
338
986
1207
782
1845
1773
255
169
1112
876
1626
1966
115
71
335
1174
1644
1457
468
490
1757
108
933
1682
1924
575
1280
5
1591
1257
1664
1903
769
144
1427
1169
1598
1026
1818
1217
575
861
382
210
1930
1514
25
1279
161
723
1352
497
1245
1925
1019
656
1174
529
1653
1334
1026
973
679
751
217
600
1844
1613
817
586
352
56
170
1657
202
834
535
1048
1555
1736
1159
1978
889
996
336
580
437
431
1336
1457
1885
565
1535
367
103
1249
860
166
1212
1959
946
1913
1444
688
542
1173
947
480
1632
86
863
835
1476
137
29
582
236
524
1160
99
379
1570
1805
1716
801
1747
1045
1080
1070
543
48
1171
1653
1299
458
1231
511
132
1597
529
1176
1321
1971
423
1594
501
1334
1789
1811
609
247
110
1398
1096
199
40
380
1292
52
1192
772
1703
403
1588
782
1820
1431
1736
880
1755
1900
824
1683
1859
1459
229
605
1345
1178
667
1467
407
630
1206
123
313
1984
1044
852
1408
1513
1670
1986
257
571
1056
850
312
1246
1456
1414
77
580
1899
341
9
1250
259
1138
1298
1291
1509
1639
1410
1370
1454
47
182
139
1742
1341
578
1527
1748
1548
1538
187
1577
1987
1659
1492
1929
1268
943
1097
124
1682
720
1428
1892
1389
44
462
1358
428
806
502
1210
389
1765
462
1624
1691
1014
1171
392
1717
1085
1783
84
1783
1865
172
1162
944
469
1502
1024
1247
554
1950
1980
1938
1346
55
492
1964
1303
79
1487
1314
1530
1324
231
771
1824
768
550
1314
1719
626
1957
1569
1030
522
100
636
1122
1145
1611
398
957
1443
1775
132
1272
26
913
1565
1065
504
1296
106
136
136
430
1784
788
610
1376
982
1315
1362
1839
1605
166
1795
1484
1164
1498
1693
1953
1061
715
903
1202
1624
1683
1947
1522
209
1105
1990
401
1776
772
808
1715
542
118
910
732
983
758
697
856
1304
1805
1498
423
1653
1138
1021
1765
1735
234
479
440
1937
1399
750
1314
862
1841
620
1639
393
146
734
1320
617
1306
1399
702
630
595
1724
1474
1164
1615
1252
1800
1675
1150
1054
460
728
300
799
373
708
1911
902
887
231
1598
1406
1701
1785
308
1968
1362
45
1604
1201
1032
634
1039
399
882
1527
1105
692
116
258
1281
1653
1882
1837
663
90
1646
677
1608
1065
563
385
28
1361
895
1315
1617
1088
741
1742
408
1
544
357
1149
598
1196
1019
1813
398
637
301
1632
1988
131
1480
1453
1732
1174
1112
1837
1401
1067
1438
1343
280
905
93
171
1011
1525
1457
1978
1259
329
1868
1010
1797
179
542
1168
279
1449
561
222
656
555
1583
1956
1121
321
1392
1354
1628
1635
1155
1788
1767
824
1192
1206
925
1525
1208
1375
1890
1991
98
962
512
1020
1651
662
1458
924
1041
368
1997
885
372
447
854
179
322
37
292
799
1173
85
1971
462
1259
151
1330
1931
1913
1177
1994
1087
1772
656
11
635
1647
156
436
1512
898
1225
1503
1302
1405
1265
519
273
897
1087
1254
1890
1639
239
96
1954
231
338
1798
1721
1719
1197
1639
68
1518
1872
1305
1252
1892
1092
1344
1427
104
1070
1193
1474
381
1200
1510
142
1746
623
7
641
1549
1087
384
1093
451
1434
1244
1027
598
1215
398
314
508
1863
544
763
952
436
827
48
679
450
1729
989
1721
1567
570
1983
601
1879
1881
560
203
1719
1530
973
369
883
218
1151
411
932
1699
21
281
1993
1795
707
1549
1390
424
996
274
1850
1786
1946
1171
898
116
886
457
1147
336
1571
1061
1549
255
765
566
1250
530
1999
40
830
1353
474
394
1129
229
433
345
1320
1115
801
734
1097
1223
1870
512
1677
826
601
1992
912
322
94
608
1299
213
1977
262
1387
1946
888
1075
1554
1476
1228
1362
1516
347
1017
239
1156
425
1245
302
116
702
909
1605
628
1952
299
1607
1433
1586
724
1246
287
464
566
372
1745
932
1934
430
1605
1528
31
262
341
1545
1935
787
1768
37
475
455
1887
1313
1243
1349
1050
1528
401
1981
1291
948
1594
757
1571
1026
279
469
921
1766
229
1055
1785
1930
600
90
1305
132
678
1258
54
1971
144
381
1805
901
1820
1988
1525
681
461
700
1194
875
1460
120
1861
146
1152
45
342
866
720
41
788
1022
778
1425
1067
1038
1828
1334
4
1976
1199
1731
322
1230
1667
1382
1736
404
709
1752
1465
1373
102
251
231
1441
533
1215
1725
1485
1637
705
1064
1783
1961
96
1696
1867
475
1757
884
311
172
1838
1507
1120
533
1807
1943
1967
1164
1239
1612
764
1283
770
1487
1125
1851
432
193
1163
1094
73
187
1193
905
1259
1755
753
880
1074
1692
1621
1067
34
996
1967
1974
1188
294
1214
887
747
40
605
320
722
800
1586
1077
1987
1703
1888
1655
454
255
1577
1039
421
1393
1843
1110
1033
1327
437
321
1138
584
175
602
1799
1066
708
1161
1064
1969
1381
1026
1453
637
1258
1879
174
1778
191
542
1597
570
10
862
1235
1253
1893
1747
918
1136
716
433
1700
1027
324
484
702
1573
1317
1974
980
1498
1622
202
857
1324
1108
470
1939
1719
1726
269
1393
1742
768
1962
937
1852
1194
809
877
1429
525
191
1513
1947
1713
410
1164
604
1638
210
1233
696
1573
1055
1769
1776
1985
1621
438
1658
1536
1290
470
977
1712
952
1738
1129
664
29
1010
817
1836
863
1784
1953
1532
1838
1829
99
1210
1954
147
126
1926
611
1265
925
119
712
1548
30
1272
1287
1216
1014
1021
426
1035
1057
449
1715
394
1416
990
1462
1619
1516
1399
645
1805
1182
1333
1801
880
1937
1804
1819
1637
487
906
1427
1513
711
1532
1432
1508
1296
444
550
1920
72
1162
830
104
174
614
311
462
877
1832
626
1497
1441
860
875
1178
1204
653
731
1913
433
1997
1723
1553
810
1950
1283
1572
933
304
1312
1228
1969
1927
963
1824
518
1048
1110
863
1771
897
555
779
913
290
1021
165
76
540
935
242
1681
1396
259
1367
1771
419
1578
630
456
1037
346
1284
977
1053
695
1030
22
393
1304
1528
535
1975
50
1497
368
1308
882
1398
876
12
1907
1874
1242
388
511
1135
1245
1359
1810
1244
445
120
1082
1899
1883
813
1019
1886
497
301
1056
1421
328
1118
1948
246
1955
1453
510
1073
1065
1315
1666
1183
960
1120
419
1823
869
1462
623
1100
1176
1413
676
1479
931
1918
1526
1660
699
39
530
1795
736
1162
1836
1718
735
1290
917
26
694
1507
169
700
1287
1836
1588
329
1046
1084
165
377
1372
134
1930
1786
1998
83
1515
373
1704
411
1667
446
131
1087
1976
1149
566
1766
1804
1476
1832
1889
1372
653
883
413
1669
1890
1156
1925
919
552
1279
1538
1234
1000
1424
176
813
203
1116
893
1909
834
838
1537
962
1456
1117
1013
1878
1508
1427
1201
254
822
664
22
779
381
309
245
1658
1611
596
170
1535
1958
1308
344
1409
1780
427
1218
1710
258
332
420
1903
1697
889
284
55
1758
490
200
517
300
1562
620
1784
1759
1274
1664
706
344
271
1764
1349
1160
1095
193
1371
579
1321
1230
1650
1251
1610
539
1395
118
1228
494
1843
1077
1073
471
67
161
1085
1858
1586
1628
858
1017
1027
1057
1028
1011
1497
1074
692
1997
414
1260
1723
596
1795
25
1124
1548
1714
1809
716
1439
1311
1406
157
1333
349
1339
405
413
493
1015
1798
1574
624
1468
1527
204
702
1207
1288
674
1631
1652
435
1032
439
1543
1053
1577
751
1064
75
1268
1998
972
146
149
55
109
727
1200
1883
1094
629
121
1823
1500
1020
226
568
828
518
1490
867
1837
694
30
1905
1186
442
135
1519
1535
863
33
1300
756
403
1307
676
1243
1589
1839
914
1754
1433
1063
562
1142
343
890
1179
932
1459
1362
380
77
1032
1211
1142
1853
1966
203
454
1192
90
552
1446
522
564
1338
201
905
452
1471
565
1130
134
1572
1998
1436
1757
199
1260
436
1027
710
382
534
1037
1715
1496
1198
1213
1127
1528
856
1458
783
647
818
187
216
426
267
920
1171
1320
968
577
325
342
1715
656
381
830
208
1609
1250
751
654
1850
1977
1053
1350
1949
1664
1865
1540
282
426
603
543
409
791
987
38
1542
1551
304
1192
429
828
64
1968
837
721
902
1916
1401
474
609
1064
961
193
968
540
1647
282
1276
1343
1733
1628
422
838
1125
893
1248
780
1488
1480
640
192
751
1629
1454
1206
1856
694
1430
1771
1272
1698
1497
1353
103
816
1070
1570
554
905
1078
1052
425
169
1133
538
992
492
1500
611
1035
226
1676
1714
699
1822
1909
1561
1253
1905
660
34
1978
573
1947
723
1793
1033
290
1581
303
1809
235
1538
1545
502
835
896
369
1417
485
446
1404
719
