159
2
20
25
156
192
45
159
106
29
66
71
49
192
149
132
42
0
55
137
196
63
9
75
42
184
50
10
21
21
157
153
9
25
173
12
38
61
9
177
190
158
182
104
118
155
117
92
74
76
107
131
66
22
6
58
187
27
123
154
67
126
89
95
29
52
89
150
45
78
181
118
0
163
66
184
19
138
3
65
39
150
115
166
182
122
167
38
141
75
14
3
21
157
21
170
111
85
147
187
164
198
102
10
150
56
113
75
183
90
147
197
196
48
52
133
69
144
118
131
44
70
78
129
71
55
21
112
147
50
168
45
31
74
0
137
107
137
103
38
44
95
56
5
109
80
89
156
122
123
88
92
44
78
159
33
4
63
125
171
30
30
187
90
76
94
48
6
187
58
161
60
14
196
184
4
86
184
143
175
163
104
169
95
81
33
30
158
161
26
113
192
131
4
192
109
165
69
184
118
