1934
3491
947
3665
1546
595
2058
2890
3954
977
677
3259
2325
1593
2215
3709
2738
369
2600
888
1555
2307
365
1525
3892
2389
2681
2434
1250
3878
2334
2171
1694
135
1420
923
1600
1555
650
510
1048
2349
386
3826
2384
1877
821
2554
2510
2566
2736
3742
1782
3183
759
3795
3627
620
3006
2082
2550
3008
471
3512
1375
145
773
1898
2360
992
3983
1666
3898
3172
944
2474
3014
1538
2379
1396
14
2347
1019
3299
364
2866
393
1690
3376
3880
1207
63
3319
2166
2137
1900
2422
278
1187
3634
3414
1839
2653
618
2298
555
2228
793
1596
1878
298
2046
1077
2197
2989
316
475
193
1221
191
2052
1599
1063
3405
1129
2173
3335
42
1062
1291
2346
3591
2590
2579
3065
585
124
982
2737
658
2388
1413
3544
1646
1511
3353
1482
859
3141
1519
2417
2133
3917
1667
1715
1502
2928
168
2309
2759
1812
2626
2814
606
1205
288
3398
2196
3685
2873
3085
2504
3027
2786
3320
3061
970
1385
1910
2070
432
2833
1424
2674
3311
2538
2079
839
2097
1164
2232
919
452
528
2082
265
637
843
3080
3358
2072
2792
2538
3186
2878
3073
1550
458
2975
346
52
1728
1119
634
1063
3719
1485
806
1327
2205
3310
2844
451
1325
1145
3849
2971
3710
2299
1415
2404
1660
1690
1687
909
2529
343
2935
1311
1375
461
1055
2761
2860
278
1086
3704
1579
3340
2924
3398
3635
2924
716
3914
862
439
97
2573
2032
1395
841
2941
770
1711
57
2906
2538
3427
1527
3277
3273
1461
3950
121
624
1848
3474
1385
2224
1423
400
3241
93
1648
1809
3281
3774
2819
715
3196
3155
3721
2628
1047
2083
1018
3524
2773
2946
1383
21
958
475
446
1370
1000
2816
1483
1097
1566
3179
2075
422
3196
1231
1436
1662
3197
608
2209
1309
1740
1724
2850
3724
1334
3540
2655
3082
577
2107
3365
2406
1590
1098
2858
1111
281
3598
1874
3896
1305
3023
2131
1730
1923
349
438
680
3377
3001
1012
2153
3072
1245
1408
1686
3007
2985
1764
2465
3363
1195
3715
2557
3095
618
2237
1656
433
976
3793
3442
1440
113
2588
3096
2306
508
160
258
3857
2365
3233
2597
2301
172
3688
661
629
1046
2442
187
543
1733
355
1167
2727
3311
1020
2194
2292
3832
3724
139
1526
2917
2714
2108
252
2654
3872
32
3874
767
1835
2339
1287
476
2463
1662
3516
2798
439
1645
1689
3485
1227
3887
2122
908
1450
1498
2054
3900
967
2200
3488
382
1712
1026
2230
1369
280
311
2791
2772
2295
120
2754
2400
3015
2596
985
5
3247
2955
2676
2632
3261
1330
2722
3254
172
2178
2315
2351
2757
3884
32
3697
3298
3421
884
2048
1614
3162
900
3823
168
1177
1233
3822
2086
2811
1391
3665
3317
3785
2934
56
2207
874
469
3232
102
1791
3078
3429
3084
700
3068
306
181
355
2906
167
3108
3390
2141
1830
3427
696
1369
1082
734
3288
1378
1732
2446
987
1633
3107
1107
2798
486
3455
2811
2277
1756
595
3519
2683
184
3796
749
870
523
1282
3008
2870
3639
1643
1291
2506
350
2774
3413
174
2454
1138
1277
3573
1337
2524
1759
2799
2681
3111
1487
2120
2193
2411
2818
2173
182
748
141
2139
2188
518
1861
3126
3285
3794
645
2467
996
3608
1901
2546
3536
1585
2567
1323
2244
2007
3526
1444
1235
2219
2631
3548
329
2947
2522
2135
444
974
3513
983
2753
3973
438
3155
827
1424
2836
2870
3087
1682
3916
3159
2579
211
976
3313
1284
1320
3947
2814
1815
160
103
2933
1831
1453
2153
2268
3117
3789
2167
812
2734
789
1657
896
78
2521
413
3417
2530
1370
1524
1906
547
1452
1915
3258
415
3555
3892
3731
457
2906
3314
3750
2128
543
2772
2145
3598
2494
2568
3471
599
3017
3953
1714
3569
1889
3
1791
2178
1027
2123
21
453
370
2572
3484
2711
1692
2852
1718
398
2764
3885
3333
3944
12
1183
1177
1249
3829
3186
851
1663
501
1122
2652
2664
891
1259
3163
243
2305
2388
2167
1564
2327
3400
1001
1168
392
191
2236
1160
1643
219
772
1107
2217
2382
1625
300
2693
2329
238
1067
973
208
2866
2487
3868
281
3
1785
2889
435
3977
1388
3567
3666
1270
1552
3546
1833
3832
893
363
1121
2137
3989
616
773
787
626
3491
1088
3187
1375
1989
3262
777
3011
2327
1712
1641
1080
1997
3435
3009
1881
2960
1936
1719
3481
2470
3141
95
3313
895
2402
3670
1329
2591
2921
2814
120
2275
2828
3894
1535
306
3154
3284
719
513
3892
2370
3539
739
2018
2099
264
44
3203
1888
3088
800
57
1060
1894
3004
3459
3600
2988
2944
2364
3819
3297
440
353
2282
1518
1222
1135
3336
2783
3342
1386
482
2863
2750
2363
3410
3580
23
1905
2853
505
2972
3720
3995
1026
2998
2727
859
2378
33
2083
625
3025
3703
97
1989
3634
535
3865
280
3000
3122
342
541
3504
2386
2266
1362
2457
230
990
3994
568
3758
1942
1881
2056
2400
2643
1483
2639
3765
2211
2209
3308
3572
2003
2361
3149
3640
3604
217
349
288
3099
7
1305
3571
1827
2024
963
2477
3917
3859
112
2091
519
3505
3357
2735
2411
2388
3327
688
94
433
1783
322
2521
411
3587
3709
100
413
370
1868
574
1332
1456
1941
345
1959
959
288
1667
132
1671
997
1503
3128
2820
2359
402
362
3197
1543
2073
3124
917
598
247
2079
2522
3258
3885
1147
2939
3020
1186
2648
855
3660
3970
3075
2192
2258
1507
3584
2815
1362
2498
1185
129
2219
1068
2304
1966
2252
89
3487
682
2275
1042
2745
2036
2084
2547
3012
2141
3698
2860
3910
3315
1645
1537
2225
1947
1592
402
1373
1660
2501
2676
1024
1816
2016
1598
2572
406
1845
2816
1765
762
3006
14
3165
1911
1517
3130
2959
1019
531
31
2356
2120
2571
346
3621
2786
3877
2067
1133
1316
1970
1114
2090
2445
585
620
2401
2713
181
2580
635
3754
507
398
191
901
715
3975
1901
3481
290
672
2708
601
1657
721
2833
3851
1391
3147
2534
3321
1134
1494
2322
1413
2684
3353
178
1914
1184
3735
1908
3197
2990
3062
1619
1090
2673
3388
3892
379
3028
1266
3740
2539
2222
1322
2668
1081
3527
3965
2234
608
1963
2893
2061
3043
938
1865
756
1310
586
3535
3204
376
1450
2091
2989
916
1555
2590
2391
2502
829
3450
2782
2339
1595
777
3079
2865
2116
2990
990
637
895
3171
1518
652
2666
2369
316
3433
2247
927
3232
989
2468
3345
2880
1277
1765
2417
2923
2333
3152
123
1167
98
1589
531
3448
2614
1912
2113
3110
1460
3325
444
3753
738
1390
3973
3900
1503
267
1258
2203
2610
3791
2155
3330
3490
3035
1017
1891
1668
34
3002
2083
335
2609
1546
307
3244
1976
699
2182
904
216
3517
2867
1611
2283
824
521
3459
2155
438
41
1178
2080
3998
2149
1031
778
827
244
3872
3527
2107
3022
301
193
1043
2474
1399
1527
800
3730
1631
423
2152
1695
139
1365
1119
343
2619
3546
3589
2431
3930
2859
301
3551
656
933
3481
721
3412
1458
2337
516
1023
3803
2514
2835
3227
3626
2547
30
1531
2043
3842
2722
228
3807
1629
3194
777
3276
3517
1009
3252
3556
1469
1730
3776
895
2360
3822
2500
152
2576
2873
874
1554
3051
2338
2845
2853
2488
2557
129
3497
2064
1199
28
3165
1559
805
3122
2357
2017
2098
494
1694
3153
3459
2748
1774
2013
896
1013
749
1997
2977
2097
3674
3843
2634
2464
3996
1972
485
2324
1062
1492
2427
374
2309
2384
3918
3001
3305
885
3478
2828
3470
1742
2230
2824
3782
3914
3354
809
3076
3836
2256
3866
967
3516
831
1097
3682
2123
3272
602
2340
2708
1592
1495
1513
1741
1576
3908
3612
3997
1809
2288
3719
279
815
1832
1177
3109
1361
742
1714
2368
3769
3591
3758
3227
1590
219
1484
1696
1660
1525
1145
3986
125
257
126
817
1638
3797
2851
156
3032
3648
734
881
1026
128
1660
3888
1592
2192
1963
2302
2482
1470
1377
2725
3682
1530
2669
1752
2995
938
3960
3155
603
2842
1879
1793
318
3441
176
1592
2719
1631
583
896
130
2963
3780
2353
1059
2569
1762
3833
3341
3040
3894
1212
2008
3562
2906
2390
610
1212
1813
1372
1481
1733
3881
673
1154
3708
3449
2996
569
498
1941
1191
1285
3718
3012
490
3879
887
3404
2358
2783
52
2976
3301
3147
975
135
3358
2237
2257
1029
1072
3064
3303
3848
276
3847
3929
2993
2324
634
1435
3005
3722
1918
1437
816
3361
2935
477
3549
2552
2172
3325
403
357
592
3758
1223
374
2936
811
1850
1138
1310
419
424
1214
2881
494
3916
956
3447
3616
1267
526
1664
1340
3292
504
2600
2112
2440
1700
1592
2046
3011
1758
3161
2282
1903
1663
1543
2447
778
840
526
2365
2684
2084
2116
2173
1535
3280
1987
1893
202
3159
2368
2822
1756
1877
3181
642
3074
1853
167
3420
3877
2838
3933
2632
3955
3520
2334
321
3240
3444
1885
825
376
1290
1412
3083
188
3508
2034
140
3991
2632
1747
3712
452
123
1242
1801
3806
424
3325
507
1451
271
1869
363
1222
2427
2321
3333
2920
2844
2142
604
1458
3379
2869
2972
569
2380
473
3611
1742
2725
1835
2734
3113
1485
1060
3929
1969
776
238
2654
1771
3791
2207
1719
733
3956
3891
2462
2014
2915
2982
2761
3548
3716
2155
1491
201
1468
3979
1397
2338
979
2621
340
1725
593
1022
2100
3983
3138
3726
3179
2968
3705
2599
1040
3724
720
1658
2033
2014
1773
2696
2596
3146
1664
3097
501
320
1480
3901
2015
1608
2710
3517
1398
2614
586
2685
2240
1772
1049
1168
1988
1318
2384
3896
1274
6
1906
888
2210
252
285
1656
1585
658
811
2069
2950
1202
1333
1986
2171
3060
1873
2495
951
2023
764
2068
928
1915
1170
3530
2286
1481
2970
1158
3866
2816
2463
2979
3957
269
665
11
277
1286
3243
1873
842
3411
1701
2894
3471
1177
2377
2231
188
772
2282
663
3193
273
3345
558
2796
2165
634
2950
83
2894
923
3085
1230
3812
2372
2228
3731
1274
961
131
1189
567
1341
1558
62
1100
2817
3096
73
1250
1370
219
2701
2881
2969
2930
2660
3263
3763
43
2090
1635
169
1035
3984
437
98
2215
3919
1188
2420
1277
1530
2611
353
622
3405
2753
2846
1272
130
1587
3535
2643
290
1376
1838
328
2328
1594
651
2985
3457
884
493
3697
3232
852
1655
1177
430
1014
326
244
1198
122
694
1896
2687
2763
3203
2762
2058
525
1645
2388
2075
3042
2133
2117
1709
2361
1861
1205
3646
148
300
1331
2690
1973
2759
1566
723
420
2427
1756
3909
3487
1854
378
1304
3071
2421
1953
2855
995
1464
3249
3421
923
2642
3837
903
2386
2693
34
3812
2105
1450
3749
1882
1388
3958
2601
3874
2596
1816
2121
1987
184
2974
3928
1212
144
3448
1010
3483
616
2484
2591
3083
3486
2472
868
1130
2232
1327
2085
3416
2229
1546
1051
3243
2574
3048
590
3264
1608
2560
879
3564
89
3067
3733
1712
1364
3055
3346
3275
3987
2085
1040
2857
2720
3484
750
249
576
2471
209
1437
3196
1105
2633
1978
1645
2209
929
1359
2628
3800
1186
2467
3124
247
2917
1623
829
3742
2867
2586
1397
1231
1371
2107
1300
3729
1966
2585
1820
3633
2203
3927
3043
2594
1250
3211
511
3941
87
2613
1325
228
2870
141
3070
3448
989
597
1631
2794
3882
1422
3939
1494
977
2982
1839
2668
794
1582
2082
1136
3222
2058
3518
130
3228
1890
727
3704
324
214
3191
2439
3870
3438
172
3360
3376
3246
3791
534
3851
905
1746
318
361
493
1797
112
1317
412
3236
3338
3126
1083
1601
1044
1961
1987
3881
1950
2747
3316
374
3205
3888
553
497
2804
210
3335
2881
1959
2442
3536
1557
1611
852
2708
3529
226
98
1415
2040
3715
2224
269
3327
3869
2399
913
202
1339
1456
1173
1981
3267
3582
1540
801
3865
2552
675
329
1345
122
3590
479
226
936
2048
2000
2437
2727
658
2257
797
1719
804
1261
896
208
1361
524
3571
2967
220
2017
2213
926
1441
496
2674
1750
3143
986
1287
369
2545
2726
3653
280
3027
3630
1758
3366
3106
1507
1853
2911
1028
3326
3746
881
2471
2245
1643
2725
2894
3126
2414
1346
3173
1714
1794
703
2581
2025
3774
1410
1107
3486
1593
3193
3827
2102
2833
1012
315
771
1895
2749
2578
3751
2343
3990
2775
392
421
654
1389
207
1699
2783
3732
2588
2607
2503
2291
2985
1577
1920
2161
2585
2050
606
3716
1661
1056
1445
2496
2371
191
1189
1617
2908
2994
1843
1412
104
2886
3333
3039
3265
1895
2537
625
3456
1403
2274
3460
559
845
2273
79
1420
1765
2780
1704
2423
466
1549
1943
1561
1641
1962
869
1265
135
3420
3475
700
2450
2270
3463
1055
2238
3380
3042
2164
2316
261
13
3823
1197
3383
593
1548
1636
1126
3301
3767
2121
384
1986
1880
233
2336
851
2585
2347
2469
3272
309
1294
3502
266
1022
3822
2996
1705
3819
1125
1540
2160
3261
3726
2743
570
3724
1316
1456
2142
1746
3017
146
262
1172
3492
2395
2846
649
1089
3233
2183
2472
1020
2344
2635
50
1496
1149
1355
2937
3786
3441
2132
3532
2611
3829
1872
608
3498
3759
888
1628
2551
3415
3047
1025
1596
1904
1674
1108
2543
934
3156
1066
3330
192
3950
3375
2115
3234
2155
274
190
1603
3674
976
417
1637
3701
1084
2424
342
3478
104
2935
3234
1064
2867
886
2451
667
3567
2390
3046
1778
3053
1826
3755
1239
776
689
985
2543
1354
647
2315
1959
3679
2523
411
3981
1428
1044
3098
3708
1579
3500
2537
1071
191
2294
3767
438
1262
3132
1111
2118
3943
1377
3388
587
1297
1478
1780
3705
3318
1352
3967
320
1803
2534
203
1342
3389
32
302
2222
1529
731
158
1630
23
2625
272
3038
2628
2565
747
1844
587
3556
3176
205
416
2535
2409
334
2409
1765
563
3048
489
1765
3753
362
873
1570
2662
2769
3941
2535
3031
3002
177
2521
722
23
2566
916
1719
3168
333
3149
2690
1345
3495
1399
266
2066
3319
34
3961
3716
780
1469
2312
726
2606
2524
2775
1223
420
2357
134
2054
2912
3524
1042
614
1960
2318
3279
1421
1762
642
959
524
411
2139
2284
2248
3636
1731
328
3447
2409
1970
3902
2214
575
500
1364
1175
426
1064
3808
3176
1912
516
484
1998
1949
1174
615
289
1180
6
2130
2992
1391
3895
3779
1750
2036
1228
3889
2596
852
2055
989
2910
560
3180
2930
738
2826
2085
1881
194
3917
1855
1435
435
218
3921
2099
3486
2353
2684
3215
820
2616
2414
3971
3038
1099
385
2186
3794
1408
1280
2011
2177
341
3242
3940
1358
2585
2671
1509
313
244
3351
1163
153
3571
2626
1415
1801
1748
3722
3179
921
2922
36
2592
1893
1997
3174
3815
2146
738
1954
2666
501
99
2673
670
1470
170
1003
1240
2225
2495
1234
1193
1157
1339
3630
3543
2821
1145
787
3993
645
2488
191
3758
3854
2863
1727
3195
698
2126
1905
1407
3868
844
3492
2293
2870
3987
3772
3622
3886
1348
3794
3912
602
615
2840
1142
2616
2228
2042
3501
954
407
3168
1281
2655
3140
1968
3002
701
3959
688
1294
3002
230
1641
3260
1114
3173
3719
738
3411
3510
2237
700
956
3019
549
2458
3972
2297
1157
252
927
2235
2765
1485
218
1504
3261
1625
3248
3826
3652
1099
565
2852
2915
3048
2031
951
1775
3458
2341
3881
3862
346
3024
346
1369
2549
2126
444
1623
25
1493
759
1258
2277
3108
3415
3530
875
3605
883
2256
426
367
2170
2422
620
280
1755
3033
3384
2376
2481
3520
1333
3641
2345
2871
1341
346
1202
3156
3033
1090
3008
1242
3615
897
349
1788
3428
1970
1485
249
2079
1037
444
677
3772
1658
2790
3209
1690
1184
1506
449
418
347
76
2275
2532
523
3822
3999
2927
3849
938
1698
2573
2869
550
2741
1817
330
2389
3394
798
2867
3006
2038
2957
3448
1963
3874
1594
2160
3281
796
3668
3674
1046
3266
2143
1991
2916
478
3664
270
3528
2789
1572
3107
1223
922
2909
3522
2975
112
538
2405
2069
2604
2354
1589
3776
2056
1613
3134
1040
1172
3903
2171
636
504
866
624
1320
1876
1231
566
687
3720
1688
1808
2835
1711
1125
2269
1982
3910
3881
2119
3219
1515
3296
3768
2166
33
328
2668
2613
2831
3192
3521
1298
1544
993
2762
1486
2085
3936
2724
1619
622
989
2976
510
2713
2660
415
2215
489
3165
3676
2638
183
1642
3074
2500
1358
3453
1438
691
3120
2803
3568
1579
1526
560
1659
2282
1045
1208
2172
1703
1372
199
3511
700
3674
2575
972
2573
3228
108
425
2521
340
2341
3609
156
629
2785
1786
2238
1307
3746
3084
1500
3976
67
742
3377
2504
1898
2754
3840
1974
3626
2456
2369
3575
57
233
2886
2404
3720
3250
1352
2246
2404
3584
19
2778
1095
1634
3434
1460
2652
3034
1529
1183
2062
2222
437
610
2155
2139
306
3519
2938
105
3681
1557
2198
121
2179
2789
3078
2682
1551
3249
2715
2012
2812
1024
2661
3420
2220
991
3410
3581
3317
481
1540
2168
1804
3175
3502
650
2608
2011
2091
1612
1329
2198
2075
1888
1051
1922
858
1575
3619
857
2847
3727
2092
2028
3982
202
22
3424
154
58
1445
1266
731
1640
3977
2843
2727
3347
3727
1583
3696
3654
2531
3808
3323
3234
2176
1119
1016
2843
3190
866
1763
3871
3031
161
1077
432
30
2363
1415
211
2812
2613
933
2977
2688
3394
3979
251
3299
575
1119
1466
1325
949
3498
2660
455
3265
2644
3419
1406
2352
3291
2831
2448
2148
1200
852
1239
3092
910
1710
3151
1775
983
3689
1382
3361
781
2277
1663
78
138
110
2
795
3933
3817
2820
3468
2562
3755
782
2664
3260
516
2508
600
3601
3800
1269
1967
2562
2094
722
1732
2886
1378
2573
2426
3554
2133
2136
1568
1639
2116
3766
2196
2024
3926
266
611
3734
110
2394
2220
569
3329
2847
2274
717
193
3436
848
3928
3576
185
2678
1476
3441
1675
1618
2237
1295
2977
1114
2440
2177
1725
3046
829
3245
2734
587
3587
2985
1270
481
2631
714
956
3686
409
83
1649
1915
899
527
3767
460
1382
2393
3346
3213
2290
2520
1935
2688
226
1993
1452
1300
2290
3316
3491
2439
2175
1281
2390
907
3929
1219
2520
3687
839
1010
1206
3988
1527
3223
1441
1992
3776
3264
1720
1264
2742
2323
2838
2517
3081
383
1877
289
2107
3790
2494
3003
572
247
3247
1551
3300
1777
3303
3753
1132
3105
2481
63
777
2036
1450
3630
3590
1672
3984
3837
1148
996
2410
414
3825
1801
462
755
2699
1792
3955
333
303
2578
1012
3471
1147
2038
1468
2289
1020
2341
148
1056
268
10
199
1123
2187
3030
303
1049
3417
1648
894
510
846
937
1290
3405
3606
2924
1941
926
3597
1044
2264
3600
2322
2041
2380
1826
3787
1250
3189
284
3189
2462
492
971
3077
1262
1447
233
3488
2426
1735
730
1140
3716
3197
306
785
2105
3833
917
1480
995
977
3671
2718
1979
2667
706
2444
2236
2664
3925
1143
1683
2188
2665
2727
403
1006
2415
1286
1414
1528
2837
1846
861
475
2696
751
1224
755
1524
3541
1921
3410
1350
210
2146
2412
1298
501
2263
3679
2224
3110
3246
2748
3873
3364
1131
1302
176
3358
1304
678
2644
938
1146
1497
2674
101
3806
215
1535
104
2642
912
35
1091
3793
484
3416
3960
3414
303
2546
919
2002
3248
3321
530
1112
2357
2225
3900
1909
3621
2203
3107
2973
2025
3668
582
2848
3480
3227
1844
636
3037
3440
2852
3692
1415
3096
971
3070
1613
701
1661
2275
636
1906
1315
2175
94
884
1525
3744
3401
268
3156
1995
801
82
1062
3537
3050
2955
175
3905
463
1779
3273
792
2824
85
352
1843
3980
374
3213
1509
2163
1170
1708
2468
3941
1119
1948
637
1573
2990
594
3304
756
2416
122
214
1219
1780
588
1830
921
1806
3047
1048
508
948
364
409
608
1634
3866
701
1705
701
1921
970
735
116
2181
3760
3053
1219
3025
1655
3446
2514
2709
3154
2485
3578
542
3855
3982
1159
3057
464
663
3576
3524
1171
2845
1187
1304
45
3444
2774
1174
1814
1662
537
3941
670
1943
2991
742
1790
3931
636
1772
2408
949
960
3131
2784
3813
1024
604
68
3308
1318
2842
3879
3095
319
2748
3611
3654
2402
2111
3788
2808
305
911
2730
3701
1335
2819
1151
55
2066
82
1599
854
1258
1525
1820
2767
2399
987
409
16
2401
1411
3831
322
1624
2681
1931
1747
612
3376
3760
384
3839
2168
601
1596
2655
3356
927
3935
2136
316
3928
333
1501
962
553
2369
2567
3458
1138
3894
846
339
2983
3283
1076
1860
672
1425
321
1117
1286
2378
2185
2867
1037
799
1386
2983
3841
197
434
3452
3097
3374
3101
1748
2921
1968
1275
3814
1075
2004
3856
1693
3645
2813
1237
3792
414
1426
253
1945
2673
3370
2098
2741
2124
2515
2173
3447
3339
3615
3076
489
677
1804
1997
864
960
2286
1377
890
1473
1435
3756
3319
2363
1491
3457
1905
969
3690
155
346
1399
1876
2045
3153
3929
1644
1019
1120
1503
3712
1682
1172
257
2204
50
2234
2164
3249
1276
3347
3167
3938
1702
2068
3111
2955
1211
1948
2565
175
3487
2962
570
3100
2800
1371
3353
1181
3369
533
2850
188
544
3699
527
3314
1647
1590
391
2348
1840
2116
1521
3739
3233
1031
3714
1049
422
1445
887
723
3630
2391
3742
3031
3182
936
527
2267
3402
1996
1208
1543
1554
1082
1141
1537
2505
712
511
2579
896
3969
3611
2619
1121
2950
179
1455
232
2014
1666
650
2859
1371
3785
3832
2523
1707
1631
3450
3907
3831
3877
54
2028
476
3030
1886
35
2851
126
3387
882
3679
2498
886
3243
1379
2845
3042
3908
1341
2667
810
2139
2963
3741
1875
3323
1656
3149
2413
3831
1291
3116
539
1235
3885
3383
1372
2850
2941
3848
3414
2089
721
2793
543
579
2867
2307
3815
2334
2838
3220
2053
2626
3123
799
1884
3346
3524
2430
809
651
93
3378
3116
873
1122
2971
785
649
872
1603
1210
3881
3276
2964
1066
684
1354
714
1041
3641
1884
803
3951
451
3375
1555
1255
964
2851
2260
2018
3362
1791
3995
1404
2259
3086
2246
3023
2429
1434
2769
2554
1270
3587
1288
3021
2602
2876
470
340
3643
2947
3515
1213
515
123
29
488
3701
2888
2230
843
2401
1318
779
2239
758
3173
3548
1354
129
1797
119
329
3828
3211
1127
986
898
1437
3370
3428
2535
224
1249
1635
37
2411
3328
2612
3913
1351
2213
249
1835
3301
3781
3081
564
2428
2210
2583
1306
2014
3129
3966
999
3511
1975
2918
