330
486
391
7
164
289
237
181
111
175
289
96
132
352
456
281
131
37
344
15
82
229
360
341
339
23
224
86
35
421
325
126
230
58
275
178
238
387
230
393
227
188
108
425
104
347
218
237
221
402
204
377
434
245
270
84
277
416
80
271
115
311
386
110
335
217
203
256
40
62
149
252
354
411
103
218
401
377
395
309
198
207
209
451
311
138
264
408
30
414
135
261
370
469
120
256
98
340
423
196
374
440
271
110
307
485
359
311
115
481
7
326
71
466
260
110
107
377
102
101
4
448
253
40
272
141
324
456
302
321
251
262
228
215
19
271
307
161
8
223
142
361
150
354
83
177
441
205
28
177
104
331
474
251
286
254
224
261
164
42
479
403
442
96
89
392
180
67
489
299
241
54
302
63
241
239
79
155
136
413
67
492
134
382
97
485
53
484
108
234
490
442
410
462
481
379
255
399
348
414
245
407
427
13
362
360
390
459
326
249
176
18
132
116
257
58
212
448
374
101
339
12
164
348
290
271
71
494
120
223
479
372
12
401
394
308
160
155
147
288
421
298
142
403
279
15
36
228
44
139
55
150
496
26
344
0
96
481
230
62
393
246
211
37
477
150
485
430
122
470
127
192
279
206
453
245
275
93
267
406
399
235
158
26
320
202
245
94
263
36
339
394
215
366
125
345
293
181
153
191
241
307
10
445
432
225
446
79
134
460
94
257
268
99
180
439
200
114
408
26
156
285
13
20
160
124
166
209
3
399
137
448
154
303
336
33
209
0
205
141
143
466
445
189
469
139
144
497
102
307
227
280
146
206
394
460
209
247
481
155
271
387
442
337
463
258
294
370
105
117
378
289
161
236
336
34
90
91
111
261
443
124
319
172
1
5
139
255
22
321
338
412
86
185
232
401
265
3
122
63
97
219
340
264
66
302
364
397
331
112
221
490
139
275
21
346
126
78
79
404
15
416
309
384
207
449
135
177
232
487
122
19
496
223
104
472
420
448
267
456
393
445
353
21
58
2
276
146
496
363
63
244
19
273
178
220
387
231
354
0
284
103
89
172
6
355
109
449
220
13
111
384
216
46
120
334
192
322
32
205
60
498
35
119
336
388
469
198
93
404
210
459
228
396
487
441
100
490
372
450
