98
2795
5540
8388
6100
7450
1640
8425
4072
1880
1947
7647
7288
3410
7495
5923
5688
4787
7411
3976
6020
7947
3131
879
4029
6498
21
1458
8047
3725
2210
3714
2450
5433
8918
4136
7947
1918
8502
5800
7
1770
6038
1338
7331
4527
8237
2355
7275
2758
4421
7320
6157
2826
3034
2506
857
1546
5127
3693
8072
1142
759
7458
6885
1451
8855
3989
5644
4657
7533
4241
7502
7969
5996
6758
838
5052
5528
4789
4491
3791
7728
4898
714
1451
3213
784
1040
1840
3757
3283
1401
4698
3356
5855
8936
1916
2424
2310
6123
704
4440
8630
7017
7920
6840
1328
8699
5503
8179
6485
6469
6625
454
5467
832
8849
8245
8117
6405
2409
5092
6313
2071
172
5076
8251
3262
4224
2320
751
2676
4383
3475
7276
3069
2868
3608
1500
6336
3282
892
5127
4084
1552
900
3791
2689
6601
4607
4374
5045
7744
2560
5611
5807
1201
6235
6876
6251
3579
7417
4181
5978
3489
1930
7903
1742
7728
4197
2852
3175
2202
807
6319
2397
3761
6598
5560
5314
1839
5920
6197
4123
786
1341
8796
107
2861
8453
1164
2340
7841
8616
6164
5131
5508
2361
3571
6014
6528
534
6495
149
6883
3006
3481
5667
8774
5679
8781
3135
8063
3963
8823
2427
8570
8222
1489
8248
5116
6879
8793
2004
1719
2944
2647
6945
18
1788
4069
1931
6368
805
7351
7830
465
799
5065
6306
7629
2588
6736
4636
5428
7564
8432
8546
4603
3912
1317
7298
2362
4507
4126
3896
3793
7991
5259
6306
7247
4440
3047
6009
6189
6830
6824
7678
383
1356
7987
2647
3018
6808
2493
4589
8076
3663
765
3547
7428
1574
4213
5005
482
4663
2198
1930
5121
6782
6051
1960
1001
879
7446
763
1
2751
2703
945
7978
3371
4620
1053
8407
7344
3161
3558
6113
5192
4696
3819
6902
8414
5620
7109
3169
4926
767
5057
1741
4164
1148
3200
5083
3511
31
5605
7155
2138
3960
691
702
2367
2702
8201
4722
1808
8736
4274
1935
8427
8062
117
2511
2537
3991
46
7235
4164
7540
4567
6688
915
5009
3623
7448
7171
1788
7268
4188
3187
3214
3976
5567
4604
462
5590
166
7555
829
3415
6428
2213
6220
7885
5970
4518
2433
8852
3188
7309
3289
5960
6614
7904
4487
4015
8669
8207
7626
4947
8130
224
6909
2995
2897
358
600
3688
3144
894
4860
5232
7218
8417
1500
8616
2332
2767
4815
7922
3319
7758
6034
4128
5932
7094
5145
7084
6198
5832
7638
7623
2088
1747
6210
5506
1855
4554
7001
6308
8322
2469
6019
8360
6391
1682
4332
8298
4039
7481
5796
5974
2537
6697
3346
8260
196
2346
6780
3612
3350
7424
4474
7395
3818
3680
329
487
5038
2234
2083
93
8554
5996
5387
6540
5381
3879
4270
2789
5761
7639
3893
5042
6414
4
5303
6360
2077
1200
3444
2442
3314
2349
8308
5051
7813
3572
6613
6688
7194
7460
1643
5112
884
246
7138
5920
2144
8601
8864
991
5189
462
2654
8203
5738
5234
3684
671
3448
155
2132
4250
7247
2721
886
6356
8436
2291
787
8167
6895
7971
2446
208
3058
7495
4540
6513
7510
3613
5836
996
320
1202
6810
2981
3465
71
7877
5997
131
4160
8808
3799
5854
1858
3710
4401
5099
6969
7006
2369
6800
515
2022
7937
1130
5573
8196
6585
1281
2287
8472
6567
5573
462
709
4605
6694
3575
7142
5647
8865
5667
261
567
478
2339
8895
7847
3782
6609
5291
8250
7818
2480
7561
8192
1263
4018
583
852
8102
4092
3654
6124
2576
7207
4316
8229
7526
8534
5355
2088
2406
7951
8887
3428
8138
1441
916
2817
7482
6664
2029
2710
2449
8063
2129
8240
7334
7546
8520
1072
8257
1671
2700
3184
3493
1169
8787
4194
8349
6321
3280
8284
6271
7465
2193
5083
245
662
395
6739
7226
1850
2545
2361
2249
8626
580
7102
4273
755
292
2264
2638
6972
4917
3470
5609
3776
8669
5487
8471
5794
5673
4576
7710
341
2807
1361
1580
8623
3407
3434
5442
522
3274
5839
5198
7895
7716
4101
614
6463
759
8392
1592
5375
6237
3722
5511
4479
5270
4818
255
3359
6098
351
1465
3518
5334
3016
3819
8761
4779
3497
3359
4237
1949
2580
1947
1801
3679
7105
5833
8074
411
8435
2236
2460
5279
2825
5643
2954
6060
7430
1770
4235
2391
8854
212
5249
7178
8781
141
5095
565
4989
2756
7630
2502
2531
3493
8756
8424
8183
5484
2226
3015
6103
814
5128
4209
2447
7937
6759
7936
3062
6293
3362
4133
3952
4434
2762
1398
5300
5392
4741
4608
9
7749
74
920
2642
4504
6876
6642
6594
845
2265
1653
3638
2002
61
7542
8830
4574
7208
5664
6232
617
5872
8302
1817
2639
5836
8351
328
4094
143
2992
2282
3870
5653
767
1803
5128
8981
6835
7663
5583
1555
2841
8029
2371
489
1450
3453
3469
3897
7456
2838
3469
6658
3463
3326
7759
468
2656
3935
8948
6105
2009
978
2828
8971
120
219
4457
6956
5838
1225
1046
6726
2328
6664
4151
5583
905
6941
3242
8504
548
4797
7531
1042
4076
6835
22
7630
6542
76
2181
2840
2878
4904
7378
279
6055
5415
5878
7827
135
7013
8991
4275
7382
2460
7920
1675
6375
8100
5562
4039
3870
410
8816
3254
578
802
1825
2061
5980
7538
5399
6870
8581
7101
60
7030
959
4649
4676
6448
8513
7502
645
4537
8118
2010
3291
4241
1359
1550
1320
7274
2941
8527
6360
1761
4699
6145
8779
1326
8327
6303
2620
1897
849
6991
807
5451
3636
5934
8167
118
8098
1160
5788
4698
8541
4977
8947
2461
3479
2173
5832
6159
6267
8329
5607
5535
500
8956
3000
7493
1627
3045
2409
164
4862
3226
8653
2251
8644
2034
4194
5993
301
1400
465
1123
6638
8452
5318
3844
1290
2480
1167
1975
6732
7308
5361
7052
698
1190
7869
8965
5123
3353
8786
3491
752
4369
8084
7994
7176
5713
6643
6622
1814
1337
5302
1736
2413
6191
8182
4185
3932
2064
7959
1681
6261
2875
4833
7108
239
1203
3197
8051
3451
5551
4171
8515
7515
5000
5072
8547
3206
2150
8532
2007
5097
4959
4817
2996
7920
2829
1576
4127
7226
1691
7190
6983
1049
108
1668
5076
4992
7536
5756
8090
4320
8179
6279
3182
2083
7180
8099
1315
4210
3831
6314
410
1554
823
6382
8756
6872
7092
4208
3468
4302
8589
8912
7062
7317
6762
4246
3327
2682
7728
8103
8855
518
4137
4699
8514
213
2560
2347
8374
3975
5671
49
1841
4389
549
1175
5243
8916
5558
4169
6060
6909
8488
8527
866
7389
2904
1611
4632
2063
5088
4393
5454
8296
4373
547
6265
603
1448
4932
1912
3538
5545
2300
2354
4966
6619
3930
7575
3174
1201
2289
7753
6971
4995
3729
3454
6700
1100
606
7309
6925
7842
6862
2379
7434
3235
5731
3449
7706
1353
528
6164
5127
6594
7040
8504
6145
5279
2051
4153
98
8647
2
5000
692
2399
3281
3567
2671
7632
6356
4465
2215
781
7410
3001
8497
7239
3422
2869
3526
8295
4645
7894
8768
4463
6442
1127
7122
3605
1540
3840
7013
2509
1105
790
44
8714
7516
2648
2561
689
1657
1641
992
4203
7665
989
8545
7628
8954
7273
5531
7652
3574
6836
444
3946
6859
3532
6485
8040
4011
7470
5138
5623
8321
6886
376
2264
1324
6687
3486
3347
2585
7831
5566
7376
3168
98
1501
1000
865
482
3670
3671
7695
8616
8533
2056
5874
1057
7590
5796
1611
5384
5366
1689
5160
7404
7938
4787
4103
4213
1828
6754
7143
8921
5635
3584
6371
7829
4034
8237
1616
1818
2553
8497
3165
8350
6231
5789
4002
2644
4042
8438
4680
8897
3333
1079
6176
5508
3423
7994
360
5657
8740
2410
8481
1849
2845
8216
476
7698
3219
697
5674
7519
8929
8288
547
372
2967
3069
222
7768
8251
5681
4215
8246
18
8325
934
8162
347
4494
6164
3725
7709
703
2257
8525
7231
5332
4617
3837
8645
2054
1693
4404
7843
1143
2477
8804
8249
7044
6291
3145
7694
7306
7819
6827
8457
4070
6078
5578
275
5077
4606
6790
1312
2357
8820
8080
6613
5902
517
7689
4075
5809
6171
2325
25
2051
495
2906
3992
2205
941
5099
2895
4300
8872
4148
519
6592
6876
6257
5833
6307
8106
6023
4812
6448
5885
8743
2106
2253
2268
4906
8314
694
3265
4950
5752
4775
4222
1100
3152
3566
791
7290
7515
8579
6962
20
6016
8541
2099
4778
5739
8515
4028
1222
8226
7315
5730
7348
2820
2930
3987
3582
685
4441
4619
5675
4973
7640
4925
8940
5670
7602
4982
5867
1516
3996
7054
1983
6303
4907
4024
944
1203
4233
8601
8564
5417
1580
3181
60
7262
4539
4948
2327
8657
8510
508
3928
6970
2073
8488
5462
1014
5956
3575
7272
3679
4514
6919
4211
5624
1548
4655
3049
2239
4850
5740
5304
7547
8405
7771
4604
1100
7484
8958
6338
3969
7416
8786
546
3357
174
2252
6495
8315
6857
1019
5479
6137
6730
2489
882
7057
2189
6124
6769
6569
1705
3713
8852
8124
7219
7040
2423
7818
2544
5362
7770
3778
8373
303
6652
4008
156
7660
7451
4826
1758
697
6467
6532
2447
1585
3857
4731
2450
5666
5826
1919
7226
6877
149
4961
923
3407
3521
2724
4547
8486
5636
6248
6936
4192
4090
8217
5622
3244
7846
1022
3221
5580
2000
7574
4709
6322
3763
7717
3631
6127
7417
5963
5098
954
1022
8654
2367
7086
2638
5318
2873
1413
6956
8342
7556
7048
4584
3194
6033
6488
8483
6140
7387
2199
8130
5673
1537
8672
3677
4472
4424
6981
3683
2067
2709
2167
2716
5798
1268
911
2530
3252
4575
2243
7061
7880
1143
2845
5930
5793
8344
3253
2479
3247
8092
1503
5350
4683
1470
759
2571
2371
5489
1833
363
5866
3741
7125
8691
2965
5278
7327
8514
5946
697
8237
1468
6796
1283
6689
2972
8225
4959
2726
7782
5860
3860
1608
4878
1254
1001
8884
8464
8328
8366
4598
8909
6451
4696
1818
1126
5304
4305
7122
2241
6556
8786
6301
6013
243
2013
665
4667
2998
3971
1359
2459
6574
6791
5845
6544
3760
1981
8354
6121
1371
5027
3810
8949
6644
5258
2656
8474
3883
5288
1075
2146
5302
4198
2201
2131
267
6953
7113
3226
795
7359
5077
1019
6706
8840
1356
207
3779
3327
7637
7914
3041
7283
679
3927
7216
774
8374
8811
8321
3465
8063
947
7868
8594
701
11
5080
5395
7692
5996
6334
1720
723
8625
5708
1885
5159
7015
2853
3009
5362
7342
7357
2780
4914
7912
1259
752
6221
6252
5039
6606
3314
5175
5202
3169
1764
1465
2373
7055
3648
367
2514
1769
2709
386
8071
6008
5107
4852
1337
5034
6003
8850
2804
3784
1535
6986
3040
4061
1779
3522
2088
4229
4880
3635
2516
135
4354
8672
2415
7369
3391
3631
7435
1559
6551
3018
63
4375
627
3730
7042
4939
3718
1058
6362
324
4089
1643
173
1736
1955
1457
5433
2480
5501
1897
1631
2993
347
8885
6177
7213
4638
8294
8412
7580
7030
5173
2713
2820
3461
78
1222
1475
495
2585
2650
6124
5813
6814
1157
1070
8353
8492
797
8757
2388
7959
741
2234
4619
8708
80
8166
1272
705
5915
6583
2629
2958
1457
3956
4763
3690
6928
2667
7817
8404
6840
420
6599
3719
940
2674
8834
1384
6737
7350
2106
3991
8955
5951
4319
928
8583
8738
2763
7997
5443
457
1616
3306
5498
6995
1754
5508
7236
4601
6407
2966
921
5984
3019
7130
4798
8344
8033
6025
3576
248
3723
7959
5718
7931
7314
1558
2395
1003
3137
8173
8680
7064
7516
1052
240
4677
3422
7463
7677
4296
2248
1973
4305
548
2821
7155
4639
7845
8426
3490
8735
1895
2595
2218
8704
8139
1345
8329
1119
7390
87
2461
4998
4256
3572
7049
3505
3270
8419
3759
945
4349
2557
4211
1379
5748
6168
7367
4627
5492
169
2776
5162
4343
478
1740
6142
8794
4942
3975
1872
880
2817
1625
5657
7652
5548
7637
6334
6322
1732
3560
2747
3507
5460
5924
1292
988
8186
5761
7174
2362
6851
175
7155
4364
3439
3618
2365
892
8943
1666
1746
5107
7963
3541
8989
560
1280
19
3294
5597
3478
6167
7399
3879
6504
5181
8143
1583
3189
8524
4308
4538
1299
522
7353
953
2819
7894
2431
2566
231
1830
6128
4828
1832
2269
870
5593
1453
7721
6890
1947
1469
4910
8753
372
4029
4194
5353
2067
2797
4102
5649
1800
2245
5014
1286
8740
2214
3326
1986
531
6315
8072
8574
287
1141
7446
5304
4186
2534
5168
2193
4775
2085
2819
4917
6894
6576
5343
789
4362
696
6603
8225
8889
3470
5318
1622
2599
4747
4357
2480
3191
8246
5820
1001
3240
4126
3579
5112
5759
583
2895
7332
3735
7274
7241
2663
8658
6844
3023
6664
7474
6312
8149
4488
1504
7545
5664
279
1008
8256
599
391
2663
8316
6950
4149
7995
2911
1200
2192
1837
868
3216
90
8477
7671
2348
2979
8947
7453
8919
7653
1565
5571
1633
6819
3810
2722
8333
690
4361
3095
8360
6041
7159
6337
3153
4997
7347
492
385
2429
7344
7410
47
7013
2414
2441
5432
2197
6765
7440
8506
6729
4032
4322
5060
8580
7690
5237
8620
3237
31
3821
2916
3068
5049
1514
7506
1286
6830
6384
6426
4651
82
2516
1162
5137
6351
6124
8433
4433
1173
1367
3909
6807
7319
5204
6993
2424
3268
7703
295
2604
1335
5662
5759
8954
7236
7193
6372
3283
2318
1424
759
7918
8818
4174
7211
19
530
667
3780
8844
2743
64
3892
2868
8430
2060
6244
3979
4757
5619
5891
3402
2347
5565
7070
2097
4785
8101
1100
5529
2545
4048
2157
1699
5297
3861
6838
2126
8980
3116
1884
2376
1293
975
1187
2540
4185
7309
6553
5194
1232
1973
2092
6436
5816
3632
1868
2348
3286
1911
5574
4251
4913
6723
3230
8260
989
3908
3745
6951
6793
5425
4820
378
6918
2894
197
8450
3580
2660
7028
823
2794
5258
8637
3709
6625
1881
2741
3271
7934
3957
8093
8574
4035
4343
384
6822
2297
2511
7950
2666
3996
1343
4498
5366
5467
5267
1335
3098
1666
1637
521
1759
1582
3981
4043
6002
3876
7237
6901
1749
646
5514
2407
6341
1755
6582
5486
3110
5842
6315
1305
7962
7419
1362
7418
1464
34
6865
788
3497
1761
8987
6949
2911
8600
8186
2721
4558
5588
6959
168
548
241
34
2125
3141
5949
8277
6988
7126
5219
8098
4856
1379
329
6085
5030
8893
7655
5973
2513
811
4467
2964
4419
3569
5397
765
3380
3974
6428
7053
2634
4463
5596
8498
6758
7481
7517
4656
6470
6516
5529
3154
5557
5763
4417
3670
5115
3647
8596
8417
6474
451
6918
5074
3838
5091
3313
2891
1416
7733
2530
2897
8848
4242
3346
117
6196
6574
1743
8530
6225
610
7031
8359
8676
8611
4433
327
278
3115
1760
2699
4882
7542
3236
2226
1740
2839
5934
1591
4936
8776
7920
7024
4084
1745
8375
1695
8284
1031
1607
8569
5560
950
2921
2411
1963
8969
691
6605
8050
5774
2588
1207
6558
599
1570
3472
1937
2019
8714
8925
4129
2051
580
3822
6436
2760
4208
4916
7953
7945
7057
6303
6366
898
4476
1108
8956
2393
2068
5379
467
2042
1518
1399
7882
4635
2644
3143
3815
1305
3441
1825
3559
521
4576
4806
1283
4467
7777
5121
5920
6400
8584
7977
7833
8084
1427
853
83
7750
4449
1623
3717
8109
2050
913
2457
6365
7582
1812
3859
6719
278
6776
4102
4862
4937
5398
4805
1909
5500
7953
3357
7015
762
2482
5124
8878
4763
4259
4589
4029
8652
8883
5220
2561
1354
392
6184
4306
1548
7771
7234
7999
3309
5861
4921
2023
8675
4152
6135
3412
5279
3368
8531
2514
5729
7432
7371
7350
5183
8208
1374
49
7946
5836
2172
5636
5509
7833
4579
6861
5306
1040
3887
4815
3651
8301
84
1120
3658
2905
8883
3060
1614
4939
3551
6326
754
3373
2467
3663
4443
2562
8018
3591
206
7958
3114
6736
4204
1006
205
4355
2004
7599
2886
2882
6011
6354
7405
8732
6450
20
5311
8711
4227
388
3005
2911
1873
6030
6814
4596
7876
8069
6420
8539
1958
3917
6328
4403
4437
5213
7763
2351
173
1147
3755
3267
1874
4066
6678
6056
3774
2679
5942
82
4173
2370
3888
3584
7123
743
8402
4755
3517
2099
3625
7975
5005
8676
5364
4664
2492
6834
5825
4030
6899
4033
3266
792
6834
2376
148
8399
8356
8956
8691
6417
8733
2006
8373
7734
7442
8043
666
3063
8819
2186
1260
3594
55
4080
5809
3186
5916
6023
2986
8332
608
8821
8064
5780
6450
8369
5130
4773
6791
2072
2797
928
5865
7846
6680
1220
1170
5616
7082
2132
4433
845
2755
1870
3823
389
1428
3647
129
1026
4019
7972
6738
563
3335
5555
5940
3536
6341
8944
90
8671
8085
5363
2733
7173
1028
6295
4217
3096
2790
5326
7060
3145
4335
6551
3834
111
183
2418
3152
8406
4680
2170
2555
7767
7245
5417
5868
7641
7145
105
3498
6197
272
3398
132
1079
8750
4058
8762
256
6410
7288
1830
800
8991
5338
7813
2321
8047
470
3020
8543
868
5547
3208
5772
949
4049
3862
4192
1857
6247
7684
8133
8731
5918
5010
1600
8018
4250
7505
5380
5891
5984
4758
1888
5157
6859
2842
7225
6049
4377
7673
3274
1556
251
4453
4471
1555
3425
663
698
7266
1971
2426
3636
8688
6653
4820
445
8307
5594
6169
1079
7971
6089
605
2917
5942
8317
46
6129
8976
8454
828
7274
8956
1269
734
2732
5891
6604
7859
3457
8319
892
345
4086
2309
6064
6429
5657
4198
1279
5720
4190
1072
4191
6585
4865
4909
6029
1221
1325
6688
8889
8729
8643
2455
901
7647
2759
6809
2382
2764
4324
102
3764
2941
3847
2741
2340
1401
6465
3078
1540
8832
1109
2109
5046
8830
7050
4047
2262
4395
1315
309
6958
4066
8290
1498
7360
2516
4435
7890
6131
2529
1644
5905
4079
3730
6666
5861
7227
2189
6063
2888
8198
1374
3672
5606
7458
1927
4731
1704
8388
7044
8878
3619
7688
4949
4697
4640
8066
2241
2973
8497
3839
3323
4583
5236
5586
3580
1749
5815
8338
5749
2177
1952
5225
3142
3771
6680
7991
4992
2120
5596
7285
1660
4617
4326
8149
3630
6663
7031
6942
7369
8361
4713
6342
3280
8624
7349
8841
8606
8634
376
230
8475
4314
2258
3464
2548
5641
3613
5009
8750
5318
4710
6266
2310
5393
3835
7648
5576
2005
4177
3889
5626
4059
2448
8348
3292
1043
6629
2815
2158
7710
6741
65
8934
5151
7233
2367
2380
815
3362
6772
3444
8944
4946
3218
7976
3889
6301
8093
4711
840
4250
6422
478
8495
6714
470
481
6917
4107
7592
3655
3572
4137
5001
7887
8203
4506
4291
6698
1689
2948
173
1278
1866
8822
382
5340
535
5184
1320
2296
4645
751
2026
8107
3272
1369
7286
318
1505
5057
6697
388
3146
3880
1392
4068
626
864
6712
6562
6643
5534
1862
465
5809
668
4925
6304
2317
8568
7989
5918
1176
8228
3969
4763
4955
7746
5305
7100
3467
4892
5710
4306
650
182
948
1024
7712
5665
5153
2192
7889
4468
2796
4153
8111
1377
3041
6894
8080
2665
1280
5942
2715
5413
1701
7715
380
1386
4587
6609
6399
928
8554
814
5441
7111
3776
8632
7810
1862
8459
2255
6054
3050
5227
5832
3074
4752
8190
3123
2532
1751
3382
4603
6940
2837
5909
2807
7543
6652
2336
4441
4906
6712
961
2962
2587
120
4247
5927
1474
4718
721
2405
3423
685
5519
5813
1046
8294
6641
5555
3437
6103
2201
4561
5870
6737
4491
5603
7959
7108
4861
4599
1399
3305
6201
1899
8723
6739
5295
5546
1383
3307
775
2364
3392
2055
8005
4761
8445
1815
2557
5450
8998
7715
1686
3509
1621
7380
3139
7811
4601
2534
1964
7791
1562
3230
1851
5765
5591
1774
5635
3244
7082
7170
3779
5433
7117
4854
6367
7130
2533
1262
3271
6860
540
7265
6721
2234
5654
1331
5962
4331
10
8238
7594
1333
8528
8492
8918
7140
3257
4604
8662
3617
6377
3302
5518
3601
2065
6829
5602
6947
2577
2784
7747
6597
6843
8964
814
7628
5116
5842
2348
3526
3627
7768
5276
3687
435
3983
4395
2939
2206
3225
6926
2902
2311
3988
6751
2254
6537
6216
5139
6785
1838
1057
3524
5209
8847
1248
3938
6264
5331
772
820
5898
2723
6217
1092
7966
6761
6939
1401
4272
8337
1513
3086
7734
2208
4440
5511
7205
8681
2419
4548
3743
6527
388
206
6067
8180
2714
6175
8618
6551
2398
3486
7793
7012
8868
5272
2848
5494
6211
7826
5038
4016
168
3282
7286
4777
54
7029
1018
6997
1202
3235
5962
5472
3254
8967
8929
4349
3884
8506
2989
3925
692
479
2633
3387
8308
7506
8912
3261
7348
8554
2968
621
1883
1453
8897
6973
3993
8387
1297
7280
2129
2066
6613
3349
4850
8816
4845
7111
3876
4528
1237
5896
7842
1339
4004
236
2255
6872
211
4065
4545
7782
4803
6373
7893
4901
8547
5224
7925
6085
1333
8296
1093
5871
2196
491
22
4487
2605
7798
6948
3659
4270
4876
2539
5389
3271
923
3417
1596
628
5329
8647
673
8220
3140
6993
1021
7881
6
8200
2688
8604
2647
3161
7748
1132
7148
7316
2264
3059
6470
4898
1104
8534
3422
4563
2706
4110
2268
5956
4316
8279
5366
5722
5120
2301
7925
405
7113
5254
596
3764
4624
6385
2378
2865
8671
952
8575
2712
2238
1260
6490
6689
428
4246
1665
5432
373
4261
4258
1701
3938
4185
5342
1333
1655
6691
3046
45
8421
4743
357
2878
5296
5807
1420
2329
3010
6085
5317
7071
7518
8500
1408
2574
6697
2460
25
748
6795
208
2394
3249
5940
4446
2012
2797
705
4898
8169
7587
8893
4471
8317
7921
5404
7795
3011
5317
6763
3646
6444
8069
7507
2623
722
859
7133
5699
3938
5155
5831
8963
6096
8811
3916
5576
5124
318
6354
4150
915
1348
3525
7658
7873
7938
5353
3034
6177
6233
7237
3119
1111
3038
378
3057
8252
3406
3842
1584
7865
4347
8638
2130
1095
6775
5216
8814
5371
3627
2095
3163
503
1901
7833
5581
2483
5389
8387
7814
1619
7986
2547
3341
1114
7053
4431
2134
3396
6121
2838
7518
4609
838
8500
6888
3005
4081
8995
7465
2996
8689
5676
7589
8963
2561
981
1252
6498
6173
7461
5028
773
4099
4411
3779
7250
7223
4885
466
3628
8594
4844
2825
7270
8984
8603
147
2996
1125
8185
287
2307
5612
7220
5783
1553
1908
8078
7657
2263
8919
4028
3112
4379
4503
2616
1358
2193
1871
5504
3976
1250
4260
4255
5654
6509
5063
3642
5613
7825
4240
4237
1259
8085
2383
6108
719
822
7586
7198
5722
2776
3599
8427
6470
1600
8116
8734
337
7485
6035
4525
3214
3079
875
4725
6104
7144
757
987
2036
1616
1124
7133
7626
4300
351
5239
6991
6102
263
5226
8643
4912
3296
1783
4330
1281
6390
4345
1385
8202
8980
6599
614
6338
356
8489
4404
6957
4486
5226
1010
3580
7727
3164
2447
4086
880
1874
4437
5581
8095
350
8127
7435
2711
3395
2375
5346
2463
8724
1592
5267
6561
2987
6821
8126
4681
3782
3789
1344
8720
3108
6364
2499
3428
3798
4359
7367
1861
7336
843
2646
2647
5390
4250
53
3167
2748
4515
7463
8884
7637
4909
2156
8884
6821
1296
8790
2872
1706
7840
4300
661
1829
2814
4599
687
1983
1493
4865
5291
5054
974
6734
8554
5951
8793
307
5654
717
6184
2131
8522
3183
8585
1185
1058
8432
161
8655
5211
8712
5872
1020
5809
1560
1972
1085
5092
3163
8309
5706
6758
5759
4226
6689
7644
8515
4079
8576
3662
5931
3436
7923
1508
8398
6915
8302
7366
6937
1525
7117
6656
8300
4617
2591
7177
3858
6442
360
6647
7678
3940
4981
6585
3968
4947
4459
7561
8031
8184
8793
4411
8497
6689
7444
1614
3542
4868
5112
4757
7419
968
5155
8602
5930
2944
4766
7505
4590
4788
14
701
4356
4037
8799
1297
7789
4965
8527
3845
3072
3521
1624
6986
1012
2493
4143
3772
747
5082
7234
3819
4354
982
7031
558
550
7584
5959
8429
520
8494
7089
3041
7065
3541
7763
1498
4953
4444
5627
5404
5128
1973
251
3039
3399
946
3803
8506
6817
4744
1473
7124
7412
5338
7931
5990
6636
7253
2373
4520
6878
6483
8174
406
7697
3191
3173
5735
6952
708
4425
8499
205
7817
373
7462
2143
965
4330
1620
4908
2363
4799
5891
5842
2114
396
2840
2848
1004
524
5463
169
1873
2073
6874
7056
6479
4417
2877
7679
320
5606
2876
1937
8136
5995
7330
1368
4674
4466
4559
1136
4366
4258
3836
8067
2065
2158
2446
3198
5096
5321
3749
4336
170
1885
7473
8234
8770
6027
6192
4818
3150
3165
6901
1434
3431
5608
8056
2589
3637
8101
5910
3770
6654
3333
7341
272
2642
2164
4734
4538
3454
2231
8624
6852
1875
6488
1853
539
5027
6872
7939
3516
8688
6860
5649
4938
4313
4152
979
4203
3105
7263
6469
5404
8797
3773
984
5080
2602
6388
4867
6800
3697
3954
8081
8116
7417
716
4547
8615
6655
8475
7483
8681
5987
7461
2700
8439
4338
2207
8592
1645
5924
4662
1024
4131
8490
2805
3218
4165
1030
4448
1626
1668
1814
7535
5583
6130
542
3838
4984
8763
4945
3065
3859
4854
8628
8165
322
7171
5207
7130
371
399
3745
2188
8587
5467
4287
1529
2054
7539
7232
6909
6437
3298
536
8032
4412
6474
2287
4841
7439
5745
5045
45
1512
943
5541
3568
2280
2940
115
7307
5352
1103
5731
8854
7586
792
304
7517
3185
551
4349
2334
2777
358
7283
4171
1101
393
6512
7955
7988
3798
2312
1955
5374
5351
795
2033
8568
2925
5235
3769
4274
4366
4152
3056
1026
1199
6505
1998
8415
7892
6961
8833
3635
8340
4292
4956
6445
5770
7717
8390
4803
5238
7461
7743
2633
3507
4714
7277
6832
6249
106
4909
1510
3050
4994
30
7789
6034
7591
8727
2227
5159
1984
5136
6398
2968
3662
4965
1993
2618
5201
7911
504
8102
345
7341
5844
4486
4366
457
6003
7446
7748
1813
5743
5383
1822
5859
4969
5134
1590
6204
5778
7236
7398
5392
286
2047
2054
2972
2477
5045
2082
8274
2391
6496
7711
3034
3860
1093
6090
5358
8917
8327
6390
2508
1970
2104
3008
452
689
3120
8640
4577
6152
8990
1022
7677
1431
2995
8135
4068
3957
2862
5539
4251
4141
2690
8460
4649
6916
3275
1820
8507
2266
5455
5803
2350
6939
2586
1148
4013
2897
7490
8667
8243
2800
3810
6830
4682
2333
3713
1437
1578
5612
4194
2863
3765
325
6038
8418
7079
4297
7757
8479
1019
3063
860
6072
4344
517
5441
3262
2002
61
5954
2227
5485
3359
6379
8433
1013
8261
7765
6317
4944
359
4372
4908
3669
6210
6577
2968
1974
2935
6599
3654
5609
4902
5273
264
2053
6670
8456
5826
183
4074
1274
7667
2643
3777
2941
6330
1600
3361
8612
8914
5068
7889
776
5516
2687
7162
5344
1703
3532
1346
5027
3183
874
4037
4794
5127
5041
4823
3851
8884
7511
4466
7816
5167
3250
7281
6397
6630
8304
567
6864
5625
7842
3999
668
412
8127
3841
8246
2910
988
4261
2496
7988
4906
3079
5323
4394
4144
1975
679
935
5647
187
2366
5556
469
7012
5535
3714
6704
4250
4463
1517
892
6157
2961
424
5632
6593
4126
1998
8315
7540
3656
8666
5884
3440
4936
4812
8383
4536
2895
6185
6179
928
7138
6189
1320
1677
1094
1832
6598
3206
5947
4202
1248
4022
1590
6756
0
2295
3790
3221
8868
8965
2615
2269
1710
2940
621
7434
2113
1086
6112
6228
8711
8069
4214
4903
5447
8746
4783
3653
4924
279
8818
7877
4433
2783
3564
2300
2625
88
7640
254
939
8882
818
3297
7850
8095
3958
7983
8242
4759
6134
8806
8550
4878
7064
7957
4023
8492
3365
4389
3991
8242
8934
8297
7076
7796
6682
812
6367
7207
2506
6094
4964
7624
1389
186
6397
6038
3807
367
207
4357
7116
2625
8485
8920
2147
7123
955
3642
2181
6868
1355
6089
1357
6867
2947
6112
3057
2552
7104
64
5671
5768
6988
2314
4803
6596
6818
4059
2532
8735
7362
500
5511
8970
4992
7717
5754
5822
2359
2974
371
6726
4827
1354
6817
6478
3812
1000
5824
2491
6343
8071
4682
4433
4614
1077
5897
2603
5031
6028
4513
378
6674
1874
1690
5085
2883
35
8427
7514
6616
7245
4770
6470
85
6776
8392
5462
7763
480
6897
1859
8119
1064
6833
8324
7734
8061
8626
1394
5462
5596
2506
8253
8872
7497
8001
3102
2794
7765
7065
4969
5057
3763
1990
2850
7979
7047
2213
8184
2418
91
2904
6082
125
4360
303
3165
8336
2565
4571
55
7084
1519
1515
5683
7674
3621
4042
4985
8112
7615
6152
5377
2814
8291
2508
3628
8170
2971
747
7800
7743
5958
1946
8070
8540
7337
8032
2545
1441
7042
6247
1316
6901
4361
3457
5513
5947
132
5878
6074
5282
5461
3435
8694
5835
2834
599
8650
4334
176
2400
7360
2301
8157
3755
6593
8970
5433
8256
5339
1060
2552
6051
6751
5532
3887
7630
4625
7103
2680
1492
4349
1660
6667
6128
643
2117
8635
1508
6030
4930
59
6327
8326
312
3899
8334
3656
25
2955
5474
6159
4046
4034
3770
5762
1663
8851
7447
7306
4034
2621
3885
7477
3394
1494
338
2724
695
1059
5759
397
6843
1982
2051
886
3149
3853
5407
2023
1310
5827
1972
5906
4553
3685
8433
5890
3400
6707
4040
925
5273
5392
2160
1104
5855
7936
2893
5053
261
3094
883
7019
453
7191
8522
6923
7391
4094
7699
5026
7053
2157
6473
176
7747
3205
2315
155
7332
7354
758
3585
8399
8925
3271
8104
6153
1007
4989
4916
7596
4327
4517
164
3540
1145
2743
6737
618
492
2558
2773
2842
5805
2109
4291
1471
4149
3173
6953
2439
4692
7667
6895
3265
3560
3510
3195
3322
2686
3526
7554
5750
1900
3744
2052
1716
3216
6366
2581
3
7905
7227
6156
2064
2000
4468
8026
4458
8802
210
2512
8924
6333
2060
8197
8225
4052
7786
1099
1527
2721
3676
4565
625
1926
7217
7447
7704
2696
1507
6186
2396
1097
6999
2147
933
7305
6954
8758
7910
2447
4159
1084
1089
8649
614
4622
133
8318
5102
5365
7827
4100
2731
4528
4073
6308
8875
3841
2261
6630
1354
6404
2628
8185
1773
3485
1379
2523
7763
8213
4217
3866
2336
2809
6472
1853
731
351
3336
8386
303
1557
6492
2612
6591
3112
5912
8192
5682
1462
7703
5196
7167
4840
6420
6669
1146
2176
2830
5364
3043
1339
8039
8285
6624
6202
1685
891
2825
6955
3087
2211
961
6983
1452
4243
5828
3840
3716
1935
6372
2689
2850
7624
422
4058
337
3241
8257
6262
6804
1224
7670
2874
8874
8092
5379
3725
8870
8433
1850
6639
7365
5278
4935
151
2488
503
5038
37
6153
4364
6851
4592
7098
3061
827
5020
6352
5120
4055
7412
7839
3657
5689
1489
1768
7116
4558
5972
2597
1018
8948
3862
5110
6950
2909
8409
5963
635
2770
1601
6209
540
7971
6517
8554
1511
650
8997
7677
983
783
6375
2028
2100
1422
2417
5620
961
3469
5541
8936
4002
7929
8620
6702
200
6473
664
827
3219
1442
7091
8458
7763
3665
3157
8895
8730
919
5918
3682
2305
7478
465
4111
4334
6066
6136
7155
2263
8395
2330
2257
7558
1167
646
5722
6904
4356
4994
3570
4035
3843
8445
8719
8484
5624
5965
4933
6003
1766
6389
2269
8003
6447
2463
108
8546
3193
3554
3143
241
5197
6648
3724
5872
2497
1023
6548
6050
332
4330
7269
7352
3617
1907
5004
6764
757
8743
3776
5764
8867
853
4729
5137
4295
6725
4350
8732
624
7810
62
5932
4190
2627
6119
8166
946
1371
4483
2033
4157
3571
6712
7844
5217
6705
3214
8687
5003
8592
5419
6755
6210
4763
2170
911
7634
6279
8627
3272
7729
948
7692
6827
3779
1679
7172
5626
648
3095
2576
2234
8874
242
3255
3997
2365
1516
5408
856
4407
1732
8339
2779
6368
6554
5213
8144
803
6376
3965
5098
641
5621
6571
7212
6239
5448
520
146
1926
2607
1113
7608
6928
1627
5285
7006
8226
2632
238
7964
6845
1862
8444
8528
1983
6919
6357
5929
8702
4326
417
4726
4005
1240
5753
6480
8903
4786
1591
3809
2455
7742
7913
1504
2170
7931
1007
4939
8621
2727
548
4439
584
572
3042
3478
3228
6941
7382
4109
7560
2836
354
4769
1815
105
1873
158
6734
8408
6221
3828
8953
8080
5932
2326
1381
4324
5721
6048
280
2631
3191
460
4981
8521
6169
6145
6123
2288
604
353
4997
1285
7894
5198
268
4517
6295
1488
4713
1704
4317
8341
6991
289
983
53
5388
5835
2535
8209
2465
8524
2362
2704
3655
3728
8564
5005
6065
7285
6164
5049
2968
7806
295
1312
8641
4735
3208
1019
851
7204
8325
7905
5397
5486
7157
6386
5108
4195
2573
402
6434
3009
6689
2807
4210
8287
4080
6535
7328
1375
689
1680
7174
8644
2194
3941
4880
7756
1215
8170
185
7450
1199
2493
8615
7155
2258
393
5257
7754
4966
5208
5745
6562
1305
6260
4788
1768
3089
5562
1021
3411
5767
5731
7234
1729
4290
4049
7175
8991
1584
4850
2582
8700
3999
292
4353
1787
402
2597
8502
1883
4879
862
6768
6444
6317
8028
6158
7520
6435
1274
3069
52
6907
4534
681
4482
3389
8278
4233
4821
1752
1183
879
8855
7419
2610
6767
1842
922
1164
8751
3505
7724
272
5669
7746
857
3834
8487
1900
1329
3819
290
8327
7952
7828
8366
6715
5485
905
7945
3640
5482
1156
6296
1927
8629
283
5893
6373
6269
3871
6305
122
3521
5890
8082
1145
698
6932
4912
2742
2496
3985
2570
3950
690
7322
798
3632
6207
7431
8709
3135
5818
1031
1604
3200
3643
8075
6487
7615
5151
4133
2496
5192
4633
2432
6253
4604
8866
484
576
2475
6740
8120
7359
7120
5861
7260
8076
5173
7895
411
5479
4691
100
7793
6800
3462
4006
7343
8577
3892
8261
7152
1359
2240
8705
2790
3097
5911
4943
1838
5168
7414
4393
5413
3567
1750
1302
3693
3109
1046
2905
1153
3077
7803
533
1953
3175
8517
5829
801
1735
841
6361
5588
2978
39
3269
8457
2737
5631
3228
1007
95
53
19
3075
4
3190
4064
6170
1244
3214
8384
6189
3746
6144
7999
321
5373
5657
3251
7335
2693
8353
546
8495
679
6679
4609
7251
5083
1648
846
8387
3583
5939
7941
3406
2700
5452
3687
2311
4662
4371
4273
5851
386
4400
3137
3317
1367
46
8259
2668
6623
5729
8849
6515
8015
7781
649
7322
4450
3196
6352
7390
5572
3084
7788
7466
6714
8083
7616
799
647
7511
4832
7608
560
6062
708
6787
6009
7727
4290
5484
5593
6308
5812
412
4376
3365
6984
7337
2834
8713
6982
8907
2147
6371
4564
2459
4041
8319
5525
6135
505
7496
6393
7518
8770
1327
1590
7925
502
2066
8356
1947
6967
7198
918
3456
6198
1730
995
2948
8158
8411
4772
2743
2448
3493
2681
4837
5503
8301
2925
1931
6891
8768
8288
1915
6147
614
8594
5311
1859
5809
8196
8782
5701
892
6035
5480
4916
5298
4566
2504
3764
7317
5599
5581
8070
5535
6702
3468
7775
3440
8073
8374
4839
5652
2648
146
1175
6776
5012
7871
811
529
6888
1751
7400
90
1455
3459
3535
7992
7309
7031
3463
3155
330
1162
5705
4139
5385
2469
8813
2796
2935
4237
4026
2512
6142
5007
6370
4856
2297
7231
1115
8686
5490
180
1026
8482
567
7507
1451
3103
8211
4767
1059
5874
545
5050
3214
7862
1500
3803
3900
7846
337
5644
8911
8136
766
7478
6040
1202
164
6139
1959
4717
8431
448
392
7914
366
2229
74
589
4198
5659
6508
5125
3369
6257
8529
5220
8012
1138
3610
2073
4166
1958
8354
4336
2332
7387
2469
8651
8425
1265
5521
4559
5059
6767
343
5854
4137
6317
4363
7196
2888
3599
5654
7984
1869
3810
2213
2681
3740
2934
4330
7490
4927
8744
1104
6828
4659
6547
5549
1118
300
7234
4176
4339
8337
8877
6489
2889
5138
134
8608
673
3438
5615
1309
5032
7681
6473
5871
7369
4674
4323
6648
4796
2778
2718
4757
1863
7520
8761
4468
1688
3162
4893
782
596
6174
4079
2939
5719
1703
3445
5669
5512
6875
7863
7557
320
4329
8820
1786
8992
4768
4630
2712
948
1330
5531
12
5847
231
3952
6734
2444
6942
7540
8607
1022
6966
5887
4154
4101
5099
2589
583
3422
7221
7875
3642
8885
8586
1397
8763
4425
7507
7033
5094
7477
5083
4028
1330
6519
8884
6814
3143
2462
1492
588
4952
3989
1997
4915
864
4414
6283
2396
5794
389
990
7536
2544
2722
4823
1193
4973
2466
4783
7762
3870
6867
7770
5036
5178
4898
4451
2278
3251
7771
3145
2889
7325
340
7239
4781
4939
6534
6346
5892
1577
1009
5539
3089
787
8548
5404
2363
3821
3997
5239
6596
7020
5443
730
7632
5401
7613
4767
1101
8438
5470
6928
8366
5913
2216
3471
6011
1549
1850
5332
5457
1440
168
7904
5578
7472
5262
4717
2328
2222
3104
3048
27
7988
1792
255
7756
4218
2989
5629
2789
8364
948
7389
6448
4848
4662
1339
3033
6100
8302
8693
6072
2788
6389
312
5431
5353
7604
8951
5820
4085
2229
5686
8955
4802
6758
8150
7132
6178
7700
6233
5124
8722
2776
4908
7194
4992
4984
6837
2737
939
1085
42
3893
193
3667
6544
7716
1739
867
3453
5314
6205
113
1605
2224
7226
6490
777
6891
6685
5063
6671
8373
842
5054
2786
2298
3930
6771
6385
2144
8589
7435
8317
8555
8874
2144
6484
4133
8786
7798
5892
823
3235
5424
8089
3991
192
7776
4862
2854
6886
4722
8714
1508
3377
7971
3058
5425
8964
659
8517
347
4528
5500
3605
176
6268
5550
296
7199
6667
5505
2998
5591
6435
7278
3413
7451
7489
6307
6425
2568
6193
6137
823
6117
8763
866
5792
902
4306
7588
7723
245
3551
2109
3827
1541
1322
3443
1496
3700
7672
2609
5409
5925
4720
1639
8543
3583
1079
1767
7340
1654
7403
4599
8922
2260
5477
5216
6057
6675
7503
6682
7048
2745
6317
6738
7981
7705
3881
7265
8167
1050
8950
7690
384
638
7790
4775
8129
5257
2807
3608
2405
1500
3688
2162
3807
2021
8297
1768
5480
621
2248
801
8360
1886
3024
6501
5246
5894
6924
6901
5795
8260
1178
4982
6736
5734
2442
3482
3047
2108
493
2651
247
1613
4115
2853
1378
6061
6604
5487
7721
5079
8592
2181
3143
5213
6139
1461
3338
6865
6528
7595
1166
8702
6158
8780
8579
6352
8424
363
1775
7669
5582
612
2335
4734
8224
3283
8390
1454
6979
1872
1536
839
2548
2225
6136
1643
5786
6539
4094
7237
7160
2175
1076
364
6768
3317
5591
2089
363
8584
3523
7086
4604
1214
7831
307
6428
361
1144
1350
8648
4623
6106
1998
2208
5907
2145
101
2377
4165
941
8271
8585
3533
403
6723
1658
15
3496
8557
703
6675
1752
1869
4548
3117
2493
7840
1467
228
3284
4688
8665
5920
2306
4763
8543
6909
284
6093
4763
8583
3547
2667
6143
6057
7085
2109
4177
1373
1944
6743
1658
8522
5386
4445
4323
2597
2525
4384
3800
6166
4886
8849
1856
2513
3004
7096
2613
5676
861
8737
5062
2011
5468
356
8653
7838
4479
8864
1938
3348
6797
2668
7349
6583
2573
7985
8787
5987
7825
8775
8352
6684
1306
7475
987
2827
316
5026
215
2612
8826
4700
1053
3648
157
7487
343
1018
917
6815
1952
5495
626
7304
2903
6463
1980
3992
1698
1051
5975
2363
6078
5050
4075
8411
7749
6668
4223
5276
6753
8778
1661
3482
8476
7863
8785
3624
2978
3847
5523
1838
5710
5595
8028
2918
7201
5662
749
7955
6218
5880
482
2254
2295
5572
1094
3462
8721
4047
8440
251
1510
3144
1555
5560
3919
726
2372
5042
7898
5299
7052
6265
5242
987
8509
6499
6002
8616
5626
5207
1641
7894
2415
1220
6294
5870
575
2727
8997
3769
6372
4883
2130
1587
1960
1568
2122
8241
8323
6578
2442
4856
3398
6317
1759
5092
4539
4194
2067
8681
4056
1185
4433
490
6592
843
5496
947
2041
7002
5532
1757
8949
3943
8146
8902
7960
5760
873
4259
80
8516
5510
2979
1835
3916
1872
6048
706
2944
6547
7997
5394
891
6032
2439
3163
5533
8297
7553
3970
2403
4513
1880
6145
1460
7786
8447
903
3034
504
2592
7730
7803
43
8400
2159
7940
8867
6726
2500
5553
188
1648
8246
2243
6664
3401
4980
3390
4211
1339
2540
4222
5458
7237
259
1766
1461
3153
6784
652
5852
853
6418
8644
6989
1371
4568
5608
2667
6847
7215
2881
978
6053
6166
4372
4383
2837
229
8532
3309
4012
5324
728
210
6760
2992
2128
2776
5223
8432
3577
111
1013
2430
5899
1655
2168
8904
1900
7492
5065
3350
5419
8442
1362
2079
5994
6552
3622
8756
2361
4585
7585
3790
8123
1133
6926
2643
7015
6454
447
4315
2390
1230
4524
7729
1099
2270
4491
7932
7356
7929
872
6598
1468
8304
3313
3876
1794
766
6417
5932
1961
2331
3615
3093
5341
3206
1610
3632
4167
492
3595
6980
1829
6533
7399
4095
8201
8853
4048
7992
6012
6160
567
577
1271
2047
399
5971
3814
6471
4793
1569
5730
2448
944
2223
2233
5499
5040
8611
3075
5045
5848
3881
1020
2416
4777
4844
5673
6833
8514
256
5129
3300
2418
7853
5641
5251
7777
7622
7388
1302
1762
1736
8422
3692
7625
7598
3467
5711
1205
8841
8272
4670
6435
4476
4269
2572
7639
2381
8542
2029
1327
664
4181
4377
3878
54
5486
6233
7137
6090
2199
7535
8009
4372
6201
8978
3454
8671
1007
5390
7693
6101
5250
1002
4054
8962
494
4635
7596
4333
7373
7086
3313
2347
6462
1411
7582
2862
6938
3053
5444
1155
3587
1909
4874
3289
7048
2159
7443
8165
7353
7812
6763
4739
5612
5366
2630
7150
4978
770
941
4225
7090
7400
6102
1494
6591
4494
2814
3579
32
8770
7150
3589
2452
2502
1799
1084
1519
7262
3572
4782
366
589
5147
327
6915
5725
1735
3806
4645
8862
6829
3139
7896
7126
4960
3997
4228
3326
811
6440
2229
3773
5235
6275
1582
5973
7719
783
5570
963
8572
5132
4145
1885
1305
6214
2203
604
284
7428
7484
7809
6552
7753
6636
4404
8764
3891
3753
31
5304
7505
1540
6169
4822
2170
3933
4438
1067
1649
1268
1244
657
2956
5789
7176
946
4147
6415
5239
6075
1013
5017
8321
7707
2062
5897
5887
5918
286
2555
1557
2482
4011
3610
6675
1581
6206
5798
3621
8569
2819
5682
1850
7741
2402
2384
5450
3002
1626
1196
1881
7775
6501
282
808
3505
7703
7557
1722
2178
4616
4468
5540
1076
5345
7531
5678
8571
8091
1756
8910
3708
1059
1655
356
4726
2233
5101
7655
4756
2736
2981
1558
4107
6792
4962
4892
8814
6279
4529
4730
2780
2206
4882
5032
1867
1727
6722
6911
5579
3700
2979
8453
6081
7995
3113
8627
7342
1327
3065
6404
708
7352
2376
5523
7661
3801
8861
5543
1919
3210
3036
259
6640
3156
2048
990
6722
1218
3252
6369
7330
2367
8559
5174
6267
3754
786
2286
2578
2166
1854
5643
5366
4830
1919
3508
7959
253
5351
3543
728
3884
2296
2064
7337
3605
3354
2400
5237
76
6461
825
1757
3702
244
2405
7399
8545
4878
4519
3671
2795
8010
7513
4127
8774
4030
5076
4974
3696
5044
3926
219
7458
4738
5630
5637
2422
3804
6099
377
8747
7432
602
790
1134
6142
5086
3432
654
3618
4602
967
3713
2936
6706
5899
525
4698
5616
310
846
4848
6506
4102
6646
1117
6752
3382
8228
2347
2355
2713
6419
3418
5817
402
514
3594
7414
522
7452
226
7060
8247
3230
988
8714
6885
6894
3511
2891
1659
3379
1896
7454
317
7831
3614
675
6282
2304
2041
5661
4905
5222
2351
2234
2869
2440
4306
8223
6866
439
8121
8176
6490
7756
74
4230
2097
4045
2505
6994
6633
6882
3095
1885
5843
1022
3545
8378
1715
6721
5740
1179
6838
122
8474
1064
5451
698
8844
7526
2123
3556
3309
6275
3230
8856
1086
6080
5452
2199
7579
2928
1980
3256
129
1749
4540
441
6698
3474
6838
3537
5127
1642
2996
8314
7656
959
8424
7429
4659
5911
7122
4462
703
7633
8406
2758
5084
8430
8001
2014
1266
3466
416
4737
4154
6009
2477
2139
5468
8662
7007
6318
6565
7183
3549
3331
1061
316
639
709
6603
8910
6090
5497
5062
5285
7213
8929
2537
2698
2452
2097
7009
2227
5489
3849
4646
5189
2753
8512
7436
2275
1034
2322
7957
7332
224
2176
1964
51
438
7901
688
3528
1463
4145
3780
7468
8289
2455
7031
449
4066
2049
3021
1680
3466
3203
3817
6508
7277
581
1797
3900
5043
5721
8160
3478
278
4813
5226
5335
6328
3971
6031
3791
630
403
4238
8769
6812
66
6916
760
710
5316
186
3828
5553
5060
8016
732
8460
2029
5012
7686
1174
8481
1851
970
6325
4630
3555
3525
4072
2729
6691
7056
4490
7778
8199
6152
2316
4399
5355
8497
4661
8556
779
5948
2776
5624
3638
6256
8922
6844
7237
3668
8463
6796
579
7898
5505
2664
3426
8272
6363
1692
4343
5576
472
2250
6924
5343
3931
1298
6905
3970
4434
1400
6349
3476
4556
2547
3838
7260
4636
8238
99
4539
6458
3551
3787
1420
6140
685
444
7292
4918
3943
5961
7801
7139
5624
7577
3783
1398
1710
7264
6357
3010
6209
5412
591
7946
6665
6702
8804
3501
8704
1611
31
2714
7982
1335
2939
2221
7572
413
3335
5435
3704
2100
4321
3607
3079
3049
5255
289
40
7901
5400
3736
2749
7660
4657
252
2869
2506
2932
4178
589
5705
5147
677
2357
8579
7514
4949
2310
6200
5914
6223
3921
3013
3882
8481
3059
3785
5768
7104
6205
1037
1166
3216
3511
5576
2951
871
2564
4140
1960
8238
2441
4104
5307
2381
5919
579
4151
3714
8753
3202
6124
6222
1271
7126
6626
4964
176
8261
5825
6047
7918
3315
5778
8639
1235
564
5837
8375
8738
3281
8700
4742
3945
2157
4340
2063
2090
8587
4364
8944
2064
6950
4927
6972
5294
2476
8771
2253
7395
4224
7187
5857
5618
8483
2338
1736
6742
8894
5510
7992
2195
1070
4644
6668
4735
8004
626
311
8984
5016
1207
4265
4743
3433
5991
53
3234
5324
8035
5567
4471
2831
1077
7916
7795
2001
2929
4479
1307
8800
5966
285
4530
4238
8492
8423
2050
7776
7312
2754
7894
6260
7531
3852
3755
263
8009
5636
4014
8905
4500
6534
1192
1894
8121
3627
7911
2121
8226
2465
7406
7703
3483
4452
8733
6285
8640
8952
6067
4118
5459
1714
5031
2669
1932
5290
46
6572
2848
695
4103
8535
5404
4495
2595
3192
5947
1609
8536
4080
6363
2330
6244
7174
190
4999
6118
5567
956
2533
5680
4218
6366
7515
1528
5238
3693
7417
6247
3035
1249
8432
4441
5146
6838
8989
7962
4970
7016
5819
1666
6872
4167
6148
1703
3298
5757
3284
4242
7376
2685
5522
1140
1807
5534
811
8814
6803
5132
7325
5215
3681
296
1133
5384
7358
3718
6461
4988
6664
8740
1774
1563
3495
2362
7629
8381
7095
3348
7653
4556
3636
1709
7882
7763
7138
1342
6037
6131
1201
6460
905
8180
7249
8080
2896
7175
4560
5263
2370
4602
461
3306
3276
2517
6656
6312
585
7098
5560
559
2984
6522
4888
1577
1457
8993
5815
123
117
8547
4274
7049
8641
2265
3801
3253
6830
5379
6299
3039
5297
3194
3686
6974
5618
2389
3007
8797
8139
1840
474
4928
5471
38
3831
5605
8188
2819
9
6544
8478
2996
1556
5511
106
5010
578
4716
1611
7729
8738
4321
5453
6678
719
8245
7748
8775
6904
6205
4567
1317
8488
1318
1519
5517
3324
7262
2422
6012
773
7258
318
1152
1034
122
7295
7227
2011
1025
443
5154
4651
5857
6354
5253
5147
6443
7614
1351
5631
5812
6634
5572
7136
5267
6292
7514
2429
2222
3651
5609
3199
6580
5583
4812
1464
174
1668
609
8430
1567
3610
7125
6785
2771
4845
5224
751
2003
2420
4976
3097
8790
6207
1394
1484
6515
5842
4283
7718
354
864
1620
562
899
1558
4996
7546
615
6086
2207
2816
1995
5796
3108
3585
7746
4169
7301
3254
402
1761
4607
2105
3343
7795
5674
2304
5971
4069
658
6865
2191
1265
8635
3019
3523
7407
2084
2996
7857
6984
3778
2316
5256
8981
7397
3453
7412
7154
3311
373
8027
3859
4336
3042
3459
1049
2136
3114
2670
7256
7276
7219
3399
8016
7297
6341
2439
7614
4607
5410
6096
319
6940
7791
1867
2825
6762
7147
1004
5389
6194
984
6747
2652
7111
6794
1974
8021
3848
2667
2185
4921
3773
8593
6616
75
1323
7037
2923
6607
6722
689
4984
8230
2259
8077
503
4091
5767
3061
7470
8326
8963
4939
7253
362
2528
180
476
3980
6454
922
3600
4162
8905
4494
3572
3030
8508
7735
1468
702
7353
1068
7701
6586
2378
5089
5649
2673
7210
4465
6078
8559
4989
5777
4326
4319
7134
7045
2761
2441
5247
7097
5302
2105
1875
8118
5881
7972
1104
135
94
2343
1648
8118
2659
4838
5838
8424
6916
6373
3917
4810
2184
2926
8204
3015
2409
7024
550
3799
5721
1057
902
21
3104
2304
5120
1429
6409
1505
3595
8632
3332
3366
6162
3541
6383
4462
7538
8966
4901
2868
2029
3044
24
2167
4389
216
2403
3417
7300
1208
2488
7015
7112
4354
6641
1540
6132
575
1482
1010
6954
7751
3
5390
2373
6389
6131
8063
234
342
3695
6667
7990
4708
1667
2717
1906
994
7935
3023
1388
163
3123
4295
3472
7371
6285
8930
2611
8409
7743
4634
7479
2951
2310
6165
1787
2968
6644
2356
6794
2165
3951
5244
2556
8324
6171
7420
3993
8790
3978
6251
7937
2515
3500
8902
6730
109
7042
7364
8417
4453
3771
5838
6121
3765
5673
1165
1849
884
6278
4521
263
5103
4417
8180
5034
2522
2077
4649
8494
8187
4168
452
3761
2847
8280
5080
2066
6251
7657
1271
3921
7793
7196
1017
1081
3621
6938
4147
5754
5515
7374
6731
2908
6159
6672
5527
4373
4561
6693
5359
6979
803
2188
5893
1750
5640
4188
207
3308
7178
4369
870
7568
3240
1909
6087
725
6571
2610
4068
2396
6819
4198
2046
6909
2842
8744
64
3241
3181
5007
5723
5486
6315
8786
6490
8844
1691
3778
4609
4421
5662
4451
7527
5002
774
6593
3685
1192
1410
6832
6602
3345
1327
8292
4836
7846
8708
6166
1197
2010
3210
8456
5048
1226
5310
3447
8806
6881
4333
6703
1410
6464
3187
4574
2301
1531
615
7134
8382
3366
5478
4374
1978
8726
1171
3218
6988
1716
3456
446
3793
4156
5196
1666
106
2620
3425
7175
4351
255
3072
2872
3301
5698
2620
139
1763
6270
8976
8095
4279
372
3429
1720
2056
5775
3139
3421
8047
3690
3387
667
7551
3898
8984
2706
326
5302
1856
1621
6663
8116
866
7455
8286
2101
2862
7081
6903
7272
8683
6840
1147
7605
1209
475
4776
583
7220
658
2843
7628
3945
6578
5965
33
7888
6549
3519
2454
6558
7990
7572
4242
5862
4386
1058
3983
8788
1866
8179
629
1134
7317
2654
3997
959
8498
4557
3643
5232
3955
1772
3871
2917
158
973
7357
1002
5501
2530
5640
1528
101
3496
3173
2496
4811
6868
5891
6171
3674
1189
8969
2580
5722
3141
1576
3234
2482
3661
5704
4133
6318
8548
6614
2132
6027
6804
7986
4041
8799
7474
7838
4194
2639
3904
843
4637
8224
7328
2302
5895
4902
775
6760
577
3643
2883
6683
551
3439
2795
1647
3518
1550
8914
1901
2458
8391
639
323
2081
7872
8899
934
1223
8743
4464
6918
727
3363
1891
4275
2851
7298
638
2285
5585
6324
4797
4113
386
388
7498
2575
391
2470
4167
6328
594
3523
3792
1166
894
8002
3130
5283
2981
5490
1124
6315
8516
5738
3776
3998
2540
7553
8150
6853
7672
2873
3686
1806
3494
2309
1607
2203
8484
716
2713
5604
3521
4630
1204
7805
61
371
882
1794
5933
8771
8056
2350
599
1512
6876
3707
7366
8583
2963
6084
8258
5718
4578
6887
7968
2887
5311
1870
4250
5762
2956
6452
7146
650
5742
4324
6976
1013
3824
6845
2766
5415
6935
6003
3084
7416
3050
7327
732
3025
6289
2134
6188
1063
3958
5046
6740
7870
2876
8925
5995
5942
5682
148
7443
7195
2628
4137
6509
8470
2535
3666
4722
1593
2271
5173
6831
8440
6399
1301
6259
5715
3043
5590
1673
7816
3789
8946
5005
3277
507
8492
6637
739
7746
8697
5949
2086
5857
7526
3327
6633
4340
5437
1557
6526
1714
7641
460
427
8278
3497
1335
8624
8535
7770
5917
7293
4324
900
7784
5817
5208
2838
6763
4317
3509
7158
1711
5438
8505
1264
3986
2225
7370
7664
3596
2825
6590
1019
1231
7341
7051
4431
531
3837
6016
7516
4020
3634
1110
2274
1473
1205
7791
7721
8793
5975
2017
2207
6171
5688
5327
291
6042
2668
5557
4529
2859
3543
8941
2815
7045
2777
4067
5140
3964
2037
2313
2512
3506
2627
4192
4879
8235
694
708
1975
6619
4007
