8131
6928
776
2090
5482
6999
451
9754
8728
3007
9085
5012
9094
3266
4915
147
4506
3986
3623
425
8680
7954
7487
8123
5961
4143
8182
7081
3620
8618
4625
7608
4568
2707
7372
8206
2380
9458
4195
9802
2557
5045
4829
7373
8423
5106
5122
6313
9439
2503
6701
9428
5548
4454
9756
1769
1414
5126
9924
235
8967
4872
4354
8791
3839
4951
8940
8997
403
3898
8438
9738
981
9338
4225
6574
1279
1995
7310
2565
8408
297
384
9852
5193
3423
4462
4577
1641
9079
4168
4415
7908
6409
5345
1413
1611
130
8523
82
2533
8643
7009
240
5812
2770
877
122
2322
5218
8778
490
6889
5386
9619
4531
6130
4980
5002
6216
2869
2420
8837
9192
4831
6291
2675
1799
2018
5159
3533
4378
7734
8208
3287
2302
5661
6354
9861
2965
7700
2106
7259
4974
4646
1919
6092
880
4971
6919
3540
7539
1117
9923
4561
8203
6267
9736
2652
6417
774
4218
5462
7664
3016
7638
653
7561
7733
9837
286
1476
2938
2969
3364
3443
3170
9437
7310
3332
4472
6701
3279
372
2518
9398
5215
7835
5195
3628
159
6407
6172
7871
8138
1416
5633
4825
2982
8357
5776
6583
9274
2234
5591
8689
2058
9311
8514
7111
1373
6678
9101
8681
3456
1360
1524
4995
8915
8668
5622
4084
4305
8973
3543
7818
6477
2151
3700
6284
6887
3702
1298
8788
2718
1643
8016
3654
3216
5076
11
2769
8685
5863
7935
1248
7114
171
9770
7021
3985
3379
8173
260
8405
4887
3005
6528
3779
8976
1542
5636
356
9456
126
6616
8271
1164
9495
5021
1211
4088
1678
3119
9474
4109
4257
9206
9585
5273
2958
8617
5373
2931
5974
4336
1919
969
1616
3572
1280
1304
2522
3653
4896
5479
4938
5911
8751
1744
7666
698
878
9261
6818
6181
832
9259
728
5247
8939
9613
962
9897
507
4640
6132
7739
3205
3142
1525
3193
2728
8418
244
5474
8671
5919
9480
6998
9684
92
932
1089
6158
1400
1641
7623
8747
9254
8422
2894
5369
2925
555
4227
1135
2175
5963
9082
8552
948
640
6693
8383
7314
6296
9520
6790
123
1469
6647
768
499
2194
2261
527
829
8441
6474
9655
4209
6977
6775
9730
9340
9597
1273
3661
6483
6720
2800
9471
2629
9412
9692
2281
9693
1898
4387
4345
3169
5420
6672
9721
5930
4383
5579
8340
9440
9556
1217
5097
193
364
8960
1943
3645
8299
3825
9113
545
8406
3155
5307
2494
1911
5152
5274
5462
559
5678
9435
5123
6859
7316
1937
9940
1775
6054
8786
3476
5598
7024
483
3256
1068
8027
3151
4357
203
5166
9847
7756
1153
3524
7763
8852
9355
8582
4038
5394
5578
822
6112
8982
2812
9287
2398
693
5126
1627
2636
8495
1517
667
2506
1645
836
557
6796
5689
9279
1973
1163
3193
4982
122
3449
5289
645
6163
3154
6516
2208
8286
3661
1935
3684
6813
5282
1218
1513
3182
790
3172
2579
2918
9586
834
7944
6297
1554
7147
396
8584
729
2155
9767
3703
3745
7810
7240
4234
9504
1376
6420
3963
6870
8000
7767
4875
3123
5406
5290
5235
9014
7174
9013
1333
143
6875
9276
4804
6982
4736
5909
9756
2917
5238
3594
3936
6480
6259
4090
5359
4341
4507
7514
4657
622
8590
6312
3811
1780
8494
9296
2077
6477
587
5031
9709
3910
6092
5269
6706
2763
2620
5616
1830
819
1631
9427
3528
4777
7136
3965
3862
1189
8168
6390
5092
8314
6205
6524
8923
9544
6805
8924
945
497
9285
7581
4144
7417
3210
5078
6438
8790
1667
2831
8857
599
3401
292
3252
7729
2460
9734
7939
1541
2716
1180
7431
4589
3345
8888
7574
3013
215
8212
7810
7654
9033
7594
8612
9821
5705
3795
4069
6139
2233
8423
6201
9750
7193
9955
2136
2012
5437
8153
3130
1799
4234
561
7151
7308
8205
6061
3992
6958
5769
8923
325
1231
5531
9075
8892
4663
5771
6112
2371
9949
3825
844
42
6866
4082
9395
7608
6957
406
6186
5072
4369
7863
7944
9535
5722
999
5986
6037
4742
4830
3397
6910
5041
2367
6220
1548
2905
7574
3106
147
7537
6177
593
9760
5328
2376
9721
1879
697
7834
2492
5368
5397
2853
6054
5228
8700
9890
9386
7906
9091
443
2167
2176
8976
4921
2969
5736
1913
7518
9932
4458
9354
28
4332
7168
260
5872
6295
6266
8819
9823
5908
8629
3144
6971
8861
5594
1046
3777
7832
2097
5976
2003
7220
1201
9999
8397
3166
9109
297
4518
7458
3692
8956
4725
3295
8620
3987
8573
7539
932
3151
775
5574
8045
1119
858
131
7949
9866
234
5265
1784
7225
8250
32
1890
7698
8287
9630
3973
9519
5746
473
2236
1100
8241
8783
9386
175
404
3057
3514
2243
5751
5222
4004
893
4329
4859
7896
5391
4879
3721
6218
9770
5685
1599
8090
9742
7666
9246
7422
5949
1687
8756
7759
6270
5893
9119
9133
5662
3032
7379
6688
896
8579
3703
8412
1573
7337
3674
6127
6295
9429
2515
8171
5503
839
2646
7131
5542
1516
1554
5363
3337
9368
2967
6568
4149
6883
8277
2377
1778
9389
6687
2041
7069
3183
623
314
1661
8288
1075
440
6902
9424
821
1839
3180
8917
4072
7177
8063
8687
6062
2408
8437
8426
2454
2397
1638
5904
5971
50
9713
2360
3848
58
9451
3599
2672
4499
263
545
7450
7749
3361
1572
4385
4538
3637
2514
7577
2666
8301
3601
4821
1073
1639
880
5174
1503
2772
2560
1182
6029
8205
9052
1027
55
7953
983
4254
458
4345
3697
6819
3083
7100
9829
4012
8865
3534
1426
5582
4128
2499
1252
5612
4947
6162
4686
7770
5669
7524
1383
3626
3836
7036
9646
5074
9875
6752
2827
9631
7987
9926
4787
4707
7629
6442
6503
9129
5942
8635
5114
8617
4223
1094
6285
4039
5888
1305
5465
2230
9745
746
6841
8522
3845
8256
8177
2379
131
6479
5646
3942
9490
6481
8764
5389
9296
912
334
3806
895
4800
8141
4721
2749
4985
1728
698
7774
6162
6597
5407
9928
4585
5289
2148
9707
1455
2489
5554
2667
3552
5286
9398
5275
1776
4559
1973
2328
6401
7837
9869
1295
9329
9216
9943
556
832
7457
6441
1568
8320
7492
4296
2686
8213
2989
5146
2450
6764
2475
5929
7214
3239
8805
356
7443
8006
3776
8559
3896
4914
1498
1531
538
7442
374
6401
3392
9905
9956
4471
6122
5607
1996
3237
4662
8451
9991
3921
5822
8250
2891
726
6049
7177
4113
9907
4876
2967
8788
7120
4341
9638
8519
1580
6900
8984
6244
6722
63
7021
9101
3241
9232
3898
8737
3226
405
1222
3741
8973
5523
6815
8107
4956
6584
8122
1052
761
5884
6055
7086
1867
8979
2834
5610
4611
1170
2965
5212
6158
7803
4811
5424
6307
6438
6079
3238
8556
2830
7555
7729
241
3334
7246
7921
831
8566
3757
3067
2232
2070
4009
2210
1045
725
5401
7029
3590
4550
702
6085
7449
8328
5228
7920
8265
6305
4233
2111
7454
2582
2302
1624
8578
8777
8298
577
7316
2736
566
9378
709
7966
2307
4709
1744
768
8320
4893
8983
2310
183
9472
6056
8395
8407
1523
7774
6147
3244
6304
1940
2705
922
102
7876
3922
9641
6030
2718
2201
5690
5845
564
8
4408
3195
3906
3576
1306
3814
2987
6885
101
84
5438
8328
2286
523
1128
8018
8316
2655
8723
9506
5468
8559
9675
8420
5598
76
8241
1879
5325
120
5961
6808
7724
6374
2750
6432
3212
3204
790
4023
2410
8210
3520
8579
7685
8014
2089
5953
3901
973
1325
4271
7687
3063
1131
7555
1981
480
8226
5804
2866
1711
9463
4307
4611
6125
3225
1421
2473
6619
5291
960
6187
3184
3920
7087
2529
9518
6742
9828
2211
5792
3256
2921
384
6242
8167
5251
7962
9501
9587
876
4542
8222
6948
9260
9137
9649
4645
3698
6598
6063
2384
1412
1085
2257
7300
9265
4085
8048
8258
1423
6530
1755
8632
9239
2250
1876
3876
8201
5625
1943
6059
2124
3844
4744
2962
3270
7114
1864
1000
581
5223
1444
6039
3544
3026
9690
5711
1357
358
5112
4915
7095
7886
2851
3967
619
2841
3793
8454
1303
5374
7027
3515
7920
4393
8355
3333
6919
4738
2278
502
4904
6799
5117
2196
5438
7488
8558
5302
1958
568
7866
7899
5358
9227
699
131
4682
4675
2396
8849
7875
2669
8357
9160
4956
4304
3185
7283
8899
3885
6557
2689
2031
7090
6048
573
7452
3385
9938
2844
7857
2766
8442
7087
8378
4717
8440
8984
5591
8042
2795
73
3872
3450
6895
855
4115
2638
6007
5838
5372
4384
6372
6543
4783
7653
9055
4452
7349
9955
9529
7909
7089
8780
7532
7426
2014
3017
7452
5840
6759
4018
9744
6097
6066
8057
8392
7596
6106
3702
7802
9883
8807
4701
2972
7091
9180
9644
32
9215
3261
7760
4231
4405
5371
2776
6755
5050
7886
5553
494
2849
3262
1952
416
7006
6813
1134
9217
5673
5156
3437
428
4382
7977
553
3515
8434
4586
5034
7189
736
1321
4710
6161
7633
691
9715
3269
5881
9534
4314
9424
2654
639
7847
4112
8564
5606
3677
5840
5860
1654
1894
2930
3179
1893
3688
8421
9854
3724
3972
9219
8875
1931
9720
394
2587
2221
2035
4101
8564
3299
7336
9478
9579
2463
1820
2498
6967
863
4714
6232
1808
6500
4022
5648
6325
8687
8591
7949
5645
6151
6845
3950
1654
1657
9497
7318
5082
2796
4460
966
7999
8703
7360
7188
6381
6994
5506
7611
602
9326
4185
3150
8529
7106
7617
1258
9874
187
2192
6983
1539
2542
730
3914
8291
4693
4047
7770
3167
4773
8785
8333
2254
9096
9940
255
4871
5435
8542
8623
6178
9462
6399
7589
1148
6867
6746
4435
900
2253
7728
1736
9570
8791
9470
1595
1047
6309
7053
8314
5024
1339
3159
3982
6564
9905
265
7419
7645
95
8644
1905
9027
7755
1038
3986
1156
8172
3285
4929
8512
3641
788
9251
7536
7267
7454
3349
5926
9388
5798
5657
5264
8499
8625
4446
6934
798
3076
5818
6387
8738
759
6087
1425
2785
155
7480
5517
2528
3927
2903
217
7924
4910
9772
656
1545
5949
7467
2180
4959
5152
6619
1475
6033
1108
3887
8248
51
3863
3762
334
5191
3468
2292
6976
4892
2842
2107
2331
2340
8004
3912
7925
7457
3971
7320
5126
6523
7728
9283
4324
6640
4734
1828
6350
1960
7011
694
5502
5524
7896
983
9553
4259
4454
7611
8419
4448
8464
9040
1363
4396
2671
2633
2822
6883
2232
2186
6455
8238
1546
6639
6604
3540
1908
377
7348
4093
7779
1030
9548
5957
8633
652
3792
6666
7689
2690
6911
9490
3103
2234
56
8651
8781
1631
17
448
9407
7175
9814
5557
6672
5109
4430
8960
2550
6446
9241
3332
9144
1989
3381
5355
3024
5237
5200
2767
3467
3611
264
9125
7276
5070
4414
5078
4241
7116
5577
604
702
4818
4231
1557
101
999
2046
7671
9400
9590
5953
4048
1093
9814
6334
2153
4431
6951
3092
5351
4605
6011
4418
3597
4156
9807
5498
7569
768
5157
1572
1497
9032
1040
2447
7602
7342
3034
8930
2397
3726
2405
7169
1623
4286
9612
7179
2419
8796
7317
8000
3093
918
9847
9408
2014
6353
6146
655
7791
4349
9342
1748
9980
7744
7091
5425
9935
7775
4658
8636
2646
9036
96
588
2474
2728
141
5136
1485
1129
6052
7641
5807
3623
7329
2087
2956
3089
9081
4961
7045
5709
3611
2382
6090
9180
642
897
9794
6283
4067
9346
4630
9990
3770
4358
9616
5591
5483
9664
427
7948
2583
529
6695
4247
4222
1579
5579
3342
8571
7396
7943
6115
64
4710
7398
5486
7022
1843
6156
8519
1217
373
1522
2416
9287
8804
8683
4350
5451
3696
5697
5576
530
5982
5457
1703
7953
9728
1840
8446
9305
7229
568
6836
5585
9824
9188
6220
4094
3596
7300
9862
8912
2140
2220
3934
7948
6568
2319
5425
5586
9300
8884
6144
6714
7171
8530
4814
8144
4154
9902
4179
9721
8783
6573
3123
1681
8799
392
1849
915
7358
8764
5052
6404
5882
3162
2164
8268
3817
7746
4614
6002
9488
7862
9466
8531
693
6398
3822
8542
2780
8921
9731
47
2766
5994
3605
6662
3400
758
9449
979
6688
120
5294
7889
6690
7695
7062
5948
7144
5382
7838
1472
7048
4557
7193
4911
8119
8985
3819
2319
2731
7589
5217
9710
5039
1058
4206
1154
6607
8243
8895
6545
8755
4382
5216
7162
889
9439
7320
335
3307
2543
9103
480
2095
8428
3665
3892
7837
2710
5290
8646
699
9462
528
2842
3828
4474
1120
1371
5608
5057
7601
4706
8445
7280
693
3653
8627
4974
6174
2729
8437
5363
6653
4565
8666
6695
933
118
3339
5626
5615
4520
8624
5008
982
7608
9796
9430
7378
7475
9895
8406
8450
7385
7361
2706
7602
1652
7971
9697
9644
6719
6298
1315
8219
9349
7197
1235
2363
1656
2742
5032
9581
4346
3549
183
8886
1051
1840
8409
7638
1583
9247
8933
3574
2123
8243
7210
1434
3884
1519
3818
5943
6581
3326
9030
3406
4083
2396
2082
2038
4046
7457
6005
7208
1806
5496
912
5428
1287
1166
7496
3745
1811
3173
6690
4977
5851
776
6058
546
33
1801
8831
4481
541
5542
590
7994
50
5242
4090
6522
2717
9392
1461
4229
569
3155
3278
4963
1569
9328
7607
5814
2179
109
1041
55
7693
2803
118
9326
2184
3798
595
9823
9405
2117
6400
5377
8568
2141
6542
2427
7224
4600
9484
3400
3631
9491
8549
5033
4524
893
6745
2313
5043
91
9158
3964
3814
1864
4436
2288
7234
7066
3578
646
5321
1760
4560
5338
9463
87
5794
7149
211
6268
8541
3188
3252
3275
4041
4185
3677
1830
6355
4735
9383
5170
1974
1476
4937
6043
4789
5391
4342
8616
6440
2696
8868
3993
913
7239
6580
2509
1946
8244
899
9696
3612
1758
4124
8641
4222
1063
3255
9009
3289
6668
6082
3431
5076
4739
8619
3121
6896
7325
3799
8245
5122
410
8866
2310
4424
4204
931
7602
298
1380
9643
264
5743
2793
2539
8935
3065
3063
815
5297
7758
9347
8250
7102
2595
4173
2431
5389
7239
6270
4713
837
9850
4417
4152
7626
648
9022
9113
7340
4950
5985
6208
1497
1432
1338
7028
4818
3116
845
4504
3994
2183
665
6642
8731
2393
1622
9065
1139
6543
151
4944
300
6262
4863
7257
4554
7703
8193
312
2493
3667
4063
5333
7062
5580
7700
7709
310
9341
3229
8550
2529
5335
657
3773
7938
2345
9346
2478
2504
7580
8828
2543
3182
4776
2522
2633
9865
1271
536
8452
1162
6644
3058
5199
1107
6030
8668
6152
7670
3327
2667
8926
6425
2659
2336
1376
9750
2520
9509
7713
7391
5617
6144
3227
9326
5030
4772
1501
3643
9404
7591
3059
6023
9245
2831
9537
5108
9907
5029
4907
5639
8742
9083
5347
6054
127
4281
1952
5404
5752
2211
3527
3180
6851
8375
8281
8690
2340
307
3817
4516
8123
8451
9720
4135
9586
4792
2639
478
3311
5460
1192
8397
4326
769
9801
5549
5215
6945
9071
9320
5871
369
579
9923
421
775
4027
1420
8148
1418
8752
5817
4104
2864
8454
7359
9143
5154
8014
1332
8213
3068
6596
5996
835
945
597
2736
6822
8828
7314
1118
8912
3137
9721
8137
3821
4161
1734
9632
8043
7708
6886
7452
54
6065
7907
9795
3744
4113
753
3707
7434
7362
3
1864
3762
6655
3755
4757
8665
1773
3661
3937
1983
6184
7614
5969
1884
5963
5438
8804
2814
5631
783
5316
4347
8107
273
6775
5698
3482
1916
8837
2098
2650
4761
964
4598
9936
862
7536
795
1672
4868
1446
4176
4154
5141
1087
9177
361
3847
4506
1664
4854
1056
1682
4280
1393
2998
1823
5359
7679
9204
2760
5408
791
4490
5846
8690
4838
4274
5395
5409
6402
9002
7377
2423
7276
5987
1816
6902
3822
8277
4167
228
6804
4333
444
1844
5416
7428
7870
6669
8581
4237
5383
793
4973
3130
5232
4348
7542
8779
8180
2543
3759
4853
4822
9400
976
8827
3119
5912
6095
5740
7823
8049
2879
4952
5221
2977
5107
3424
4554
2943
6433
9769
9655
2593
7969
9165
1318
5959
8804
7902
1350
9368
6626
3608
1577
9080
8827
6978
9944
7890
1183
6048
6726
6376
7402
9512
4065
4052
9223
5518
2597
8521
149
9871
6426
299
2103
310
2446
7288
7733
1135
6158
7361
6255
2054
781
6217
5794
2603
823
5338
8243
6900
6223
7070
4841
6894
7989
784
8567
7602
627
8783
6263
7328
2246
9932
1122
8859
9882
5265
9531
4993
1038
366
2907
2644
3015
657
4679
138
5313
8785
2463
1230
9328
2904
2848
3856
1492
6250
7080
9296
9898
7910
9273
1186
7311
1544
3782
190
6335
5720
1051
8648
8620
659
826
7783
2747
1107
9360
2515
2505
2942
9638
5104
9147
1656
4706
690
4210
3222
5470
1788
3324
7712
4976
3528
935
7634
7449
3701
8577
8656
2202
5960
7468
4835
9759
5441
5421
6436
2975
5660
675
883
2364
8015
932
2436
1509
4326
6451
4535
9468
9689
7022
2323
9921
1671
836
399
7996
1490
2740
5596
442
6806
384
3234
7167
6423
4305
86
6554
8486
8947
8933
2758
9135
7713
5919
908
7747
8428
4258
3462
2621
9684
6786
2895
7842
5337
7059
8790
410
75
5411
321
9270
4750
2838
8733
1069
7034
6478
7188
3063
9150
9719
1384
1365
6356
333
7355
6826
7152
1483
3217
4442
3634
7857
4173
4270
3979
6849
552
6337
9852
8678
4337
1131
5769
3697
2398
1127
3805
7009
1104
9330
6039
2270
1637
4179
9922
3251
5398
2801
8787
6549
7617
4102
75
3172
5297
9406
6460
9742
5721
6395
1081
538
9664
5865
9046
7895
3269
4025
6078
738
7236
5388
9603
2862
465
8734
575
5475
2577
7324
4074
4613
4089
2371
6837
9920
7294
3207
8226
8589
1930
700
2071
196
3488
7941
7831
4750
3127
3942
3408
2789
275
1528
5604
330
1841
2713
4063
739
9024
2446
3927
7999
1165
6422
4082
1063
3079
5307
2497
5699
8098
6520
8937
5254
6919
6274
4194
6776
8920
3524
8905
2030
2336
7003
4688
2135
3737
2842
8534
197
6663
7659
4209
4822
2962
419
4278
1887
1138
497
3531
4724
3283
1139
181
9190
343
2388
4859
6489
3962
3334
4571
6465
8705
9720
3370
4761
5148
5380
9383
31
8763
3624
9977
2063
3500
2062
4599
7739
1490
2490
934
3332
3681
3488
1853
1767
8166
2272
2724
199
964
2767
6347
1555
7593
5027
9815
2291
9455
1578
6679
6548
1790
376
7029
4782
9294
2443
4647
3039
2939
6892
7765
4838
6865
8005
2566
4349
1351
7401
5891
4516
6808
6132
5261
8950
1276
3649
2570
3786
7701
3698
1322
6281
7621
1151
8328
7078
2733
9150
9195
543
6256
9627
765
6847
4151
4676
5443
989
285
6756
3179
804
2810
2762
5572
8160
429
5317
3959
7890
2803
702
1891
752
3588
8114
3254
6492
5484
4443
839
1871
8647
1034
5200
4514
1158
3074
8970
6169
9102
6244
1744
8701
4847
6883
7270
8628
7826
9539
8322
2718
1916
7219
6712
831
47
2628
9859
2852
4576
7621
4143
2884
7795
7197
2772
1636
146
4340
8429
1975
7613
7229
1191
5681
4491
7060
7317
2982
2654
6656
5856
9203
5957
8406
9307
3992
8491
4858
884
1505
1212
8818
4039
9376
3544
5049
493
3529
1360
7276
2593
970
1870
1524
4243
1236
3665
8913
2550
4218
4197
1568
1172
9845
8353
7257
833
5633
954
5079
9132
2760
4021
8868
3138
6681
5514
2129
2621
7045
9924
4975
1946
7686
7876
5613
8632
6155
7478
8350
1324
532
3307
4918
3938
9031
4469
7009
4957
3293
785
6208
3904
301
575
6833
2357
7826
4701
937
3578
7659
2561
8385
4860
7583
7573
6746
827
9114
9757
9967
461
8553
9716
4246
3294
8766
1204
4914
4437
3168
5653
9800
5842
8515
9693
3723
5860
6543
6549
9702
263
992
7164
4054
7066
2729
676
5442
9214
1205
6762
6775
3643
8812
4308
4484
4349
5966
5507
2991
5419
9535
5432
7859
3784
3391
9187
9287
2146
7764
6118
2459
7240
3287
1240
2337
6505
7784
1493
5382
4664
3055
8067
9692
4171
9616
63
181
1154
6106
5638
4750
8980
7276
7056
1766
1781
6788
9110
3113
2981
7686
9188
8125
1202
1733
5098
3560
7693
2705
1596
5260
6762
7309
1145
8352
9297
1275
8777
8829
9057
4791
3360
2402
6740
157
6943
3236
14
2520
313
9861
3055
3079
8419
9823
1128
7390
6613
5454
8762
3863
9357
4247
6618
5458
3139
7097
8784
5200
1046
3343
9887
4728
7813
3822
9119
3957
8379
9009
9526
9452
2161
4095
2085
5581
9783
502
430
661
8846
3142
9907
9182
9804
7644
8042
9092
4434
5113
2350
7828
267
5519
4751
1571
9498
3528
4152
2648
9430
5554
721
8183
4738
6667
4811
3467
1349
5157
1145
319
5720
5813
8974
6282
2285
6158
8945
1973
365
8917
5917
6713
8826
6881
6837
7866
7699
1634
8820
9434
3926
4795
2163
5675
9135
6924
9908
7461
9759
288
2811
7776
4072
6880
3981
2751
5748
9010
2864
6409
2966
6290
3106
4149
5736
9562
6421
3169
2611
7777
9175
4479
141
2686
3137
7117
3309
5656
1269
4975
698
780
4346
1259
3889
9065
3605
1313
6293
667
845
4101
1665
6194
944
2955
4569
8222
1412
5917
911
5593
9333
8315
6321
6929
9213
9392
479
7505
6435
1086
9882
7788
7898
7125
1144
1909
9193
5237
8821
2221
9675
5053
4979
2042
5405
8975
3777
6592
9029
3218
6842
4174
3858
9363
261
6584
6990
2585
3098
349
8207
644
4388
9332
3805
1890
5297
5272
5679
9581
4470
8413
462
8948
6671
7165
4811
2917
4613
6820
4092
9700
5113
4548
3473
5242
1948
9062
5477
3228
305
3454
9904
8071
7210
5673
5785
8693
207
9718
9433
927
4989
4574
5595
8368
8202
9169
3887
8897
4007
7087
8318
9814
7295
303
8759
2660
6748
5375
6792
3693
2713
1529
1896
5578
9457
7391
5329
3667
1606
195
5020
9166
1006
2869
3077
818
3064
4729
3101
6919
9773
2020
8109
2717
9217
7011
8120
7573
3528
2760
8778
6031
2565
7554
8141
7184
8478
5416
106
5664
1627
6594
9836
7902
7229
2229
2080
3425
2812
2200
8520
2060
9817
2327
7008
7900
6450
5796
8200
3921
7668
964
6111
199
6634
685
3185
9408
9971
5659
503
3311
3410
9369
9404
5027
3439
6514
4928
1967
4043
5748
4262
3938
5440
6285
2040
1640
7015
6517
2218
7100
7379
1448
6044
9432
1787
1054
5384
6795
7925
1929
2060
3541
190
9451
2450
6498
8630
1905
5834
2577
9896
5391
7337
1951
8647
9497
4731
549
547
2396
3587
6011
6667
2951
8980
7
8701
585
7080
4134
7593
760
7933
2854
1636
2155
8384
286
6615
8869
4177
7786
4135
3983
5910
2678
5424
2992
603
406
9963
9787
8263
9025
7007
3493
6523
4504
7427
7058
2739
1750
3457
876
6175
6533
1959
6334
9163
3402
6407
7011
2649
6047
4478
9286
9137
4812
8449
3109
6047
8576
2419
7511
5082
1233
6611
759
2341
3102
8274
3245
7710
2878
8611
6311
5412
1415
2571
345
8966
8412
1352
8142
8311
9380
4846
2041
7581
3555
2108
3373
2728
9815
8174
3093
3072
81
5707
8784
6983
1086
6430
4829
8589
2242
2642
6080
4275
1200
3814
9486
6487
8295
480
3050
3790
8956
9454
4540
4399
1600
4247
987
7612
7423
2400
9623
6748
9573
6699
6677
8340
6268
8250
4216
7844
4134
3633
1128
2045
4371
5689
6738
9504
9040
2929
5676
4226
1516
5935
7075
6156
8760
3877
5187
6878
6155
3134
9410
8387
5695
6567
4585
6752
4379
6698
7712
5462
8862
8806
8661
3064
8309
1323
5785
310
5177
5665
1927
9767
200
7608
306
9813
2638
1017
8458
3554
8463
2044
9194
2745
292
1571
3457
5888
9792
339
9546
4857
2350
8195
6587
3175
4249
9550
9223
5309
5623
9682
9424
7458
2435
5594
9148
9489
662
3449
547
4589
5329
7821
4851
5234
5337
3251
1231
5558
687
537
7370
4975
8699
7102
732
5454
1956
2806
8112
6153
1775
314
5530
8678
6834
1964
6231
4658
2340
184
2514
1634
4067
4149
2256
4305
113
8491
7290
8425
4011
1263
2837
3837
359
7930
4895
7042
778
5096
2119
8013
1188
6155
3737
1383
9977
3552
6870
8254
7340
1721
60
3029
7898
4890
7639
3644
9744
1823
4275
9578
2185
9002
1773
5574
6808
9723
8245
7141
1359
7143
8434
7502
5402
4795
4562
8026
3835
570
2668
6215
2035
9858
5941
4091
2617
4653
2202
453
4874
9091
880
2719
2301
5261
1318
7135
7185
996
4628
3294
902
6088
6547
1248
6053
5277
3848
5441
6861
367
7582
4097
7275
6982
9775
7654
3141
372
4479
6129
9859
6060
245
6507
2602
2701
310
253
9542
8251
2864
3406
36
4255
4640
5191
5129
1957
6656
3123
8419
7731
3553
7970
1930
1273
8832
7516
7154
4483
600
7747
1295
8380
133
4802
4981
6701
3792
3074
5948
5075
6236
3355
8764
4223
4539
8998
1755
2390
4781
1697
2288
6825
5767
1420
1299
2335
9852
3889
3219
990
2299
7345
3171
3800
6964
6136
5698
8786
3608
6114
7845
7056
5692
9400
2132
2028
41
1202
3934
8374
9860
737
7161
2373
9381
6852
3994
844
7254
6343
3165
8679
9994
5533
6002
3844
6215
5186
2244
4415
4881
9891
8087
5270
3989
9817
3085
1387
3934
4048
8709
2904
3880
1237
4450
588
463
5598
2755
9572
6034
6068
2707
613
90
3036
831
5973
193
4547
2768
873
465
9319
6053
6649
3674
2290
8830
4032
9198
6225
3638
5696
5149
4724
4846
9346
8265
3262
7506
3019
4693
2779
4459
1018
4655
6561
8976
7101
1366
5680
8122
6947
8442
7219
1203
4685
1423
4984
3433
2958
1613
5452
8436
6386
4376
671
4898
1882
1847
231
3980
6533
6498
2833
7287
218
2477
9762
7577
2881
5771
6507
3765
2450
2193
2827
7013
3366
3385
5262
4739
3674
4783
4339
6180
3713
9980
8796
1521
5961
6140
3774
7412
4982
7134
233
5483
9546
8856
7713
9948
4822
7380
9130
6998
7898
2698
7395
6047
1448
3355
2089
6719
5527
6568
4220
6568
6851
9741
5886
8288
210
5070
8951
3693
914
6092
9655
7805
4413
4195
2835
7150
7758
1731
544
2160
5790
2329
4110
9061
7255
4666
4187
5186
9274
4284
8745
9430
3531
3568
329
2355
4170
6943
1110
2637
5917
9984
6015
910
9256
5796
3388
6372
7743
1342
5362
9400
2050
6418
4977
8892
7463
2201
4714
2592
7430
366
9902
6896
8685
9897
8482
3166
8212
421
847
2599
3227
7711
3349
8085
3215
8317
9760
1217
6763
4969
6819
6946
5419
905
8368
8375
4524
8941
6153
3484
1808
7748
161
5692
2461
4026
2252
980
9877
8290
3253
7088
4480
6732
7534
7892
4981
6756
2514
697
6936
9591
8151
4930
7949
5874
5423
5753
7258
4521
1725
3515
5595
2992
3508
8093
4287
9273
5003
5290
1024
3579
5981
7194
5952
1068
77
7168
4863
4315
2695
9312
8824
6124
370
4731
2507
4225
9825
5064
4550
5617
1609
4641
8156
903
2492
1239
8071
5466
436
4819
1402
3476
8891
4379
703
8642
343
8413
9536
3735
5651
4762
1937
8925
8521
690
4090
7305
5484
5768
9506
3754
2977
6577
1542
5134
4157
8639
8986
256
2489
6597
8438
2066
7107
5302
5618
5890
2495
1646
8604
813
5482
1468
4758
9837
7166
9098
8269
16
9474
8299
8611
1287
8361
7152
5262
7431
2107
2039
2202
9663
7408
3905
3449
3446
6472
7950
9883
1585
1689
2424
6553
2191
5584
648
3434
8737
7064
632
8728
3944
3704
8055
2157
6700
3366
3506
9112
1255
1929
7125
1452
4012
1293
5886
551
4615
656
4410
1071
6163
8761
7022
7448
2770
3464
9044
7171
4156
6472
8992
4769
8086
3729
9630
9669
8894
7307
7594
3319
2962
4508
7820
9540
9578
2514
734
4563
5208
6061
3035
2659
6618
387
4725
5040
8201
6247
4195
5924
9458
3652
5814
4249
303
2643
566
9437
2673
364
8893
1343
7355
7288
6304
438
7518
6101
422
4449
8637
7571
918
1849
1500
572
7281
3714
9706
449
9177
7632
8152
479
7197
2855
5541
8464
8994
6571
6871
5549
7887
5397
5528
2609
1509
3463
2843
153
4553
7510
217
6568
1296
9782
9581
3959
8166
3093
3976
2442
378
3981
2049
2525
5561
2445
7373
3901
3366
9745
4503
2595
5683
5565
460
4811
9807
665
7157
5171
2092
4518
3986
5182
8411
1103
5920
345
9015
5370
6470
7653
6491
3934
8562
6739
3248
7487
1019
6782
806
7412
1074
1249
2654
698
3274
9817
2291
3729
4273
8117
9395
1268
9082
1195
1917
2262
8905
6676
457
1576
6842
9639
5950
391
9086
8292
4964
7058
6851
2166
7415
7177
4926
2843
6036
3857
5368
1728
2483
9492
7570
1285
833
4469
9543
7153
6025
2961
4685
6478
1871
7057
6934
8836
5721
2732
7337
1380
4682
2089
1736
8522
5435
162
2095
326
72
9525
4840
3780
5109
2260
6717
359
9243
9580
8123
8372
9011
9714
7983
6762
6494
7769
7392
6464
5695
2481
9720
135
1509
8185
6400
2063
3320
3957
7655
1157
527
5370
7855
3481
9884
9222
8837
9165
6261
9470
7995
1642
4896
4575
7603
6957
1802
133
4826
6479
7140
394
5646
658
826
166
7790
4326
2529
6901
9021
7724
109
246
8898
5762
4604
7247
5390
4445
5186
9358
6843
8085
5346
8682
206
8970
7942
2761
425
788
3244
3835
832
3288
8045
2051
2997
1318
1946
133
5586
623
837
6858
9603
2197
6777
1953
8093
2842
9272
4593
5055
5914
1055
3545
8643
3733
6039
1752
6417
4276
5467
7464
9601
2349
4929
9716
1834
2498
1607
3563
4924
7699
3676
6093
3655
1748
3736
754
8661
2505
3352
8234
9963
3693
2522
6463
455
1714
8193
5974
9382
2275
101
1509
1925
5062
3947
9934
4482
1197
2285
8777
7215
411
5237
6817
1329
2307
8459
6404
8539
1244
8201
5118
2418
4434
1943
8959
2813
5318
871
5912
7772
9605
7119
9574
545
4533
8015
5733
8863
1244
8974
7765
8797
6907
6214
8410
6327
5400
8600
9117
2450
9561
7405
3968
8474
1020
170
4895
9258
3364
7422
738
4518
6653
988
7807
1752
7201
7200
5308
2022
1491
2000
3858
6797
664
8640
5949
1436
3557
3794
8240
9231
2804
5896
3157
3397
8000
1943
1586
4897
1232
5738
4359
5610
8785
2832
900
4495
4347
4595
6440
8651
9125
8374
1316
6512
8405
8666
4461
4
7343
8877
5200
8245
8191
7487
8288
7145
1058
7954
8716
566
3902
8558
6988
1051
6435
95
8377
4089
2793
9148
5404
7138
72
1716
1726
4348
8310
5318
7727
3666
5738
7405
8723
1320
2864
6758
7894
3112
8262
1664
4032
8158
3715
1887
2980
2732
423
6605
7842
3307
6702
2942
1261
6415
9118
6078
9862
9989
1023
1129
7911
347
890
5414
1436
9324
2202
9953
6363
1048
879
4708
4820
7740
1154
7681
8660
9154
6067
2847
8516
4424
2334
2046
3822
1397
9708
7384
9999
6686
1893
6182
7032
276
7987
7373
2270
7911
3761
6579
3218
9595
4083
5298
4523
309
4816
9239
4655
8002
2505
2983
2545
5940
1213
736
6996
8026
8181
5127
9933
923
603
1059
6566
6047
2200
6964
7551
4250
8650
1777
7872
3942
9108
494
553
2331
9807
5462
5514
8398
8127
331
382
2964
8816
231
4866
3505
4847
861
3572
6545
2853
5217
4294
7873
6286
2769
7874
7531
7704
463
1544
2157
8823
4428
7122
5925
1813
9570
9240
2651
4855
5934
2863
4155
42
4456
3149
6957
6796
6832
3112
1779
1320
8743
220
6526
1481
4183
3675
1261
6047
8464
1006
7572
3119
3920
6682
2709
9461
7630
4110
509
7589
4644
7481
9501
3728
7606
680
2579
7553
3283
2493
8149
422
4935
5147
2410
5532
3178
8478
2165
5028
8137
2327
7966
290
1807
5445
8703
8836
7903
3648
1144
7103
7953
4062
2895
6644
4151
8984
5912
2114
5898
2199
396
5909
6390
216
2329
4029
894
703
2646
3609
5694
7255
7281
4578
1435
215
1015
8996
9993
6048
6576
2551
681
6404
5540
3964
4284
2817
718
8819
5577
9930
6395
4601
9095
854
4143
622
7240
2338
9845
4309
3698
3249
4944
9844
5098
8356
5698
3163
7519
4597
248
2978
5361
7901
513
843
6412
8790
8298
2967
7397
3562
9159
2468
15
9930
4655
548
7210
2523
5557
5881
3642
8042
6782
1164
111
4608
1860
8333
6134
8881
2454
5732
7771
3134
6393
7894
9545
2139
8096
3619
7312
6331
8707
5708
8226
9783
3503
339
1162
3405
8154
6091
8153
8661
5569
6061
1534
95
3296
5964
3170
4168
2669
97
3693
3452
7329
4000
1912
2645
1684
5787
2768
5121
2372
3797
6707
4402
1217
2718
5323
5503
905
6509
4100
9575
2891
9341
9708
6293
9210
9214
7094
4416
3328
1612
6938
7562
8780
3149
6653
5864
9113
6755
2680
6512
8749
4593
519
9662
587
7563
9089
5330
3109
2118
8287
8947
785
126
3611
4967
1382
6774
7911
9786
5108
6074
3062
3419
8622
1313
9259
9863
5685
3198
9564
3229
2658
4134
98
6288
3951
5340
2560
1595
4114
7399
8382
366
231
9797
6337
7527
4202
5961
2648
4156
2702
9759
5301
9717
2988
7217
3047
3750
8507
8786
6576
4698
5640
9415
8232
1819
7442
389
1677
958
9077
3590
4676
8092
7393
7670
5441
8474
3847
2409
8142
8890
5616
2847
7132
6778
5833
5167
5300
4283
7118
8113
9272
8828
7458
2216
396
1780
3048
4668
1834
5999
5026
7014
5318
6960
1443
3796
8110
5684
7507
5372
9981
2135
1487
8254
574
3408
5818
706
8871
6151
1076
1936
9705
3431
8548
3214
8642
671
8437
1460
3693
1810
3131
4923
1431
1214
8241
580
7567
5594
5521
9622
1321
7096
2527
7311
7598
2330
6914
3851
9860
2241
2543
2386
9702
3456
6307
8892
1680
271
2845
9552
1929
9387
2231
6890
3820
8811
1951
4090
6165
5230
8022
6601
1509
8528
4356
8023
3634
635
5509
5168
750
3786
1380
2317
6482
5033
3139
6982
5800
8840
3428
901
3474
5759
8551
1126
2393
3019
5217
9722
6085
85
8149
3131
118
6452
6337
5706
8637
5993
2056
8484
3275
6041
6999
4499
7459
9927
102
1056
6462
1151
7678
9831
4236
96
4801
6227
7169
3009
106
8504
1188
4244
7058
2879
6191
1607
5116
9852
8499
4343
1102
75
4844
5727
7180
9545
4669
6799
4339
6351
6135
360
4542
6537
4235
8323
1945
2437
938
1745
2080
4919
1044
1885
7266
1865
8309
4606
2360
5136
4969
7001
1276
4506
4840
5635
4727
3683
274
163
5611
2038
7511
8006
538
3888
1347
1820
4801
6577
6453
9216
133
908
1675
5510
1560
7678
9996
3180
7592
9595
7665
3715
7301
4228
7985
4775
956
6196
8743
5225
148
138
7442
6670
228
2305
9817
6640
1280
8122
8809
2146
8334
6795
4684
4593
8233
705
5816
294
7937
4241
6369
3369
2909
2189
4876
2031
7967
2130
7649
403
2914
61
2475
883
8866
6045
80
9393
839
9204
5864
6218
5984
9336
9579
2980
4712
3798
6460
480
4712
1606
7420
5102
6601
905
2428
4432
5987
8303
7715
3031
4343
4261
8071
3402
7510
6635
8764
9061
4828
7396
1398
3021
9421
3990
8013
7393
3050
6658
7356
2445
8815
6670
9318
4504
2076
4541
4054
6205
7614
4592
6897
1799
3626
6805
5642
5958
1381
3230
1889
2894
2403
653
6073
3150
3274
7835
1332
6574
34
4056
3438
5313
2971
9420
1491
6442
1387
5692
4350
8811
2530
8520
8431
4265
7516
9410
567
2796
563
9993
1891
9058
1023
2339
6643
3906
7819
473
4518
7070
6452
8780
2020
9377
8176
8037
3335
3912
4649
5994
9991
7166
197
6061
9137
9216
979
1342
8035
8687
1236
5137
8662
1603
5236
2874
3113
6108
5907
3701
9782
6820
6517
3010
4547
6833
6994
1821
6295
1766
5178
4268
422
3321
6537
209
5339
447
787
3135
9857
3252
1148
6842
3599
5703
5574
1591
7534
3489
472
1874
6680
3638
904
767
94
6084
6597
6632
1749
4568
1187
244
287
801
1299
1305
2690
4588
814
9577
999
5294
2783
8135
3073
8992
202
6029
2759
4852
7133
214
8928
3239
4545
3254
2330
7919
5821
7241
9111
9331
199
1241
6245
1801
1303
5129
9144
3850
3131
2046
3303
7090
2657
2302
2207
1284
2212
4144
1896
9882
3605
35
3394
8650
1685
1755
8107
661
3853
1381
2560
1561
1787
6300
9997
8822
713
9908
6307
2957
9835
8244
8117
7747
5605
897
783
9446
6839
6789
7588
6647
694
9342
2146
5397
6504
2482
580
5306
8347
4352
7044
9711
8562
7875
9339
9035
9901
3936
9334
872
1508
3966
9766
3814
8721
9589
9445
4425
2567
7566
4016
46
3730
1163
4661
9947
7484
736
3834
4356
9753
6142
4679
7529
4544
3553
7314
7676
391
5743
4389
8593
4778
3344
6974
7071
7703
125
5331
7779
7689
258
1295
7491
6414
3597
6046
4880
1815
8904
2977
9556
5085
7347
542
2107
3546
5450
4807
5119
8523
2054
4661
9035
5424
9119
1489
6049
2732
3903
5310
1415
2384
3618
9895
9995
6991
5849
2593
1784
8125
9182
8572
8881
5065
4898
2379
6186
6820
2354
9341
4725
1420
3833
5688
154
8842
558
9250
6496
8645
7069
2155
6840
3680
6452
3930
8730
9527
2324
5106
9111
6545
1079
7232
8764
5426
2944
7012
5208
8016
3998
7450
8037
6272
107
2900
290
7933
2353
9574
977
7332
8988
2093
3852
4990
5595
3404
2403
3883
5407
4277
4112
6983
6342
2209
8284
4172
7057
1596
5930
4580
1857
5008
8977
6505
8945
5756
2151
7276
7389
4304
9304
1742
1424
8008
8854
3934
4043
3570
107
9023
9025
5470
8793
5796
9615
962
3187
4875
5609
1575
4372
6580
8304
6547
6205
6685
3503
7748
7133
1211
2501
8501
4456
2103
2845
6592
9914
9330
1176
8768
9573
5830
61
3794
8181
7835
982
6376
2677
9587
8940
8905
8843
5491
1469
1720
6382
3358
633
5712
7464
6447
7981
3801
8390
4563
8854
3161
380
6480
4071
1498
7253
7862
4070
1411
5320
1489
9776
4950
8887
9544
8269
4262
7025
1365
1166
7907
8279
7457
3747
6756
7740
7499
2777
735
629
5829
1520
9480
3008
5260
9835
4083
1921
7138
7105
1367
3991
4505
1216
7698
9101
7374
9953
1411
2476
2783
6870
3752
7805
762
6352
4628
6989
5844
2622
5356
394
8339
2943
4527
2650
7321
6456
5696
9274
6797
3714
8241
36
8343
5946
846
538
8856
1116
8131
2606
4116
3114
7770
7524
5677
2549
5461
5663
2845
1967
1300
4216
1424
1239
3940
6622
1643
8323
3733
2775
7981
7276
6261
420
4128
8067
2766
8018
3484
6033
5785
9725
3817
4237
718
6143
142
7382
1066
3030
3563
736
9802
8036
3007
9132
6858
1056
7431
9183
7845
6297
8164
4756
9656
8059
8071
526
2599
4186
1868
9558
2747
3435
2849
6547
3031
739
2081
2263
7142
8678
9873
2053
8676
2897
949
3073
501
7508
7936
848
85
1383
4535
8383
5996
4509
385
8063
3213
5190
3709
221
9980
686
9424
9840
7787
7059
8986
9308
6335
8068
2707
7619
3955
7012
3975
3083
1337
142
1755
1099
8648
4291
9770
3502
3415
1134
9889
1162
2340
937
8148
7675
8721
7304
4011
6329
619
803
9868
872
7017
3010
646
9469
8494
4128
1431
9598
202
6002
6811
7330
2323
4129
6497
5256
124
5299
5884
3092
8863
1623
1843
3460
2204
6111
9701
688
8686
3336
7757
1520
1510
5381
1533
8440
647
4618
6154
4558
493
5732
8164
8459
3002
790
512
4944
2270
574
2884
5120
9987
5190
5919
9755
3011
4758
962
6700
8598
134
9023
5192
4635
2113
3964
3606
8962
7462
756
2334
308
8328
3099
7162
8080
4773
6331
7097
4916
1156
864
5762
7331
7399
1452
6054
5400
1088
5175
7710
5032
144
6087
4931
9805
4235
2616
3021
8725
5767
2553
7603
9429
9042
5443
1313
7147
4243
4198
4488
5119
8281
8353
95
1893
3793
1118
7335
6097
1747
2424
9100
1959
5051
6010
6743
1791
7317
1813
2592
34
2369
845
2929
243
7799
2704
9286
2332
196
6725
4657
5316
3682
2813
8378
6298
6149
1272
9347
1697
322
9016
1865
9272
9450
2458
5190
9877
4084
7398
3556
8557
729
9315
6252
7154
633
5015
4572
2010
9803
635
8023
4344
6929
3048
4055
393
8810
3712
4445
1949
4961
8315
1849
7311
7410
6268
9477
2147
2077
1311
7275
4300
4147
3489
2424
5479
5293
4316
1432
6263
3405
3550
2112
509
5100
3349
4586
8580
1522
7049
4539
4119
7283
1781
3745
7728
6167
324
1272
1917
2530
6356
8507
209
2034
3306
3832
2340
1752
3458
4460
1240
3197
5872
6414
5961
1045
4280
2472
5216
257
5878
1887
8773
8190
4491
6148
6846
4443
3029
2066
24
9849
154
8824
3392
7211
4401
6017
4351
5932
2845
4718
7984
7455
550
7014
1343
7506
7894
4772
7984
9964
1453
3358
153
7669
8161
5974
4413
9797
4213
9577
8182
1348
2677
2964
9822
385
2619
3191
9178
8350
6050
4114
1908
6457
4165
5500
7971
1717
2290
5394
7561
9878
5552
1596
9865
4076
5002
6635
5795
5863
7047
1919
93
4761
1335
7237
4351
1881
2765
3342
8363
4083
2964
8362
3224
2988
4127
3043
5018
3972
9792
3175
8911
7124
9508
6940
4344
5783
9082
1928
1314
6997
382
5289
7264
4378
1415
6254
567
9734
6937
6889
2261
2365
4759
3612
5183
1854
5449
3360
4086
8561
1637
8261
6981
7466
6429
8148
1722
9466
4997
5568
926
3636
880
8474
4339
2125
4054
8068
4201
3149
6164
9517
5293
2802
8016
6107
4222
323
7143
1783
9741
5026
7220
4162
3217
5163
8575
7382
979
8057
4737
3607
3213
7752
6495
1000
1034
9973
3226
3178
4490
9617
5266
190
6965
5796
5378
4700
2505
8511
3724
9436
2962
9898
8098
9986
4580
5515
7934
8599
1176
2632
6575
9794
3473
8212
1393
7157
5338
5525
5671
5459
2734
2935
4663
3600
3203
5129
9842
1809
5891
2468
9998
7299
8537
1580
1010
231
3397
1919
8302
8443
8508
3019
1221
7587
6959
3405
3288
9894
5205
8003
1712
6150
7048
7458
5415
9431
9801
5571
5571
3584
5377
1801
2704
8079
1990
190
2009
7351
8886
9259
5155
4053
1682
8694
9046
9457
1210
8358
7625
9903
2337
7394
8089
9748
9725
9735
7557
3350
781
7240
8697
4045
9239
2688
8149
9734
2077
4179
2442
1045
6683
9106
5136
8922
6752
3933
7271
5661
1767
67
7832
2548
9041
2246
1670
2851
784
5433
8967
8594
3330
3099
6537
9242
2424
1789
7779
4089
4706
7455
6857
7622
6410
3961
4283
7550
3225
4069
1067
2205
7801
2730
7817
3768
2713
7794
1532
9622
486
9997
2927
3615
3180
6975
7606
8109
2057
1093
1356
4415
3370
3157
8299
557
7349
3299
454
5189
5858
3296
5430
6260
4902
8476
8784
1936
8685
5564
9215
4658
8979
1895
7171
7745
1984
4602
1941
8041
8302
3516
5381
8091
1816
3467
1747
9358
2048
8661
1671
2995
429
9123
3677
7366
3056
3424
992
7744
7169
1415
6402
5193
2203
8650
8917
9275
1472
2463
8569
1506
1466
4981
7491
928
6064
6068
8726
2333
9921
6898
4192
9083
5328
4594
1427
7735
9211
7463
7951
1116
3162
6007
9961
8001
4801
58
3146
5075
7858
7906
5047
1165
8930
900
9480
9299
6774
5700
9111
2255
4170
4351
6502
9458
6989
9986
605
2924
6797
5720
271
6839
9370
2768
633
8334
3066
9597
5110
6395
4777
5174
6978
477
3722
7246
2793
3096
8254
3311
3162
3095
6015
2703
8445
2268
3034
7685
9998
7144
7927
100
886
998
9527
5574
8261
34
1241
3956
6893
7976
4712
1889
3118
7414
3989
1559
874
3667
524
5705
8052
2489
6838
4951
2617
1805
8314
7488
5835
7872
0
8866
7222
9773
7428
5821
4321
6627
1379
3477
5635
6045
7078
4022
9648
957
6696
306
6558
823
8965
7382
24
8921
2080
6699
7390
2313
3249
5080
8791
3462
8490
2644
7572
9856
6229
8137
5458
4516
6684
5300
2028
7856
1124
8745
5435
7861
5862
7124
107
7529
3371
2874
3883
9916
372
6494
2064
5059
1428
5391
2086
8176
8730
4942
4293
9475
4542
1966
8907
8233
2871
4580
5068
931
2935
3886
6467
9634
1508
1872
7684
957
8244
329
3520
4261
1700
4452
7299
6160
9365
7386
477
81
2004
7093
3083
8329
900
2736
7169
1191
3961
4906
5319
3979
3476
7961
5869
8712
9366
1643
2236
4871
1539
8295
3291
9704
8101
3442
7802
3204
2138
6558
4799
7438
3451
5117
5451
8951
7721
2419
9031
9553
7030
9481
656
1035
9774
2350
1196
7676
7776
5160
361
8251
1004
232
8801
906
7867
6668
5579
7090
2806
6829
3072
7962
3348
73
904
753
5539
4267
2546
4315
5858
1382
2541
1865
936
2161
965
5904
2517
76
4269
8204
1812
3040
9349
6766
7801
4293
8264
9024
1357
3005
1493
89
9250
3037
5032
5371
6597
2476
4485
7322
832
1188
2752
3831
5416
2886
3995
6315
7066
9194
5149
7103
8941
5076
8844
5992
756
9169
727
16
275
3568
7522
6303
8810
7214
6366
9289
7075
4954
676
7504
9636
7080
3486
6250
2162
2097
8803
3438
8082
3111
7165
8600
6269
5606
265
2044
5807
661
5402
3783
9500
8492
5689
2929
6160
4672
5614
8702
7617
9386
6596
803
9604
5142
1564
9990
1256
5174
400
5103
8083
22
4609
3403
9719
2811
1296
3743
5472
277
3190
265
8140
5636
6193
5761
3560
1158
4491
3423
7075
8622
7896
8679
5314
7664
1404
4015
3856
8777
6198
1681
5230
2892
9693
1099
7806
2151
806
7828
7448
1876
2959
8889
3688
1211
7275
4742
9317
2709
6922
1264
94
3019
2004
9358
1634
589
9411
8120
2556
6462
266
4728
186
4605
789
9982
841
4351
6366
4479
9758
9911
1737
3405
2451
9783
4045
9057
972
4112
6192
8629
4133
8582
2493
5790
3770
1775
3477
8967
2002
7578
6687
4697
3849
6012
4957
9270
3049
1989
8285
3973
1220
1425
1752
1047
8561
3739
4603
4120
7456
9980
943
6305
6811
977
871
9162
1804
7466
3893
5006
6149
1007
330
9927
5808
5613
6329
5687
5123
46
4550
760
1807
1495
2496
6796
9606
3243
7191
606
3814
7676
7004
393
4454
6433
2901
6295
492
7827
6681
2945
9545
2194
7662
3078
1666
2005
6076
3383
636
7887
4045
2335
3746
2428
9764
4799
1654
5658
200
2791
9490
4741
1707
3969
4602
7435
4235
7192
8016
542
3732
2166
1618
5016
1327
5882
5796
5384
9180
6312
38
4378
8103
9163
6147
5589
1610
6646
9141
5454
1295
712
9047
2634
6864
2941
3369
1777
9629
4705
6458
910
905
9727
9445
9635
4770
3224
1210
3577
891
5856
8663
7029
5735
5762
8483
2262
3844
451
5096
8986
7522
7972
234
512
7759
8993
9480
3721
9584
1526
2062
7176
110
7921
1764
6152
3322
1075
1895
6189
8238
7248
1362
6146
3426
135
1385
913
4344
5035
9873
5298
1957
671
8943
8843
796
6848
4092
133
2584
7532
8162
9647
1221
3360
533
3292
3580
9167
6992
567
4873
7599
7499
3959
4267
7054
3447
6205
1496
7490
102
3562
4842
9277
2458
5886
7290
2959
6344
8043
5447
7157
4231
6936
1635
5776
1963
2065
1003
8337
7433
476
5425
4480
695
5926
5175
9707
7106
9804
9561
4203
2618
5590
5880
9731
8654
4957
6735
2290
1055
5293
4820
5368
4916
4918
124
3892
1450
6108
9451
2732
5238
1999
6840
2582
2696
9845
2505
5187
9853
242
4527
3388
9553
8762
8288
8436
7135
6189
7965
3821
1336
6129
6896
1766
7883
1182
3861
7362
5158
9010
6241
6692
3514
7557
307
1766
9172
2550
3173
6585
1549
2820
9710
4583
7344
6602
8488
3780
1859
3794
6282
371
3204
3658
8977
9653
705
3011
8800
2124
5620
5478
2784
6365
2761
929
8149
5060
9630
767
9456
3393
6262
8422
8074
737
4313
5306
9444
8840
4620
527
6584
4569
664
7243
8443
9704
3050
7210
1473
886
3046
5851
6157
8828
585
2968
8596
8868
3034
5091
7533
1216
5739
7915
7127
5373
4882
6974
9623
7778
158
8472
700
9955
9145
298
3681
3875
5065
7110
4014
5270
658
9991
2603
9588
7708
2909
2947
5961
4588
693
9840
7209
6337
7352
537
9633
5870
8794
1973
1673
2127
6210
8842
4581
8441
1242
9479
2299
1075
9660
5178
366
6539
2620
3855
5705
3750
4149
5893
8792
9288
3995
5502
7408
9468
4976
9492
3455
6848
8114
3923
9918
5137
7713
6198
3523
2270
7694
6385
274
1355
511
5672
7188
6933
1696
5387
4592
2957
1715
1072
5589
290
648
4699
4378
8335
3624
3611
6636
7999
6042
1988
935
1320
4920
4
1872
2731
2764
4404
8255
7334
132
7470
5898
7828
4582
4662
3019
5219
3516
8822
9604
4863
3008
1113
1337
4415
6819
660
1324
6476
7878
4700
1287
9450
1100
2696
3121
1380
9159
8900
7459
5816
9807
6478
3156
9740
6433
3185
7217
8684
5044
8236
1832
6098
6215
9135
1075
3872
4726
9457
8979
3116
9499
9200
2210
5737
9776
4598
2618
8862
8227
1780
3892
1221
9475
5806
3896
2674
5319
4098
5875
1437
5966
1542
791
3151
6593
3854
6876
9253
3796
647
9588
9412
5851
8851
2796
3545
8905
2689
8991
5739
3044
4760
7989
6720
5461
4016
7336
9688
6971
6157
9783
5706
6654
8057
99
6298
5825
3804
2694
5587
1810
1610
1700
2118
6347
5466
2346
8431
1562
8911
3475
3649
4670
1685
9018
9870
5576
3977
2713
8884
8033
1477
6128
1015
6474
3303
9601
6871
3805
8380
4535
4590
1075
2878
3079
5432
4256
6200
3023
7631
2824
9138
4508
3059
6101
8334
8759
2546
3168
8589
9375
2105
700
622
5778
8103
7539
4052
3348
2954
6440
4483
9186
5849
4316
9511
4625
7965
4748
7762
864
6637
7623
9808
4684
7828
9389
6695
3585
9025
9362
5216
8350
7595
5042
1453
6177
9087
4831
2182
6530
9960
9302
420
6860
8953
2368
1401
5173
2010
4244
5290
3311
5628
3978
8859
1223
5435
6810
1317
9467
8367
8018
774
4633
2895
9062
7077
7218
2035
1650
2560
2093
3315
6363
2676
4024
3538
7268
2056
5785
5585
7469
4903
6050
7585
5317
808
7859
4809
4256
7419
9850
3999
7939
803
2837
5463
7260
4858
1784
8950
9663
2582
6186
1441
4443
2774
4602
3799
9036
9960
319
7847
6745
5499
2844
3552
9117
6827
3874
9971
4211
1902
6576
6791
2266
3786
1670
7065
7064
2769
6567
4653
2539
203
7069
2725
6394
2414
1366
9165
7723
3948
7516
9041
6302
9642
898
9580
38
968
8218
3038
1767
2593
8147
1544
650
5937
5424
4119
8222
1262
2148
5419
8633
7268
3657
5491
7421
6817
6641
9431
1989
1034
4643
4626
3278
7352
167
7994
2211
5859
7117
3020
5760
7561
6438
6169
7672
3802
4294
1815
2770
9779
3218
9333
910
2278
9300
8320
8118
3634
3197
1595
2943
5668
6298
5966
2927
8970
79
4109
3192
1840
1359
3059
5650
5497
878
6156
7687
171
9950
6892
8088
6087
5493
2879
1453
7507
848
4302
9834
3846
9872
2779
2621
6736
3955
7769
5923
1875
3726
6330
714
7330
4246
1686
7985
9685
9198
6069
508
8614
2634
7834
6756
3883
3586
61
3083
3808
946
3763
4989
7152
4670
1339
2322
704
2435
2087
5280
8984
5945
7925
5693
7231
3796
9818
6034
8578
7402
4714
9739
4160
7039
6438
442
4997
8267
8706
1100
6929
9261
6449
2291
9349
8122
6896
9235
6025
7118
7309
7256
8268
3330
5138
4388
8089
2110
5297
8871
899
6438
13
3015
8013
2544
2322
6127
8105
2118
243
3075
7994
1655
3006
689
7975
360
4638
1971
7343
1719
1949
2817
9716
9088
500
468
6582
616
3296
5525
9933
5255
6499
3012
2865
8707
9636
821
3785
5255
5715
4996
5375
6274
6045
3625
6173
9388
5161
7095
134
8579
1421
254
3187
3460
8704
3392
7592
710
8732
3985
9762
1504
9119
1175
3328
4858
3999
1329
4347
4160
5271
6532
8148
419
7667
4736
3992
9546
5748
1986
7730
3287
1616
5651
9117
7108
8873
7773
5604
1355
1832
6205
5161
5925
2230
5171
6830
5082
1639
8039
9987
9655
243
6167
1756
3390
226
7499
6030
8343
2596
9385
8903
8980
3578
7347
2951
9251
84
6222
9342
8172
9368
4334
8020
7082
4907
2462
6927
6487
7008
107
7828
8783
2347
992
4317
6455
848
2668
3811
8886
2844
8399
3240
401
6751
820
1476
1461
5173
3176
4187
6909
2688
2937
1079
3428
8740
4073
2614
9076
4350
9138
1890
8669
2770
835
665
4337
127
1561
2730
8108
945
8137
7083
449
8851
6745
2889
1631
7791
4094
4316
2994
9524
6080
4422
2886
2883
9082
6281
8919
3158
2494
3234
643
8380
7989
3398
993
2693
5236
7271
6811
1319
8618
7251
2839
667
5830
4169
3588
4103
7397
3448
1695
841
9481
7638
6372
8892
5525
490
2098
1354
3348
1031
9047
2287
6810
710
7851
1957
5875
7263
105
881
1607
7091
5384
6538
6831
424
8776
3265
7185
8002
8135
3345
4806
155
9523
8101
2141
703
1962
5888
3881
8278
1117
5293
5141
1230
931
4147
8648
517
8842
8676
3315
7744
4904
2467
1336
7899
6287
528
2468
3582
7791
8674
9981
7112
5654
784
8311
6698
3378
1051
7103
322
3559
7931
3851
9298
2188
8980
5785
157
5776
3492
3379
5246
3578
44
9844
5301
5774
4793
4357
5519
6027
5663
9760
3537
705
9633
8470
5472
4064
9743
1836
1680
3739
5276
2783
4534
9740
9866
9240
5628
8401
9653
2875
1906
2468
6921
7449
3387
6136
3248
9750
7323
8111
8348
9605
8650
1992
429
4719
1077
5622
576
4418
4722
9308
3285
3878
1854
4197
5227
8395
7446
7312
7962
9678
9998
2824
5932
4458
9088
4257
457
8523
1428
4494
3405
9007
2808
8128
4312
261
3101
2473
6163
55
6655
2575
5082
2467
238
8348
6506
5412
3869
3953
8471
8273
7847
2683
9834
8251
8969
9518
6295
6154
9615
9533
9671
6097
239
4508
902
4685
9388
1565
4410
2653
2952
1430
2542
4923
8426
244
2011
89
2135
2137
9346
9479
4576
8672
8328
9393
2632
3889
7518
9140
321
4400
1692
6433
9826
7264
314
3722
8342
6197
4779
3354
9907
5015
406
7185
7478
4227
1922
7901
7144
7995
2957
292
5487
4733
697
7086
868
4977
884
4799
7372
9787
9826
9410
6965
3729
1433
7201
5471
631
4713
4848
2820
3238
8518
7754
2965
7115
9939
1188
8355
59
2669
8109
7863
4292
8849
9703
1038
3823
8955
1151
213
1986
2604
8727
8316
9474
9078
6886
2218
2581
8328
1685
8702
85
5649
746
6861
8689
7170
5297
4012
8717
5909
6822
8347
3130
7988
4784
6268
3777
9351
6711
9200
1464
3886
3318
4669
3751
4727
1692
8093
2724
9868
12
8277
5386
2396
9764
6224
2872
4420
2458
1000
3094
8874
9186
7105
1923
7430
1277
9298
2362
9261
3900
496
2930
4860
5970
7641
6916
7069
9143
4266
9384
7529
1416
3438
6712
122
2652
8883
2262
7532
6962
138
4473
1984
1062
6251
8531
2827
4082
1763
2318
1761
1537
635
9780
10
4175
7334
6254
4239
428
8582
8468
3940
8095
1164
7843
9921
2599
506
1469
8558
7133
4407
6331
3450
4629
6958
1853
9480
1652
9091
241
1863
11
1620
3682
9821
5025
8279
4728
5871
5471
5686
1293
1471
4820
5731
3856
1395
121
425
2050
4446
495
4370
3614
2653
2532
7999
4614
7872
4133
7303
2632
3426
9181
7454
3007
23
7868
1745
9894
8722
6195
2204
359
3392
4939
88
9938
7556
8693
740
4489
6960
6540
1119
2280
5148
183
9440
6642
8535
9978
6242
2118
6743
4364
4863
5585
8526
3716
6471
1277
2123
7788
9757
8422
7962
4120
8222
9661
7914
4784
8639
8934
2952
1880
4659
7132
4909
6160
8598
725
4545
7688
4712
1216
3338
9644
2729
4762
6309
3229
3869
6959
3215
9231
4909
2942
8369
4479
6698
4150
1318
4365
5646
284
1275
8407
6033
6271
4546
7254
9381
2738
5234
6017
8398
8024
9678
6559
8433
4383
1280
4283
6120
402
9442
8176
464
3698
4793
5507
3535
1648
4175
3824
9269
7569
5451
6541
1374
323
2639
1467
2000
1519
9294
3786
5224
6756
6216
5532
2907
1667
7043
3522
748
1066
7176
5906
5593
9432
4887
7274
9090
8927
6647
2767
2391
4839
4878
7022
5101
3566
5530
7555
5261
9358
9098
8280
5256
8439
1691
9013
7179
8876
2867
8438
667
7146
4772
8538
2846
5889
2861
6775
6854
5799
579
1211
8714
946
5431
8606
5042
3604
2564
771
8271
3188
8056
413
3460
4438
3709
4670
2101
2060
7618
6139
6123
8341
938
4651
1970
1012
3345
6430
4495
2413
9063
3275
5936
8136
5770
2545
4946
8343
6628
6767
9193
36
1086
5791
3472
3108
6463
1244
1453
5896
4902
1701
464
9922
2944
106
1688
3412
8310
7747
9410
5875
422
656
527
4923
2236
4731
8784
3293
2844
8314
8145
2228
7983
4416
4095
2789
7320
3491
7287
9123
5810
7800
4029
4114
8376
3754
3701
7044
2544
4298
9922
8032
3029
7201
105
1440
2143
1104
1633
9929
7841
9112
7817
8742
4495
3462
9653
637
3370
2502
2295
6195
4634
1224
6470
6315
8503
2224
3694
8233
7475
679
1939
677
8871
8672
9299
3659
2025
6949
6936
3312
9079
9471
262
9839
5490
3283
5767
625
4138
5114
7120
4938
5970
8778
6240
5104
8832
64
6453
3479
963
1039
9370
40
3617
2657
6865
8192
8860
8636
217
7252
2977
3792
2220
2435
5693
8381
6152
7251
3195
7874
6584
5837
3710
1008
5806
2485
3976
29
2463
4210
7205
3332
1883
7884
8135
8409
8983
9619
3422
8314
5657
491
2036
6161
5663
8869
8050
535
6861
1258
8883
7267
5313
1920
9667
2623
5925
4287
5251
363
4144
2189
1660
2331
5481
3637
845
1147
3817
4871
3090
1043
2635
8665
67
8678
7011
762
487
4308
9529
6455
6515
1792
2289
3911
6916
2491
919
4433
7988
7759
8028
3757
1627
7544
424
1384
6374
1836
4955
8129
1245
8524
7972
9040
8995
4242
492
38
6767
1082
4896
1264
8754
4894
1274
7749
1700
2217
7739
3023
9696
5549
8471
9318
5368
8815
7500
2344
326
6960
8000
5605
1665
7975
8135
6454
120
3978
6654
3149
5742
732
3575
2312
8530
1504
9089
207
8297
3355
5075
1933
1707
6504
9060
7068
647
3317
4218
4105
4819
2698
510
3670
6676
3146
664
382
8838
2625
8669
4355
6344
2094
7777
7331
9064
5435
2602
6745
678
8615
2483
5984
1544
6532
1097
3731
6282
1980
1238
2639
6735
6527
615
1210
8536
9399
9340
7548
7472
7756
6364
7611
3922
3652
4195
7286
2919
9570
9913
9351
6192
879
1583
8923
668
2854
585
9662
2182
969
1555
6351
8383
4978
7105
8147
2819
8355
9383
2149
4267
3311
6417
6571
5838
8417
6768
5092
2612
426
2962
1213
5097
7977
7132
4163
6586
8482
9591
8130
7920
4481
5205
3164
4518
9639
8190
6438
7608
2963
3691
1612
7658
8717
4734
6021
4770
107
604
6401
4851
102
4328
