96
146
17
119
55
183
51
101
118
151
41
83
83
81
96
61
164
71
131
24
2
84
100
54
176
27
54
56
1
45
192
119
79
151
108
14
120
141
117
168
179
159
70
106
17
15
40
188
118
123
44
65
70
93
78
48
196
116
50
167
86
63
8
107
196
118
99
167
199
77
152
86
95
94
50
118
197
66
90
195
39
67
147
93
154
81
20
120
49
111
166
118
11
97
117
123
139
29
132
52
1
163
9
92
78
10
95
165
12
32
146
175
132
189
118
33
57
77
8
41
162
0
110
105
70
168
82
73
127
94
97
162
32
10
147
46
131
109
179
74
195
12
117
140
32
44
7
79
89
132
8
24
92
35
54
45
145
63
180
41
101
95
71
142
121
38
146
31
26
84
40
161
124
75
38
150
56
91
179
117
101
170
127
81
42
108
145
164
130
130
69
112
120
138
82
19
73
123
50
180
