172
2983
91
64
1856
2160
1499
2922
1423
2987
650
2481
974
2329
500
1655
101
2833
1786
412
2791
302
1440
918
2335
284
297
396
1470
1935
1962
2559
1841
1552
540
1981
190
1958
1115
1148
1159
2996
2331
80
2952
2012
2251
1249
2395
520
633
1612
2347
392
2141
507
813
1693
1202
748
930
1689
1959
2555
1689
2625
2315
2717
1305
2753
2679
1010
1300
786
2877
1325
8
1642
654
2444
1711
2064
498
2055
1422
1666
144
1623
266
461
2302
1380
1358
1192
938
546
745
1462
334
1473
109
630
1226
448
2898
504
1860
334
1137
2423
1522
276
101
341
1056
1578
2123
79
2293
1397
50
895
2688
2089
2701
1776
2424
2217
2926
1873
153
2176
917
1937
34
2635
2382
2427
306
2813
1768
2142
131
1614
2769
1668
1232
2257
2039
1821
2112
2249
1697
1863
2716
1655
1748
884
2013
930
394
2049
678
2300
1829
2214
2209
2277
754
2670
2549
2279
936
1421
2357
1213
2943
2841
868
104
1333
2862
1829
2447
347
378
823
2090
1871
2418
1724
1379
2107
1695
2835
898
1482
129
2828
2180
1843
686
2241
1095
998
206
2644
1125
2955
2830
10
306
554
1152
799
1835
84
1803
364
1877
457
2236
1043
567
2827
2609
2523
2910
2944
2134
1750
2715
829
406
1584
2250
1181
1439
2979
2890
1297
1466
1109
932
609
309
1155
146
241
1919
1583
1677
447
1744
2228
2898
2384
42
1218
1019
2762
552
37
734
652
1154
440
436
2266
2130
1591
1616
2125
1862
1250
2993
1567
258
2461
2902
828
1201
1308
1301
260
2616
2372
2121
524
847
2109
1262
1677
261
283
377
1052
575
828
2624
1920
1852
2876
1011
2739
392
1412
2046
1511
1955
2465
2077
642
846
2480
691
1476
1569
2375
726
2829
643
943
1658
2428
1335
2205
1744
2250
2144
2824
2243
1884
2345
2877
2784
2623
2627
119
1023
2686
1516
1858
1746
1623
824
1054
105
2669
143
1256
447
1334
1539
692
820
2227
996
1423
2168
848
993
337
665
2442
885
240
753
1757
172
1815
1952
1824
385
1725
1737
2704
2630
2682
2891
928
2878
1909
558
2930
522
280
8
2328
222
101
1460
1083
2911
1442
1365
2925
716
695
1740
2322
1358
2048
2332
2576
1902
1814
1222
967
2401
2825
1078
2491
338
608
2577
1943
1628
256
921
2548
906
306
1239
1536
822
1487
1268
801
242
95
1756
1248
590
791
2328
1890
1502
865
2654
833
1799
2989
2878
114
2103
2430
875
296
1262
1935
2757
2310
788
1636
111
353
2273
1052
1002
315
1043
684
2213
1348
847
2272
559
1507
1079
1450
867
203
2388
644
310
2601
2736
1890
2985
985
2939
1249
125
568
1872
1149
1807
1531
2572
2254
1042
1375
1186
969
2604
2346
1485
2181
190
2031
27
996
1843
1735
2931
2722
2220
562
2483
1154
5
1142
1648
2715
0
310
1626
2161
828
187
2763
1216
2121
2384
2773
836
2139
1487
2845
212
2545
417
2344
1268
505
1795
2608
1682
873
556
1530
2096
1628
218
2224
1288
2816
493
310
2054
2400
2219
2547
518
1411
803
182
903
104
693
1026
2800
2203
1462
1648
2958
1233
305
272
2871
2900
41
819
1177
2043
1411
103
1452
2954
1000
792
1806
345
1449
2376
349
195
1835
2683
1423
1277
1953
1081
901
681
41
2888
1454
247
791
1734
856
2271
1253
1304
2113
2509
2980
162
2603
2785
2100
140
2510
2849
1735
1860
2576
1686
2772
2262
184
2776
256
413
440
1479
127
2044
2832
111
2383
150
870
863
2069
1654
115
1686
2737
564
1202
578
1053
1405
2242
2742
91
2950
2339
200
1708
2116
2485
92
2508
2778
2379
232
1555
1272
1487
1814
1087
621
1415
1951
21
1090
2821
1186
374
586
2628
1841
2622
1129
2854
2899
2960
2695
506
532
1844
249
2587
1718
603
381
4
1417
442
400
2008
2318
2586
1646
2214
2748
2768
1910
1249
29
1495
2743
2341
2761
2907
34
2309
629
1897
677
834
471
1179
2841
174
1376
2759
850
2047
510
423
2160
23
2525
1251
2798
663
282
1794
742
2692
100
952
2895
1970
2031
1561
1445
109
190
68
612
2566
2620
1243
2432
2586
2615
662
971
2799
1514
1359
2772
767
2870
1936
304
1999
204
2136
128
1634
2985
2829
2711
1590
1879
1268
2006
1848
1404
1492
2967
2626
472
1752
1058
475
2768
1747
1942
296
666
1861
2968
2278
333
20
2329
305
1535
334
1415
2006
1914
2434
1811
117
76
2591
1714
866
2985
2756
2874
2787
2623
23
666
2468
678
2761
1207
318
2490
2582
1015
1822
1326
706
2684
1833
1447
2191
1047
69
738
1587
805
1875
1155
47
2731
2441
2971
426
937
1708
1589
2235
2134
370
149
1126
1809
869
101
1973
1775
1732
342
648
181
812
1391
1632
107
979
2773
2861
2371
1645
2008
711
149
1951
2221
2673
985
2729
1229
2929
1393
961
2585
2268
96
1122
1624
1807
2626
1236
2535
2985
2009
1788
100
1308
665
36
743
2874
1681
2350
934
2220
2478
2241
2715
2605
2886
1942
1660
349
142
685
631
1929
825
1784
2671
1280
2149
393
71
2473
563
1183
1690
2600
2667
1156
469
2839
106
986
482
1265
497
827
1522
1706
2435
664
773
2090
2394
2937
889
1160
1783
452
2653
1411
1548
1329
2289
1396
2784
2137
580
479
1934
2838
121
1752
2634
2614
1623
467
1122
777
556
787
1124
2242
1949
580
362
1187
885
2813
534
808
327
1028
1475
918
393
846
467
1084
575
1598
1759
2303
1113
2058
1502
1516
1595
221
1876
439
1071
294
2166
2560
2728
2400
1936
1509
29
1019
667
1626
1225
2161
2190
1069
75
378
2616
942
2111
648
2656
2067
2960
1327
1593
2258
2496
740
1261
2248
2637
2710
1916
1767
2914
2026
2345
2491
1199
2456
993
1909
1502
2955
1417
1809
1028
222
828
946
1255
2354
1150
2742
2778
2580
463
1556
2018
11
1599
737
2748
1895
1090
2274
2102
581
2865
1851
78
1951
493
838
2379
896
1352
2968
966
1437
2362
749
2580
1031
44
571
995
1974
261
2268
46
1079
2967
918
911
2949
85
1517
2881
254
2300
640
1983
1876
138
1856
811
1364
311
660
895
2811
2247
1114
1082
316
2152
1008
1808
71
1791
224
1696
2340
1249
1754
179
1116
1736
1524
806
2960
2869
2237
172
2291
533
263
180
1194
769
130
306
1357
2774
2461
1084
2277
157
1391
795
540
471
2092
2324
1765
1441
1531
1354
216
832
1764
1402
2136
1922
991
1403
1704
657
2839
728
1063
452
822
1195
2949
971
2474
2431
1397
1271
949
2930
1914
627
1266
2693
1254
1915
251
1690
710
2584
2800
2585
1185
2645
217
2022
1047
202
1141
315
982
866
2731
254
216
2819
909
1606
368
225
197
1799
1107
2023
864
1168
2140
987
1527
1965
104
165
468
1462
2832
1956
1865
1955
972
181
308
2106
620
2777
527
2231
1866
2441
1891
1607
1092
985
2085
1576
2021
654
1433
2824
1723
1797
1259
593
1827
242
2860
1854
2536
385
2945
2581
2195
773
1712
2201
1436
1827
2300
2411
1023
1450
95
388
2850
201
1815
1089
2715
452
2601
1715
1054
2789
338
1921
1851
1595
2885
1893
2038
2202
1206
337
920
1334
709
2924
2531
2509
2383
316
1539
2449
1494
601
2160
870
1008
340
2664
766
2429
2978
2825
614
1313
2561
188
1957
2930
1398
1573
121
532
1081
1775
461
2120
2166
1661
2467
1555
888
2371
154
2395
1427
1906
2732
132
1598
2890
1991
1008
1348
210
1414
1373
46
1619
283
2159
1518
554
1251
511
186
604
1750
2092
2036
2837
2369
1966
122
2337
1562
394
2174
1867
2743
974
2412
2867
740
1230
1275
2914
391
2119
2082
162
265
1505
497
1457
388
378
521
1532
372
1117
1321
2463
2187
1626
2646
2834
1548
1567
2438
1168
2475
2740
1009
553
1216
379
2788
23
1710
1190
83
1670
1316
1995
1986
2413
376
1611
377
881
939
1784
1442
2872
1157
140
1000
1986
53
2742
2030
1540
2476
2536
160
1711
439
1148
2506
2573
2984
2956
2772
2812
328
481
2742
2882
1691
172
1478
776
295
1848
275
2804
1962
656
1501
1750
1696
1436
2059
972
2838
79
1192
1129
1830
2348
274
2800
487
663
697
934
2440
592
793
157
976
1777
692
2485
2133
1521
167
2766
2376
2233
2271
456
2793
980
128
875
1853
2196
2450
2954
2656
2511
120
2362
96
761
894
2505
752
2194
2934
170
2045
1392
1119
2445
241
783
1179
2506
825
2901
1988
2902
1933
779
1690
1174
1228
845
1867
2864
1194
2962
2720
818
935
1918
919
2954
2988
2029
642
1852
1053
1979
532
842
1333
2431
51
2605
1587
2126
1015
690
1120
475
1333
2024
2153
2276
1336
1406
679
128
2245
1546
2928
876
1793
1971
105
557
2129
728
1619
2079
2893
2305
2408
572
1211
1179
384
2865
788
1010
1364
2474
1940
1046
1214
2366
1227
1768
1227
1493
1715
2982
838
85
30
2570
2851
2324
1238
2593
2180
1808
176
375
2027
2210
2454
2111
669
1546
183
2016
1551
2075
605
540
2056
391
618
2722
2827
1677
2384
1659
1311
2494
756
2897
1564
1736
710
1020
2693
1514
16
670
2836
2502
2904
2694
2718
1460
708
1650
1805
2979
2169
1917
2356
778
2120
2456
1058
2453
1918
2436
118
3
718
2158
1339
804
525
228
1400
2616
553
2084
359
875
1519
35
2943
2444
2512
1410
2369
2741
767
765
236
1789
2657
62
1141
648
1729
118
2702
232
2456
2108
2657
2413
1262
1446
178
1808
2279
2187
263
1877
1997
2987
1132
727
1453
1566
2399
1485
1873
2481
2485
1282
850
672
2807
2522
1935
1981
2804
2496
838
2726
2860
2581
598
1805
2071
2972
439
1089
2320
1648
2406
1249
2905
358
1865
321
2564
1567
523
69
1731
358
1101
954
2980
1608
2626
1556
2621
1857
45
1930
624
2874
408
134
811
2168
2771
1432
1183
1305
48
1418
2930
1464
2319
2062
1203
680
2699
380
2009
1140
1480
848
169
1389
719
216
579
613
2215
1275
968
1696
474
116
2937
2858
1345
2974
1151
2059
789
2025
226
1663
971
1867
1352
2187
1459
1059
2533
2786
525
70
945
1613
705
1364
523
1281
418
364
1040
617
2269
756
87
1908
1860
1765
996
2898
2697
1635
2879
1129
729
2195
920
732
2600
1277
722
466
2514
1096
1857
852
1389
2836
2457
1016
1353
2179
612
171
2528
2913
2104
2660
136
507
2651
2947
1442
1004
1667
2112
2238
1434
1135
2375
117
230
1619
745
690
1674
1652
2415
2878
1798
2881
2111
2784
755
761
449
1477
2088
2335
2827
33
1803
2487
1089
2818
2815
1220
288
1980
2635
1847
1817
135
2964
2278
1635
1674
2113
767
841
154
1899
855
1699
171
1320
259
2984
2089
1333
2682
2944
611
2160
109
976
1973
2832
492
2503
2017
2044
2591
2277
290
1768
2821
524
652
2631
2180
1230
947
642
2006
2470
1862
894
2909
322
343
2651
2771
2862
3
152
144
596
297
2108
1304
1047
1728
1336
2304
2688
1689
561
2533
2599
398
825
946
2395
901
1940
1804
2956
2894
288
723
1293
2349
1934
183
2568
483
358
2788
1170
295
1775
612
2213
1541
2483
2168
1076
513
368
1979
2089
1898
2859
2618
122
174
2544
124
1771
2109
924
2098
1613
2812
2443
2098
235
1481
1654
2166
421
1958
892
428
621
668
1625
1994
1615
2302
1852
1441
1942
150
882
2827
1745
1295
2416
2489
2221
2961
45
1053
2532
75
1302
696
227
2432
172
978
2361
2176
2472
2532
2875
2770
2790
2539
1156
531
2455
988
842
2229
1576
334
2060
2255
2208
1960
719
2909
1807
1544
424
2508
1410
741
1228
108
235
2258
2450
930
502
2296
1938
1849
1694
854
2544
2765
2661
1968
144
395
826
185
2829
1896
1053
638
2917
389
2950
1896
2164
2460
260
2805
2793
17
1337
300
1437
128
2666
2964
135
95
2261
1080
1949
967
1939
1128
2854
2069
2629
1455
1066
2831
498
2997
2802
269
2454
65
1044
1398
2759
1268
1911
2348
497
2164
1109
2333
2306
1675
1390
823
1111
108
2449
1223
2900
114
574
1781
3
2437
1303
1080
1708
1530
1356
2450
2539
2261
1597
655
888
2534
394
2855
479
349
671
2134
903
891
2867
2661
1416
150
2512
1318
2501
881
149
1873
858
1558
1046
1278
159
937
869
430
2074
2818
1426
1723
138
502
2982
2888
575
227
1845
526
800
1094
314
1837
540
1123
2076
1795
2586
1304
2278
588
2260
367
765
1334
2894
1622
2826
1671
2141
1652
767
37
2378
1202
2814
1002
301
1467
493
1883
614
362
46
1003
527
1935
2955
2096
582
541
415
322
2255
323
1519
2987
37
1964
151
1440
2073
22
465
482
2483
956
1728
417
2253
1216
362
214
80
2209
508
1459
2782
292
1416
2
1654
338
98
383
1381
414
304
650
162
673
367
1933
1474
2300
2986
270
2818
2433
2214
9
2987
2799
2593
94
2104
488
1840
2434
355
2656
2792
2997
2541
1100
164
2143
1500
2693
565
1447
1742
968
960
1642
1876
2219
1304
244
1778
637
2445
2903
707
299
1821
1277
594
435
894
1243
2611
2175
565
1268
1799
1847
2689
998
2967
467
2601
1294
1103
196
924
2643
628
886
1183
153
2112
2541
1240
485
866
2008
922
1040
107
2302
2257
1562
1906
2947
2893
1516
954
39
860
1129
705
2468
2792
1530
2281
1747
1240
1725
2764
2226
1145
457
2672
2899
2413
2785
2386
635
1652
2754
1142
141
263
1227
2997
795
140
2464
1175
1480
2642
1363
336
677
238
480
1967
1463
55
658
2705
2593
2684
103
757
60
2926
1918
1040
1799
1208
696
1192
1932
114
1554
1702
480
1012
293
2877
1142
960
1192
2311
234
2696
1563
894
1469
2383
680
2455
2818
19
1024
1003
2363
2488
784
2392
345
1936
2334
2565
2750
294
779
2114
1960
899
183
1349
2477
1207
2596
2233
78
2689
2856
2129
2369
506
1634
515
2951
987
120
2583
2014
2087
411
1766
2404
2251
1088
664
1337
153
723
1950
1919
2564
962
2446
1297
566
2555
1356
365
2509
2683
1573
815
2957
324
2479
556
127
850
1413
2712
2070
2619
1319
2164
2986
329
1102
55
1949
2869
388
2088
1691
2273
1826
2677
472
777
2555
1571
2153
2711
2422
27
2444
1475
1985
2061
2307
2611
1896
460
2579
92
1021
686
2555
1261
1914
254
2248
2669
2282
1615
1677
553
1021
2247
1592
579
1666
1949
2088
2729
662
2737
106
193
1523
943
2083
887
2933
320
1408
2587
269
237
1897
1282
1960
256
2308
431
2330
641
845
1173
2236
1385
555
108
2933
2023
1958
2981
1948
157
2260
2804
1843
918
876
1369
2447
2038
578
971
52
1158
2984
2458
1966
2514
1285
743
922
1145
2391
2282
1666
1273
1293
2127
536
564
2823
1183
2258
1242
2343
1182
1035
2429
1784
2854
715
1331
2036
2512
924
356
365
1714
2261
2392
673
2169
2756
1187
2048
628
2684
1385
81
2850
639
1128
928
634
1180
1686
1172
645
2801
272
1966
2218
860
2395
2716
2758
1011
91
2794
317
2355
1110
194
2314
2134
180
1291
1726
1062
2598
549
1273
334
2312
2468
1178
2631
1331
1122
1860
1751
443
1127
2760
911
1066
2372
1849
2515
2168
1302
720
2668
856
701
1452
1506
1256
212
1549
1003
1684
2027
2374
585
2975
2015
2501
895
135
2956
2608
299
2955
2121
2277
2615
1100
2129
1717
90
2174
2
111
332
1282
2062
349
1862
2793
2879
2373
2863
2415
224
1486
1828
2129
1166
2269
2807
196
573
1747
2064
172
991
2852
169
565
1863
1647
1882
1594
1292
2021
2157
2704
273
176
77
269
417
145
1031
1115
2535
2566
1459
1443
1084
2374
500
1335
2426
1851
681
929
189
1083
352
1649
121
850
2977
1799
479
1535
78
2221
929
2969
1170
208
2924
2142
791
2059
2030
2817
2554
2056
157
1910
753
2036
2487
2042
2132
2766
2952
1612
2985
2228
109
993
2626
913
2919
553
641
583
147
2540
2219
2637
63
2720
1050
789
479
2755
1901
1533
2421
1239
2090
2935
1535
94
2060
1239
842
1211
2031
1849
389
1619
2816
77
2072
1414
386
576
1787
2742
539
224
475
299
2757
1156
303
2200
2320
2253
929
2509
2893
2084
1816
82
669
994
2625
765
2431
1478
2598
97
1929
2358
1047
931
1686
1334
365
1497
1398
2398
934
2978
123
283
2506
540
759
2292
996
2022
307
2999
2436
2650
1555
1080
1081
1742
1469
709
2804
720
1488
1473
7
1964
1297
1275
1492
1819
2888
1850
1323
2849
2833
23
1043
1275
2454
2855
2690
924
66
1244
952
2243
2577
223
557
1626
332
1988
594
796
240
1265
1493
516
2430
1388
2022
2887
