29
146
476
205
466
726
790
695
150
622
869
933
503
549
539
948
606
264
9
814
113
509
657
747
617
198
79
756
164
953
742
743
949
717
679
792
463
595
811
402
545
526
122
794
267
577
549
75
134
676
869
436
466
730
30
626
553
643
910
803
152
304
88
785
358
304
821
846
789
830
186
794
158
589
684
359
945
617
80
941
737
91
807
511
470
153
654
864
188
727
788
699
73
342
861
47
108
159
404
883
393
485
117
651
881
452
856
967
118
865
745
604
476
976
412
882
786
612
197
178
912
191
854
857
699
366
122
21
316
343
847
618
510
762
929
274
638
801
176
455
29
445
459
646
41
431
126
450
610
464
943
602
48
454
7
280
961
11
28
647
696
547
114
864
209
938
497
489
857
559
490
243
811
369
324
134
901
373
811
83
105
921
296
302
559
944
467
134
376
267
156
434
605
344
146
625
238
41
99
542
678
499
586
887
524
313
38
344
101
997
151
289
124
355
963
944
571
82
287
628
803
104
49
888
832
497
34
384
240
171
329
348
962
600
794
766
315
961
534
72
555
516
476
807
614
42
589
470
967
592
917
833
759
999
109
215
555
570
966
818
867
540
792
351
567
171
96
996
396
517
144
291
132
157
32
202
356
466
138
723
159
301
363
335
159
644
478
98
411
728
842
419
428
967
508
451
490
903
199
295
140
248
223
507
45
861
302
669
217
711
486
772
454
957
701
995
984
323
398
677
261
534
603
654
967
562
736
108
383
968
588
377
231
680
537
118
320
54
186
717
626
820
580
795
314
604
405
200
669
184
665
796
875
408
116
800
935
983
522
647
355
771
249
999
456
575
520
407
531
775
777
838
378
839
289
957
726
271
345
43
347
935
277
388
515
267
297
789
593
652
356
974
968
147
20
124
388
682
769
482
64
753
798
163
662
578
873
903
470
850
468
760
590
732
396
704
535
171
975
248
0
483
563
431
284
93
257
509
110
638
0
675
781
666
885
762
954
306
792
884
798
600
323
610
761
786
987
811
181
915
97
446
849
90
98
237
225
604
362
990
243
261
288
878
84
238
531
268
297
219
546
864
594
365
104
94
168
871
950
883
407
167
163
371
719
227
71
420
156
972
221
834
734
196
134
472
27
264
626
752
47
130
498
791
414
173
761
312
472
133
681
675
243
67
929
938
879
523
732
288
322
434
205
926
284
351
102
412
252
28
857
728
537
585
621
365
950
621
698
827
357
274
431
223
68
852
816
816
28
918
134
437
197
218
311
590
776
922
876
149
957
807
801
537
427
317
39
567
262
161
645
508
290
976
798
844
653
294
291
968
307
48
905
472
523
54
405
837
471
920
764
953
817
652
592
38
920
657
380
975
66
468
248
279
603
940
600
348
956
684
14
448
711
28
449
868
319
36
957
792
132
991
97
339
395
912
408
668
205
99
335
203
750
418
646
791
125
634
354
453
964
354
494
273
589
256
505
885
452
232
987
411
804
377
25
920
705
494
104
295
517
598
678
766
726
328
531
121
556
238
319
330
760
317
726
378
208
71
542
863
784
53
217
561
114
940
182
474
710
994
849
954
428
837
75
884
398
673
148
921
211
12
548
663
294
32
826
989
741
492
748
158
214
31
845
103
803
986
124
607
630
89
321
34
112
350
178
146
466
609
116
58
215
560
270
424
249
831
942
615
96
893
615
574
897
235
578
385
147
248
401
697
77
790
851
635
530
315
49
914
199
621
255
545
299
350
287
209
85
343
327
283
220
428
418
620
423
964
236
682
717
803
383
550
862
93
467
968
33
89
554
305
335
80
882
66
812
649
515
663
774
755
688
271
365
774
586
482
675
974
552
703
557
373
387
97
63
67
902
46
855
413
811
740
775
823
640
904
461
15
496
388
352
192
125
492
9
143
724
310
209
222
657
740
417
451
313
983
571
812
839
353
856
825
894
582
267
749
973
840
547
730
800
950
279
465
627
681
137
547
409
859
60
599
419
292
858
985
813
258
606
322
538
916
873
986
887
595
568
975
77
78
818
968
528
488
151
346
685
224
139
878
64
965
954
894
691
820
78
346
626
311
308
228
771
788
301
500
668
431
672
768
141
565
293
195
236
590
628
328
415
142
467
220
291
568
182
278
827
79
9
348
853
611
881
259
415
148
889
66
559
399
929
684
768
570
696
544
711
484
362
975
317
374
548
289
768
561
940
372
530
995
662
2
338
865
281
117
593
818
577
474
77
853
629
136
874
832
392
427
719
263
141
337
316
205
771
625
185
298
