162
140
582
98
109
758
416
432
418
769
785
489
332
341
336
133
377
96
724
498
509
761
257
772
659
162
227
206
81
689
19
866
438
245
347
177
239
619
695
197
266
323
246
191
543
794
222
353
54
607
771
593
554
177
879
892
84
317
24
643
215
39
501
820
68
587
766
773
256
155
314
849
745
580
887
124
134
875
333
142
267
569
640
175
644
507
404
446
34
600
31
48
844
176
166
332
849
338
670
342
583
2
326
677
160
890
425
126
97
492
753
307
140
710
751
24
646
729
167
733
654
850
309
388
826
262
166
475
180
842
173
623
265
397
445
532
794
94
463
458
200
729
890
40
845
381
267
175
365
124
144
554
787
256
405
469
758
107
649
584
77
478
627
246
603
174
641
663
499
544
658
284
778
347
400
6
183
599
65
70
477
449
307
388
198
14
220
410
732
666
699
427
788
767
781
598
462
611
544
153
444
323
2
872
672
368
239
604
121
344
568
156
754
26
32
31
541
280
897
202
319
523
0
357
1
665
879
386
829
647
832
191
123
724
266
158
610
842
459
542
407
512
293
560
224
309
779
376
218
785
629
694
685
731
313
233
889
523
324
512
542
773
835
200
18
238
331
558
416
288
312
209
849
606
751
424
642
805
784
758
352
662
75
35
76
588
832
712
559
578
168
482
495
264
339
724
289
830
496
683
713
334
223
384
104
694
675
494
893
763
863
241
844
822
360
279
825
676
458
881
48
325
325
485
542
361
842
752
86
360
117
83
567
284
354
508
587
554
581
83
689
177
688
130
573
474
212
495
192
321
39
216
691
526
856
301
163
865
850
43
523
888
623
120
204
162
250
388
98
856
28
507
62
356
411
361
103
782
9
99
72
781
83
54
228
366
331
686
372
189
146
362
311
845
522
624
785
509
263
513
6
680
96
46
3
313
377
512
542
342
754
647
186
691
299
503
763
336
418
228
559
832
637
360
839
716
461
29
201
388
610
610
610
48
618
824
645
655
468
622
678
189
889
170
594
296
589
833
136
410
28
387
1
746
629
233
786
200
213
396
270
90
725
47
206
418
342
597
588
554
401
692
484
348
474
542
672
802
694
74
240
193
258
451
118
71
477
238
816
526
585
622
54
825
126
341
335
882
711
753
864
830
656
216
300
250
479
218
684
883
767
822
546
136
244
780
106
855
253
134
561
202
806
613
790
636
779
503
15
166
65
535
357
283
338
98
32
440
89
285
869
677
106
444
427
5
280
413
592
286
312
330
333
415
716
861
178
808
389
798
288
304
249
557
46
514
589
880
182
258
690
236
548
502
433
268
289
805
137
112
494
777
172
613
789
222
297
640
229
243
277
877
78
400
523
617
232
493
386
681
285
407
710
416
765
725
602
311
14
195
821
175
578
594
356
375
188
483
576
645
245
747
85
232
611
111
594
529
403
6
378
66
81
344
40
283
752
726
83
132
877
677
484
528
280
655
44
77
443
130
571
888
332
123
475
488
473
41
751
215
599
248
899
861
111
13
849
498
164
774
502
427
155
424
395
341
538
759
772
706
549
854
446
268
803
518
586
540
439
426
677
376
71
851
355
318
169
693
0
769
643
663
813
313
707
855
286
823
770
338
324
827
34
595
874
83
777
834
665
893
782
329
93
696
780
471
856
484
689
194
798
32
59
791
843
797
381
439
168
190
514
245
396
571
782
471
595
695
348
499
386
150
324
527
450
139
502
481
624
547
59
169
190
183
21
733
539
412
153
284
733
214
171
102
332
570
889
760
888
277
410
339
143
391
879
656
197
293
205
783
465
791
386
69
697
805
716
673
767
669
344
17
114
887
168
663
652
477
656
398
454
334
604
424
382
413
39
739
789
590
241
103
149
53
254
712
446
792
378
615
694
769
61
855
131
724
604
98
336
783
714
867
128
364
374
552
770
499
734
581
127
865
317
216
114
497
251
310
198
495
517
799
123
763
72
602
107
435
522
161
300
525
436
825
430
644
575
261
687
458
622
457
547
20
730
826
226
870
801
192
401
5
846
109
376
47
857
441
451
371
