40
78
139
289
90
2
187
47
31
145
305
222
80
289
171
94
374
138
131
227
263
134
136
90
396
356
344
25
240
11
247
180
23
107
366
75
328
240
371
369
297
208
288
343
85
52
355
167
253
259
258
205
40
105
248
399
232
54
288
46
251
35
221
356
122
128
388
381
242
297
375
179
28
183
383
193
299
210
149
313
66
276
173
145
207
265
95
87
264
99
51
38
49
9
201
161
119
239
2
140
283
209
382
298
110
394
179
224
182
177
102
168
298
386
90
115
64
107
130
214
176
93
52
133
373
386
141
157
208
398
187
298
24
317
266
345
226
28
254
264
8
116
90
298
249
289
251
86
270
258
181
47
36
185
392
159
139
177
205
108
378
159
243
140
60
0
80
165
347
338
166
109
231
304
389
112
99
21
230
112
77
306
251
375
360
122
145
136
120
378
319
307
153
182
174
231
44
383
116
65
270
272
302
179
119
296
42
304
172
18
78
132
210
271
377
353
368
278
324
260
383
242
149
357
1
25
368
141
107
252
25
386
64
90
42
30
363
32
29
94
280
75
344
278
256
78
387
50
0
159
102
279
293
43
131
199
389
10
109
243
93
77
116
316
227
372
334
370
167
332
196
333
155
5
198
314
60
226
12
173
347
378
170
325
269
331
78
285
347
46
394
46
199
293
104
2
348
209
15
243
144
129
305
18
281
84
46
20
264
0
377
198
119
11
212
242
107
294
378
250
118
185
249
32
396
89
107
40
175
246
399
357
9
242
25
320
101
44
130
152
27
282
157
291
358
181
248
34
308
206
123
98
377
79
16
159
304
12
319
243
240
391
388
380
214
51
223
28
117
209
8
266
103
166
173
214
238
206
202
201
27
217
180
10
186
83
66
189
152
130
344
183
98
24
257
348
188
152
312
185
