4250
7594
7634
3718
1366
7073
1749
1694
6533
5420
1654
794
7706
244
1211
4962
5261
7131
5904
5154
835
2013
1664
1406
2651
5714
5136
2595
6423
7632
3256
6201
6245
5549
575
7220
2762
7970
2418
5066
682
139
1216
3903
5302
3786
1077
2523
1394
652
5649
2301
33
2595
837
6794
2384
2771
201
3198
2941
4200
6812
3746
2146
1476
281
2974
6113
2423
1203
2534
4941
5063
3533
272
2898
6351
2617
5894
1987
7491
778
4119
4286
849
1111
7336
1982
2915
3343
4039
3581
833
1844
1760
4100
7956
694
968
7504
3077
1005
3255
1699
132
7857
5075
612
5861
3673
103
2995
1252
6223
3314
4877
5129
2189
1948
6361
7271
4598
6019
6669
382
7123
5748
5952
3712
4904
6454
2764
6129
818
2496
3871
4647
4416
4554
6623
5681
3115
192
3831
6164
1972
2451
1411
4336
3384
7530
5012
1538
914
3639
7008
3843
1997
932
3849
7917
6660
1067
5384
1501
5977
3205
4022
4243
1550
3706
2423
5463
6403
4951
1091
5623
6732
7742
4562
2859
4206
1559
3044
665
1271
7652
1258
1523
823
7091
20
446
1950
6636
696
5550
7284
3210
7195
942
7023
551
672
1979
3572
3631
2699
4336
3885
1719
6960
2012
1091
998
1212
6671
6520
5713
3423
5108
7652
1765
2325
2648
4363
2173
3664
4105
3095
6932
5188
6681
4150
6356
1934
7042
5906
269
3458
6691
2473
1665
1871
2729
2698
6748
529
5577
7915
1281
6131
2537
7593
1407
1215
542
6044
5666
4228
4496
4054
5798
4067
4154
5177
4103
1206
6926
2674
1459
5148
3893
2710
801
7781
628
6423
2171
6679
3370
6243
5687
5787
5430
4889
6404
3527
2869
3624
7647
4617
1001
6662
7044
1004
7605
1930
2434
2378
4420
7015
5159
7439
7562
1350
5467
7013
803
3007
1289
3137
7319
2355
4600
4938
3455
3208
5816
2977
7233
1730
503
3153
2550
3963
2163
4245
1389
3135
2314
5312
3913
4486
4461
4749
453
2638
947
5763
6040
5525
6218
6212
7603
5360
1160
4851
7464
5707
3999
5376
612
3582
7919
6034
5981
7304
4086
4624
1799
1834
3170
3211
383
1698
4039
4171
1995
1474
3756
3956
3129
7661
2624
3604
1123
4206
3754
2380
2516
2357
6462
4889
325
5423
4875
7359
960
6977
17
1745
1830
3232
3984
1887
3212
3728
1467
6396
3647
2742
3276
4266
5288
476
4913
1253
1163
5762
1060
1737
617
1179
6424
3616
2886
5675
5903
7372
1861
5818
1480
1357
4847
2997
1622
2864
5650
2210
12
5589
262
1918
3029
27
4107
694
2592
3818
6862
5566
888
1372
394
3664
625
1737
7435
4036
6014
4717
143
4040
4704
2808
5317
1277
6713
4019
1463
4911
4543
138
6083
3246
5068
5946
3716
2189
4369
7319
5969
5559
5483
250
731
1641
2062
3335
1658
847
477
4439
5441
3839
3996
2630
5389
3532
2173
5466
6173
6920
4566
7182
2395
4378
1652
4539
4473
759
969
4834
4215
6720
6144
1688
3457
5624
1969
782
3316
3809
7728
700
1281
1010
6400
4202
6058
374
1509
987
6186
5443
1431
22
4401
7638
3091
4306
2765
6216
7435
7293
5156
6319
1021
3881
7390
7316
161
1044
991
3660
5371
6418
1970
7157
2513
7321
769
6927
247
233
2752
692
6662
4118
5162
7157
3115
2803
548
3987
5211
2973
7805
1495
4452
3297
5463
3342
3295
4299
3615
6757
4610
1036
3767
2908
4114
70
4790
5546
1013
2232
3333
4590
805
449
6058
525
3713
402
5729
4524
5949
565
614
3211
6778
756
6480
7036
7281
7079
6615
6720
7176
30
7222
3261
71
487
1004
2653
3748
2492
5340
4421
4602
5580
3604
5360
6424
7524
5098
7976
5686
5882
1602
7841
643
2134
7597
1458
7258
3485
1324
624
4690
5500
5330
1449
1652
4525
3847
6330
7688
6121
2920
4046
3592
7082
908
4403
758
3868
6562
1370
4617
7200
7542
6763
6467
699
6034
4099
2526
5857
1473
3915
3108
2138
1903
1782
5406
5583
1772
5334
3300
1012
7887
2652
3411
2961
1719
938
6237
1454
1005
2007
7483
346
7525
62
61
3608
100
3
6593
5415
6715
5860
3714
4397
7537
5111
3208
1855
2559
5574
3517
6095
3572
131
3104
435
1465
2153
5330
142
7215
4658
7438
7965
5108
5423
3062
5664
3909
4103
1224
2338
2173
3022
7087
6567
3196
6209
5174
1010
803
2588
1751
6256
2235
3992
1714
7428
1589
6468
5785
6256
3596
3327
6408
1820
5319
4176
562
1607
4122
802
7606
775
7724
7391
3377
5118
2804
4135
2093
3995
7548
4909
3318
5962
4808
1134
781
6010
2768
3279
4662
3912
6376
7635
108
7501
2944
6198
6261
7425
2504
4520
6224
5514
364
6761
3786
4645
4285
4861
6959
2159
5039
4365
3294
3665
1023
3738
7990
4294
3885
5022
1772
1227
7655
833
6847
2530
390
5365
6594
3714
4721
3502
7384
286
4895
3777
3071
5968
6779
2776
2498
6562
7840
2320
3666
2809
4227
2031
1200
1951
4592
2821
5057
2283
3117
5022
1219
399
7867
7392
6367
6078
506
4936
3860
2104
4652
3579
6419
7603
786
3020
2730
4136
4850
3209
5144
7607
5754
5634
7039
3703
5759
7767
3831
3038
4062
829
7358
4362
4099
3405
78
6506
6408
1800
4999
1675
7349
5163
4300
1731
6118
1771
7466
4852
394
4494
5681
5885
6215
7654
935
6659
3963
7530
3858
1687
862
2994
3188
5380
899
5071
3924
1912
4605
7620
4022
461
5214
3941
2028
2482
91
2187
965
6330
2315
3186
484
5185
4238
6319
4653
823
587
3664
6296
4746
6033
4882
2471
6196
479
761
6196
1886
6911
2000
4900
4271
5900
4605
3896
4022
1045
2176
1410
48
7386
2568
1076
5686
947
1586
7507
3078
3536
4959
2571
172
3675
7024
2333
5900
3578
7265
5428
4431
944
5951
4885
1384
3427
6471
499
1410
4216
5341
290
6856
1370
1957
676
144
4826
7042
4256
1765
4977
6889
4080
1839
992
1761
3161
3329
2104
6425
4566
2559
4790
1061
7693
1450
2502
1495
3555
2442
360
4598
4267
3639
2864
1246
6521
195
5031
7859
4309
3079
4880
5699
5707
1545
2181
7096
5280
3911
5631
6966
2079
5346
5363
215
913
1962
1818
2176
2506
4034
138
4960
4128
4464
1920
5189
7671
5315
3327
858
2104
1953
6097
705
2976
3180
5228
7817
3060
273
7472
1484
147
1133
5133
3688
5603
347
5890
5656
4397
286
64
5806
7493
2856
5613
6127
3170
261
580
4619
7372
4519
4441
3703
3379
782
2490
7721
155
4180
4977
7215
373
6482
5735
2797
1418
4915
5411
6769
1168
275
3055
7861
3103
5395
6043
2096
5693
2108
7771
409
1749
3405
4747
3065
7111
290
2643
4395
5465
4355
5158
6195
4938
7175
5348
7737
135
5539
2144
5409
7159
7636
1595
7303
7793
4324
5871
4892
4493
6363
6376
4696
6936
6854
6540
347
7265
349
5596
5924
5168
3987
7474
6508
7382
6591
618
864
32
5794
798
954
165
6932
3849
4347
4223
2064
6989
3783
534
2904
2447
2588
6360
6086
5568
5360
4613
1649
4535
3687
3366
3640
4666
2670
6365
4846
1628
3703
7000
3874
1216
5137
1631
7945
635
3299
4237
3211
5080
2564
1628
6055
6773
3450
3225
6723
2570
6926
1142
5780
1418
136
446
2918
3681
2765
6115
3080
4830
6673
2035
1560
6123
3386
169
614
3575
3923
864
3848
6964
6505
1059
3898
3196
3206
4767
5615
2639
6087
6650
5560
7223
7964
5692
3408
2060
4828
6443
258
1620
2435
5366
7031
1666
5065
6087
6496
3167
7455
5115
700
1478
4169
6446
1606
2441
7763
7599
1983
7218
6897
5971
4179
4131
6007
6565
619
6303
3505
6971
4302
5921
3488
6116
5364
6570
3026
6781
3817
3097
5212
5667
538
6194
887
3970
960
321
6773
908
3494
6103
4126
3974
3928
2355
4075
5756
5546
2749
2910
1045
1506
4715
6204
7553
6531
902
6760
782
7863
6343
4446
986
1432
2267
7112
6371
923
6982
512
7802
6169
5731
7139
7190
1275
1226
526
325
3586
5258
5752
5630
2865
3221
5356
4817
6487
6523
2273
7487
381
6351
6200
7398
4008
6886
6417
6549
2187
2301
1097
5694
1932
3706
340
4617
1649
7307
4980
6021
4967
6827
2196
5241
6447
3843
2243
1049
357
1261
7440
7316
7598
3539
766
7242
446
7734
2724
3867
772
907
5284
3291
3762
1023
133
3041
2092
1820
5552
4863
7692
708
3332
5387
4688
7193
150
7772
4705
2879
4552
2129
7744
505
1028
6027
5839
5168
5078
3834
58
1938
6436
4629
256
535
2570
483
5858
4255
534
4727
7654
2040
6749
5689
200
5691
3640
6494
3902
661
1887
6905
3175
3043
7519
1451
4687
2295
6459
7542
2465
5368
5725
4656
3306
3110
3639
6035
2886
6138
2811
4785
6441
1003
947
3461
7436
3597
3517
4324
49
84
5863
1682
4821
7159
7011
3056
3058
880
6375
4243
6510
1183
5668
7857
611
1678
1056
757
3148
272
1202
6834
7368
4354
4314
499
398
4915
5050
1520
6766
3808
2933
1566
2432
3416
1059
5982
3179
4094
4910
1813
4563
7725
5132
6427
2016
4982
4697
1100
3880
3652
655
6461
4024
3425
6245
2441
1860
3025
1858
1289
4648
220
5597
7841
4186
4458
7603
183
3695
3334
2787
4927
454
7109
3625
7602
789
3200
6069
7965
398
2108
4903
4118
5869
5099
6826
1801
2273
2187
5418
6448
3412
4781
2611
2913
1753
6224
3944
577
3761
4460
4892
5014
2490
394
4816
5371
4021
3984
3594
876
1138
6491
5134
1793
1050
69
7483
1592
2649
7238
6341
3051
7718
1270
7563
5984
1776
7984
1941
1343
6695
2579
4971
862
7140
1378
1684
6392
4213
971
3754
4029
2057
1413
5014
643
1332
7954
6190
5082
5728
5988
2216
4413
6609
1948
5753
3875
5395
173
6350
2805
2626
6495
5926
7707
246
3888
6090
6064
1737
2453
5226
980
4422
2590
2326
223
2479
55
7765
1074
299
1226
6054
7850
7818
3970
976
7982
6199
5291
2344
2600
7545
1333
3039
6737
2789
1815
1733
676
484
2769
1822
1332
5149
1801
927
5977
5566
7319
1670
2630
4140
7068
6227
4534
2501
845
1318
4613
6670
6606
1910
5403
1342
953
7147
4611
7014
189
3289
2074
4987
2915
1946
2530
2882
5036
2887
1974
5526
1239
6419
1304
5785
4671
900
5350
373
608
2958
5932
2254
2618
3917
5074
5766
5838
990
2806
3436
1221
4123
1813
1538
6576
6386
354
3433
4138
5986
7545
4843
6426
7377
941
421
7125
1484
2813
6223
1504
1819
6758
7913
3923
4352
5010
1860
5592
2316
1326
5995
5267
3935
4057
4908
7260
506
2296
5446
7399
1858
2342
4016
6597
5524
4169
3908
2179
3519
2752
4103
1456
1698
5496
2773
2301
1635
7838
365
5500
2057
1070
5143
2059
2871
7978
6830
4618
5126
6567
4238
839
7870
6721
2586
7291
6896
6447
4586
2734
6706
5937
4560
4213
824
806
7494
796
3403
7930
3957
5342
4201
6204
3428
2385
2042
1357
4539
2463
3562
6580
691
1838
5735
5007
3165
1761
761
3748
1547
4920
3768
1238
7071
6227
2543
5107
3374
6612
2124
6186
6800
2273
5312
3546
5254
4745
6137
4869
6857
2430
4537
6243
7147
1920
5651
2195
7084
539
2
749
3292
4550
6118
6834
6567
1965
6556
2533
194
7113
312
691
881
7722
2466
1485
1010
1622
6346
4630
7497
524
2313
248
5993
5665
6102
1553
6460
524
5409
4171
719
3389
7055
3914
6941
7143
2515
4542
5303
5343
805
2008
7309
1884
3298
5209
1499
1566
3840
4485
2162
364
5036
4471
4897
886
3650
6350
705
6936
5352
2053
282
2367
1416
4769
6517
5094
4520
2563
7807
3130
871
5981
4503
3292
4822
2049
3445
5828
7792
7381
1206
6019
1016
1251
2632
929
4526
2253
7918
7012
4077
6045
7472
2162
1700
1019
1443
5518
3630
184
6480
2174
2321
1414
644
3981
2000
5258
6708
685
7725
4362
6794
7540
5567
193
2000
6599
4075
3858
4024
6100
6082
3993
2693
3897
4407
7068
346
3906
2683
4960
3933
5775
6519
792
200
788
5093
1081
3276
2555
6284
3241
929
4324
1558
7957
2415
6796
1423
4705
5138
4555
5116
6843
5006
2487
7446
4745
911
999
7010
5184
2523
4434
5742
5398
6934
2837
5354
2127
6449
4691
3744
3828
7729
5878
4049
1699
4759
532
6702
2367
7921
686
5615
7943
5437
594
3156
4932
6069
1376
2870
2972
4156
1385
4489
4421
6179
2099
3953
4883
6616
3481
3645
4145
5291
4879
1092
1262
4606
260
5019
559
1033
736
5936
3267
4744
620
4294
1684
3521
2321
845
6904
6901
1529
221
5991
291
18
6799
6919
7219
2673
7352
1060
3206
4819
6403
2427
2071
5630
5226
7733
4942
2438
5201
2609
2273
4267
4095
506
6055
4768
3769
6040
4667
1830
4029
2434
4425
5335
1048
2481
1912
1343
1252
6735
5428
3941
2786
2446
5783
5159
3439
4566
3763
6787
3238
6294
6334
2482
2835
7356
4955
2030
6799
6783
1089
7701
6973
985
6090
4326
799
595
4250
4008
1366
3512
682
3177
3060
4395
6320
1380
4287
1237
749
4796
3781
2870
7314
7077
3991
1693
5264
2402
7907
7475
5563
2024
3186
6961
5018
2466
6970
5553
4685
718
6113
4002
219
2372
7631
4758
4824
599
7854
7478
5935
3412
2753
4181
2194
5223
7966
6241
2619
1054
2505
6774
2653
7813
1455
972
1516
4527
1980
6289
582
4246
4377
210
2876
7450
7685
7826
5889
5093
591
1469
4718
7472
2413
1782
5680
1374
2941
4109
4751
390
21
4940
3995
4686
7688
4720
1141
6322
504
3509
2935
420
6675
3275
7489
1870
6316
740
353
499
1334
687
2718
115
1759
6623
7329
1709
6343
7076
7617
2303
27
1979
874
3689
2578
2593
4201
7823
7876
2915
3286
3677
7138
7185
5661
6789
1750
2640
1643
5155
7288
3599
1331
7234
2665
2066
474
120
2512
1130
1029
3692
7023
5253
6588
504
1313
2785
2875
3817
3122
3356
3349
4579
5787
872
2950
5986
2968
4698
851
539
4520
481
4512
1089
3233
5587
5710
3555
4269
2467
1614
5426
3237
4207
4551
1377
5896
4342
5408
3813
2839
7655
1066
796
4561
404
2285
4426
2374
6022
6670
5886
1498
4970
7065
7251
6745
872
6321
7250
7153
5908
5393
1973
4432
4093
2174
5190
3995
4899
139
6310
6407
5191
72
5802
216
1434
4873
7712
2740
5847
270
2479
4067
620
1940
7068
4902
2003
4023
7785
2033
5312
6274
472
1158
4787
21
2957
2158
3757
7794
7377
855
1855
7716
7987
7813
7037
5324
7881
6134
82
6473
5908
407
1837
2435
7105
540
1689
7700
972
1920
1707
5460
127
6169
276
3328
1816
2262
2007
902
4297
4377
3540
6960
2073
2603
5698
618
7144
7840
251
2674
5391
6024
3121
3291
102
7567
62
701
6751
4210
5530
4540
3279
5406
6054
1268
5389
3623
5285
6654
819
2785
522
482
2818
6495
2795
7897
2914
3078
5141
5245
134
844
3258
2703
1966
3923
4806
1124
7494
6300
3279
7022
6316
2921
4587
931
1935
6580
5339
1356
6770
6021
2084
1708
6800
1396
1534
779
7834
123
6502
6622
5340
7159
5838
6740
6525
5627
7733
4671
3557
6289
6417
6365
1209
3470
231
6467
4034
1617
7997
1381
4331
4312
1448
4996
6953
5374
2431
628
7093
2005
5680
1289
4661
2140
3888
6686
6073
797
5518
6593
2720
230
3489
5054
1371
4001
5280
7879
201
2195
528
4541
4674
2861
1176
4637
6831
3922
1072
7178
982
1766
3128
5746
1844
7567
6245
672
259
1932
1238
4446
4507
7982
6149
7109
2357
1270
7448
35
7434
7245
3991
3719
6554
5594
5241
875
2568
5572
2903
447
738
2308
1090
5006
5631
357
752
2703
6785
987
7825
7242
7931
1981
3456
7397
3244
6241
3093
4171
2856
2067
7575
5752
6679
4017
5326
1699
2327
4262
7095
839
6909
4033
6801
1552
4793
1009
6485
2911
2903
7775
1154
2106
4706
3432
3606
6035
5923
5558
88
883
6663
5370
3922
451
1566
6792
2269
5175
4032
7822
404
1367
5258
1778
43
7660
2310
3912
7512
6147
1193
2221
2223
4384
6005
707
651
7939
7295
1673
5864
6096
3339
4245
2318
5341
2579
3121
1256
3677
3302
7440
5043
4515
1773
3307
274
5462
3914
4157
5566
4272
5913
3927
4250
7858
5976
2464
6756
4648
2083
7469
392
4756
6872
6329
5583
7482
921
2497
5812
5703
2607
1599
5591
1119
3212
2624
4235
2370
3305
5860
5066
4314
3982
3378
7112
163
6448
4501
7332
4471
1972
6007
4667
437
2834
505
7639
2893
4884
1676
965
4779
382
6767
4996
5886
6280
2501
2649
612
327
1106
0
3380
4522
7506
2813
3495
1695
7094
5712
1955
6293
6524
5574
4198
6813
6313
7852
5644
5162
4838
5535
60
7607
4085
191
2101
3527
7694
2818
7409
6280
7578
7396
4147
3281
5003
2172
2290
3210
2774
6698
6754
5163
6030
5421
5595
3357
1310
6161
5608
4284
5795
6789
2607
5758
2212
4683
3448
3757
7855
5256
2203
1488
3985
1467
7690
5736
1777
7370
4537
2774
713
120
2982
4634
7874
2547
1416
6326
4204
7562
7064
7088
3031
7164
6774
3511
4176
3116
3130
797
2427
560
7128
3
2762
4232
6895
2002
5079
3243
2414
1061
4836
4797
2083
5700
3308
734
6562
1292
5925
3868
7246
7530
3029
2056
3271
6470
5326
102
1648
5500
3464
3390
3227
5509
6105
3279
20
4788
1555
6435
7751
2077
3130
7806
5262
6992
2720
5680
539
1923
1311
2570
2687
6285
3251
7085
6868
2703
4338
6782
4685
4205
552
6325
6616
4474
3155
5781
4973
2802
1720
118
6327
5472
3040
6270
6939
3296
7410
2990
2217
3135
6254
4632
5982
3070
579
3375
7891
3894
974
4598
2950
917
4721
4955
5700
4038
4043
3869
3503
5551
473
103
881
1876
4521
4097
3070
473
3382
6876
3839
3748
1445
6091
3168
673
4827
2897
3767
415
4665
2453
15
3351
7157
3890
913
4557
1558
7211
7502
7952
3467
764
620
6811
3305
779
7082
4574
1792
3773
2833
1558
2072
1765
7289
6296
1357
2648
3189
494
4548
2716
5980
5400
4553
6847
5749
5940
6855
835
7358
4920
7971
1271
2585
3739
2997
4065
5140
6163
3299
4567
1811
7802
3292
3948
5276
6858
174
5128
3391
4231
325
6737
7264
764
3265
5
6434
6877
4786
7914
7346
7179
3699
1180
3309
7223
7968
2117
5615
2014
2485
4780
1785
7794
1988
4260
3262
4761
7314
7652
1098
1486
4815
3447
7632
1702
1393
6602
1486
813
6444
6499
7199
6703
4624
817
93
7570
4734
3902
6128
2720
7112
4672
4984
4963
7141
143
5907
809
4813
6322
4235
615
4151
4754
7455
2490
2733
4688
6956
328
3208
1458
3768
6661
6158
5688
4316
2066
1892
2573
5963
5567
2161
2713
4995
7409
7314
2867
7566
2655
5683
820
949
6710
5904
6503
1986
3869
7945
7068
2865
147
603
7772
4979
6772
1665
182
5918
5210
7718
3576
4404
3551
5
5306
1229
7041
1439
1812
2660
5087
1240
2223
3644
2592
3439
2105
5741
4083
2648
754
6031
7152
3768
4323
4353
3037
2940
3183
2967
5197
1495
5506
6814
5540
7702
5670
7756
1461
5089
628
2697
6796
2128
1639
2196
7879
6439
7500
2836
5855
4976
4118
4668
4548
7795
5646
1945
6887
7189
487
5691
7761
3339
4975
3325
3632
5497
610
5875
6323
2155
4377
6384
6986
5358
95
1713
7632
6476
2916
4266
3717
6755
7691
5738
4212
3809
734
1837
2227
4447
6433
5950
5769
918
6596
4807
7914
4674
5618
6007
4317
1425
2310
5454
7870
1864
5021
5128
6624
2291
4294
4771
3274
3207
3606
7951
6242
5078
537
2994
4968
3501
5282
3989
7961
5261
7556
1326
2868
6021
6105
6602
152
7400
7039
3223
7244
176
5027
1035
1625
5871
7285
3125
7762
622
3259
6814
5300
164
1922
91
7272
6484
2158
2994
37
1348
6835
1063
2354
2837
7196
4386
3465
2116
2761
1918
2007
636
118
4720
7456
7893
6453
5650
192
4333
1854
3211
3660
1761
3485
5341
983
6441
1737
459
273
7310
1493
5605
6729
5832
4480
1137
7955
1912
2343
1336
1412
4414
5017
1130
7642
1848
2443
2223
6905
1944
3298
5451
3536
6561
3374
6892
3674
4158
5559
3347
7745
6655
4655
6749
6172
688
6726
6509
7513
3096
4637
4856
6902
5899
2514
5869
3049
4460
2362
1151
4000
4739
2669
4240
3171
2103
2490
1275
917
4200
3323
3710
4249
5099
6916
7683
1680
6115
6517
2569
1281
7608
6895
6068
2386
1783
5923
7661
1267
4102
4486
2999
6362
2946
3745
80
552
7479
6276
6784
1771
4091
3866
7169
6589
4775
7448
5322
5449
1139
3536
4730
2285
5933
6818
5470
7099
3734
4625
7775
6426
7833
4403
11
6730
5289
7874
1470
4549
5494
2833
6188
6720
1291
472
1614
1041
7047
880
7975
1514
6070
4122
2866
3715
2251
7353
6250
6550
1660
4960
2805
2948
4922
1606
3054
5717
4044
2966
7054
6365
2439
7395
4150
3193
4140
5753
3355
5945
3998
462
974
3416
7998
792
2471
6182
4709
1016
6029
1350
6205
4308
3941
7955
3580
7170
4757
6110
6974
5343
116
2067
6975
1472
6800
5050
5426
4736
2778
1881
3584
2425
1522
6134
2784
3662
1419
7097
1359
3428
6843
7536
6893
7472
1826
2797
2164
2347
5812
1418
3477
1955
4068
2381
1328
6827
5422
4006
7792
1651
1345
2453
7106
5554
456
5864
6768
1599
1108
2210
30
6719
744
1720
95
6841
2144
7477
3253
6598
5822
1405
419
6756
1234
1902
6897
4713
774
1506
956
5972
1859
7825
3639
5375
388
5716
962
5873
5685
196
1509
6992
5063
7489
1705
6963
5971
2766
4307
5013
4264
7386
6206
486
7091
3098
6164
1468
7626
5457
6056
6632
5717
2161
1843
2851
1945
1947
1194
6118
3298
5763
2552
3160
1869
7471
2333
5602
4847
4766
5666
351
4454
3589
1464
5103
1338
2100
7021
1963
2414
2840
6986
6322
6377
7705
5323
5922
508
2724
3451
4323
5200
3459
3372
797
7789
2407
2512
4041
7337
1736
6904
101
811
6627
5606
193
6427
6690
2704
7991
5352
3290
2036
1016
3573
7342
7826
384
5985
4112
1995
7723
2161
232
4244
5602
4508
1293
663
3630
3699
4784
38
4653
3244
7960
7196
5921
1738
4999
4946
5925
4458
7612
4283
3580
5739
1106
6237
898
3323
2246
1260
900
3451
4566
4485
3627
7630
5124
7172
3923
5123
3641
2050
4474
4124
4487
3246
5139
7931
5127
1223
378
2536
5857
1587
1667
1665
5162
7295
1579
7935
3432
2292
304
5600
1904
7250
2428
4791
1008
3948
3772
2828
7369
1439
3216
4977
1300
1840
4379
930
1478
7681
5945
536
7982
4272
2640
5290
3675
5389
832
3744
2778
1909
4340
5014
6300
1167
4378
6858
2231
2915
5551
1026
7555
2066
7731
220
7269
758
3068
1972
3880
4055
3431
7851
3719
2182
4073
6554
7623
1498
707
3092
2305
5700
2004
5904
5053
977
3144
3195
7738
5501
7726
6105
5259
3054
2472
3924
7259
2836
1276
6115
5905
5658
3207
6552
2190
713
4688
4102
6035
6970
4858
6668
1088
7862
4244
2307
4280
2412
4683
7424
3232
2957
1279
3078
5637
3144
3506
3147
3421
5085
2269
2341
5029
3488
5533
2065
5226
2573
1226
2144
6756
4802
1256
959
5372
1693
2231
6241
2415
7026
101
1611
970
6377
5412
7675
661
1459
4565
2166
6284
7143
7011
3757
7752
3773
5421
971
5117
165
3291
606
5980
3397
82
415
1881
4814
1538
4192
647
2681
5980
1297
5535
484
7457
4398
927
7555
598
3529
7631
6532
7828
687
6686
195
572
7610
6891
295
7175
243
33
2775
3451
6433
634
3165
1337
1138
5988
917
5619
133
6656
529
2428
7634
5447
7757
56
1527
3527
6793
6002
7520
2828
521
6092
6609
5402
1957
3537
7507
3093
2317
423
2361
6723
4893
1504
3853
7978
1625
6447
5596
596
965
7351
27
2289
7012
6207
1077
3483
6539
6082
1138
4980
6240
7588
709
4907
6452
5374
5106
3038
2363
5850
2010
4890
3620
2746
7396
509
4377
3539
6538
5052
1813
5015
5437
6849
5980
1904
6902
365
2076
4232
1115
2363
5214
1029
6857
7364
1769
5714
5828
1823
3123
857
3961
7648
2181
525
6635
1153
5994
1059
4994
1567
5267
6496
5741
6619
458
2189
4015
7137
5201
2696
781
5893
5335
5813
2771
6985
4694
5713
766
2811
3084
103
3849
3387
915
2459
855
7259
7007
4515
6073
1695
5780
4630
2461
6883
7810
7772
724
7068
2558
7493
62
1718
350
6135
596
1949
3664
1087
1874
280
5783
4680
1855
1551
4323
3881
90
7085
7885
6936
5731
2080
2604
5436
4355
7613
4310
2465
3417
2049
2871
4933
6945
3891
3783
5199
4099
997
171
95
4918
7641
7850
3904
6991
5439
4618
4410
2666
5468
4039
3397
2995
1415
5103
727
7826
4110
7389
7006
2929
7093
6799
2058
6955
7646
7590
449
4242
5636
7611
5878
3933
545
5529
3924
4716
560
2586
3028
2938
7117
5537
1582
4894
1720
1713
2667
5182
4856
2664
6745
1744
1180
6556
2265
4558
6173
6097
338
4406
991
4691
5640
4667
4822
6582
3335
5707
837
872
1337
7998
1954
3120
1047
4184
3734
837
7868
3835
4640
5517
1109
7724
1689
497
7797
3392
1874
5017
5765
1186
3097
4041
3225
5060
1179
7511
1501
5472
2019
2696
7214
5290
3521
2695
7109
6612
4869
6337
142
1341
5354
416
1175
5367
593
3937
5412
3955
5474
1172
3999
5644
2007
1264
2092
7532
6740
3792
3995
4895
2350
3342
7479
1778
588
1658
2491
7559
5163
6840
676
5624
6779
4403
6434
7846
359
3778
4328
477
4786
1877
1378
1317
7228
2139
6854
4072
6053
4020
1092
4091
4680
6606
6231
7435
424
3230
893
3045
1065
4221
3331
801
7861
2589
3770
684
3135
1702
6534
5361
2148
4081
6036
100
4973
7200
2731
4075
5041
6488
3164
4840
7960
6492
3156
871
4922
6023
2320
7521
2661
3685
5359
427
7038
5679
3299
1150
5886
4706
1601
931
1886
3067
2105
4987
6798
6225
5343
744
798
2958
6759
4572
7104
3275
5616
7292
1188
328
3383
7216
3075
773
3372
5514
6584
6335
5345
6352
1864
3978
3039
5928
6786
4423
4051
1055
1346
707
422
5781
7247
877
2410
6793
1188
3761
5296
4349
76
117
310
5190
6118
1967
4605
2098
5064
5217
6393
3989
7680
2866
2338
1650
2358
6058
7336
7299
1837
1866
323
3686
1000
2182
4072
7204
3433
608
6167
7262
6101
5986
6225
2774
371
2232
4840
4631
3219
2088
5486
5698
5899
5550
3599
5687
6237
1592
2363
2588
1716
762
5051
4109
2509
5743
869
1312
4211
1966
1003
1491
4834
6053
3597
3669
1741
4148
3631
2797
3131
2024
1477
331
3916
1042
7978
7402
5594
1795
1936
6366
6523
551
3730
6655
4578
4860
486
4786
677
301
4974
1617
985
6735
1197
5942
2329
3511
6422
7465
3302
7029
128
2659
2024
114
7543
3711
1235
3298
364
3580
1445
1765
4940
6193
1227
4032
4142
2958
2595
5298
3685
586
413
2550
5877
814
4603
6869
5731
2046
1591
4644
1253
959
2819
1569
7289
3562
7339
6502
530
363
6743
5512
1260
5910
1452
4687
2049
4711
1491
5009
4756
4468
3665
4845
7914
7217
3285
4833
3928
6176
5713
5129
5816
1427
5312
3317
4341
6943
5
6309
6854
3935
2036
6755
3512
6178
42
1341
3747
4466
6358
1310
3966
2050
27
3785
7759
6323
206
7089
6971
2691
6426
4471
3899
3474
1219
7488
3311
5522
7687
5106
1164
203
3040
2572
6962
5513
2343
4960
5145
2659
1042
3373
2473
1576
3102
1629
7528
2791
2504
343
3021
2907
3445
6082
5812
1265
1009
7192
4715
888
2772
5858
5865
996
2241
5781
3230
5695
4680
393
4326
1261
6763
978
2583
6106
3838
7613
4025
3266
7207
1513
2261
2268
1349
3967
3110
4260
4013
5775
621
5124
2704
4872
3424
6878
824
852
514
4984
1777
3022
5838
1797
1732
2657
7437
12
4383
830
263
4663
3408
4089
1110
3002
5040
7169
3477
3870
3229
4666
5112
2857
3423
2553
7286
6764
1964
6939
4448
4905
70
4290
85
3102
3906
4269
2766
2675
4453
5299
3221
5115
5863
6556
7763
554
473
156
4102
5012
5602
4077
6801
3422
4005
7944
4973
5955
6782
5439
6590
4549
5548
570
1088
3118
4361
652
4448
6977
4275
1393
6695
2
783
2342
6609
671
4132
6373
6204
4474
7714
7932
4284
7892
5254
201
5451
4375
3541
2324
1054
4671
2309
6921
530
3239
2747
272
7429
1580
3823
2507
1794
2752
2221
4651
6548
3213
7412
4080
5947
6531
1409
5307
7997
2944
2086
7505
5843
5339
6803
2862
2308
2957
1654
3459
5456
701
3135
3087
322
5287
4156
6677
6056
6376
4772
4351
6303
616
7407
6415
4616
3620
354
3262
4183
4183
4457
307
4298
4548
5468
4193
4662
2019
4004
637
6972
1061
2167
1051
2203
6374
7038
3556
4448
2607
1688
630
5176
6948
3064
1048
3174
5072
1962
7256
6095
7691
5491
3204
6450
646
7381
5697
3126
7859
1585
7947
7068
1171
7367
5705
7316
4829
7385
460
3691
4936
1903
356
6433
6582
5619
6047
3033
4797
3772
2719
1065
3410
40
1367
17
2132
5858
4386
329
5427
3715
4479
5491
2491
7764
6893
560
7553
2802
6943
3407
552
458
7965
3423
3792
68
4279
6501
5020
125
3366
3753
5215
1964
2432
5355
7843
5606
3863
1523
3797
4028
6320
2630
3600
194
7259
6772
1412
299
7860
6478
6531
1616
2996
2934
808
79
4852
1551
740
16
4800
1619
3750
2083
3540
2498
486
1989
1718
7864
1871
770
3439
216
455
3444
4583
5732
7260
233
2716
3759
1164
4194
1215
3497
1137
3000
4971
5209
1415
4058
1218
2922
5148
7089
166
6748
1747
740
4241
7195
1108
3383
6610
3565
3027
4558
6949
1668
7804
464
7277
6579
5304
3111
4560
2942
6751
4195
6127
2570
186
6974
5505
3891
2739
890
1419
4156
1500
2535
2174
6177
4888
4993
748
1161
1450
7797
5288
3543
4440
5636
6522
6432
6843
6337
5500
183
2086
180
4821
6883
4337
33
3727
4530
4641
4322
1238
3559
6133
4145
15
3086
6095
3650
402
3313
893
2701
6406
3491
6052
1257
1496
569
5448
1108
920
2265
6714
6735
7856
3754
1055
3238
7617
5483
3992
6478
6875
735
6739
4454
1177
6310
7790
2528
727
744
4547
5753
7250
7914
2900
7012
2458
6658
5844
3909
7478
231
16
7576
3924
6178
5368
50
2155
6241
7886
3104
5999
7594
6762
5868
2352
7405
6695
62
16
3186
2734
7966
2847
1905
3293
4887
981
4416
5459
4407
1195
4711
1691
3892
1302
3087
6322
3049
4193
409
5302
4029
4005
5132
110
7524
5608
6310
3312
4095
2896
1683
1075
4191
3138
7867
7345
6759
7644
5942
632
2703
1931
6683
1102
3141
5001
630
511
942
182
663
4677
3658
2898
7175
722
4149
6165
5014
1532
2441
1195
2896
2437
7521
4879
6862
1414
441
4675
6440
824
5233
681
6088
3871
4720
5570
1306
3028
5925
7424
4767
3885
6377
6857
4257
4363
6464
5195
3137
4543
7807
5238
2988
3097
4359
7387
5804
6671
1071
1247
2586
4679
5504
3163
4082
5057
5593
3348
4543
4708
6515
7698
5877
3044
3391
4191
4509
1164
2540
4189
7147
3053
773
2820
4587
1763
6582
3000
6682
2816
3438
3011
4113
3864
3616
5172
1948
3369
1381
1427
4777
5732
6140
895
2716
5596
7281
6438
3391
2634
1755
2465
5015
3451
6078
1898
146
5975
17
6203
3036
2766
2587
2884
784
5344
1207
583
1676
1481
822
2068
3677
1992
5667
3740
6873
7051
3169
7285
2444
5881
5233
5993
5450
2523
6032
1659
7780
424
2365
2999
5045
1067
7704
4533
3548
4371
1510
2410
2116
87
7345
874
6110
4996
1229
1918
7728
5412
6325
7325
1223
2188
2067
3851
456
6339
2270
971
4581
4426
5086
834
4587
6925
2187
3114
6135
2852
6867
3567
7049
774
4603
554
7664
2891
4573
3767
7205
6555
5071
2869
7668
4216
6244
4697
6933
3814
7820
2607
985
3187
5783
4399
4544
3430
3798
2488
359
2440
3106
7403
6366
1673
7222
5607
5912
6545
2231
668
2044
4709
5781
6606
4376
3313
3017
5224
2549
1848
7294
6266
3909
2453
3852
4113
5497
5292
3359
3314
5743
7347
3830
4402
3849
7959
6472
949
2521
1932
7809
769
5304
820
1065
4542
7990
7467
5030
1804
299
1389
2776
5377
6828
5668
1570
1086
6553
2642
3657
1517
7444
6936
6068
537
6668
2977
787
5353
1463
750
733
5754
3038
2622
4273
4440
4626
7705
478
4825
2044
2937
3262
5271
5330
6870
6205
6728
7910
6989
1463
2812
6616
7340
2879
4146
4652
4124
5565
3990
3126
6635
1071
2715
6898
2806
5072
1713
6064
6319
1493
6691
492
2513
3092
3152
1724
7965
512
516
4962
79
2255
7475
1665
5090
7676
4113
5037
61
5224
6161
4059
6905
924
3064
4855
5263
873
348
1493
483
1392
5566
6527
7655
4862
7553
5357
6573
2959
4167
7442
78
7092
2471
3347
240
5967
3980
1810
6070
5370
4461
2729
6602
3527
3492
4211
6016
5218
110
5444
4263
7315
5374
7672
6705
992
2750
5289
1084
7631
1123
5754
5244
6665
1003
400
3847
1882
6646
7009
4541
2389
318
5860
7122
5525
4213
360
4090
6238
890
4097
48
3617
7543
28
4706
4702
4441
7028
6140
2212
1645
7389
2575
7988
5652
574
5086
6596
5602
5788
1221
3743
4505
1489
1863
3305
5821
2907
4146
2433
6740
2128
6129
2303
3708
6640
942
4828
5800
4435
6881
6001
7801
5377
5114
600
3061
2400
935
7279
5222
4616
6722
4283
5649
1651
7259
7912
3922
2832
3997
7470
1425
6518
5919
2320
3811
1909
7689
2751
191
4169
6561
1307
3226
5736
3889
3289
674
7546
87
7487
1108
2537
6505
5132
4795
2510
2498
4022
7430
1354
5166
2763
1988
6198
1454
1785
446
5874
5416
3625
7793
1306
4078
7813
6438
3799
2153
4699
7728
3217
737
3737
3970
4738
812
4024
4074
6566
2866
6326
1582
2447
4568
7547
321
3476
3473
1181
6370
4521
5437
4799
1362
3018
6076
6548
1392
6482
596
4673
4658
1000
7291
7969
1794
2008
4737
7714
1779
6912
220
6796
5086
1505
6546
3554
7453
2837
3901
5729
6499
7136
318
3109
4727
4254
2369
2603
4171
6940
3240
4785
5565
5891
7894
4794
1897
4847
6235
7150
7081
735
6647
413
2218
7556
5645
6244
6188
4220
6309
2728
4117
2392
3486
3840
2995
7129
4974
751
1165
3066
1815
4430
6756
1063
297
1929
3275
1355
622
3904
5024
1927
757
2957
6950
5630
4350
4645
5760
6733
6911
7127
1228
4440
2833
4082
1626
7488
2618
1796
4552
4016
3991
3388
3644
791
6886
4465
5884
3184
1966
7227
2349
3772
587
7615
1062
4178
3098
2441
6960
1676
4349
1362
7708
419
4939
3296
4865
2709
7063
781
913
1282
6811
5023
4055
1495
4994
2326
464
6561
15
261
3235
259
1965
4120
3133
1027
403
1908
333
5630
723
5180
4825
1020
5632
3567
4668
5982
4794
6510
7868
3444
6680
1819
4620
4587
7920
4510
347
6435
2373
5569
5398
6303
4878
6587
1153
5910
3167
5578
5549
870
7543
3513
4631
4392
4709
7873
4893
1694
4887
1164
7006
4873
6080
2388
3564
7064
7205
4266
5808
4282
453
2771
1179
2004
1443
7885
2117
1871
1201
1327
3620
5960
2074
7854
1833
3179
5100
3004
5626
5658
5281
1930
3784
3654
2377
5871
6350
5921
4693
2017
6053
682
1730
3615
2501
5223
5279
3057
796
6193
5117
3079
1220
5545
5683
5439
6245
6089
907
6722
6759
7381
3725
974
7377
2863
3941
974
771
5130
6899
1444
6796
1783
2480
4681
1769
2075
1656
3980
1243
5506
2552
5174
7396
6220
4340
7951
6301
5189
6709
4281
7479
2707
4046
2233
7244
6472
4234
2070
2785
87
7284
3546
315
4900
2819
2933
1690
5748
3167
6721
1110
2756
1748
5281
5653
4405
6290
4610
7975
3492
2910
4355
5246
856
3929
3505
5773
3093
43
3563
3451
973
3660
5989
1668
3766
111
5255
2221
7351
5835
1781
6370
124
7367
4394
6573
6312
6593
2429
7829
2858
5307
7750
5265
3241
7074
7834
4583
3161
3324
4849
4710
2287
5614
2537
4924
7729
5736
2724
6901
614
3310
7628
6481
7341
2819
438
1792
1322
6004
740
636
7003
1278
2341
4035
5513
7453
7575
7728
7961
5426
845
6517
6018
719
6731
503
1433
5987
2734
2310
3335
4925
2985
4664
4765
3070
4009
1569
1214
1440
3354
6896
954
5021
1731
6569
2556
61
7437
6906
5977
5631
5921
7869
136
2403
3630
1225
7857
4562
1290
3509
6430
1259
7600
2986
334
7851
424
3492
5992
888
2180
7045
77
4938
6150
6166
3654
3063
4895
987
2845
3609
4946
7185
3335
605
3575
4998
6078
1899
7964
5653
2669
2605
4358
189
6341
1919
3093
7582
3437
4145
6341
6031
4246
6779
3409
3614
6252
1022
1458
7077
6632
6067
1733
2821
6146
2098
1546
4226
7556
2337
3720
5243
4218
7543
1743
1860
2310
1260
5909
4194
2320
7999
2882
6818
2778
1635
5511
5654
3185
1287
3433
1069
1663
3777
3996
7406
2878
6998
3594
3729
1735
4584
3891
3194
3720
5117
6830
1938
4052
936
7885
5252
6869
1942
734
721
5212
1334
5454
1809
2969
3462
6953
6919
7078
4343
316
5599
2301
3772
7580
1734
5003
3316
5887
2598
4188
7474
7687
1149
7541
3685
7647
985
5248
2921
2622
562
7074
1641
841
484
4393
3566
853
455
5473
3337
3018
7917
326
7257
5923
7863
4243
1018
3601
3604
4921
7754
3007
7127
3179
4057
2993
7412
4118
2733
3526
2648
7150
6254
3100
7074
7332
6452
6162
6977
7795
7404
3752
1387
2714
2465
3011
4406
4580
3309
7950
3223
7395
6331
1978
54
5371
6711
7013
6506
7322
5397
5784
6742
3269
2619
3179
6751
7054
4556
6275
7625
5858
1042
2428
5677
1086
3399
6625
6489
66
6976
4696
1540
4126
2871
3611
5164
7785
3187
3041
1806
2064
4822
3355
2881
4651
5827
2586
4208
2859
1386
1613
946
48
5233
1064
4296
5431
256
2721
3762
1969
2921
3476
6510
7150
883
3847
7118
5432
3906
4871
7541
5693
100
3761
5805
3236
1274
3981
424
5504
1217
3668
7122
3938
2556
4050
207
5320
4096
6822
4502
6836
2267
5159
681
536
7842
5409
1712
7277
3222
4285
1073
7139
1202
3902
6831
51
6228
3816
1692
4496
7173
3195
3259
5051
6759
3101
4631
4214
2490
3477
4889
2384
5259
883
2506
3103
7097
2958
2278
4364
1125
3238
5337
2504
5493
7207
2521
6557
7685
6287
2719
3807
2348
4838
5123
2753
1510
2732
1907
5060
7587
6673
1167
6345
3819
606
7460
3528
300
6769
4484
6233
5282
7845
4350
3056
2401
7120
3968
7974
3842
870
4933
4530
2472
4730
5692
7350
429
7845
2487
2870
5614
4671
1100
3491
4400
4618
3276
7765
6190
3823
3229
3096
1024
5728
1783
1373
1257
2268
2871
6290
317
337
6627
5708
3629
1115
5563
3743
3953
4651
5048
7760
5393
4035
4772
3618
3919
4573
5461
3340
3572
6123
6535
3596
502
7738
725
4501
2242
2096
2708
4900
4716
6836
5836
7409
7409
4524
6420
512
4645
7585
6729
4502
4285
7488
811
2761
1979
3130
340
3121
5810
3018
469
443
7541
342
7790
6300
5792
6767
3626
1633
7106
4915
4821
677
6502
3346
7643
2141
1469
7341
1087
4301
809
2970
1012
5725
7592
1348
5787
7494
2331
752
1178
2215
4146
5338
3605
6452
7222
5054
204
1997
947
5554
6929
1133
2688
816
4452
6329
3565
50
1581
4024
1735
1462
5205
7266
74
4577
321
7441
1316
6720
2667
3156
3170
681
2463
675
1465
1792
7056
5868
3123
5845
2709
6284
7029
3755
3779
89
2153
4180
423
5660
2444
4471
7584
5276
4309
7028
7639
5653
321
1310
3805
2568
632
7591
1055
2284
1501
858
2696
7106
1015
6273
5107
1542
7735
6502
268
6337
7013
3639
6018
7227
4587
4418
1514
1806
318
2976
4339
6550
5029
2095
5890
2053
5735
1016
490
6611
533
7471
1033
4498
5489
1048
4162
415
6842
3526
1170
4213
5909
5886
4241
4379
3482
2555
6984
574
7544
523
5097
6105
5829
5847
7215
6480
997
5888
4691
4317
342
2724
7592
3041
343
7103
5587
2588
1971
6062
5611
3896
2350
4495
6185
2176
6218
5317
6988
1582
6262
6680
7244
929
6036
5369
7608
2349
2790
1570
6190
7181
6676
732
1463
3955
28
6618
2045
2176
5590
835
3689
3151
2659
4237
7389
1772
3506
1861
1867
6115
4654
7851
5168
4210
1480
4153
4081
4320
3164
1860
6544
4455
1282
4604
7883
1868
4404
2318
6417
1040
7255
104
4065
4479
7016
860
2370
6693
1284
7902
1753
6496
2771
3048
5290
1745
6675
7741
6574
5740
445
6473
5196
7919
4629
7143
1016
2736
2131
61
5413
3342
1705
6146
7976
5065
7345
3040
5098
1326
6773
1461
4490
2923
858
1203
3917
5057
937
5606
2690
6998
635
3733
3319
6442
5505
6722
401
6562
7213
333
716
3392
3457
4469
7376
4276
5170
317
1132
3339
3960
429
3313
3654
1397
2159
2733
7430
7807
3866
5123
4322
6412
6861
100
539
5305
7665
1388
167
55
7840
5979
4969
2323
6884
4334
2882
5024
3671
1689
6913
3970
7338
1892
2038
1754
2818
3167
676
1225
5693
2883
4180
6819
2643
1191
3142
370
5783
6172
1219
3556
1307
5605
1934
3538
947
3734
4665
2413
6675
6216
723
1351
6546
3830
3839
3003
5903
1335
1056
1723
306
2520
7664
3956
1356
3477
2608
544
2200
5044
1017
7015
2083
1727
3378
5875
6791
6172
6683
1103
1875
6410
6021
6074
3079
4346
4452
5006
1530
5512
4285
4552
7326
7380
2809
6963
1052
6593
4508
1078
3033
6026
6543
4598
474
1916
1241
3305
2564
6036
2988
249
1276
7093
4892
3088
3437
197
4074
6022
2216
2534
511
5349
7589
5324
1972
405
999
3712
2382
3113
2174
5168
3847
2436
3366
5552
1991
7593
781
7313
882
2847
178
5724
1306
61
7465
7532
6293
6103
2811
1893
3562
1861
6250
5781
4901
3597
5009
7781
6090
1964
4650
187
6118
646
7210
7408
3009
4199
2119
5289
495
4981
6873
5460
4230
7733
2526
7745
5801
1846
3992
3482
4163
7325
5073
2433
1808
3278
1791
6084
6421
2228
2370
5823
6384
686
2889
3407
1738
6167
6229
558
7976
495
5462
4272
1889
3051
2993
2457
3178
3861
5731
4441
2125
2017
5119
5477
7544
6990
7443
498
242
3637
7273
2768
2536
7986
425
4194
7782
44
3292
694
6945
706
5003
5253
1968
4435
6149
5896
4443
1962
6208
5876
7564
1285
1431
6804
7779
7680
2610
770
4133
6435
5572
5378
4756
6853
2733
5115
1177
7770
1535
3283
4254
6240
4253
2278
6968
1251
4351
2402
4866
3304
2003
2818
3333
4348
6846
6180
1811
2777
3072
5257
3635
4209
7158
5417
4086
7706
632
3185
1960
2839
6306
986
2722
6271
5681
7207
317
2573
195
4987
1761
5763
1600
980
5179
4155
5912
7976
5260
843
2530
7514
7326
5652
4580
7897
7635
1895
560
7638
6614
7957
299
7711
6770
1170
6121
93
2817
7813
4404
4070
6844
751
1004
7936
3826
245
4744
6195
6932
4235
7994
7050
45
6847
2353
2342
3054
480
4344
638
3943
1097
3324
5878
3026
909
7658
923
6090
2880
1079
6457
7705
3616
313
985
3374
3615
7474
2779
4141
1102
4206
748
3873
6119
1730
7331
2701
1655
52
3709
1696
3750
4409
6451
6534
1829
5145
5430
6107
4658
4143
3655
5754
6411
5580
3188
6324
3885
2044
882
3741
6087
4768
3988
7104
1536
6266
2598
242
5090
4424
1128
1668
4513
4871
5930
3346
5964
1944
1729
3960
207
320
6435
4836
2850
4106
6692
2567
6226
4231
3214
4902
7914
1014
3734
6733
4734
4030
1089
1314
2067
5079
4691
3223
3118
2633
7535
249
7224
4429
2320
2726
6154
5904
5218
2907
6811
2773
7870
7467
4355
1977
3457
3724
1195
7122
136
6796
6100
7665
5065
6497
5504
1607
1681
1629
6016
4004
3222
7232
7643
1882
5624
1320
1880
2752
7513
3299
6185
3475
7509
37
3060
5814
1696
4181
5951
26
4923
7553
4406
4856
5459
5042
2460
315
1974
5403
2892
3644
1778
3435
4267
4453
1932
2690
7469
438
1178
3775
6400
6630
5054
7608
1496
3361
7871
2179
7000
7920
6789
7089
2138
7479
6321
347
6171
5975
5399
1300
6726
1972
1049
5950
1627
3793
2081
56
4284
3158
3450
5877
1300
1332
7307
7656
6244
287
5106
795
5996
1914
505
1055
2930
1617
5944
4510
946
7935
7
5836
2658
432
4701
2940
4256
5761
5002
3727
6074
5956
3917
3335
154
6751
1427
3769
908
4499
4493
6497
7341
283
7020
16
2931
2859
252
3008
4563
4759
1178
456
2771
3605
5715
2666
3052
987
3995
1482
1051
2658
423
7738
7556
5005
4839
2416
6531
6690
6563
1369
3217
5750
1649
6214
6864
6568
7569
6212
4724
1347
3877
5707
5901
2695
5711
7884
6836
2434
2473
365
274
2071
7388
5137
4168
7392
989
3856
6910
6704
4810
3846
2956
1137
4893
6663
7550
7916
7178
6192
2055
3176
5627
2585
3014
6697
2406
742
3181
5529
5127
5693
4756
4229
6015
5906
3161
7742
5769
797
4017
2720
1301
5229
4240
7791
4291
470
817
7708
6333
7430
2114
424
2161
182
4783
2592
7850
1404
3722
7302
1162
1340
7828
2320
1254
4479
2923
4425
7422
4956
783
2262
3287
6226
1234
2516
2423
2488
4828
7260
2812
1995
5592
3816
730
4391
4863
271
3503
2577
1215
7020
6469
2673
2695
2909
1827
349
4530
6183
3024
5712
2125
5559
3557
4217
1479
3395
4430
3440
564
4367
5341
5571
2686
7052
4682
4783
2408
3547
6091
4010
1664
7599
4108
1565
2657
5584
3020
4591
2402
2619
7956
6205
2143
4838
3540
6437
1250
3170
7323
5186
1645
5146
4850
5234
742
952
7702
5970
4767
4839
5585
2891
897
6643
4212
3718
4054
2444
2995
2107
7984
5097
541
1639
4856
3976
5686
5404
4502
4692
1394
242
1914
6624
5841
6555
1350
2896
2834
660
2008
4184
6677
1272
2103
3291
3472
1007
4697
7477
941
1283
590
6420
1919
6675
7117
3969
7072
5792
3929
7101
4136
68
7888
2950
6348
6339
6480
7161
7888
6842
6086
6737
5674
692
2389
13
2293
476
799
1072
6030
2316
5170
7266
4495
3268
5650
4276
166
4022
4191
7617
1425
7037
3427
1776
7416
686
6778
2069
2214
6791
5854
4599
3238
7237
3022
1964
118
5777
667
6305
5034
2714
3471
4470
5728
4414
5434
3526
220
6369
3610
2052
4160
7521
3750
3200
6953
6688
3127
3337
680
4544
6228
2669
1947
4973
6808
1756
1128
5843
1730
3883
1813
6513
3993
4404
6279
4933
1402
3034
534
5415
4160
106
2761
4530
1678
5469
6259
5212
3323
7418
4777
1319
