3848
3951
6515
6457
2198
6752
1377
4119
5845
6855
1900
1220
1296
2973
799
46
5493
1303
5879
3670
1291
985
6316
5285
752
1941
4950
549
2221
506
2585
2149
3271
2689
1303
6807
4891
5435
4177
1683
4501
6119
498
4319
2796
896
1151
1278
3965
3018
3566
3684
4339
133
6307
988
5464
6290
3521
904
6323
6410
6139
6512
1158
1118
623
6159
1226
2377
283
4902
393
1946
5856
3667
912
3902
6023
6581
3247
6634
3108
3086
2471
6670
934
6891
6887
5196
5255
3352
1570
672
1999
2820
3480
2602
6999
3596
4727
286
852
4972
4935
6413
1939
3519
6655
2524
3123
2487
4015
4786
1747
4200
4347
728
2241
751
5024
265
396
2849
3614
792
975
398
2338
3624
1251
4900
279
1734
887
2687
3841
2547
223
6142
5525
5439
6870
6225
136
4679
1880
2870
3547
2551
4489
2195
2072
4898
3820
6086
4091
2494
5401
993
2800
1989
5647
4785
3189
1917
1273
5949
3795
5625
1927
2963
1191
729
4684
518
2047
6261
5448
1796
3211
5391
3769
2284
266
477
5611
4828
5678
5622
2161
5937
741
5540
1702
2792
1669
4551
4901
5113
3170
1275
993
3355
1735
6152
3874
5746
1336
2535
5109
1005
2287
6508
1982
2276
2923
5310
6700
3231
6569
60
546
466
5990
1762
3366
2981
5130
1024
3831
2351
4962
564
1424
3738
5707
5294
6667
105
542
3793
3900
4710
804
338
3587
6929
6087
1424
4213
3667
5618
868
6448
3473
2286
914
3777
6219
5603
2389
4676
1268
5431
472
263
6436
1862
553
324
2296
5926
1688
6321
6243
989
2597
2589
1182
3017
3840
6633
2068
3428
2570
2024
3233
2490
1273
1724
2928
4481
4144
1887
1706
6420
1364
1588
5332
2764
243
2152
2394
1267
5280
255
5656
6598
425
1831
2656
5582
6034
4731
6109
6331
826
6045
2638
5790
3314
1196
3822
5937
6326
3269
6280
1862
604
1241
2743
5249
1826
5899
5308
1170
3108
2084
473
4851
2706
3413
5962
1306
6584
3152
1227
1915
792
2372
2628
2678
2370
3035
3002
1496
1387
3577
2383
2721
1931
5419
1793
6113
5376
3866
2824
5935
1409
5403
5513
5040
1669
5700
2824
152
1313
572
1346
4025
4328
1704
1664
3573
1860
3174
3447
1305
3563
5047
6821
3584
4574
4110
2190
5592
1411
5168
1484
2454
4242
3159
2925
2225
1180
6631
3182
5613
1543
2515
2030
1775
5078
5325
6045
2456
829
377
2859
2648
1203
4180
2493
360
5472
5438
5561
4955
310
4481
4395
4026
4115
6285
4529
5363
1916
2458
1937
6109
1022
3929
6994
4523
6862
5256
87
5202
6409
6968
5200
4209
525
5580
115
1660
3182
5751
2064
5125
4500
6346
1578
5088
226
98
4833
1112
6114
6418
788
6467
3395
642
5859
3719
3588
4452
3387
6928
5643
958
2995
520
286
1105
1467
6713
3355
557
5509
1698
5779
6191
1843
2859
6192
1248
2840
3838
5304
6067
6363
2716
5906
5002
3685
4609
3661
6821
532
1686
4239
921
5568
6273
5283
1249
3674
2315
732
4428
4693
2358
3150
4971
6612
312
6708
1924
51
3640
5043
4679
5682
3772
6190
5269
4972
4517
5131
4584
5014
3224
2922
3556
1330
2169
1406
2488
5843
2182
172
2584
3539
3797
2857
770
1617
1707
6032
2882
3494
1706
5752
5301
6078
6270
6539
2783
3276
5213
5883
337
2589
6337
3824
5594
3295
107
4541
3841
2075
709
200
5092
4685
5795
3359
4184
4428
4391
5344
4854
4949
1977
1065
2982
1930
1167
3238
4419
4752
2342
6561
2627
78
4693
2716
5513
4593
6082
1954
3296
2548
4708
3475
2862
1101
1637
6782
6442
283
577
4409
1196
2851
1959
5892
5376
4914
2907
2683
6751
6613
221
1234
3826
724
6194
691
2931
389
76
4234
5978
4276
5089
1130
6192
1768
5501
545
2532
5433
4325
1334
6856
1150
6450
1515
4575
4291
3469
1389
6621
2695
1989
2800
6810
235
3210
1680
6005
3615
4533
6186
4050
3567
3806
1257
4415
1074
3785
6708
3953
6683
910
5292
3637
5432
3332
5388
2837
3368
3858
2249
6834
2218
1490
5433
4049
6440
1658
3312
563
3170
3351
6989
6012
2223
4984
1923
152
1559
2044
6907
6773
5563
1234
6095
4841
3950
115
4041
2441
3413
6022
1098
6258
2433
448
4463
1328
6214
4189
5774
5753
5059
6599
246
3861
1162
2082
212
2301
6106
218
650
1716
6047
834
5914
1382
3436
6082
5392
4948
5670
2196
645
2633
3225
3539
5896
709
2193
4736
2847
803
3695
5850
4187
5160
4227
3585
6145
5299
1816
4832
4669
851
3027
6485
5025
4402
2885
461
6571
1844
3192
5089
765
4963
1894
2239
6534
2763
6589
2063
6462
4517
3783
3347
6694
1274
902
1201
1806
2222
157
5232
5704
4718
6849
685
4289
3591
766
4745
3392
5813
5534
3208
5751
4500
3596
2977
623
575
4143
261
3856
6771
3034
2166
6309
510
1800
6469
1462
4577
501
2880
4567
5536
2975
5902
1950
826
2619
2912
5210
6209
3324
1495
4334
4496
3263
1116
989
4196
3290
1775
4824
3744
2738
3431
3243
4425
6116
3586
3541
3818
6531
5251
5878
4077
280
2142
1875
5111
784
2328
3437
943
3343
1855
1847
4587
4178
1131
4222
4454
650
5905
6811
2266
1877
3874
476
1926
4270
4692
5009
5948
1796
6380
3729
5858
1425
3479
6469
2362
689
3836
4676
784
2714
3543
566
608
6146
28
6293
514
3844
2486
2988
2075
1509
4044
4811
3409
2387
3206
5019
4810
836
5618
6484
2234
6628
5517
3615
5319
5449
5064
3509
1498
6369
1137
3062
2805
795
1243
4213
2547
4331
5867
2392
1313
1574
391
5662
5287
29
3149
1554
2570
991
4886
3580
3281
2511
5349
1110
4706
5973
336
6083
2753
3680
6722
51
988
1177
2194
84
4694
5355
1187
4123
1870
2686
5993
4496
27
4538
1749
3623
4998
1841
821
3443
2228
3637
2363
6309
1647
6193
2256
6226
3736
3492
6669
1122
1051
4727
1918
6877
2950
4840
5124
5176
319
2975
6517
5365
5514
326
3385
3345
5492
2325
5756
3190
3966
2123
5331
4265
737
6505
4085
2142
3371
896
3912
959
4468
3947
4292
611
6232
4631
4880
6228
3296
3342
5935
5393
5215
363
2526
3697
1230
4960
2461
4849
6116
4948
5400
6893
2838
4352
2377
4795
1071
5240
3524
6037
1636
3087
855
5380
422
1163
2939
2994
6333
2647
1243
640
742
39
2536
5390
137
2454
574
5361
4817
3740
775
4518
6944
6764
6586
3821
1903
6881
6800
1928
5439
80
1059
5187
1895
224
419
3358
922
6414
6813
4038
6260
909
5938
1170
5689
939
2002
2456
3778
95
3188
6039
61
6103
5627
2128
3943
2333
4630
4910
2929
6065
4468
6804
69
1402
1233
557
83
5422
1698
2647
5060
946
4609
1889
282
5363
5958
5907
6810
2538
2226
3997
223
2773
6536
1024
5932
5651
5675
4992
1718
5752
3550
5499
1740
2846
6516
1651
3627
1108
4325
1519
5578
4552
3849
4552
3687
4217
916
711
5101
4664
6230
3852
1635
4012
206
681
521
5252
842
1204
6777
6079
3141
3204
5688
2007
4678
6939
464
1612
4313
458
1507
21
3253
634
5774
1002
553
398
6624
5109
1507
6343
5125
758
3559
127
6179
4038
2664
5294
8
2827
4670
6187
6982
4586
3004
2666
5189
6170
5588
628
883
5757
114
4332
4018
3970
6258
1766
2966
5869
1175
5642
1025
6321
809
3686
3333
604
5465
329
3270
6008
4220
1940
1929
2033
778
19
6293
6322
4946
5537
1453
3530
2212
1322
5518
1492
378
785
6851
5333
5499
3770
2947
2175
4094
1778
4524
2274
5296
4130
6830
2313
2259
4683
4190
5682
4123
1531
4845
999
6621
5149
5893
2562
3542
503
3272
5822
5285
4341
4956
128
2686
3155
5983
5908
3556
4519
1739
812
2146
5485
5870
1699
4895
1380
5352
3840
548
6197
3378
4782
3330
6964
4304
1800
269
2664
3778
1122
6879
4204
6581
4571
346
3160
6392
1838
6902
3905
462
2079
2323
4252
2104
6266
5388
6667
1332
3328
552
4814
2766
6091
6942
651
6385
5633
4244
4776
5073
3597
2556
4908
4576
224
1876
4461
6068
4935
2832
3165
6202
6070
5574
2014
5817
90
3726
2404
2221
3996
5828
4202
6446
2546
5508
2388
3060
6487
2528
6339
4337
2427
2913
3080
4708
1821
4815
168
6781
5020
535
805
2194
5717
6752
5029
4717
775
978
323
1439
3970
2524
3604
3494
4798
4928
3428
670
3456
1125
287
3223
6559
6376
4027
6618
3349
6353
2418
3969
1505
3629
4942
5770
1145
197
5373
5088
3884
6538
468
1743
2574
6916
4144
282
5349
6622
5183
314
288
5831
6229
2276
6367
3815
4915
5176
5685
6979
5970
946
6570
4368
6860
5607
6965
4144
867
1174
4983
1620
1972
3184
290
5031
1683
2237
2481
2482
530
2469
625
649
5396
3103
1045
721
59
3018
1391
476
6737
901
5130
3859
556
2989
1805
6502
1123
4563
6498
5875
805
4223
3044
4273
4393
2941
6774
56
1527
3106
2857
4264
2485
5307
5582
2018
3702
3170
2289
5750
2550
5319
5830
1082
6160
1303
6342
2171
5608
3691
4953
5667
1852
5663
1567
2464
2901
5437
2090
1621
5228
3917
6211
911
3399
948
4469
5558
322
5695
3559
3470
5154
5698
3050
3577
6350
2497
3858
2802
1310
2457
1618
3073
1493
292
4456
1526
1099
3008
4535
6116
27
4211
2460
3995
1644
1429
392
2889
2650
1234
835
4031
3028
243
418
1628
1096
1527
2551
384
1475
5611
6575
2583
3989
5851
538
3296
1224
5227
4203
912
1865
4263
2518
4880
560
3068
2841
2896
1282
6233
1731
6318
1086
1381
5690
823
2828
5358
2993
689
5936
3779
3213
2187
2894
3479
4633
3049
4008
4931
6776
1039
2323
174
3063
6370
520
5331
2173
4822
4414
6528
3698
1727
4012
3182
485
4295
2748
4546
2890
1656
6883
4791
6784
3503
6685
4621
4049
542
4526
2946
5778
4645
6155
5699
5634
3236
6055
3704
5240
4574
5290
3897
373
6701
4027
137
3800
2263
1678
4949
1048
5698
216
3529
4676
6241
4247
6208
5694
6491
1047
6861
6823
452
4191
1067
5460
2210
4202
6277
3293
1302
1002
5235
798
3181
5918
2729
1967
1683
5420
5398
5510
3419
3922
6782
2109
2412
2566
6556
3221
4323
1462
5248
5017
1385
3498
1289
1360
1898
4773
3023
154
546
6538
6079
6947
6899
1274
6948
3982
6255
6524
1054
1737
4886
3166
3626
6302
4629
5816
358
2025
4427
720
111
4909
1905
671
1697
3186
38
5307
34
257
6124
3830
4179
6768
250
979
116
560
3999
5680
1979
651
6928
5687
4041
5956
3582
3063
145
2687
5799
5784
3254
591
1623
1804
216
6230
3635
2432
1146
6839
5193
3922
603
2711
6071
2148
2206
1818
4319
1534
6633
6978
1372
2154
5287
2907
6533
2185
330
4617
818
763
817
3451
4095
5052
6785
5169
604
3961
5531
4408
3334
3450
4578
2254
3862
90
3103
1960
1860
1593
1739
4082
5384
6939
6640
6742
6868
6760
6884
685
3201
1748
6787
5676
5261
4346
1240
2974
2766
5858
6024
4127
3622
2226
3940
3600
2986
1296
4769
6702
2329
2125
333
6093
4093
3844
3535
4595
3265
6058
131
567
6136
2824
6922
1999
1341
2060
6810
1473
2877
2478
15
2361
6213
78
4013
5618
5432
1810
425
3960
4817
6173
227
913
6906
1204
3594
6652
6679
4114
1588
4961
2946
2899
344
360
6620
53
1771
3710
540
3682
6179
610
1671
5218
1635
4254
2956
2390
6035
5609
6554
911
1842
4777
5113
5925
291
4030
2346
5139
1267
1537
2644
2592
2315
4347
5924
1377
1957
3066
3456
3865
2775
2182
1456
2202
5663
4298
4729
3221
1746
5454
280
1686
1326
2402
3647
3611
4456
4828
3095
379
2266
1794
2250
6651
4861
1203
2515
2475
5847
2528
2773
1384
1568
4977
2564
2547
399
5321
3260
1198
3588
5803
6925
4886
5578
3414
6551
1987
2763
140
6776
405
5295
1841
4703
6833
6987
1838
4444
761
6434
852
3790
1674
6235
2230
2568
639
2966
4096
3929
6098
5580
2068
454
5795
1562
3291
535
2633
2817
2184
5659
3397
5662
368
3952
4550
4449
2766
1139
6318
388
3211
696
2468
4042
1314
455
11
4769
3362
3203
5216
4045
1916
3656
6433
5043
2116
6128
5376
4471
2565
6642
4510
954
317
873
6221
1051
5168
868
2574
6296
3448
599
3577
5850
6977
3981
6203
3507
3011
951
5354
4525
6041
1558
1924
1920
3902
6801
2869
4375
1895
2027
6694
3247
5683
365
2027
1453
343
1851
581
3947
4639
4070
4438
6439
2975
6358
5044
5913
3679
3249
1508
5518
2293
6684
5848
1917
4676
6212
1187
3590
2482
4458
3536
6186
2591
689
787
4315
1113
2125
3487
6240
3501
3970
4855
5269
2567
6918
5704
4509
5995
4228
979
3605
325
4934
1529
575
4834
1070
5078
2255
5793
2529
6504
4646
3044
6920
1889
5896
3672
5293
5208
4836
6100
3206
5039
1864
6407
3001
6749
1518
290
421
2162
3398
2596
3360
6659
425
6668
1538
4644
4320
1929
2701
6570
2383
2182
6000
3867
1530
4097
3734
5236
6250
4586
1776
5442
2811
5457
5580
2733
3005
5320
6087
14
6686
944
6622
1042
4232
2287
4893
3846
5556
5686
395
1986
2450
6737
1842
1850
6068
3192
6702
2407
6758
2051
6906
2109
3204
3490
1697
2909
777
5689
1151
4659
2238
2219
5469
3434
6303
3286
5379
1275
702
1756
1629
4332
1299
2530
509
5789
1441
4504
465
4045
3269
6353
2072
3188
6749
613
3646
2130
6803
154
825
5316
4629
5322
416
2615
3739
5941
1015
4972
3604
5574
4497
3068
5764
4516
5675
4781
3846
871
2153
6123
1650
954
1359
298
5748
5840
1070
5854
5393
646
6561
6206
6302
2768
747
1981
4991
616
5198
464
3048
5122
3938
118
4164
283
1049
1937
4503
4071
6491
3555
5970
2945
5747
779
2963
3869
933
3007
2366
106
5674
1348
3245
4411
6306
6536
2543
692
1900
5073
4616
2850
1941
2198
6252
5987
4018
4235
1465
4941
692
4234
6896
6330
856
6852
359
673
1639
4288
1799
384
3833
522
1085
4709
369
3461
424
2948
4237
3155
1046
2323
748
120
18
4201
3132
4023
4518
4021
6175
2828
953
3618
1153
6473
1157
2296
2609
4684
2775
6678
457
1125
1324
5843
604
5206
1485
6821
1004
2443
1375
4928
2436
1008
801
2328
1992
3114
5899
5010
6456
4854
2695
308
3563
5693
4679
6989
4189
6329
6579
311
207
6649
2988
3857
5704
280
1458
5225
341
1764
2015
1063
2850
4731
2302
3212
157
2215
1467
5929
2507
106
4689
44
4761
5549
5818
3790
841
5482
3022
4232
3511
6185
2595
2643
6919
4967
4076
2846
4126
4187
5826
4682
4017
3539
6100
3794
797
6667
212
3214
4988
941
3048
1199
5056
4380
1474
2205
3064
874
1268
5971
645
4722
6307
6660
3863
3624
6079
879
3433
5876
5076
5510
2757
3685
5472
549
197
2994
3625
2037
4303
580
3138
2344
844
2567
6722
6863
6430
6295
4794
4910
5388
6703
105
6497
2155
2965
5174
1113
6322
2554
5576
4543
2882
2133
2125
6905
240
5687
829
2098
121
5537
595
1931
3577
529
960
6807
5063
2052
1899
1949
1993
2141
1025
3518
5687
6524
3997
5407
6102
4977
5636
688
4532
2656
1063
1570
3859
6695
3214
992
773
3969
3982
2324
1138
6535
5423
2459
4632
6453
3652
2242
2487
3232
6239
295
1903
5855
320
637
6321
6183
5962
3759
4048
4432
539
6893
6234
4029
5886
2756
2470
5497
2887
1040
3436
6732
4034
6925
2027
2166
2976
4051
67
3874
1447
6480
1472
3915
1444
6023
4015
3517
1440
2006
3904
5810
1372
5429
3008
2893
747
1986
642
1235
3003
3930
698
3453
4518
1922
318
762
2931
835
289
5402
4277
2516
29
3725
2709
2049
4907
6321
3672
82
1202
443
7
5654
3147
4933
3791
3782
197
605
2293
982
2393
4206
4712
2750
2684
1679
5490
2575
4348
5506
5052
5440
2073
4424
6837
472
6514
2279
2823
5878
2681
5229
751
1125
4508
2534
6511
3563
2849
1217
1793
9
5501
1362
1322
876
569
1008
448
2041
1865
3430
642
6056
2882
4039
2291
6327
5624
6658
6394
384
1641
2118
2473
5373
3770
5718
751
2527
5675
3373
4796
1005
3297
2997
6241
5930
225
2169
1482
5127
2588
6955
3249
5368
2867
760
6096
507
3960
6855
1587
3786
5038
3288
5815
6178
4063
2377
6731
3396
5488
580
5074
6640
6362
6188
4657
482
2416
5654
6283
3293
3824
5701
1527
2035
5304
3381
1562
5615
1519
1545
4263
2577
2245
1433
3944
296
2847
3691
103
1335
6675
6737
3781
3878
228
3291
366
6169
4627
5947
3471
4013
3978
3167
2574
3974
5270
5628
4597
3815
569
5901
6130
2609
2704
659
1565
4324
4376
6
4118
5859
2328
3922
3107
6321
6067
6733
3644
2434
3908
628
2899
6941
814
2798
723
3093
6775
5224
3908
4367
6785
1767
2279
2166
5237
604
6892
5833
6516
193
1366
6630
1963
1738
1544
2991
4610
847
3207
4851
6345
4189
5843
1176
5935
5485
1098
5764
2929
3484
2387
619
2460
4489
5500
4915
3127
814
3065
363
631
750
26
3930
6992
3844
903
172
2461
2452
6730
990
4621
1203
5401
3603
3882
3096
1367
135
4535
5198
1798
6112
3677
6234
4340
2821
6746
5639
5271
6911
1063
3393
101
2508
2900
4518
1716
1858
3642
2888
6811
4056
220
3328
563
2168
1795
4629
1214
6233
1069
5081
5594
3601
3673
2076
650
6880
1130
3794
5386
6568
70
2511
3116
1048
3593
5699
6212
3999
5467
4801
6596
3605
1306
841
5293
3989
1749
493
5003
1039
3207
633
2315
3659
164
4579
2420
520
2627
1970
3439
1546
4784
276
6732
6113
5573
5055
4194
2446
1828
2608
747
3009
4884
6650
2226
509
5013
3895
4866
333
4857
5754
6652
6912
3450
4380
6604
2880
6610
2293
6817
2465
6994
5627
1583
4076
4683
366
739
4867
4939
1548
3010
3375
2876
4663
2446
21
455
1764
5038
935
6504
6760
4281
382
1542
1731
431
646
2849
1646
5244
3970
5624
1136
5634
1406
3271
6924
6738
4147
882
1583
1886
6676
1248
2573
110
6184
6446
1899
3157
1017
5166
2975
4879
6161
6717
1643
1705
5460
5310
5609
4685
4016
6878
1760
1809
992
6525
3477
5427
6449
445
6645
3963
1092
227
4118
797
6778
6103
5357
4097
382
2913
2962
4201
1667
2146
3569
1990
6950
5252
321
1831
1079
4615
2399
5080
5601
4681
2797
5483
6585
4833
5747
5525
6987
441
823
6583
3231
725
3361
4407
6355
4876
3927
6291
1418
4194
1216
6498
3282
6103
2140
6927
3627
80
880
5595
484
4760
5776
5789
3471
3474
4012
3592
3324
2694
3917
5025
2900
278
2745
948
4876
3283
6217
4514
6961
5497
4140
2393
722
1700
4685
6600
6737
3173
3400
2853
580
4653
1442
4198
2816
3060
45
2584
2309
358
4722
3399
660
5308
3265
586
964
5106
589
1898
6324
3058
3643
2799
6924
3181
2920
2847
4804
241
3794
1812
3294
2555
6575
1017
6727
5626
2994
4601
2000
3054
1532
1779
1955
1019
5926
4918
6801
4094
1925
6765
6040
6834
3382
5799
4386
3015
329
6783
2049
473
1267
6018
6038
3808
4635
138
1904
3865
5230
254
1082
4888
3949
6267
6213
5024
580
2652
5709
6641
6718
3737
5216
2221
540
1511
1816
6215
2884
1268
2930
1880
4246
1045
1055
3856
5066
4894
3808
5885
205
245
1142
6506
1363
2995
4663
2007
1014
6464
5461
2049
4004
2738
296
1439
6158
2553
5140
3608
1589
579
3189
3923
1936
5711
3422
2485
5504
1720
5002
4737
2276
5432
6586
1175
2352
4630
4164
5660
5776
3294
1837
6097
5411
4355
1109
2467
2035
3411
1696
374
2928
2895
6205
4798
2220
5013
2216
3836
2473
6269
290
6154
4815
5932
2040
1443
4354
6776
6793
1474
5911
1705
5208
581
5311
1392
418
5285
917
5375
3329
637
593
3316
5743
3365
2447
1732
3318
5874
1097
848
4748
5403
4417
6486
3637
1075
779
4758
2200
1678
3191
1207
4619
2353
3028
2718
1299
555
880
842
5427
602
3060
4511
3845
6555
5564
6502
6935
794
1781
901
2885
594
1623
2144
4917
1017
1633
6947
6911
3155
1667
2818
946
322
6615
2120
4260
4247
2145
6912
1258
1111
6038
300
1173
3013
1488
3160
3150
6136
4255
4873
6472
2208
1324
103
5883
3947
4175
5940
6097
2270
6312
2712
257
1714
2570
1051
170
3237
3771
5381
33
5866
4873
3406
4899
1806
2527
3901
190
1832
708
1407
3209
3980
1220
743
812
4731
5656
6812
6051
6323
3681
2691
1140
783
2482
969
1999
3979
5851
3165
2085
470
4242
1497
1281
483
5628
1771
3388
4662
4817
6932
3469
2400
6077
404
4381
6231
3178
3575
4079
3910
6611
1096
694
4756
372
5689
1026
2539
6525
1004
1234
6615
1573
3745
5213
6848
4147
1613
3196
5702
2320
3931
759
5569
136
3129
3431
2074
5728
2122
5339
5322
3937
547
5085
6245
3730
317
68
5129
900
5990
4228
1321
5214
4323
5386
3321
1921
1886
5841
717
1446
1544
379
4978
764
2500
6657
4065
46
5368
3259
3627
2064
464
1051
6662
1954
737
2019
6891
2981
4575
6063
5144
3634
6531
4781
2481
4970
468
393
5190
1472
1968
6445
3984
6115
1376
1198
46
6615
3070
6137
1071
3331
6427
4444
4259
134
1561
6354
4515
3667
3626
910
4793
4179
1692
5777
2436
6617
3905
5926
172
4184
5367
290
4863
2273
6080
3169
5030
3777
655
1987
5336
751
4256
4262
1952
5003
2746
101
2885
2650
6429
574
2526
1294
5090
3938
80
3963
2955
1933
2013
244
1751
6453
3555
6307
2498
6983
966
2135
3727
4548
5427
728
1635
2051
6826
6054
1088
4089
5798
5143
6210
2851
6093
5408
6377
1716
4815
1347
4924
1834
5381
4686
3262
586
1455
2124
2904
6836
1361
4861
1475
5009
1227
1609
216
5280
5532
6994
6846
3537
5994
5094
2206
529
6209
2035
1614
2827
6878
3350
5057
2544
1742
3564
5712
2949
672
209
2823
5339
1715
1759
1862
6028
5861
1166
1394
4265
4962
730
5376
337
2789
6826
4125
3291
334
5037
893
1956
2128
5951
910
4684
3381
4601
4344
3227
3089
3030
3507
5026
696
577
6317
3283
1085
5500
5383
6354
3408
6988
3298
5677
6146
5744
499
3391
2472
6608
4073
722
1322
1059
6119
1546
223
3520
4690
1119
5007
3326
440
1939
4180
2967
259
4666
2646
1039
2713
5246
6754
5970
2081
4706
2702
3291
6804
5503
4675
4962
4326
626
320
2845
1032
1054
6191
5391
3459
3126
5422
6309
1522
507
3924
861
420
779
3749
3442
4053
5291
3156
1434
1105
5891
4157
6512
4452
4127
1388
1389
4625
2015
2125
1378
6452
6836
2617
48
5758
2290
993
2449
5981
1741
6266
6975
1653
724
6358
1121
4383
5139
3755
3271
6085
6604
5578
203
6087
1341
6918
2183
741
4620
5342
4077
5713
6175
1649
3129
5351
1545
6949
867
5205
3071
6708
5841
2289
5360
1548
3849
4780
4210
6114
444
385
2922
1298
3735
401
6331
2565
1474
5950
2768
391
4283
1970
4484
5003
2181
6363
902
2622
6329
2949
4611
3165
6319
877
5748
4588
4334
1854
2574
804
439
3041
5888
16
4176
3957
1878
1173
4876
6489
3908
1563
1703
5546
4415
420
4144
2142
2710
1679
1783
3931
6254
3153
2525
4876
2698
1994
995
6801
3393
5719
3819
3211
3994
2145
4547
2185
5194
1986
3208
1657
774
5303
862
3078
84
1590
1150
2386
1756
637
2192
33
604
596
1056
2027
2872
977
3893
6755
1977
1063
3484
3848
3828
5121
2851
6079
5835
4280
2914
5139
4505
2679
4484
4651
2767
6423
42
5142
2324
5716
2873
3605
5729
2563
5810
620
801
1094
6319
4743
3503
3886
6446
6702
1235
3676
3765
6021
3269
5708
6565
2322
1690
5670
6820
5379
5283
2554
5218
6643
5154
1919
1581
5905
5408
4440
2520
5022
458
6989
3486
5361
3890
4897
6709
2480
1698
5413
3285
6301
2683
952
2759
2962
1899
1649
5378
579
4149
1307
2185
4271
355
1219
993
1570
902
6521
6638
5402
5342
6465
4117
4700
2557
2813
1852
147
6421
5585
734
1228
1098
2746
6747
6720
5914
2083
3132
143
4305
4254
4555
2174
3625
1556
2640
6708
6159
969
2705
1303
4225
823
1361
526
4811
2389
3481
2930
4504
3651
5493
5070
1902
3421
2813
1984
4850
1082
3771
5499
6315
3703
3180
4698
6675
4701
5831
2251
4895
4180
243
1758
1655
1466
3382
6521
1081
5181
375
3217
6112
4208
325
3335
5506
2893
385
2804
4792
2047
1613
6779
4902
4715
1240
6625
1594
1883
6546
2627
5113
1246
2137
2677
2117
1776
3031
2026
1987
5801
2154
4757
6808
108
75
6707
2316
4998
5130
1642
3047
345
6734
2162
2495
6877
4827
3375
5132
3514
5092
5592
1203
4868
4776
6063
5654
1898
6256
4661
3148
2845
646
5858
2925
1426
5666
3037
3870
4965
310
5998
2779
6258
809
4134
810
2312
6017
1607
1980
549
3905
6662
1119
6128
2434
969
5206
863
6774
4270
6778
2261
1360
1370
2225
3679
878
459
4413
660
1648
6371
4616
2775
6131
3025
259
6098
1846
1557
5254
3433
3702
6704
3145
2256
3373
1814
6945
2257
4349
6697
2711
1150
2178
6787
4250
2647
317
4312
5413
5961
2700
1053
4467
6852
2087
5249
470
3023
1422
2654
4583
4729
367
5612
279
3654
6467
1507
2380
3117
2816
1514
928
1651
345
289
6420
6334
153
2135
1913
2375
3022
3137
4071
612
4762
2336
1446
6585
3294
4518
4145
3451
823
300
6468
4976
4314
5395
4514
2255
1771
1357
4217
152
2673
2863
6297
1591
4470
1662
1007
3082
1554
3522
5816
1972
6295
3315
6600
1045
2008
3055
2619
4904
5194
382
6603
4706
4572
4242
776
1626
3763
1806
157
1105
6150
4305
487
934
6033
6687
4969
6806
1676
6381
1938
1791
5475
6782
3904
6880
113
2183
1774
1647
2285
3516
4609
5430
4559
5885
3480
2547
3980
4744
713
1050
1252
3644
6929
5801
1597
351
404
5063
2665
381
2466
730
6682
2069
562
1469
2053
2290
2576
6954
3996
6787
5321
5681
3950
5359
6288
6301
2257
6913
4850
5191
3176
5923
6067
626
1759
4778
1739
6578
1875
3494
1179
593
6007
2052
433
80
2728
1674
6284
2806
5834
4055
3073
6520
3084
5189
5843
1837
1175
4067
3641
2645
3420
3635
586
6197
2882
2828
3100
4962
3383
437
5089
2304
2486
2519
2995
5717
5615
86
222
1871
4532
2684
1883
6278
3807
4034
2238
3263
4529
2147
1117
3182
6421
6639
257
5480
5211
6025
1937
450
4241
6285
49
1314
3508
6658
6162
4040
6420
3879
3218
3760
5517
5246
2820
2286
2538
2778
6771
78
6428
166
5705
2944
168
1491
2004
2117
4990
3133
2743
6720
3653
6075
1822
3828
2925
513
2
6501
1948
6979
6989
5509
266
3601
5744
639
64
2050
6592
5264
1579
526
1832
6350
4287
5612
839
5704
2486
1556
6818
3352
6600
522
3932
2441
452
1319
1961
1017
444
702
5194
2236
6918
8
6979
1522
1863
5645
3225
3990
2851
3176
3007
2332
1231
3565
2255
95
5024
1793
3877
2780
4604
6430
1143
206
957
994
2377
983
2846
6491
1862
4943
942
1449
776
2420
1842
5735
216
951
2263
4304
3697
3766
933
3714
5135
412
1847
18
4197
4433
1078
5628
2788
2447
1501
5964
6944
6754
6528
4518
3059
5563
3078
5790
1301
5466
2021
1221
6603
2549
6604
1938
4932
2817
5203
2344
2587
6267
5119
6761
4119
2820
5867
5423
2542
1183
3856
4690
6495
1896
6236
5324
3823
5683
17
4869
4644
1598
6932
2219
5565
2172
3238
1369
2458
831
607
1379
592
6410
702
4612
2677
6336
3421
5404
105
3547
6833
1641
4757
5
872
5600
6390
2156
3435
2304
6937
1062
787
2804
11
1922
3183
4019
6808
2966
3371
6582
1401
1794
6877
6781
1539
2193
3881
2350
4866
31
1389
5251
4829
2947
6934
2254
2274
4802
2113
4524
2978
3821
5702
428
5759
3361
2278
5011
2850
1841
533
6525
1922
1386
5210
1329
6127
3955
5916
3841
2172
4910
2479
3637
3498
1735
6468
5451
417
1345
3982
989
1593
1367
6705
6296
6431
486
309
5412
3668
1980
1008
1092
5855
4028
537
5908
3795
4138
1040
2034
347
6797
1212
5347
3313
54
4421
5507
4414
4388
575
4271
2988
3393
560
3467
6159
364
6344
5371
985
6987
2007
3936
4461
3933
6438
6458
3740
6586
1883
4372
203
6888
6527
2217
5998
771
5924
3648
813
975
2680
1574
1716
2389
5599
4513
4649
6640
2333
1325
1031
1155
4272
5173
5319
3057
6419
1887
6854
1744
4279
1764
5001
3466
5285
1802
2629
3570
6879
224
5667
6136
6340
1870
5752
1337
1626
903
2907
6302
2429
2692
6128
3158
5462
550
5129
5851
247
6295
988
4870
6426
4861
2848
4512
3937
3676
2097
2639
201
6295
5979
2177
544
715
3419
1263
5461
5696
4712
2185
6654
53
193
5778
1492
4871
2560
6512
444
1661
244
4986
639
6451
3364
1326
5440
6705
3743
406
1981
3208
2353
5038
6479
3793
3360
5725
1260
5561
5629
2574
5444
108
845
5114
3496
4765
3375
5347
1758
2471
5608
3815
6097
27
1378
143
6270
1439
1459
6572
4777
855
4058
4677
5422
6731
2900
5974
2491
4397
84
1481
362
4357
4186
5122
5781
4115
6962
3825
5986
1167
5845
1217
2678
3744
2069
6064
3214
1416
1777
6075
4160
4377
4584
336
1488
2999
3323
5751
5022
3336
203
5893
3245
5196
5074
5702
3655
3909
5197
926
3291
3603
2270
6861
2825
559
4369
1789
972
4346
6076
529
454
2729
3457
3499
6314
6719
5192
5002
2050
1407
4413
6591
4600
4044
3538
2050
842
976
6597
158
1519
3021
5481
3677
861
4827
2106
1257
4941
911
1666
233
5623
4572
5705
3492
3655
4624
5945
3933
3081
1814
4287
4818
6696
355
981
6915
2634
4375
6973
1596
6887
2034
152
1319
6048
5361
533
6337
6285
6332
5149
5839
6991
3501
226
4053
324
6166
3816
4570
5224
6527
5676
5804
1312
4172
5409
3707
1466
5975
6561
997
457
2839
424
5454
4909
6188
6525
3233
6119
6557
5498
4359
634
2896
5122
3266
3876
6877
1210
5423
1827
3256
6912
4559
1405
1586
5264
6336
3288
3499
1654
44
4665
958
5429
4782
6176
6952
3702
4588
3407
4022
6524
4581
2787
3042
4508
4353
748
4481
5883
5767
5663
2021
767
4175
6266
1266
527
4485
759
647
3223
5502
6754
3044
4163
6523
2893
6298
924
2847
27
5282
6705
366
5872
2638
165
1220
5495
5254
5270
1686
2574
6401
3478
3329
3188
585
5834
6910
5019
4632
6768
4319
1985
3740
2909
3921
2192
3725
1948
717
5116
751
2347
3053
5997
6289
3096
5287
5666
5192
688
1969
4614
1096
4416
3409
4031
649
2445
2535
5568
1546
3733
6523
4033
5716
5136
5644
6469
5317
6273
6060
209
5880
3223
1749
4780
3438
1441
2607
4649
2667
4270
5866
345
6215
4881
6795
3462
6399
6587
4621
3842
847
2035
4477
927
3111
520
4777
2640
6575
392
4541
2219
6280
25
4084
6786
3225
3948
5608
4039
3298
1937
4487
5581
3705
6301
6578
2173
2015
6057
4026
4422
3573
6805
873
3414
2280
273
2707
2501
6543
5579
6647
3217
5349
3508
2190
5091
4847
573
4302
5280
2019
1896
4403
5988
2979
6385
6787
5881
5405
6379
2140
5006
5424
6655
3789
2923
3125
1007
6086
6408
5095
1440
1692
4644
2881
4998
5333
1811
6427
4329
2836
3233
1240
6213
6410
3540
1383
1440
1881
2654
396
6333
4366
3247
6811
3397
3827
9
2768
4549
3206
1413
5229
3234
6249
2675
2025
4225
2710
3710
1802
5331
1679
4310
919
2086
632
5903
6108
1759
570
5319
6082
5098
3220
5941
842
1692
1567
469
1062
3944
6335
2480
5509
2478
3114
664
393
1290
1014
2064
6167
2504
2907
3242
1834
5029
5889
1067
2580
1888
1135
5609
1922
4600
5986
6076
4026
6207
1215
3626
4036
6108
5173
6693
6218
3806
2498
5847
3453
2788
3512
5366
6822
2538
1603
1066
3838
2750
2058
1274
6059
2193
4847
2271
2111
2225
3925
1593
1334
834
6493
4821
1924
4965
6325
952
4152
2873
1709
5269
2025
3045
6016
1226
1244
5695
364
3681
4655
711
2989
490
3725
2893
5468
3918
2543
3154
799
6590
6267
4290
5446
850
4555
5238
5073
3365
4340
6208
2353
1821
6873
4471
3602
4417
2252
6731
1785
3740
6129
4306
6536
6862
3791
3801
6443
5009
3436
3190
2254
8
5756
6362
6669
6588
4205
1836
2695
2608
3937
1952
4720
5108
1233
551
1922
4224
4507
1200
4183
3646
4560
4740
2262
5729
6333
2071
6815
1461
5971
1427
5101
700
4365
782
3727
6455
1102
4019
3554
2318
5164
2070
6351
2958
1141
4769
860
1521
3988
5188
2354
1644
2120
3873
427
281
1681
4357
6485
5869
5128
4595
2328
6380
4611
4323
71
2008
6161
975
4958
6761
3248
5725
489
2038
2104
6769
1893
3817
3211
578
6326
2369
5188
6053
1363
2625
6890
1791
4609
4750
4583
6011
5795
509
1241
531
2259
1371
3076
2828
3872
6358
1521
1034
6707
6545
5576
1146
87
6725
189
2527
2334
3730
66
3331
5602
2805
161
6087
6559
3171
3220
1799
4058
4868
2451
6676
2725
4907
6817
349
554
4945
580
736
4369
346
1007
6657
6808
6039
4366
4997
6902
4658
1309
1257
4509
5713
1188
3467
746
4585
6531
2706
2585
6891
4526
1754
3689
1972
6958
103
1466
4311
2484
6891
4207
1717
4058
5762
2947
2309
536
4794
3740
6782
5552
3049
2015
5465
4623
4118
5118
683
4152
6017
6101
5168
782
407
6789
5908
1349
2702
1114
3994
5670
607
4960
5367
2150
585
1381
5545
2561
1841
5146
82
5848
2759
211
4968
45
1533
281
5990
4822
5425
1969
5749
510
785
3723
3812
3915
2382
1208
4896
6013
1160
1664
4052
6109
2449
1544
1593
765
5887
4181
2056
6081
6057
3935
2844
6066
2794
2469
2774
2483
4331
3945
4752
6170
3379
2447
5859
917
5746
231
907
2605
5427
2541
4183
3108
296
6121
1879
255
4879
6696
6527
4712
4753
559
3408
986
1091
4798
5046
4905
5246
3897
6532
1526
4266
454
1442
1269
887
5564
6705
1163
4651
6345
6197
3399
3616
3077
2417
6099
877
480
4297
6599
5252
3997
2136
4178
1012
5594
1290
4054
6013
1853
6964
2087
5976
5524
1816
3928
1857
5249
2044
1722
6765
2136
6522
2153
326
3927
6706
662
4045
3505
5211
1690
5630
5238
5360
5022
3471
1467
2463
2924
4667
4001
4726
3729
2771
2805
2614
2386
388
6195
2850
5151
5508
4416
2344
5768
5989
4411
2717
3259
4308
4454
1904
3199
4507
1663
276
6625
298
5422
2593
3224
357
1962
1141
4791
191
3604
6755
6694
1092
615
4525
5653
2579
3419
1518
2607
4147
3869
4544
4862
1549
892
4764
49
735
3827
1945
3743
4112
3230
1131
1478
4775
3434
1732
2597
3710
5326
4689
2322
4020
1360
5523
2089
4409
6965
446
4449
2402
1497
1774
68
5532
6711
6476
2292
285
4686
4065
1133
5382
4072
2610
4618
836
3455
6529
6688
4974
4358
6324
1465
3353
6442
191
6638
5359
6356
3444
3804
4575
1364
4179
5929
4309
2274
1124
2315
898
2340
113
5454
6774
4095
865
6704
4210
5508
3591
5291
6186
3162
5897
2430
6855
97
3060
4928
979
6394
45
2314
5357
4712
3778
1344
6589
2546
47
1964
4930
3753
6829
5958
390
3945
4693
1780
755
2541
2178
1098
4615
1251
5324
4015
4290
4681
4584
2803
5856
5179
2701
3456
6218
6675
5921
6557
1703
5099
3682
3689
1072
4809
5953
2322
4121
3152
6833
6858
2332
2359
2734
6338
2775
5736
6632
4582
309
5279
4086
6965
3515
957
1375
1979
6696
4864
443
916
1479
2568
1560
79
6810
2233
1074
1965
4948
5552
442
3741
6520
4396
5382
1390
6912
395
5745
5800
5582
4214
2737
5599
6862
4913
4071
4797
4468
1019
5436
5906
474
2694
6054
1011
98
6252
1610
4924
3938
4975
3779
3923
3949
1578
6128
1403
6509
6777
1884
4305
1943
1441
2991
367
6975
2334
5418
5115
4282
352
2096
2459
3347
233
576
527
2781
1125
262
2098
3551
2374
145
2614
589
1668
2807
4916
2267
1669
3021
317
3717
6846
2275
2248
4249
6166
2780
873
2182
3187
1587
4465
3894
5084
408
4992
1399
1010
6058
3812
1295
1172
1623
4020
6309
5590
2559
6205
4125
6236
4007
2128
2819
5656
6961
1743
4129
5590
776
3490
6787
1297
2225
4219
3040
4124
1517
25
3451
3743
3699
1341
1375
6219
4426
1575
4153
5244
6700
5619
6439
6754
2943
1190
2455
228
1429
2063
1738
4538
1275
1460
3327
2477
5086
826
2315
1957
3761
656
5222
6662
2555
6049
4298
5320
510
484
3357
2050
6002
3410
5277
843
4032
4187
5355
780
3627
197
6016
4973
3552
3346
5612
4578
6582
1780
5469
6722
6664
5256
468
6244
1376
6365
6348
1495
4510
3927
2908
6580
4837
260
4220
3186
975
6002
3020
3022
1559
2964
1295
6532
4868
239
62
6486
3109
6853
5394
1360
5423
3749
6033
182
6884
3492
3313
5275
6230
3156
3843
1215
5970
423
4207
1379
2847
4153
4445
5908
2565
6832
2676
1050
802
6313
195
5436
5015
1271
940
2211
1466
5194
5369
4679
437
4314
670
3209
3339
2023
3974
998
6619
735
1554
100
405
1802
3796
1348
2697
3078
4194
6733
5879
5770
4693
1577
5880
1041
2465
4494
772
1405
6407
5323
3981
4500
598
3692
3505
932
4465
6756
5117
407
2186
5935
6100
963
5731
1393
5127
5169
6789
1278
4134
1727
2001
2687
6341
6892
2740
6422
1761
1768
5985
1694
4202
5982
3766
361
2315
5390
2431
3832
484
475
3737
4817
1593
5278
1399
6728
3299
3677
1881
5708
564
252
331
5492
4000
5270
354
3822
2927
328
3544
6548
2654
6098
6112
4108
6118
2875
5798
1955
5060
3600
1061
4597
4199
512
12
4883
6113
175
1819
5665
5740
2501
6767
2851
998
2059
3237
763
2863
4609
1411
2514
6751
3711
3218
4009
4349
2886
2768
4202
2186
6353
5770
5520
2427
1565
4086
751
5909
1955
2102
5250
3435
5030
377
1232
3963
230
867
153
4343
287
6861
4346
1440
4214
3855
5579
2484
1242
6906
4042
4160
3211
66
5766
5337
3025
5632
401
779
3971
6182
1570
6173
4427
1604
4839
564
3051
6647
5988
5307
3534
6001
1122
3068
101
6660
591
1073
6996
6887
6045
379
2145
6971
6202
4508
1360
4352
500
6032
2190
6816
5750
6197
5768
5893
3020
6963
6046
6726
3871
4670
1522
564
3045
6145
2255
3211
2104
4557
5880
6805
1865
3864
4807
4592
1785
1016
4462
4016
4268
1926
3221
6919
1490
1495
3225
2424
2851
3709
5629
6419
4647
165
5583
6098
1303
562
5737
1178
6523
5311
6059
6142
3353
3665
2666
1622
1871
6130
4607
1332
3685
1674
1238
3215
4378
1056
6129
5784
481
1175
833
1994
3487
4404
5009
6367
6428
2419
5174
6517
3276
5216
4319
1247
2761
5259
2437
4936
839
6550
6119
6930
6763
6896
365
3332
4273
1884
2558
1163
2000
4595
4912
303
4740
5861
1915
5558
1409
3383
1771
3974
1942
4519
4497
4052
677
3115
5412
2938
726
2887
6617
4708
4595
101
4340
5691
5219
5782
3186
3123
6542
3847
2549
4071
1402
2383
5395
5292
544
3284
331
5819
3526
4758
988
3008
5690
2651
2844
1432
4591
4170
6859
5551
3703
5675
1538
4895
2542
4307
1666
1789
6734
2821
3765
3029
293
5716
2675
3957
3575
13
362
5407
1472
2433
6918
4273
6250
1433
1465
2590
4192
1938
3103
631
6117
791
5024
3620
6580
838
3923
3316
5493
1651
2963
709
5632
2216
3088
2565
5793
6478
1973
5031
416
2997
4842
5089
4691
1583
6414
2025
259
1587
6186
5848
3096
6822
1332
4599
5682
5356
2911
5646
3821
1123
6851
4900
4063
6232
3415
1344
3314
459
2256
6309
5849
3630
363
5789
3016
2251
5359
4621
4212
5675
4712
4917
2100
1722
5738
4747
5355
1264
2059
5909
595
6299
3450
2476
392
3248
6370
6833
2502
456
4573
6751
295
3343
751
2992
3733
5888
2912
3044
5888
5283
5653
6116
6485
6689
6189
796
5732
1639
819
1582
2708
6909
4900
828
2173
467
1134
2269
6201
3313
930
3321
512
404
2632
6296
1814
1929
1758
3964
3107
1114
1477
2391
5552
2853
5985
3310
6561
5636
4490
2109
83
1423
1075
6541
2243
1213
3655
2640
4304
2610
3187
2357
366
5370
1355
5695
3048
1940
4557
2184
6145
6706
4460
2946
4727
6180
6570
3374
6901
4788
4862
4934
628
1484
6878
4276
3173
6547
5824
4550
1293
5239
2707
3025
3053
6805
3765
6386
1349
6564
1912
4948
