85
20
172
113
72
180
35
172
129
195
94
168
30
95
165
123
166
145
19
14
111
181
199
7
187
143
3
106
22
105
112
20
159
81
172
167
112
15
185
26
28
53
3
144
5
55
86
161
135
89
122
197
132
120
108
92
92
72
154
59
152
117
90
170
3
46
136
169
47
171
170
31
96
119
193
29
142
32
54
127
44
35
47
186
64
181
61
76
71
141
19
132
6
53
85
98
111
182
2
121
94
107
136
113
7
62
59
33
23
23
177
82
99
140
37
143
0
185
22
137
16
160
67
126
30
60
85
17
22
127
145
53
92
156
32
195
79
135
37
99
154
8
163
150
143
126
193
42
192
128
18
143
19
46
77
175
169
151
30
59
20
76
135
48
155
185
151
104
115
52
84
60
123
14
24
15
196
102
190
126
131
37
87
44
141
188
173
186
182
41
156
52
53
81
48
54
88
103
135
181
