529
646
404
207
465
548
558
194
140
674
38
579
63
634
500
359
438
74
681
572
590
21
472
169
668
254
288
92
180
15
288
36
255
591
678
30
541
80
513
694
510
131
533
476
456
686
501
678
490
676
345
62
316
526
58
260
548
294
664
608
629
576
251
374
107
296
305
347
99
354
43
481
124
650
283
156
247
140
7
348
343
385
249
15
326
589
430
399
597
397
320
541
523
165
576
273
506
6
518
502
26
128
165
579
218
451
259
271
336
57
77
218
73
481
583
633
671
648
100
608
693
500
541
584
285
102
76
378
600
360
295
523
362
637
267
623
372
317
517
350
464
480
604
123
329
640
585
62
148
218
639
632
74
619
185
491
600
440
583
81
25
660
562
279
340
10
221
1
606
193
413
643
186
613
507
688
548
237
29
424
524
320
468
625
50
577
18
331
247
281
396
93
605
596
142
412
91
324
594
290
480
11
699
587
227
49
67
248
357
85
257
530
83
168
138
79
575
448
614
512
502
472
648
482
332
657
439
271
687
520
459
482
81
231
427
495
386
59
108
488
699
80
264
116
30
268
506
61
222
494
227
303
470
390
159
65
66
339
537
20
65
445
631
144
515
677
178
617
412
67
94
411
326
414
294
205
512
320
592
212
279
608
201
518
682
373
288
270
570
141
540
656
461
120
279
696
525
180
670
67
15
301
380
334
581
190
380
407
70
482
347
136
674
14
298
563
675
36
348
252
398
521
564
385
102
172
575
195
74
153
429
319
26
174
455
544
698
33
688
225
683
256
8
360
243
175
91
580
327
183
699
472
604
61
454
232
4
293
70
49
63
48
30
235
430
193
242
698
79
575
168
103
203
17
583
236
570
393
609
515
597
11
360
289
58
186
201
438
168
175
405
37
692
125
317
593
533
242
130
672
350
584
195
609
491
598
647
157
170
74
539
570
647
87
664
307
682
147
53
145
529
354
300
456
618
400
143
267
627
601
595
505
85
500
337
563
74
9
577
678
589
299
89
191
369
351
502
656
37
286
446
31
563
299
610
477
111
536
614
235
175
339
92
309
173
38
646
29
169
448
169
576
553
35
11
692
519
423
292
333
651
9
556
214
55
485
404
133
447
122
496
151
345
483
578
93
186
231
174
607
579
515
467
87
188
172
33
299
635
228
455
225
116
29
359
624
100
589
362
251
664
618
584
554
222
670
557
581
296
447
130
517
40
600
410
338
72
496
155
499
10
337
498
26
552
290
4
479
587
510
511
20
281
47
602
223
105
174
321
632
107
698
396
647
109
281
154
26
434
320
534
239
206
682
539
360
479
387
10
289
559
588
204
475
490
79
326
676
591
517
589
102
262
359
86
97
590
569
309
118
62
424
300
653
234
572
519
544
456
34
272
12
48
447
101
689
382
520
564
468
491
246
409
217
635
412
523
467
697
573
629
446
460
212
327
572
455
238
98
473
537
673
688
378
499
139
365
186
471
603
84
234
545
302
631
370
681
451
451
673
132
263
502
556
684
631
698
412
556
280
607
504
528
173
186
334
115
433
201
81
303
680
527
676
406
160
517
56
483
252
66
175
471
269
233
257
10
542
541
561
