131
489
3872
880
1925
2550
2462
3874
3330
3252
3854
119
3430
2904
374
1485
2147
1768
3205
1765
2273
3243
2561
3563
2435
3488
2861
1524
152
1131
947
160
2907
1674
595
1918
2760
2437
1608
335
1690
2372
1139
2722
3718
2522
3335
95
334
159
208
2592
2339
1020
1504
2936
2554
3808
664
1047
1289
1775
2863
3206
2943
825
3778
3245
2045
3433
2136
3413
1333
2132
3537
3559
2301
3057
3434
2770
592
3880
304
428
1249
1891
415
3184
2397
2177
3733
1062
380
2473
248
480
1060
1244
1408
2528
2554
1315
1890
2935
2661
3655
3258
872
2817
2048
2965
2059
3293
1701
3448
2702
2546
1666
977
3798
2816
1576
2392
2211
1958
3486
2049
3601
3389
1973
1921
379
1842
697
1305
3098
2111
2019
1188
1386
2661
75
2714
14
3976
955
2366
3594
999
1983
3947
910
2358
569
3829
2099
3066
1969
2111
1438
2048
137
2201
3553
2362
2958
3795
1345
1879
554
2146
2450
1918
343
2477
382
3047
3950
438
1252
854
925
1440
2045
2549
1527
2881
3227
3436
2438
2053
1610
1600
1723
1916
2808
293
1126
3105
337
2017
577
712
1570
2175
3014
420
2879
1933
3873
1522
2913
2067
673
3461
2407
1135
392
2639
1949
1521
2081
264
3450
1136
1233
126
3811
3048
1638
3706
3181
1425
972
1066
2720
701
2942
2385
407
3309
698
3335
3651
2704
365
1198
2863
2458
1294
3634
511
3741
1895
3644
3409
2982
1773
2228
358
1270
2577
976
3514
1915
3086
1629
1326
747
387
3112
3047
381
219
2538
111
3940
2695
910
3930
3080
3182
32
2691
3586
2555
2036
3572
884
1076
816
1477
1379
907
2072
3195
115
2189
1364
2962
2973
311
3295
1845
1743
1801
3598
906
1312
2067
346
1227
2414
2380
3213
1231
1590
1889
3429
2503
368
906
1832
3300
964
888
1413
2389
3853
2699
3586
3790
1000
3488
2536
3589
1432
1607
2311
3062
2234
1427
934
1159
2976
1611
2603
1573
1741
1181
67
3309
2572
274
1327
231
3789
3965
2028
1132
2268
461
1789
1768
1727
3937
1559
2202
1965
1723
745
1849
2950
1485
2501
3249
2098
720
1551
3627
986
1684
386
2282
2717
1330
1273
305
3632
3709
577
1763
1462
2902
2616
3714
1431
3007
1729
2201
3616
2279
3432
1813
3958
1668
1996
2702
3384
3039
1966
3843
2961
1129
2229
515
887
3180
827
72
1283
828
2583
958
2221
1292
1447
1730
2627
732
186
3461
1286
3120
3800
1328
1729
2045
2511
1729
1862
860
955
2483
1863
2209
1168
3388
494
3685
1799
2960
250
2175
1699
866
342
657
2303
427
3767
766
278
291
1010
1658
2798
2348
280
2874
3009
3343
3120
203
3626
3326
3951
1182
2697
2328
470
1056
1715
1995
3143
1224
3769
3251
1861
2026
242
2560
296
361
200
1335
1242
1321
3996
1551
2705
1121
3063
2971
2249
1039
1775
327
2142
2214
466
444
2434
3203
1650
3294
673
2910
3980
3444
3343
1627
2678
3591
3945
3327
1061
2147
945
64
2648
924
2560
2358
997
426
1127
813
3806
724
582
540
3104
2539
2184
400
2487
269
2361
3106
113
842
2726
3943
702
419
3631
2054
3136
3182
459
3140
277
214
3192
2107
1630
512
444
2953
1932
2728
2558
3365
2726
2889
859
2540
3961
828
2469
2938
3228
3320
2174
1492
1214
2104
1997
1793
271
794
955
3801
2408
707
589
2454
2135
576
1022
1607
2731
2375
3544
2884
1785
1404
1134
2171
3273
239
2105
3497
1152
2083
3949
2564
3658
3338
1912
469
1635
3083
2294
1315
2883
3910
3924
3274
3140
3054
3391
203
881
2261
2536
1629
2797
2597
854
1761
3932
1226
3368
2803
3410
302
3110
764
2134
2268
2146
3588
2931
3334
3953
3397
1787
2050
1504
2843
1944
1551
1844
824
2929
725
3010
404
1461
1899
2760
641
2983
1842
1094
3292
134
3966
2301
384
2487
2836
2178
3028
945
175
3998
3365
1733
3133
69
3310
1096
2727
3345
2931
2847
1037
2139
2542
70
175
470
1696
1148
1161
1096
2953
1583
3926
1477
2515
991
2869
3817
2441
850
393
1362
3109
564
1434
3256
1894
2856
2553
1130
3136
3503
3616
1767
2285
2899
888
2325
1506
1265
2516
3425
3581
354
1915
2900
2298
964
227
1037
1957
2505
2009
1473
2089
2076
221
3405
359
2187
1193
2355
2211
3317
498
2936
664
594
2056
1721
459
2329
1144
5
3389
1618
592
124
665
153
226
1666
3982
1963
2818
3519
2743
2801
3082
534
2454
934
2492
3136
3135
3206
2471
1349
1968
3125
1315
3894
1502
2537
3959
3529
3915
628
1082
18
756
978
1590
2107
3687
1516
2248
3552
2610
455
1124
3497
3029
172
86
1285
2041
1397
1411
255
891
3152
2734
608
1569
3827
918
609
2221
3196
1373
554
1295
1092
739
3116
3316
0
3057
3928
285
2450
3729
2170
3723
2803
1530
85
3605
1717
2218
1340
3804
313
2605
2346
694
2700
3802
2175
1862
2974
3612
792
173
673
3661
586
826
3994
3966
3290
3037
1831
2580
1468
1017
909
589
3878
1911
2940
192
3632
3511
2497
1219
650
994
3145
2469
154
1147
3821
3675
400
403
510
3768
3752
1628
1166
1334
2780
3541
2105
3249
3939
1572
1710
114
2570
131
1118
3306
1101
2385
767
3156
1715
3912
413
893
195
3343
382
2111
2086
1093
2224
2633
634
3742
978
3514
2064
3339
1020
1004
3588
529
1579
398
3255
1436
1325
2730
650
2157
1253
2853
3672
1102
3964
1828
688
2886
580
1228
3438
3399
106
354
3733
3333
1880
849
3148
1
420
2761
1330
484
2520
3749
1919
3783
3582
37
3128
783
2344
3738
2542
630
2682
800
2068
2468
85
741
3676
189
3456
2216
1069
947
2005
2941
3746
188
3397
1836
2274
1087
3433
2425
3447
2280
294
2175
45
2683
2620
2294
2922
581
1483
3316
1924
718
1986
975
995
3626
2054
2271
2772
270
572
130
2919
896
3987
2970
2631
2504
3601
3505
3475
1315
216
412
957
758
3252
3101
286
3519
2788
2563
3123
646
1506
3213
697
947
1553
3915
3617
1210
2082
3685
271
2001
2403
2261
2805
1122
485
2639
71
3323
1128
3649
891
1539
1509
1397
2623
1159
2327
1875
1014
2803
3911
419
2032
732
115
2577
965
569
59
1353
814
2642
2695
1858
2465
3249
1752
1911
2791
3669
3498
400
2459
1062
2594
3199
2497
739
2874
135
1888
3894
998
2999
1949
2793
1090
1267
3734
1521
3098
1171
3288
1608
3125
3781
2494
1658
191
590
743
1814
1202
206
3409
228
2720
3778
2328
3349
2656
2434
1349
949
3954
810
3669
2429
1297
2838
3943
3013
3412
2983
609
2967
2016
2498
1408
3040
1102
1752
730
3647
3124
1600
755
1823
1107
3327
2455
2082
1341
842
2522
467
1024
2211
522
1245
628
991
3981
570
2621
1384
605
1123
2684
3710
3228
1735
920
728
2518
951
1573
1960
690
1149
847
2877
532
1805
3301
66
402
3348
3908
2659
1201
2573
2911
2800
2939
787
2152
154
3807
2288
3838
3515
1702
2131
2674
3314
2541
2240
3576
1228
1796
2786
2471
2462
1474
1436
204
2414
1346
1757
2962
3281
2270
3921
2566
1295
774
3348
426
3875
605
3137
1880
1918
2225
1449
3856
1803
2485
1919
2528
3982
380
3889
2384
934
2964
3729
295
1169
1053
1873
3837
1935
1509
2860
285
2846
3649
1665
54
2788
2857
1307
3040
3532
3985
620
2054
423
1024
1528
595
1364
399
3757
3165
282
1055
1105
73
3857
2391
2580
3161
2721
1209
516
1913
963
3584
2335
1474
2627
3929
3650
808
2151
634
3072
2183
3305
2435
1295
293
3840
1168
3581
3811
285
3672
3456
2885
3217
3013
2634
124
2924
3728
2971
941
3840
2936
1936
704
3908
2239
3162
1094
2644
2242
554
775
214
2834
3784
3880
1464
2355
674
2422
980
1969
2337
273
2421
2810
2712
632
3572
637
630
557
2779
1756
635
612
426
2064
966
1389
1304
122
2509
924
2097
225
1254
3345
382
2061
674
1417
515
2783
90
1
705
1867
161
2082
2844
595
2200
3661
1654
2113
65
2883
2522
1856
2252
3410
3157
1304
1901
3928
639
2532
3246
3029
1432
1938
1984
3441
461
342
1933
711
1241
1547
1705
1517
3336
3879
2631
321
439
3290
2152
81
1303
1091
3630
2343
561
3407
3182
303
2563
975
100
3655
1448
2932
1472
258
2518
1418
159
216
2721
78
373
3470
2877
1998
2725
2717
2945
411
435
3010
2822
1005
3856
162
174
2324
2005
1847
3714
950
1995
3355
2196
1482
1479
2927
3971
2799
3539
3113
125
3273
2375
2009
1311
1594
3543
2710
1207
3833
3622
2985
3083
562
1144
2005
146
3258
485
3298
1888
1900
2409
3877
3071
677
1720
3917
888
2329
2479
3213
721
3152
2342
3873
3313
736
353
2303
1151
1959
1894
2235
2185
1830
904
2870
512
2805
2914
1060
3551
3175
608
3417
1421
475
151
720
3832
1787
85
3416
2434
1589
723
2651
3288
3860
199
2731
188
2586
2133
2027
2948
2364
550
3480
2395
1562
2321
3987
966
2041
917
2412
2529
639
1673
3179
2152
2987
2634
862
1682
1518
3092
3803
2999
2250
76
3632
1042
261
2617
815
3489
874
3539
1295
2057
3900
1012
3105
2135
1336
556
1008
2497
262
1904
1619
2539
1595
306
3891
1574
3375
76
724
819
1430
3189
3170
3621
1821
630
2808
163
2722
854
1168
1517
144
1489
2466
2806
1270
2952
1019
3856
1187
2802
316
1574
641
3665
2155
642
523
3423
603
3119
1259
2886
1203
3352
3700
3183
1981
3407
3065
1234
1485
970
2857
2284
3884
1768
3112
3983
3808
82
2251
1235
1785
1020
687
298
1243
1226
3574
3889
2723
3984
351
899
2936
977
609
1608
2032
3465
292
138
1852
2598
2716
2760
1489
3377
2786
1795
1459
1771
369
1749
287
3922
986
2018
2582
3331
2021
295
2562
2361
1316
3503
3366
1043
1845
1957
486
2196
1685
1827
2959
3812
604
3304
1829
788
696
2633
1544
1375
201
1118
3330
2155
2358
3517
3024
1551
3019
1124
2218
3183
208
3631
2224
3970
167
1738
3922
2069
1985
3809
1052
1544
2109
3315
2141
2422
3710
3172
3283
3474
1960
1201
501
204
695
1471
3357
1587
3708
3885
1455
3221
1269
3720
2762
1762
2536
2940
1705
399
2876
2055
1878
3862
3316
2090
3213
3130
1480
2394
1417
2312
3553
1459
653
2969
2193
3211
145
532
333
2052
614
80
3753
2171
1864
2935
3758
3742
2719
3014
186
2939
1234
498
1108
3411
1609
1540
3402
1613
1597
645
297
263
894
3797
1560
199
1792
2516
1841
2383
1187
2403
3582
3951
830
741
3308
981
2600
3168
494
3231
994
1536
3121
1617
2596
3514
2839
162
1250
781
3539
913
507
324
544
949
2879
473
1693
977
26
3923
1673
3974
768
3312
215
1891
215
3166
1454
2936
3036
3716
2208
3592
787
3421
3173
3709
3022
1412
3795
1269
3161
2763
3548
2170
3296
1029
3684
3471
1694
1188
30
3110
1251
2268
546
1550
1696
903
685
778
402
3362
2900
1085
3017
3540
646
449
981
3342
3390
2455
2156
3534
514
761
1785
3166
795
108
3620
3961
2865
2609
1818
3502
2018
2649
665
28
1918
760
1306
1758
1218
2579
2812
1504
3375
884
1289
3471
2311
220
1607
1456
1828
3800
1917
2470
3701
108
3871
3415
3605
3627
2393
3464
1545
2377
1172
1636
1366
3848
967
444
2109
1966
861
2696
1877
536
223
2859
1571
327
2911
1877
1911
3961
1888
99
3494
2803
2308
3233
800
2234
1364
1871
2286
2113
262
161
1098
3420
1102
1184
954
307
3203
334
458
594
3724
2343
837
1533
1959
2306
3888
2817
2518
1687
2883
1126
1895
2619
1221
800
3871
391
3139
3397
66
1495
876
2681
545
2446
460
2500
3520
1334
3299
2789
3107
3749
513
1185
1524
795
2113
1460
3540
3560
1951
3271
924
1163
87
994
1998
3380
2684
2009
3869
3339
3473
2658
2357
3978
3495
935
2569
3397
820
1623
664
1258
684
1943
2394
3363
2143
981
2796
889
879
2845
2678
2898
492
2692
1526
1083
877
3266
2891
3616
3277
2045
3935
2232
1568
3808
1841
798
2961
2698
959
3194
3321
3107
141
3583
1726
297
3252
3021
1094
1993
3786
2582
2774
490
1289
2526
1291
3427
2911
1627
2484
1036
2898
2364
1226
2065
1165
6
2285
1347
2124
186
2653
2377
1120
3794
3826
1941
2687
1834
1624
433
1419
571
1674
951
157
642
2538
1728
3502
3488
2586
2068
930
2139
1402
3968
1617
3169
3294
70
851
3756
1035
1038
2920
2945
2446
3898
257
1011
2234
1240
590
1796
1564
2288
3909
2732
1276
2877
3692
2066
1330
2681
3043
55
2563
976
3185
1906
2135
1559
681
2710
2392
1685
280
303
2472
2367
3150
3755
1407
2402
1479
1110
1216
889
1269
798
2423
3359
2700
1334
498
1502
3145
2325
3161
1606
448
30
2187
3129
225
1818
3158
2563
165
3681
1843
3367
1051
376
60
3028
617
21
1002
2518
2305
2174
1999
1961
3107
1327
1037
2249
2793
1241
2353
260
1843
1032
3216
2257
1614
3357
796
90
3363
2811
2338
3637
1402
893
324
2257
458
740
2574
2475
3390
1422
1047
2111
2629
3873
2198
2492
2837
1224
3902
2736
3165
1332
504
3
1958
3428
3099
2464
70
3007
2571
974
3073
1630
779
1757
3739
1735
2624
667
3006
1588
1859
550
2437
2225
3426
1500
2499
1668
949
590
83
648
2040
1651
2077
3474
3786
2040
225
1044
2304
1846
227
479
870
3292
243
483
531
1291
2583
2258
1960
2529
88
1699
2854
1548
2854
3123
2537
288
3465
581
388
3236
1061
458
2522
2791
3016
2012
854
3280
244
740
3880
339
3044
187
1501
1887
60
1326
1817
3220
1233
794
2420
1490
3986
1559
3374
1228
2546
2578
3664
124
1299
18
3233
1840
433
1691
3169
3554
2440
2097
1222
1477
2210
1236
3600
891
3649
970
2315
1411
3110
2747
1249
1904
795
86
281
2773
2563
3984
1904
3101
3676
2028
1906
3479
2798
2614
469
686
2355
298
2451
2070
483
1330
2626
3618
218
3692
3121
1427
936
1321
833
3211
3990
3698
2461
1568
1744
2406
2776
299
1587
1502
2914
3264
2004
1873
1734
793
618
2899
1891
1483
505
1048
3461
1689
2108
1399
1407
615
206
3145
808
1255
1973
1009
591
2223
3244
3349
572
2988
2188
491
836
240
1206
3087
2344
1894
3487
1136
523
3174
1208
2443
1038
2884
1497
2062
1354
2947
1290
3007
2794
1959
2862
1589
3010
520
204
2404
1935
2947
1755
1078
909
1130
681
2709
271
3227
1032
1381
3998
1038
3766
3310
2129
3847
1927
23
1766
2188
2417
1326
1754
2641
2804
420
1674
1391
2692
1525
1479
3603
1812
3973
624
3122
609
838
718
122
3224
2966
2161
3556
805
1541
514
1574
1593
3157
933
933
1431
3418
718
3559
2427
3713
2044
2822
2823
3148
246
1217
3244
891
2785
2380
3793
1671
1371
1928
963
2183
343
3374
3417
214
2037
580
2627
1100
1981
2994
271
936
3960
718
1239
3599
1900
1619
2122
2062
882
2064
117
540
181
3517
1070
3515
3624
3849
189
2877
1925
1167
1448
290
2686
1318
1209
1279
386
2583
2478
2267
2254
3850
156
916
1740
2361
2241
3807
1421
966
2085
748
1471
3720
1004
1735
299
2176
2107
1690
3501
1867
36
3472
1617
272
3183
2004
1511
377
2119
3832
3522
1758
1983
723
1298
1756
735
3426
1308
2981
495
3022
467
786
1214
1262
2870
499
1199
2851
1190
3526
3201
417
3201
2950
58
2414
1024
3323
2447
1859
2729
3087
3666
2031
210
897
2553
3803
3219
2578
487
2888
2150
2045
1753
2741
2718
2948
1711
892
3073
1605
1812
1596
3556
555
12
1137
33
2497
1274
1759
3895
1153
2507
3342
1983
3851
2466
1999
1574
433
1857
3485
3372
2255
2353
1887
2935
3960
3214
3978
789
3083
817
2563
1612
2501
955
1345
640
240
2075
2577
2624
2552
253
499
13
1566
3920
3874
1097
1702
1329
3185
3831
3435
2073
2129
1461
3891
3456
2927
307
93
3340
3034
207
2006
698
1090
3726
2986
3464
572
1240
3480
2332
1058
177
703
821
1655
2416
2164
876
1992
2910
2966
230
110
3244
1848
1017
848
3153
445
3800
166
1119
1187
2589
2520
705
2197
146
805
1843
1476
2972
1567
2654
2480
1157
3795
2767
2305
1573
3494
1010
818
1611
1179
784
1805
3469
114
3522
3217
2602
1738
369
2639
2744
3431
3852
1461
3440
1743
1029
3233
3922
174
2568
568
149
2233
1977
2447
1967
303
3465
1381
30
796
885
500
3345
2999
2075
860
3382
491
3577
3936
608
3699
3300
1100
788
1406
3010
531
1648
275
324
56
1817
78
1668
3586
576
1511
1303
787
3217
1812
3310
3569
87
3909
2799
3907
2287
1421
171
2840
2887
1696
1212
480
2963
3704
2621
3774
140
2546
2758
2645
1253
1749
3618
2688
3244
2002
814
478
1592
2023
241
2058
1333
1374
3379
2441
2410
3635
2715
2140
451
3698
3433
3125
1088
2303
3916
3526
2777
3535
576
3028
1900
3411
2760
2155
3333
3413
3397
1676
1192
58
464
2209
2526
3176
1690
626
602
2593
29
1679
967
2702
1149
3053
2288
2935
1345
2478
619
2766
2377
3257
835
1291
1931
3528
1376
2130
2893
224
949
2961
3649
3644
934
1349
1208
3650
148
2781
2724
2711
967
2454
3439
1102
3159
2885
1937
3419
2710
3347
3186
3718
2461
642
61
763
2962
590
3452
1023
1651
335
1238
1757
1634
3963
1730
670
2060
2056
1702
2262
2711
3247
529
475
2920
3724
3249
3505
1391
2722
881
801
1039
699
3667
3624
3726
429
294
3083
3605
537
612
264
132
3021
171
168
3990
1736
246
1713
1068
349
183
2392
3576
2417
2067
2900
1032
3999
3353
1517
205
635
2369
1362
3176
2356
3934
2762
2352
146
95
3619
1090
894
2215
2375
2117
353
3079
684
2840
3717
1269
138
1627
1783
652
2887
1431
2126
3679
462
3915
2694
283
863
3028
805
2968
2432
2359
3359
1819
1456
1774
2644
1451
444
1838
1846
782
2187
1169
2697
1280
1332
3620
1219
2800
3759
1679
52
2390
3273
860
1375
3924
369
486
2501
1481
1807
1120
419
972
84
3518
882
299
941
1540
3436
2111
3793
1674
2958
3852
2362
3016
185
722
1712
3172
435
3155
641
533
970
3042
2029
3698
3801
2788
1885
412
803
1830
2483
3429
155
3482
1085
2236
1222
271
2659
375
2649
2475
1280
187
2652
1288
462
1322
176
2153
2010
649
1516
3256
1078
1549
3939
1565
1421
2914
1090
1948
2513
216
1877
940
3760
170
2409
3312
2917
1004
3596
915
2027
3728
3857
965
1037
405
2607
1324
888
3981
617
1033
786
2698
3176
73
483
548
2053
2788
3633
3689
3843
1877
235
1281
2424
1559
3035
3389
2445
3928
2654
3612
3419
1404
2288
3129
853
3793
3136
789
1444
1418
1923
1660
2029
1243
676
2071
2671
1424
313
1549
521
1770
177
54
2904
1623
969
286
3550
2701
2173
3891
2878
1507
3004
2731
2500
2923
1813
3604
2978
2448
2574
601
3156
680
3603
1582
421
118
1707
441
1579
3935
3846
221
1165
2502
2450
228
2149
230
3277
1352
2080
2476
21
2270
1089
15
3931
3487
2054
1965
2006
53
2339
3523
1652
2494
842
1320
2251
2400
1421
1927
2286
2793
3002
3447
1531
1282
1764
3768
1809
3376
322
3116
1471
2694
2801
2704
1783
170
3189
3478
769
1698
3997
1761
908
315
2211
3707
3487
406
371
2742
878
2896
515
3677
1576
2956
1185
3222
813
1630
2827
3768
3677
87
1942
2467
2284
968
1746
63
1425
2677
613
1812
606
888
1364
3779
2313
3087
161
1441
2409
1795
1133
2574
1789
3126
3550
1909
390
3432
3260
2722
1300
3941
950
2586
3358
1934
1570
2364
1995
2883
3297
1267
3438
1099
1216
596
591
3231
3419
1147
1987
217
732
1596
189
2516
2433
1960
1182
2944
1820
2687
1960
1892
3411
2060
113
240
2920
2881
3091
735
243
1295
1568
197
2732
2434
594
1691
517
2840
2881
2852
3827
92
1901
90
845
803
3803
3578
76
3490
1277
1833
2195
778
1578
2689
393
1762
813
3229
2337
2239
793
669
3643
3521
281
1205
899
45
2309
3320
1398
1539
817
349
3941
2523
1408
1291
1491
3905
3223
615
2840
2186
3468
3350
3496
1586
3228
465
2062
1556
1819
2181
913
3045
3815
99
3641
365
2294
811
491
2851
2349
3887
783
292
562
2599
1171
2287
1113
594
3688
1216
3163
1891
746
3431
1669
815
382
484
2285
3185
3955
1186
1087
824
3435
2285
1621
3631
2963
2001
3429
806
3310
3216
3028
1154
3408
928
3688
62
3878
1567
476
1275
1587
1907
1964
1260
1748
2594
720
3031
3941
3883
3206
2504
2749
800
3464
3032
3924
833
3132
2549
2374
3317
426
1615
1871
871
2888
1983
1717
2043
273
3699
3365
2316
3189
602
726
1987
650
3593
1514
3574
736
679
3411
3962
2706
892
3762
998
2199
1072
1818
679
3352
2083
3700
3737
2237
745
2107
1289
1377
351
1191
2660
2596
335
39
2458
3710
2011
7
2197
3440
2570
1777
3568
791
3884
3632
3094
2938
3852
1840
2969
67
1009
2722
2475
1290
3920
2683
284
237
114
2139
3056
412
254
3883
1820
1488
1539
2591
2397
1596
259
2972
854
1819
3295
1491
3396
2025
3867
1227
1727
1998
3726
2685
3951
565
265
3833
3240
3835
2689
3398
3428
3522
3611
3014
1788
3909
3955
3639
1474
1990
2568
950
222
3107
1671
3455
2371
1927
2483
2287
2894
2109
3214
330
2586
1120
1095
3096
3202
1837
1600
2059
2004
1018
3482
156
3022
1984
95
2835
3641
2195
1548
100
702
402
1337
534
329
2874
2247
1248
2937
85
133
1645
2176
2032
2718
830
3453
202
1730
846
3860
1928
207
2129
1031
1349
2429
1973
2675
1991
3555
1259
2826
3565
1417
2463
488
1316
3883
3810
628
377
1574
3017
2997
2408
3298
2382
3982
2867
2748
1844
152
1167
2991
3593
1338
2520
3614
1220
775
837
353
557
309
662
586
2076
949
1418
3667
761
660
3181
2597
163
1101
2350
903
1772
232
1710
2242
3457
339
1428
3501
2920
2108
1342
3705
2754
2024
370
91
2799
1971
3603
2449
1713
1732
1039
1235
2985
3724
757
3192
542
3708
452
3618
2108
2432
1182
263
2424
2971
3419
1052
2386
2624
2746
2976
2579
1834
3186
899
3670
345
2055
3601
1603
1898
505
3423
54
3377
86
849
2015
1973
2959
2853
2690
3561
2151
3232
2366
1699
1800
498
1675
2394
2000
3752
1020
1473
3241
591
1892
3226
311
64
3670
2553
1162
2540
100
3606
3923
325
1929
3854
403
2246
3906
1783
1838
320
86
1630
991
514
759
703
2437
1861
673
