16
26
138
450
249
1
317
330
292
57
421
69
250
490
136
291
299
394
454
310
337
452
387
270
281
258
98
92
120
210
231
216
183
364
433
318
343
99
163
213
272
299
102
153
453
322
309
302
330
227
488
238
82
30
465
361
472
395
276
361
352
187
399
448
166
401
411
318
480
319
307
124
174
112
463
363
348
478
396
83
123
157
115
372
480
334
467
390
262
318
225
397
471
387
319
395
275
373
473
354
149
327
232
460
182
257
392
418
144
279
342
289
404
223
447
47
128
243
348
13
216
243
404
264
404
21
75
374
192
252
361
103
485
163
35
340
444
206
249
102
407
167
98
41
299
175
225
333
289
246
114
211
311
349
400
481
188
430
173
180
254
153
409
163
120
249
52
441
15
427
115
435
304
148
325
215
365
475
171
217
56
41
87
140
393
21
16
118
378
136
83
250
297
213
375
239
231
71
334
174
249
499
229
49
384
454
311
278
314
40
99
215
155
466
203
187
91
367
373
18
390
493
353
239
306
124
245
3
257
152
54
76
184
180
202
112
185
491
472
311
10
122
380
150
477
356
292
113
121
359
32
433
225
204
448
180
387
154
470
264
490
444
311
154
54
128
128
384
359
269
15
69
77
293
390
132
387
64
259
41
374
344
354
143
46
270
256
261
328
255
134
392
371
336
242
129
345
160
218
153
313
411
92
416
127
112
321
16
160
153
107
183
372
291
305
128
162
365
369
125
391
246
138
297
263
103
195
97
458
51
265
247
35
353
117
26
284
100
186
362
357
471
270
213
290
256
263
24
28
51
362
148
399
180
172
393
87
37
430
325
349
403
151
446
38
468
452
16
291
393
263
470
160
234
85
476
443
119
459
447
356
396
144
495
292
153
14
494
170
315
34
473
338
278
38
266
225
419
382
385
326
351
150
428
60
247
252
251
369
8
477
230
227
206
211
334
365
312
347
26
69
299
12
262
221
349
188
419
176
170
362
370
315
258
322
256
50
429
158
392
338
82
453
339
176
491
470
36
176
243
311
375
51
327
327
340
46
444
119
425
468
486
269
446
188
9
263
46
477
276
0
23
323
210
248
359
380
66
326
297
39
488
138
51
252
223
381
266
432
82
390
492
149
357
63
467
15
357
165
290
