224
309
362
265
145
23
30
171
541
147
8
232
408
228
14
546
361
408
552
362
129
294
333
575
593
165
39
117
317
15
132
105
48
76
561
99
309
403
365
476
111
555
200
63
358
384
582
148
143
402
68
527
350
503
590
304
314
232
258
355
406
448
325
143
304
257
399
588
135
569
437
509
566
530
316
253
63
328
237
151
454
411
593
253
75
148
514
18
291
348
307
299
4
119
493
487
547
8
479
560
572
502
242
154
229
356
262
376
543
335
397
214
74
520
474
200
349
225
588
122
86
4
229
49
532
351
281
390
486
36
342
595
95
101
407
110
233
500
356
138
195
169
386
413
329
325
163
485
151
386
369
3
377
5
492
497
441
188
549
151
238
90
430
185
333
418
529
205
407
32
82
57
471
282
385
505
382
493
504
262
461
516
29
434
502
491
572
455
39
35
253
39
325
294
69
39
497
121
483
221
513
298
34
528
286
119
262
246
180
533
333
416
316
242
339
346
554
306
97
143
395
566
308
154
216
508
22
31
87
175
387
551
540
550
545
554
348
482
460
215
273
329
230
119
215
537
16
312
257
558
120
45
177
267
31
523
19
95
421
190
44
567
490
233
340
138
180
317
285
50
425
345
103
429
144
32
274
523
216
400
543
26
532
518
308
94
313
118
154
44
462
560
67
141
55
495
365
400
14
108
318
520
462
111
444
21
453
221
226
54
406
301
448
516
464
36
312
281
183
424
440
135
525
58
553
334
524
436
19
157
482
106
115
346
10
358
170
380
115
587
371
245
175
587
16
246
50
276
241
26
37
189
555
52
166
230
569
509
270
77
538
485
167
61
38
595
287
561
542
176
45
495
423
141
255
295
427
436
237
130
516
436
302
232
214
15
478
209
512
54
240
581
46
308
54
576
454
551
394
413
148
155
23
163
205
272
417
501
572
204
534
491
213
588
343
181
268
531
375
312
265
125
288
553
90
389
364
287
148
403
550
277
352
201
301
317
190
508
354
544
313
216
63
569
319
332
532
361
322
285
295
325
320
543
479
413
588
334
478
358
222
410
328
510
102
464
476
487
448
101
118
156
284
125
374
521
366
554
361
512
573
529
377
198
553
351
44
132
334
345
214
312
40
352
36
556
290
394
62
582
574
213
152
119
275
583
430
344
510
410
529
373
63
539
410
133
474
313
577
562
29
90
162
131
52
529
381
282
575
428
329
159
437
290
389
562
464
42
554
272
316
478
264
325
13
47
196
456
164
425
195
564
445
215
213
282
145
18
136
492
363
362
344
149
304
175
113
388
72
257
49
271
236
460
524
315
67
536
300
594
197
484
165
542
419
482
251
529
480
246
297
359
328
472
279
451
124
417
15
350
