1141
1141
2728
1427
1638
2271
2823
105
1484
26
1820
1961
2553
2895
458
805
740
359
420
69
7
1003
912
1500
203
38
2940
1747
1570
2511
1057
1536
257
2155
200
1394
1992
895
1645
1107
2232
2563
255
1672
208
809
2784
709
891
397
520
1001
1465
2831
1456
1049
2144
1587
2605
2081
1712
1794
1092
2460
1048
2081
2428
2820
2520
2679
612
221
2980
1565
1146
764
641
1342
269
590
2311
1477
224
403
2123
2709
252
761
1616
843
1608
2212
266
1040
2400
1683
694
2812
1439
1622
1289
572
2585
2963
180
2164
1634
2728
321
2839
941
811
868
1827
906
2822
1745
826
352
1134
54
1178
1034
74
2092
54
376
1768
592
2630
1773
491
2688
1954
1721
337
60
2484
386
881
1563
1906
2788
1609
1927
483
242
1022
2062
2801
1919
533
2662
2820
486
1094
1899
2680
650
24
2120
773
611
1759
713
1132
702
2306
1408
2937
39
1257
1868
2355
157
2724
1474
1801
2827
2007
2919
359
1655
66
2539
301
1136
1388
1715
2185
2313
2975
2820
2643
508
1854
1063
2094
693
1947
1901
687
2948
1782
1624
701
2990
1504
1259
593
2609
366
1471
1799
1554
632
972
2042
2869
193
1104
621
1304
385
1247
1326
2861
1285
2079
2413
2482
144
1870
1218
1118
1843
2834
2381
1098
1841
1293
2767
2257
2702
803
958
1069
1669
10
597
1864
263
2149
1113
2109
1209
277
1216
1865
2623
2316
405
1344
1373
1279
1662
1792
2733
1327
919
1628
242
68
999
1862
2219
783
2503
13
2483
1234
691
110
2053
2351
2713
2674
2468
1458
1375
1372
201
2259
2089
2805
2270
1364
2879
2038
1423
2283
1925
1169
2312
2492
389
61
1393
95
2647
1452
1399
1145
40
2298
2428
1234
832
2812
2214
810
517
483
1213
1952
222
172
694
1241
706
237
2925
833
182
1037
127
1482
1077
2785
1909
2046
2561
1351
308
1562
1480
816
2002
1753
651
287
123
193
728
273
2537
1431
607
2448
1818
250
2249
2800
747
446
2956
2556
2627
1680
1915
1006
1218
1369
1730
1314
344
953
1536
2661
58
345
989
1399
1070
2308
1235
1834
1600
1299
2480
2486
414
28
353
1963
2046
270
2515
2282
943
1484
2211
241
2772
1443
2654
2609
293
234
938
501
2680
1253
2971
2128
685
2022
1297
1283
2671
2401
1103
275
1278
129
2055
699
1649
2964
1064
403
2984
784
697
1045
232
1401
2376
351
2728
89
587
658
2944
794
2392
2126
2642
2275
1824
2024
1792
524
381
1593
2277
1863
2669
52
2352
2253
1279
1139
490
1778
530
734
2881
2711
2236
1322
1005
2354
1648
546
255
1012
1769
2861
122
551
563
500
1897
2961
1281
1917
1760
1433
816
2352
2271
2797
211
22
1809
2142
2144
1689
2891
1345
575
1533
2903
90
771
2369
1632
1919
73
2257
824
1150
2430
683
214
748
613
747
883
291
1261
1750
59
543
2608
2176
2793
158
736
1530
1626
130
661
1187
1972
308
1122
1330
720
1774
1813
1189
2386
2620
1892
2217
33
168
1445
311
1538
2338
614
855
2807
1048
27
1012
1357
2439
2302
1876
2499
1222
849
2338
2974
2923
2287
2353
2465
2597
1320
1535
762
414
2363
187
2352
1474
6
269
2200
2904
41
2689
831
2332
2880
448
1866
1430
2487
2683
1273
1115
2632
2988
1578
1941
2103
363
2041
2370
1383
1961
197
1390
1478
541
1406
1574
1851
2033
491
67
2064
2816
1960
2294
2274
2126
884
1742
45
867
1160
1579
1085
1078
1908
1990
1199
1427
1140
575
1270
1680
2327
2026
145
546
672
1991
2881
622
2301
1445
657
182
2701
667
2974
2107
1047
1611
990
1338
2421
35
1149
2140
1927
2904
2322
2349
228
2617
1968
2649
2164
1765
1832
438
280
1443
1916
2362
2171
2684
1502
746
2858
2583
1319
2323
2246
2201
2124
537
699
1502
2715
666
2392
2496
2163
2294
2575
1395
2353
854
455
1947
511
1973
1732
1275
2119
2943
1641
771
245
965
1139
1325
2858
1682
990
1140
909
230
1326
625
2196
796
1100
891
24
745
600
2938
926
2332
1389
1249
2954
2356
784
990
38
147
1314
2334
784
973
2989
994
1530
164
1835
2256
2179
500
194
96
2083
646
2420
988
2491
2795
2403
1306
827
1807
2506
2273
2981
1015
2926
1510
1790
1704
731
74
1277
2910
2691
705
1380
397
121
2842
2492
1456
1948
2686
1861
2564
303
975
2442
1935
1085
2494
1363
2
826
897
652
1921
396
1887
1099
43
544
1337
2703
2394
2233
1408
2115
1929
1652
1525
1674
221
319
2976
797
1305
1967
2896
2408
10
665
1667
1634
2635
720
1764
579
2998
1421
2519
352
768
485
665
2082
648
2332
528
380
2332
1159
2908
1891
1207
743
1562
1144
2731
1602
2859
2913
2375
1019
1981
2854
725
1649
2237
2422
1371
1054
1976
2346
1259
2654
773
1905
2321
31
240
747
2297
527
1173
2674
2267
1401
1327
1161
2420
754
1893
1640
978
1656
1031
1760
1403
1401
2155
1393
163
2129
2462
1100
1824
2118
2025
2626
107
814
554
955
974
2392
2796
2522
1716
480
1476
901
810
1131
1440
1163
240
506
2822
903
1411
2140
919
1761
2026
2868
2534
363
507
1722
641
2544
2762
237
739
632
2533
1854
2987
361
647
696
460
1168
1543
1747
266
1741
2444
2559
2670
1732
311
1958
622
1712
165
714
1092
834
2264
1318
2169
1215
1017
1257
1806
2095
92
2972
2679
210
2111
2261
725
237
1344
1116
1942
2850
2395
2507
1850
2198
2101
882
2693
1107
1255
2000
2580
2190
2978
2742
622
1259
740
1413
2841
204
1045
1448
2509
528
1889
1404
2401
1049
2273
99
448
2318
2288
528
831
1334
1663
501
862
350
861
2145
273
1898
2847
2973
1466
632
504
725
2469
2426
2573
2124
472
721
479
1520
948
1159
1574
2204
892
1189
919
1260
1785
2539
378
2523
479
2038
466
2905
312
2115
1121
1097
2523
2002
1288
262
697
365
448
397
1692
88
2440
933
2676
2331
19
2179
862
11
2741
2674
1851
1583
2338
416
2027
2133
1339
1580
2117
2260
2054
516
2476
1829
1536
1474
231
611
2714
558
805
329
2014
2807
2738
2906
12
1011
2139
2444
2493
255
2922
1566
363
1040
1991
1032
1547
1383
2771
1970
1496
2362
641
1661
2461
1688
2004
1765
1135
1045
1159
1920
389
443
1317
2032
852
1625
334
68
1163
1733
2826
77
1752
2486
981
2580
342
1877
1919
2081
2868
2473
2647
2838
1346
2521
3
81
2586
2860
2926
2985
1489
2372
2383
2728
1041
2577
650
1551
2804
1178
1790
1159
2007
2079
2562
2787
1977
1946
276
1692
2670
371
256
2596
44
1059
297
2163
33
424
679
1560
1983
1415
533
887
1982
1559
2757
2441
1212
1234
547
1449
395
1879
819
211
1311
1170
2176
319
66
2286
330
931
582
1009
554
1862
1855
1077
1749
1945
586
1718
2467
2032
2670
87
1707
726
1462
2303
2421
751
1263
49
603
2918
2908
2802
2908
551
900
2484
759
735
93
1143
2569
415
591
710
1660
2040
175
1943
884
552
2838
2460
334
1722
2902
1223
1407
724
1609
211
2542
818
2685
1909
751
424
2360
2737
1949
1764
372
897
2587
1714
207
2872
1328
825
601
2709
2973
2042
1491
2851
1171
2561
2521
1725
2830
1549
1795
2583
600
1985
1638
1936
2603
1133
1553
419
567
2694
2815
196
2628
1241
953
2127
2685
232
1261
2669
1073
2123
727
1608
1007
584
1954
1726
2805
461
770
1650
1397
2593
121
1445
2253
1818
1325
596
841
2306
2651
1619
2255
243
1810
1351
1791
697
2126
2601
765
2719
719
855
269
2513
2573
1756
2409
616
138
208
2802
2485
213
266
2032
1741
2910
2057
536
1698
2235
2018
593
1922
582
1580
595
1864
1656
1135
301
2809
1031
1083
1985
185
2271
293
2174
1180
2080
100
81
2168
1323
2298
2138
2063
1314
2222
302
507
1235
774
2414
226
1513
385
1179
2617
400
2027
813
2293
2979
1562
863
1764
1155
2805
232
1626
773
1580
1288
288
2489
1370
1412
1255
523
503
1289
2817
2360
2626
785
1480
2207
380
845
1505
2713
2823
2288
1328
1390
326
947
2327
1870
230
1322
681
320
1946
2610
1624
379
276
909
518
2502
1679
548
2057
2438
2018
2959
2784
772
1911
900
2658
2112
2849
1898
2718
2110
283
2225
1300
2251
1238
321
818
2164
2627
475
2459
155
2998
2503
2659
1728
947
1515
2421
1504
1371
1932
2373
620
758
2356
1641
560
2460
1041
2002
142
2015
1686
2145
1126
1968
1520
700
2773
538
343
1999
2120
212
2343
2623
2739
1815
938
931
2018
1343
1315
2579
730
727
858
1850
2221
2917
2023
1968
1889
2516
381
1536
1932
33
428
2521
358
2365
826
1927
2611
2976
704
777
1588
319
1469
885
2440
844
1049
2384
1388
1772
808
1138
908
1935
761
2325
2204
2160
953
2086
1936
171
2377
1293
2853
1582
1329
1831
2282
2312
1567
1499
6
2607
2464
969
2807
1678
1482
2877
2268
26
324
1395
1640
2206
882
1965
252
485
1104
2920
1687
1516
1187
2637
796
810
1775
419
225
1655
2120
2921
2527
2322
392
1273
1499
879
417
544
648
2173
848
1250
254
2190
1783
2347
1051
2151
814
24
788
343
805
2372
2201
1149
1151
191
2338
610
758
1288
1154
1413
448
139
654
397
403
157
314
2313
834
780
473
579
2796
164
1134
244
1445
2036
1180
193
2299
1343
1790
1026
1199
1663
36
2523
1886
1451
2098
1148
2836
521
839
2163
1580
1911
471
2658
1733
795
1917
2794
1252
1603
1177
2918
962
2167
1338
941
1011
1266
32
1719
803
2991
2536
1248
748
2991
2829
1091
2200
2401
2759
750
1951
403
1011
403
1054
2517
2983
926
1012
2245
2040
1754
82
2084
1162
2663
575
1400
1211
2806
2581
1147
2076
541
1411
2360
2901
749
2664
1533
2124
1472
849
2140
2594
1505
895
1100
66
532
1296
2317
2191
2860
1368
585
2361
2563
1996
1133
219
2892
1002
1847
2260
1700
1192
281
383
1071
1192
203
202
1487
301
191
504
632
30
734
251
1982
2515
472
242
568
2840
2809
650
510
1997
1966
2036
1189
1063
2439
1715
1979
471
1543
8
1725
2445
302
276
1815
2185
1608
2609
891
1109
645
1933
2738
522
2977
2404
2937
2710
2007
2913
651
1015
239
2761
492
655
319
133
933
651
805
2690
1411
1954
650
1102
522
1150
505
336
2216
1938
31
2316
1996
2097
1021
1171
1612
222
745
1067
1862
2822
2203
1560
782
2262
2531
1446
1471
2273
1559
1114
2773
2386
1530
612
782
171
1457
811
2873
1000
1783
2309
2958
1667
2952
1801
2317
2141
1818
348
331
1901
2303
636
1455
880
2839
1260
507
1341
2939
460
1286
2355
1284
1563
2734
2970
1946
1060
691
1867
2304
716
1078
2749
405
1852
760
285
2086
2542
751
585
2502
1528
2291
1265
1279
2304
431
1138
1842
547
2043
497
115
783
1223
1016
80
977
1761
1512
1664
2939
2919
971
832
2454
2936
604
2080
1648
2757
1406
2597
2145
1758
2053
2832
208
1694
2685
155
2237
216
334
1787
2771
1043
2344
720
1756
449
1681
2482
2040
990
2096
622
2468
1787
701
342
2227
737
263
503
1412
1475
1969
1572
2583
1933
2738
2223
485
1417
1287
1352
2787
2064
408
1862
1274
933
2404
2674
2895
1957
945
2043
2314
2139
716
2659
1677
1072
345
2713
595
2183
1312
1112
2370
2679
1836
2245
1654
2737
705
1822
1700
449
2049
85
168
2
35
59
707
2370
426
1466
1268
1469
1325
1739
121
853
2864
2022
2715
38
1550
944
20
1600
136
911
838
2038
1983
297
2673
163
2042
2018
624
788
2548
1587
1032
816
2574
2544
214
948
1020
2306
2284
2572
1063
1243
520
1428
1415
185
1122
2036
106
681
2487
1802
1061
2317
798
1929
1213
1752
1399
1343
659
1717
691
292
1594
1200
1196
2310
1510
404
2865
1402
115
2428
1190
524
2215
1277
1102
656
2669
2952
2294
2762
2823
1094
440
7
2895
2923
728
918
1194
181
655
953
961
2614
961
2533
582
2829
2725
849
1455
2724
777
580
2778
578
1655
1759
662
2199
1087
1977
705
488
2762
1593
2683
209
2521
326
598
1087
2768
1075
1121
2984
2843
1166
1903
2881
2387
1727
2417
743
852
2030
613
2530
1014
701
2104
387
1679
2221
1207
1103
1209
1980
1334
1075
261
2003
1084
2511
1387
1102
1003
1495
37
1061
471
1540
943
424
1963
730
653
1511
2810
442
2370
318
488
2984
671
560
1726
831
2040
875
2140
248
2503
969
270
433
1372
1255
2086
26
2090
2149
1754
850
1222
2134
2113
609
1430
2866
111
615
1772
2823
642
2777
1870
2743
2881
164
1652
1298
2864
2537
773
211
2306
2401
1365
465
1916
938
159
2580
2538
544
2523
2823
304
55
2189
2181
119
2827
2826
2051
1850
1595
815
1413
1164
1490
248
2693
1807
1221
233
1599
2291
651
413
2632
586
886
1232
2780
364
1464
1043
1830
2324
1800
2852
506
566
716
2047
1311
2659
585
1342
1832
2139
1493
1928
97
5
894
1057
751
1534
1195
1637
2152
2323
2672
1642
106
661
2527
793
1927
57
681
1296
150
24
1861
664
509
1426
1751
2030
1554
2498
2610
2089
2577
1686
280
1975
680
2997
2125
963
414
565
2100
2911
2306
576
593
1690
2431
338
662
1518
2717
890
521
2424
2883
2122
1530
2493
2080
2893
1179
54
2842
973
1704
1472
2205
2989
1421
418
1381
1017
2775
2708
2271
1753
2411
2544
577
972
1970
1368
58
942
2030
1676
372
8
198
2677
758
49
1877
1835
6
382
1513
1920
436
2395
2144
847
2329
1390
420
2540
1438
156
287
2578
1321
914
2266
2723
683
2586
1775
2103
2229
272
502
2420
1064
2408
2844
2605
1587
2679
632
2539
1615
1978
16
2781
911
1166
2024
1501
995
1485
1314
721
92
1561
1625
1923
2314
1665
2599
1549
1512
1702
71
364
1025
1232
2165
592
2596
2578
1713
1117
147
2214
690
1553
354
2454
743
234
1146
48
2841
2611
1333
205
556
1587
964
1903
740
627
2115
453
2324
1778
726
540
618
559
1566
1939
1895
89
1228
2563
514
2382
2062
305
2036
2934
1903
170
1382
2612
464
2650
942
2873
2100
1680
825
876
82
1202
2474
2442
1011
2840
1433
894
380
623
2334
197
1357
1029
2981
1296
2351
2388
1340
2055
805
2294
2486
1767
1633
2235
388
1120
2144
81
818
413
2343
1264
2253
320
1860
2888
140
2577
626
2890
2396
1683
2812
1625
1157
1916
2162
2667
2546
2335
817
199
334
1656
2589
1133
2361
2867
1186
868
2675
665
1864
1172
2375
1120
1669
2177
1952
333
2460
1592
1090
481
643
2193
727
701
2922
2081
1962
4
1039
2043
992
2772
1231
2643
498
1615
1207
87
887
4
1144
2330
623
2934
2553
566
482
1326
2990
2428
646
1289
2583
1067
2848
2432
907
2644
1970
248
411
566
58
1574
2635
58
2187
25
1107
349
2036
2171
780
589
2063
1949
501
346
2333
1854
2821
587
2324
2880
2939
322
258
2208
1810
1069
379
1856
824
2418
2006
2810
982
2342
2663
2139
2825
1690
1749
2777
2494
274
651
1059
253
1579
1036
1820
468
801
2599
115
2285
1402
2731
1202
2930
995
507
368
820
2420
2226
1237
2562
1506
850
2290
151
2706
2206
1531
1412
1701
2808
1946
29
1380
917
2793
2344
1433
300
1420
2839
863
1845
1112
1039
24
1878
1268
1209
1937
2649
1899
2677
2027
2601
1562
2447
665
643
2612
2154
849
2426
2200
1336
1073
1426
2379
2444
2576
222
1576
1646
1430
30
617
2277
840
1584
520
1468
2012
2582
1326
1851
1141
32
1159
2070
2956
568
528
2986
1899
1204
1311
2571
2999
689
942
2308
50
1586
2427
1094
57
2056
2094
2145
1377
2219
2847
1000
201
31
244
1526
124
906
1461
2111
2397
865
532
2042
2551
2827
1812
2698
2832
2405
1805
1556
946
2212
896
987
1886
2505
1829
2806
1989
126
2063
2451
2236
2271
2433
2900
323
228
2152
184
946
2666
1052
1773
2448
2002
779
2833
154
145
524
472
2669
1814
1821
1440
272
2555
898
672
2280
2259
379
2607
2609
1209
800
2713
710
2769
979
419
2910
2408
1498
1752
2923
1341
1344
1148
1696
2587
1335
869
1630
1447
197
2146
2467
1764
2528
1244
1696
1126
2990
705
2581
2651
429
639
835
2101
1716
1269
2205
5
1924
2245
2476
1218
2055
2270
1374
2966
2027
1702
1090
2409
1131
1165
2843
983
331
1045
351
780
1717
845
2402
2696
2909
1348
2644
2086
2549
1818
1939
1158
870
1618
1238
2458
1300
1468
648
934
876
728
1357
1472
2677
2621
892
1431
1696
1055
985
1393
269
398
