2769
3199
3398
3311
3935
795
337
3208
3205
3065
1458
3895
1196
3279
1503
3137
3885
2850
3168
2975
2051
1076
1015
853
1595
1195
3449
877
1320
58
2938
3887
2035
174
359
736
3919
2551
1037
3989
3978
3985
3255
2866
1632
814
2036
2755
394
3298
3863
2517
20
3498
2968
3730
3019
2969
312
3416
2933
2593
3298
1813
987
602
2924
1697
3905
3859
2205
3256
3863
1490
2824
1683
2312
1545
2775
2465
2031
1367
2755
1127
777
2104
319
1937
709
939
1941
3252
3960
1726
3080
2530
174
3063
3385
1000
923
993
2372
3207
3759
3665
3114
685
295
2229
3210
784
1888
3416
2537
871
2823
692
3153
69
684
3156
1973
2995
3637
3333
3378
3656
2319
1081
2992
1383
1599
3895
2920
2422
54
322
1
1110
2531
2404
2387
1988
1186
2007
3180
2155
370
2641
2608
3779
804
3017
2843
3210
656
3946
3586
1693
3650
3539
1496
1332
849
584
172
3767
80
2648
3408
225
254
3180
276
176
2008
2089
3409
517
3502
2946
2594
2494
1938
3262
44
2477
172
3969
3134
2133
203
3545
2483
2721
3191
1384
2900
1569
226
1064
1339
897
3357
2400
371
1640
614
898
667
1834
1630
1566
1609
74
1049
614
2795
1968
2991
3839
1224
67
2191
769
357
1443
1331
427
1668
3845
3567
3942
2055
3756
3011
1428
3922
416
208
1877
911
1998
1607
118
1290
2748
3197
86
2237
1543
1435
3414
1606
2779
2737
221
3475
3534
907
3429
3936
1817
155
2054
2328
20
3318
1948
1047
1069
635
1495
1008
997
557
2015
1066
2631
34
1922
741
1766
2581
2652
2299
3314
2230
2274
1025
2262
2976
267
2764
3665
2603
2587
1265
1519
504
3212
3589
323
1418
2908
739
771
3476
302
1420
3360
3693
1725
872
3553
1120
932
3050
603
672
67
1362
3663
2425
3599
1516
480
898
3961
2678
2895
3150
3545
31
3445
2305
2167
2923
60
960
565
1491
826
3169
1116
745
811
3458
1666
1273
1642
245
3445
331
1165
1529
3591
164
954
3812
1494
3724
1481
2204
630
2635
2423
581
3741
3501
1603
1588
42
2949
1322
322
755
3277
2938
1565
1674
75
340
2456
2636
2095
3235
3907
1606
57
2612
1429
100
2327
3121
2245
2423
3212
1598
2937
2465
1868
1998
85
1312
2180
322
2037
469
1719
544
3830
1489
3587
3821
3022
3515
3715
359
2108
3072
2765
833
730
439
2522
2363
2319
496
1126
1789
3873
1272
1389
3536
3303
651
2998
441
3869
1047
492
691
2961
3369
2151
1288
762
1911
2122
331
1576
137
1157
2069
3126
1508
346
2843
3068
2933
285
2952
1249
3830
1108
1532
3758
288
2494
832
2910
1613
1712
3109
2289
840
218
2457
1632
1844
136
293
842
1142
1957
2149
2221
319
346
36
2257
2842
3764
2132
3422
1775
2116
2695
1453
2833
1984
142
2268
2538
1254
3467
1019
865
3040
3380
644
2341
2403
2375
1864
3065
1009
2180
3876
1436
415
2668
722
2899
2609
1844
2715
3798
3105
3334
2666
1492
3935
2068
284
1123
1810
89
3988
1320
2205
654
2699
1119
2141
1382
3172
2664
1198
3783
2269
3726
876
1317
2114
2549
2967
925
700
2976
2353
491
3847
3996
449
232
1953
2924
3002
1603
1309
1105
2421
667
952
2262
282
1142
3523
2934
2366
3681
1438
1194
262
1797
486
659
1514
1570
3942
64
181
2443
1193
3357
1961
1437
1679
2200
255
157
3133
17
2444
2765
911
2173
831
1835
1065
983
486
2567
1515
3972
273
2078
258
833
2510
2615
2715
1867
787
602
3091
3531
443
2696
2698
2492
3559
3451
3095
1850
3846
1691
660
1289
975
2105
1945
3103
3883
268
1030
2223
2960
3173
2970
1939
679
2289
2433
1333
1263
2892
2827
3898
3995
3356
183
1483
3222
337
526
1858
391
758
1868
3950
815
2740
1144
3362
3407
708
3573
2784
3335
2383
1234
1885
3129
1572
3932
369
3148
1236
2867
3710
3469
878
793
1051
559
1458
551
1660
1843
3604
1402
31
2563
3375
394
469
2264
2948
508
3306
3835
3790
2061
1428
264
898
3150
148
1423
1000
3056
3596
245
3824
2133
670
3351
3124
2342
284
1326
905
2306
3793
1710
3584
3379
970
488
1535
3805
323
1168
1719
3984
3594
2104
1121
3933
2258
1083
58
2630
1495
631
2745
301
232
1297
1385
3726
662
284
3079
329
3895
948
3930
1911
3671
2725
2121
1534
1276
649
253
1311
3125
3118
3701
2797
511
3509
1824
2360
2483
2359
2267
2887
2926
2114
166
2788
478
2529
1381
1586
1702
3258
3760
441
143
1713
3799
2050
236
458
2902
2878
1064
1516
2321
3168
3950
2656
1324
1355
2548
2873
2250
166
3300
3629
3968
1229
2248
833
1076
2113
1682
3140
2615
607
2694
3666
2109
1421
1701
2328
3029
2417
2551
2487
1513
316
3347
449
3572
1283
3438
3009
3226
3631
1854
1815
3081
10
1865
129
1962
1978
687
3253
260
459
433
1354
2893
1924
2556
23
2190
3995
1046
467
2930
3492
3364
700
3818
420
2869
243
1120
2245
1871
708
1142
1474
3316
1731
3099
3042
3920
1330
1257
1505
3842
3903
350
1290
708
1674
2420
961
345
3588
3807
3132
2547
116
1987
3954
158
3667
3440
268
3372
1079
2139
3032
221
44
858
1980
1546
830
3355
1959
1455
1364
2273
1379
3283
3670
2300
3495
2101
463
1541
1033
180
2189
3219
2224
2395
2309
3804
1288
3304
3700
1644
3087
248
3360
1083
140
2224
2942
2542
255
3274
2220
2572
83
1850
158
1691
3536
1116
2902
3287
1582
3549
44
3182
868
2626
2829
2651
3454
152
2784
3260
3372
2937
2660
338
3831
1752
3381
2358
2798
2409
1677
2610
2527
48
3047
2467
3618
1444
3806
3433
1615
1472
3476
328
1136
2694
1488
1566
2448
3248
3295
1057
1971
2164
1914
1364
735
2163
3944
1894
1144
3103
890
1352
2442
103
3860
1577
607
3328
3564
560
2736
3313
3531
1844
3640
2203
3152
3803
1317
35
1620
3342
167
958
1704
2581
1003
3000
154
3348
2465
512
1431
1985
24
3284
3146
929
524
580
450
639
3446
486
2674
2088
2050
3093
2098
3718
382
1094
707
886
2702
1898
432
616
2460
89
3664
2835
396
2753
2823
754
2894
1962
3500
1471
1805
3397
838
3594
548
2737
879
1655
3376
3625
2555
3793
1313
173
2193
1550
3722
3628
280
2881
1432
1675
397
1590
1055
2228
496
2510
15
2302
3679
3991
1285
437
570
454
1310
1510
3878
1044
455
554
1517
243
1041
812
1602
1483
256
1304
2050
1173
1346
3233
2390
1139
604
879
3029
3881
2719
1156
2086
3165
1562
1866
3332
1159
201
2682
1914
1556
779
1323
3533
3133
2770
1142
1817
2591
1396
3394
276
2967
3998
1520
2190
2140
935
3525
1466
2104
98
2991
3590
2564
2734
2358
294
1792
136
3425
2672
2892
2112
1026
3296
1797
489
223
923
1183
1929
414
1104
91
3536
3660
250
3910
198
1610
2755
1231
1149
1972
1827
3618
1990
3439
3942
3749
3487
335
3403
110
3402
2786
2792
1471
568
1501
2795
2527
2276
481
3036
2742
2173
1224
3006
2085
2843
1746
1364
1536
691
775
3424
1641
3333
2472
2694
1866
2419
2743
3120
3759
2348
3391
843
157
2278
258
2990
1875
2409
1981
3258
1820
1672
186
285
1325
2059
881
1137
417
3464
1851
3009
1359
689
2166
3948
1668
1926
2350
802
1827
3691
3758
1675
1782
1268
1026
2919
1519
2300
2472
1776
3775
1621
2675
3772
2034
538
636
3806
3430
225
3781
2604
902
556
267
3451
263
1502
2984
3558
3934
971
993
2830
3451
1384
1107
1915
903
2593
1045
2081
2261
425
3210
3614
2824
1868
965
3391
2113
2017
2777
3682
1539
1691
348
726
1318
3263
3032
1503
1107
3951
238
1974
1474
1797
1447
3693
2766
2395
2808
80
1458
135
721
3495
1827
965
1922
184
777
3980
2570
3625
2586
930
3966
611
1909
235
243
1298
1912
573
1864
585
2431
3407
2354
1410
1402
1999
5
2403
329
1299
2108
1276
1974
776
870
2989
2191
1094
1101
3301
511
2501
260
133
1449
1224
716
995
2048
3863
2339
2538
645
2218
554
2654
125
481
1841
2013
78
1298
3841
3969
1847
1082
37
1762
1065
756
1238
3865
2406
1831
1634
1376
2965
2777
3448
948
3358
322
915
2620
1768
3387
3905
2436
3789
117
1774
1666
534
3750
3186
2873
1304
2399
1043
860
779
3289
760
3402
2947
269
524
3575
1037
2434
1067
3692
3848
1729
1164
549
3357
1893
3115
3768
3228
2383
3154
566
3860
1653
2083
457
559
2202
1765
221
2728
3289
3912
1595
2890
1467
3190
144
2566
2024
2585
3405
624
2906
99
3016
2967
2829
3582
1887
1919
3122
3856
3452
2365
2755
650
2932
1582
1201
1357
2442
1396
313
570
3665
1998
2197
2709
3630
307
1646
2581
924
3147
2767
1547
72
1130
1013
3756
1821
2570
3651
1500
3354
2692
1138
3673
927
1642
1350
2081
3687
388
987
33
911
2341
2142
3228
1365
3241
2296
2644
1180
237
2629
3831
363
3723
1283
2697
2901
1105
3270
3786
1715
3997
456
36
3373
3767
958
1876
473
427
5
3026
3354
2241
2939
478
1289
3835
3531
3113
881
906
2880
2045
692
3342
346
1098
1099
808
415
1647
3243
3805
1480
2305
3267
169
2364
442
1698
1725
3227
1729
1333
3544
656
1201
462
829
3882
617
2272
3894
3940
2160
3623
421
1311
2659
3237
2339
1681
2685
2726
2903
3671
2306
2053
1172
838
71
2215
2319
2975
1665
1669
2364
2945
1416
3400
2340
441
3912
1133
677
2420
2917
584
2534
3893
1768
1604
3669
3617
1674
1864
3680
1752
1691
3286
2988
1438
3631
813
1013
2263
2215
206
2786
3858
2424
1211
3428
956
217
27
2475
1109
1774
1595
261
1184
2476
2351
3188
1203
169
885
1387
1135
2497
2458
3941
521
359
2902
2753
1319
390
3251
2174
166
595
2443
911
2264
210
1455
2844
2731
2529
1796
2997
452
356
1447
1427
3691
3758
2417
140
3296
680
3510
594
2507
2690
3400
2154
3057
2643
3416
964
3458
431
1084
2075
3600
452
3180
2155
3418
3344
3303
1578
3910
483
3251
1605
1133
781
2145
3608
3055
2948
1262
1033
808
3955
2309
3553
3899
3714
2114
168
1034
1630
1682
1436
1416
486
759
1422
901
3153
3976
953
457
2303
404
2687
3676
1050
2663
3138
3809
2568
2309
988
2499
176
2963
3228
3304
1383
2325
318
2818
1206
3506
581
132
3466
3539
951
3826
2359
939
1909
3633
1673
1745
182
2141
1673
1288
1407
2777
2825
2303
1825
3617
716
2964
1326
1244
1205
1332
473
1294
778
3934
2890
1929
3940
453
2235
2723
22
532
1907
66
2392
2028
284
1364
2767
2600
322
2684
3450
3810
1962
3846
924
622
3820
380
3745
2660
3599
529
558
2075
3680
826
1994
2449
654
573
995
3367
1318
2721
3006
2121
2598
3525
2271
235
95
1453
113
2319
620
2070
3634
196
3017
2187
254
3976
1778
2448
407
1133
3002
508
174
602
133
2563
2832
296
3010
177
3696
3021
2888
947
1005
1878
3403
1264
2656
2956
539
373
2532
3097
794
2957
3681
325
504
3727
631
889
1389
2545
324
3108
2258
379
1011
2651
3100
2934
97
1627
1590
3716
1421
2443
1753
2345
3675
1693
427
3014
2852
275
1554
2694
3294
2142
3155
882
3620
1281
3308
1791
130
2644
1929
3207
2271
3397
1639
3285
2598
2936
1539
634
2707
3407
2142
828
2327
549
2736
3278
3240
3125
2981
475
2985
1656
3256
2204
1809
3050
3691
3337
3930
1806
3008
1868
3560
1736
2231
3153
819
1864
2629
889
1235
1735
1901
2510
2824
361
3998
1521
3171
2178
2984
3983
853
662
219
18
2962
889
991
1940
3712
2197
1322
2254
3458
1801
1825
2670
3324
2670
975
2119
1250
3893
187
1858
2273
1420
2120
2387
2954
3264
1486
2822
919
221
2161
2488
2235
2704
603
3362
1898
1005
955
240
3553
1388
2841
2608
1460
1903
2068
1062
1011
2174
26
2333
3096
3443
2020
55
3759
2258
300
3173
1538
3952
2315
562
3456
3637
819
3129
906
1595
486
728
1946
1366
2418
3196
3728
3278
3977
732
2234
2215
641
193
2430
1058
1156
1474
232
1436
3253
3983
3243
1844
64
1540
2710
778
1148
2845
148
163
993
2632
3647
1353
3296
1141
1091
2447
3587
874
2059
2482
2913
3732
1290
2268
2686
2680
3719
3234
1693
2984
1158
2252
963
1649
1487
1109
106
144
3102
2408
3870
1061
1926
3850
983
1856
3650
759
1940
1079
1594
2245
80
2937
3886
3493
3588
285
3842
1256
3897
2004
3910
2173
1736
1598
3681
3896
2544
1880
1689
3695
2066
146
2082
638
1389
607
1313
3722
3921
454
3931
3619
162
2229
2943
2178
3819
405
3628
338
3260
2456
2048
3595
514
207
2719
1625
226
3160
3452
1211
2673
117
3463
3143
3443
3448
883
1291
686
666
1923
3055
1834
3979
816
1270
3847
2275
633
100
1339
2711
2376
3641
2855
1704
2909
3130
52
565
2841
3153
2095
3504
137
2027
1599
2958
2093
1919
1727
1784
1892
431
3932
511
374
2439
1804
1676
1982
3074
2025
469
2961
2923
777
172
2447
2689
3291
2865
3077
2036
1760
1704
2877
2156
3204
1413
1699
1130
856
3364
52
741
2285
2773
37
1046
3374
1620
3501
560
3866
1143
1712
2150
509
3776
2633
2961
587
626
3188
73
1112
3137
1909
1488
3511
2178
2280
3502
3596
2338
262
471
2992
786
3632
457
2945
1087
2556
594
227
1344
3865
3534
440
3784
1696
3053
1847
252
3481
3155
1963
831
743
1818
3563
3816
3345
1778
2257
1557
142
3624
1626
1337
2412
324
1849
2672
2141
3980
1944
148
95
2214
716
1960
2471
2683
3091
3377
2569
439
2253
69
2886
2381
2548
2779
434
3832
3578
322
3360
1596
989
526
3533
3626
2570
45
326
2338
3467
1591
951
371
2574
1924
1745
2398
532
1431
343
409
2225
3224
806
143
2663
1760
1694
3364
2074
3789
849
3542
3632
2613
934
3104
2631
1848
1546
2200
2098
3406
3797
1112
3090
1119
404
954
3373
1873
3801
188
1069
188
1787
3170
215
26
1994
1051
1830
1434
83
2236
3621
531
1260
1257
1510
3766
3006
2770
2817
3932
3724
3642
235
286
1348
1810
434
2788
1760
1572
2675
3285
857
3756
185
3309
3210
577
339
1676
2940
529
240
235
3603
2922
2521
554
820
3509
203
1381
3793
2908
1839
1061
1747
2668
2552
690
1251
3606
1049
2246
1781
2864
2304
3197
3697
2073
2323
2633
3967
953
3077
1314
46
358
437
2010
2786
1603
3492
814
3128
3939
145
2488
1430
939
3986
3969
3860
1398
945
3317
769
786
2017
911
1236
3623
1371
1139
880
3576
1497
2010
2034
1730
3374
1256
3962
1505
1185
2521
3988
434
3908
3322
3714
2035
3477
2261
1032
3015
1456
2660
147
309
14
934
3270
48
2847
367
3939
1938
3392
3929
3539
3041
1112
3545
754
3411
85
1420
1402
1326
2110
3473
1898
3112
2196
624
2514
3917
2826
1303
3198
2559
414
3846
2621
3640
19
2784
1325
2891
3724
3618
3460
3112
3687
3984
3453
1342
3540
203
1885
2426
1905
991
3618
3278
995
3064
3399
1581
915
1332
1558
3347
2339
435
619
2882
1355
1228
1856
1095
3764
3834
954
2714
3951
819
815
2276
467
3256
147
2043
2770
1736
3102
201
3607
2512
2779
2251
895
1373
495
2677
3313
882
3588
3123
3034
2261
3474
3786
3529
1571
2217
1340
3332
2116
861
651
869
2233
46
2389
661
2482
2802
829
3140
3548
1122
586
834
280
3326
2633
2300
1222
2749
3470
3446
352
2838
3960
2913
2947
1380
2834
1690
2248
1465
629
2495
1682
2242
3659
366
2559
3763
3566
1468
65
1839
3087
3567
3047
3829
2771
2201
3604
3946
3864
3729
1873
1152
3349
3792
30
1920
415
2372
707
1657
1959
2452
2085
1636
3553
337
3893
1715
2912
277
3906
3702
3709
3516
334
1802
23
3163
862
1375
3092
769
139
868
1125
456
630
2288
455
184
249
2704
1958
3737
24
3848
3004
3250
2166
1320
503
3107
3971
3565
1017
1435
1875
2384
217
1367
3722
1615
2855
824
404
1686
1676
2912
1937
426
591
1032
909
3890
1556
3425
1870
1250
1216
1509
3782
3077
2264
825
3945
1926
2470
2
536
507
3165
256
3259
1071
2420
3851
942
362
110
1321
3570
128
2811
2954
164
3635
1943
3648
2475
741
3152
3070
1611
1086
2661
3979
3318
341
841
1091
3810
1247
3015
1835
694
2770
3456
687
2206
3701
2608
2969
2718
1830
302
816
2722
583
1266
1419
340
1446
2929
2096
519
71
483
1518
3152
1904
1286
2355
1365
2353
411
3947
1854
3405
3790
3510
551
3594
372
1188
343
3601
2093
2639
2827
386
2280
181
2604
2488
2470
2513
287
660
3606
3925
1595
41
1024
806
725
1379
2269
788
1911
2900
419
1653
1903
2525
1727
3741
2883
3253
3451
59
1475
2585
1247
1619
3799
3280
3603
3923
3127
634
1283
949
153
3445
2139
2384
2661
3243
882
2939
1733
3515
1795
2559
3064
2082
757
952
3366
2790
2909
3592
3789
703
2938
2840
3257
3074
830
3020
1523
1963
2124
929
1360
2727
3580
3717
2954
1788
3708
3091
1325
2069
529
2090
2599
3565
3739
1034
3554
1719
918
42
1326
1384
892
3576
3575
2082
3880
3822
214
3229
1014
1069
3427
1684
871
2809
3976
2122
256
3185
1361
759
209
809
544
1842
2227
3174
1629
605
427
341
1578
3688
3915
648
2900
1379
2840
1998
965
1827
1606
2958
3831
2160
2303
32
291
3913
2818
2536
280
3796
1800
1839
167
1542
3234
3936
1242
2411
2975
2492
997
3187
1098
3035
404
153
111
3424
3236
2257
3742
1495
2703
814
3208
2989
1375
1101
2663
2892
163
2529
2522
2834
3007
956
2893
1069
2941
2678
3415
3413
2050
3165
1917
2790
2748
3738
116
2360
3063
1148
3172
253
207
323
2471
2390
351
330
305
1074
3960
498
1354
2564
2221
1576
2838
2272
1547
3730
2262
2930
3206
1563
1448
3036
3023
2264
3849
330
2306
1654
1946
3538
1851
3298
3232
2381
552
2037
2885
3021
2074
2618
93
795
21
638
1859
1838
2023
3698
2561
329
3413
895
1582
1809
2577
8
1746
3913
1512
2357
3590
525
3896
2049
662
3304
446
1665
104
2002
1933
2542
3734
553
1179
2002
2614
1322
3061
76
1084
3052
339
1695
1141
3098
486
2045
2004
1483
3982
3179
714
2688
3400
2482
46
793
1573
130
188
468
2358
962
986
1443
3106
1688
3733
72
922
3825
2986
1840
3812
2574
3744
1962
3091
1132
3795
2019
2616
398
812
2239
3666
3369
875
1877
2720
2764
1255
3719
535
2569
2956
3005
1872
3045
1923
861
3353
2968
207
1193
1483
1440
1171
1910
2939
841
1810
3108
3498
785
2030
2110
3959
2811
306
1200
3701
1267
2699
2272
279
3832
3473
3819
2215
1035
2051
2077
1046
851
2736
2508
3821
2410
3186
1297
1794
2087
3477
3268
263
2377
182
3283
637
2780
1574
1534
1254
2731
2094
626
2295
611
300
2657
3372
640
3707
1594
1525
3414
689
3242
3790
3870
1313
3983
1293
987
2913
2965
1428
136
2087
3663
903
1792
1068
1939
1015
3561
1650
3442
3741
3997
2690
1618
546
247
1262
1931
347
3735
3125
58
3506
2002
3908
2181
831
2681
250
556
1813
3299
1092
1960
313
250
3527
2211
2318
2688
2301
1171
2028
3643
886
2132
79
1988
2879
129
843
3912
1088
3279
284
3801
1184
1574
3580
2132
2755
2461
2798
2095
691
2513
920
2271
1788
2401
3181
515
1937
2985
3432
1201
205
122
2613
3419
1268
1042
3529
2942
2456
1789
850
2151
1879
3207
3848
321
3457
1532
2435
959
3607
2303
3046
66
1839
2499
1657
2920
1268
1865
1141
882
938
503
2425
2609
3376
1585
761
172
2174
3255
1398
400
3758
1051
1864
692
1783
29
2519
1127
2516
1733
1226
569
2051
2588
1718
2275
3593
1447
1752
2739
1554
1440
3934
2456
1591
3091
0
2503
1368
3155
876
1096
1417
951
607
3232
2890
3956
3279
2907
3405
183
2949
21
2556
1183
3624
2470
3027
3157
2260
3752
2889
170
3082
3718
1772
2283
3969
1763
3018
163
602
707
3788
3693
1009
1050
765
2708
2671
1551
2920
3690
637
1645
95
385
2355
3782
2168
873
2318
1764
3986
1863
1407
3726
1493
2350
2368
883
1559
2940
3554
3318
2011
1588
3907
1750
3669
1267
3995
3992
3528
1745
2773
3731
3472
1687
2874
3864
3035
919
1352
2172
1521
1132
1250
2052
1461
2639
706
2252
2116
2002
714
3956
1723
701
3063
135
3829
3460
470
2825
3377
2465
2257
700
3314
1651
3234
2447
2272
178
2120
740
875
3981
695
3868
208
1154
1514
3458
245
3322
1908
1488
3694
1535
2131
1474
1218
122
1318
1269
2439
45
1461
699
2665
1546
2735
63
2922
1550
3825
239
3492
3454
930
714
2794
2972
572
1320
717
1254
164
2912
2425
3595
3611
794
543
2570
2317
1970
878
2122
2374
3461
1307
2256
1572
124
2943
224
3912
3922
1887
1619
70
35
3943
752
1148
2259
2704
1674
1280
3800
2977
1943
3057
2629
3729
3433
816
2419
1706
714
391
2702
3721
3384
2727
2778
1218
3291
2832
1633
3297
3711
1737
3994
3083
2931
3375
3542
1763
2076
74
842
3624
3158
1627
1844
3131
681
402
3981
3071
2596
3677
3018
1849
696
3802
14
3255
2771
77
1935
3213
2264
1869
2115
3930
248
2584
3335
2217
1647
3975
3851
2996
2813
1757
2334
1314
2079
953
1426
2129
3369
1098
3788
207
803
2402
298
1218
445
1891
1585
1672
2224
406
273
3864
1715
3003
567
1991
1719
3291
560
2567
3775
1657
2325
3434
127
2119
2776
900
3792
1620
1928
2478
2668
3459
1412
455
3629
951
2426
373
285
3210
91
1257
217
1949
2909
3137
551
3402
2284
3271
3665
3285
2606
3126
477
2657
113
2300
746
158
2484
603
233
3392
1519
2122
2869
2668
2463
1145
2737
2379
1618
3186
1085
3617
2315
2458
1781
695
2867
886
1382
1492
1373
3595
3788
490
2131
1566
2701
3117
2882
1338
2444
1983
2431
1967
2828
3814
1524
1463
1889
2334
1259
149
1588
2539
918
3351
2259
1479
1305
2842
2066
2522
1397
908
1410
3912
113
908
3340
2276
2919
13
1003
2370
1704
3194
3075
1769
1101
2740
769
1831
2619
2583
465
3231
850
2811
3798
1470
242
1077
1738
524
651
3901
1554
221
1407
3691
1564
1191
278
827
1976
302
2334
783
2896
3738
3613
2836
3814
2442
1301
860
3432
1858
754
2474
2418
2016
1203
1389
2593
2573
1714
2531
2479
3854
1522
767
3664
986
3204
3622
3016
678
3990
371
838
348
3961
2522
1825
2379
1805
1897
2254
