741
897
156
60
1471
240
835
527
1814
1316
17
1002
1487
1283
270
1223
194
1173
1730
143
509
60
66
881
1753
1613
454
1758
1159
1532
1832
1824
134
710
218
331
21
1463
740
1948
1103
1085
202
1310
1800
900
1910
91
66
1727
1703
655
668
1800
421
744
1272
127
719
1754
1192
127
1907
960
1252
126
1770
765
714
403
1869
0
1218
961
1288
1269
925
1938
1530
904
1626
1823
1350
868
1924
1099
153
1722
1324
336
1800
1165
1726
1969
981
1498
562
382
1261
1989
1106
1254
1282
959
1379
1351
1040
740
658
1761
1102
80
1372
1352
452
1010
1353
1208
1667
1000
1718
1411
1204
986
766
1302
1905
419
1701
1738
1354
889
33
709
358
238
1669
881
199
783
139
661
1783
153
1069
895
852
700
1056
1123
806
1864
173
1021
1689
468
301
1682
1340
1741
1665
1701
1028
971
507
1317
1005
240
1053
211
751
329
1820
1090
1337
1367
752
1991
956
1255
1499
1520
342
669
1011
1329
90
1344
942
745
521
1214
153
1875
943
1136
421
1912
300
969
1118
626
1789
1176
761
588
214
1020
1930
1797
1007
7
512
1603
1640
315
1709
1172
794
1394
1733
47
1340
250
1202
1977
367
412
289
1876
566
765
1038
306
101
1230
7
1527
1764
1102
1631
1084
0
1632
1169
816
544
1815
367
233
1663
125
22
984
1834
819
1040
475
423
387
917
923
1056
1921
846
566
1883
1024
1161
1959
1319
609
1346
625
1605
309
1108
1579
16
356
1612
1157
699
391
1557
264
166
1951
1750
860
428
200
692
611
717
536
1237
1298
1650
242
579
1632
2
615
1992
1047
1840
300
492
1368
1727
518
729
1067
947
114
1463
163
1765
481
1049
1728
787
48
210
782
689
662
373
619
864
215
1001
1238
601
1222
245
1059
231
887
813
1227
494
578
329
560
1659
1011
270
1150
506
1054
220
252
1438
1135
1476
82
1873
1168
275
1365
1160
212
1727
110
625
657
540
920
1308
1979
1884
440
1443
1018
1489
1751
631
1421
1296
123
921
1784
868
516
994
1785
1020
1298
352
1705
1762
1555
477
1566
1657
1978
125
364
1378
987
1588
1003
1067
1411
145
132
1781
1317
811
1318
256
1135
1271
357
1477
1019
595
114
1472
529
594
101
136
298
1317
886
1932
1535
242
972
1659
1152
659
1053
352
816
989
1476
473
14
315
0
930
1615
951
1305
787
566
1749
749
1522
1189
156
1577
950
957
130
67
1546
466
979
116
730
1818
685
803
606
964
426
60
272
5
939
96
1290
1885
1694
1366
1329
24
780
1167
1400
1121
1922
775
883
1873
1433
423
809
757
644
904
1636
13
1910
1442
841
129
205
1106
1182
78
559
362
989
1726
399
402
20
1654
1484
76
501
553
791
341
1041
1993
1518
568
1420
765
1114
956
1261
1278
1745
894
1493
1580
1369
473
1721
1742
970
1729
1885
1527
1055
480
1023
1011
1817
712
654
1872
1439
1015
69
538
533
1128
1095
1039
1224
1253
616
1857
1156
1530
1062
505
1298
1062
19
1433
1250
859
1232
458
288
1940
727
532
1958
1942
1061
1884
1806
1791
1346
1207
754
1899
1518
189
578
262
138
1961
1217
476
177
461
1277
539
1809
1602
217
1290
1433
93
953
1987
416
876
57
1819
1823
480
729
675
573
197
1929
439
726
1341
541
1411
887
523
382
1158
1368
426
877
1630
1942
398
1588
1283
332
1730
859
608
925
1008
532
1995
1489
960
1764
1958
858
1816
1166
1086
338
1569
1533
1953
770
186
157
1805
753
1382
1447
195
1975
1744
1288
186
909
463
1324
671
1940
852
876
1642
1070
656
1506
1501
892
19
1540
1541
293
751
1269
1875
656
1195
660
484
1999
1843
894
1404
1512
957
1927
1266
912
134
1328
165
1622
1403
421
476
202
1796
343
1722
168
1322
1601
352
661
89
1305
925
1397
833
1765
33
1734
918
1334
767
1740
1352
262
128
1546
797
778
1684
890
1529
1380
1748
825
1488
1111
1299
98
1506
1239
1123
245
69
877
723
628
449
1429
342
538
916
1444
303
488
854
1817
1704
798
710
1038
1235
1554
1395
1259
823
1135
296
71
1388
413
1935
1404
1633
1801
1494
934
1466
2
270
536
1016
191
1935
1452
753
528
1834
1076
1310
767
247
1729
627
1331
1405
15
1833
929
1360
363
327
766
724
642
512
518
767
168
1605
434
1341
578
443
634
253
352
455
1287
953
490
1094
1635
227
454
138
1552
714
1171
1678
1105
1036
502
634
1721
1061
1134
1282
1102
1094
1702
1752
1786
1713
1734
1107
1406
1041
1062
855
866
1990
1169
1139
1981
509
1378
650
798
1727
861
1881
917
672
1820
936
593
1543
1684
1612
23
270
372
280
1499
1759
1786
387
1279
526
738
213
1109
214
27
667
1858
779
1784
1338
641
1455
1056
960
80
144
1410
565
923
254
1128
1345
1764
1098
1847
1960
492
1034
1665
1952
129
1546
1143
755
35
92
1102
592
692
1472
1612
955
1788
1918
1663
293
1574
640
971
1430
203
1101
590
214
1289
512
1858
540
943
503
542
1454
1000
184
1369
1447
1217
765
252
310
1241
1952
1795
1619
100
242
352
748
716
500
907
670
1236
1769
746
96
762
1443
1625
472
169
538
263
113
56
395
13
1972
1331
1821
266
1475
1059
831
1104
69
525
1900
1701
571
804
1601
1159
593
699
1109
160
1409
827
807
1169
1873
269
1110
1310
492
374
1833
1462
1390
540
1759
541
473
1688
1184
1319
1301
922
1779
1027
724
451
1497
818
1508
1444
150
1699
1485
849
0
93
522
209
703
1304
1220
1972
1301
472
1290
705
1111
1383
605
1003
617
445
632
976
1097
943
685
1246
1521
353
1370
1538
895
1081
10
1006
338
738
1559
150
347
1609
1070
1688
947
1912
1515
534
27
781
963
1857
813
1190
1537
1699
1074
1179
744
1224
765
855
1847
106
501
772
1146
1704
881
1507
573
1987
1083
357
1643
341
902
201
613
446
380
1795
1951
124
1344
1364
980
1558
1411
1740
873
85
1890
249
1567
256
1484
282
610
1186
33
564
1215
1178
1973
1472
354
927
308
512
29
846
0
60
1028
577
614
974
405
14
1983
1542
342
681
1058
170
1767
1511
951
381
1430
704
822
762
1729
432
109
1278
1301
1274
1024
720
1269
1289
1899
1678
871
629
355
741
921
862
1227
860
481
137
1699
158
306
868
1866
1362
425
1414
1588
1993
599
584
1062
1347
1034
315
1486
1358
452
1413
544
1452
220
251
1611
271
1091
1100
443
1620
1727
1127
1447
170
1028
1114
1450
1469
417
953
1311
83
54
1431
981
1987
563
1060
1250
1373
171
627
1028
1865
1143
599
1682
944
439
890
210
1953
644
1721
1156
49
1953
126
202
530
464
795
923
1918
449
113
1821
1265
612
1419
1920
1297
1231
650
458
1467
172
1389
1149
794
394
1052
1892
22
276
210
140
1431
1998
1668
1008
1189
299
818
1500
1582
1100
985
1299
675
883
1843
172
1407
1109
1852
1527
932
78
161
94
1076
239
951
662
105
242
1093
1845
1793
750
1984
269
1210
1254
657
1382
854
1403
212
202
1035
322
224
1162
1754
385
1614
78
1833
1762
1240
1930
1375
730
1663
92
1356
291
633
1745
339
1493
1077
71
325
1156
492
1101
714
1699
1030
663
1278
582
326
382
1078
741
979
612
846
668
1748
1365
1729
1087
1784
1673
836
1467
31
614
1087
1160
136
1186
1097
891
1335
902
1087
1367
1138
494
1232
835
761
140
56
343
1425
1197
663
128
859
1859
222
579
517
258
1445
1326
1836
1318
636
1178
1756
529
1740
461
1463
179
1832
1371
1822
833
342
957
1742
1544
1316
1242
1817
92
1528
529
1152
41
1113
1369
1867
538
835
656
437
1207
1931
431
902
633
240
1535
1630
1737
1034
852
1323
1751
514
1591
248
519
1436
1826
1602
5
1349
1061
503
553
1510
901
589
1813
1106
1764
717
1452
1074
988
314
1917
1738
1380
82
1276
1000
1589
880
1618
1368
118
1562
1563
1591
1284
174
301
1970
926
788
104
1978
12
416
729
1718
863
808
680
1317
771
300
162
1327
1282
1414
1921
630
1922
543
326
78
1502
1354
1193
534
403
1666
1784
371
784
1820
763
408
465
1224
1944
483
965
890
737
550
1706
1087
1947
1985
107
1918
570
73
1008
252
744
1623
451
1404
1829
111
515
1441
953
27
833
337
1396
868
920
1881
1254
941
282
1959
1210
236
1621
1800
1181
293
244
1502
701
340
65
1516
1308
567
1049
114
772
1462
296
240
260
256
531
1881
1657
1139
1029
854
520
1943
81
1235
1495
280
102
1290
1947
1983
97
906
1580
748
1611
931
629
193
163
913
568
573
951
35
1006
1012
1788
535
812
1928
1613
1108
1633
439
751
371
1628
544
115
762
1498
1970
1189
1142
877
1188
146
1605
632
699
454
606
1302
1947
1715
1533
1531
620
1790
1791
770
536
1907
150
1590
351
1672
1929
653
1352
1087
732
1805
1172
1701
1767
498
1760
1064
885
776
967
1622
1740
1555
65
1280
451
46
13
1533
933
304
1030
1243
257
250
68
1888
1387
109
738
1535
1187
1017
1336
742
1360
65
1589
1971
1528
1754
234
1959
1151
1521
1813
483
969
652
249
111
189
1113
1687
617
681
18
379
1643
1276
1650
133
677
1492
178
1585
1401
389
1020
54
678
466
1905
632
732
1707
1990
1403
1487
1827
1864
901
1286
1868
144
589
1762
1553
1746
1606
1068
384
831
1698
1127
1971
923
1925
309
1674
857
1800
1606
1238
1474
1141
522
820
1700
1302
1656
84
1271
1957
183
1797
1291
495
1625
1070
1853
954
1032
1452
792
943
1977
755
72
1174
1261
1715
1850
1566
997
153
1696
1013
1446
494
1041
266
1682
1872
124
588
1910
747
156
334
3
372
487
1531
787
1442
1537
1696
1549
313
495
202
1700
1620
261
1036
1817
814
1488
140
273
750
591
779
1810
1037
748
1904
407
628
793
1265
818
1591
1142
1805
1185
1272
30
344
665
1017
1233
883
1871
1602
1117
1863
1238
1435
389
1358
258
102
244
895
1499
1373
362
1156
1357
1491
805
1945
1724
410
603
387
229
96
372
1851
160
966
356
22
226
480
38
930
270
514
740
991
1979
124
1874
1127
1297
388
1371
875
493
125
1236
140
772
1441
1772
675
1013
352
197
1277
806
1093
1084
1447
448
1937
1587
754
1991
1543
241
1442
1601
1651
1407
1753
745
72
1827
875
1963
644
249
1533
927
354
1165
95
1283
1835
214
372
1824
170
988
1546
847
139
314
1290
740
1487
446
1805
24
1071
94
1976
597
1083
245
1174
1275
1134
170
49
352
1871
1169
749
931
406
1499
1185
1105
152
345
1107
545
1618
1966
398
1194
