3305
1219
25
5152
5820
4613
900
1320
3842
3220
2680
3544
3046
213
4181
5164
1550
5267
4442
2469
4521
579
2692
1265
4948
210
1077
2726
3820
4413
4752
5547
1085
1405
3201
242
4041
573
1513
4086
117
5097
3239
189
3213
2805
3155
4810
5976
1447
275
3506
5782
4882
3648
5640
4245
3535
5587
1703
35
5482
2249
1804
3870
7
5910
158
4151
2672
230
5803
4678
1228
5102
4672
1142
3773
400
5556
657
1877
3597
162
2950
5894
277
145
134
4757
5163
1041
1599
3946
5012
1220
2976
5367
4526
3127
1739
3842
1580
348
1144
5281
4031
2005
3110
993
1569
5135
2396
5683
5819
41
910
4548
1655
1951
3147
5015
2255
935
3027
993
1668
5319
2102
5552
779
1633
1224
3145
4306
3773
320
5821
4640
3841
4544
2663
970
3855
671
5220
1281
1995
4337
2640
665
4120
1352
2489
5573
910
2772
1266
2158
2858
774
1558
2227
33
1538
5383
2873
4898
3506
2898
4483
5800
5976
5409
1438
5576
284
3533
2627
237
3667
4845
1823
3630
1792
3471
160
4985
5188
4066
5925
174
2018
1822
3160
459
1469
1729
4232
1119
2818
3702
5934
828
2
5508
2897
2126
5768
1312
709
2723
5529
4640
4415
2486
665
3166
5347
1804
4889
5861
1006
1546
1054
1498
5792
2001
526
3178
321
1736
2788
28
4132
4308
5315
3859
2136
5573
3462
2963
2267
2544
534
4445
426
1845
2741
5224
5460
5644
2743
5470
1244
1825
0
352
5997
2425
2520
999
1000
32
5547
2920
3784
3185
3646
4883
3623
49
1820
3113
5433
1704
238
3079
4038
5197
4120
67
3686
3548
3200
434
756
3559
1450
5411
1333
5047
5839
3660
5794
2509
1069
895
2864
3337
1767
2120
1313
22
4444
694
1828
3440
2645
499
2375
115
4120
994
5884
1473
4442
2996
762
5807
3025
3047
4554
1662
3512
1116
2514
753
2155
2515
5151
4831
290
5045
5371
3767
2171
190
846
4683
2528
4437
2752
235
2359
4505
5084
1614
920
4217
2017
2607
4329
1952
2114
1586
3126
4860
3181
3650
5084
3258
4969
2712
2116
5647
3880
698
1661
4437
2172
3309
5810
320
838
4728
4875
988
2857
4264
239
1461
781
5385
1094
706
1104
744
3597
3327
935
4802
5235
3190
1122
3927
4608
3162
1949
5537
2438
3423
722
235
3711
1801
2604
2848
3429
5615
5975
866
5137
2252
1571
4771
1980
130
4584
1459
5569
1899
5539
1126
2947
4717
318
5889
5674
1385
29
1297
553
2641
3348
5704
1787
5267
5655
4662
5500
3735
2058
2176
2052
2561
983
2591
5390
5875
3357
2999
535
3666
5877
1010
5441
3602
2848
1769
263
5921
4813
5454
5643
142
3847
3017
251
3092
3290
2509
2515
5046
4390
2918
3371
1465
636
1634
4225
264
1317
2585
4178
3496
5746
2458
4129
3817
5998
2483
2058
1062
5104
4332
3440
3497
2909
4689
4130
2846
5834
2059
1469
1698
4783
2378
2379
3287
3910
1696
1481
5671
2515
2092
1734
1923
2878
4226
1639
3799
4523
4
2311
2827
1803
2927
1900
408
139
4981
1653
5381
2810
5970
3631
3038
3017
2413
1655
4592
1563
3517
489
323
2875
5109
5335
4100
2428
1758
4710
2638
1451
2063
1507
3765
34
3995
4082
5215
4902
1928
4934
174
3791
3975
1437
3582
1864
4597
3235
1128
2188
5597
7
1521
4689
4151
2906
818
177
4465
1491
1684
2194
3593
48
3096
327
5876
1480
2224
4048
2206
1723
701
4221
2046
826
822
1392
1013
4451
5026
1807
3956
4181
4819
3273
583
4562
5167
544
1105
1074
1372
3092
3797
2132
2359
2433
1934
672
608
367
5852
1559
3910
1671
91
3900
4123
2261
3346
2476
1843
5352
5589
1000
271
2775
232
5988
3856
3246
144
4839
1226
5974
1255
1587
2775
2866
5084
207
4100
1205
645
4639
4892
241
4498
4997
287
187
687
2433
1855
3866
54
2932
4503
2367
2526
5890
4057
5374
4820
5446
4978
330
420
655
3403
158
1588
3272
5791
4040
925
502
4484
464
2631
1466
1976
3862
3649
1030
842
778
3689
3804
2929
5237
5566
3970
1613
1749
1055
4818
5208
3621
3199
3342
648
5147
872
1
4677
5290
3961
4144
2177
2056
5694
2671
5145
4874
5530
3408
1943
2364
4436
2102
5552
1149
2955
3207
5953
4934
4310
4352
3457
2843
2061
4995
226
3882
5438
4988
3178
1841
989
2641
5257
2396
4139
743
3574
3195
3681
1041
4538
5042
2233
1220
2664
4267
2201
3942
5416
710
2478
4244
4559
2576
3393
1971
4701
5713
1976
1262
3474
5215
4267
2382
4541
4337
5905
1000
2771
4782
744
2975
5145
515
5773
603
3086
5251
5597
3346
4823
1192
2873
4690
5160
3240
4383
16
76
1284
4571
875
4578
4346
1402
2346
5876
330
982
2084
4484
2757
5027
5518
3798
1729
1316
190
5476
5097
2075
1151
4514
4833
5628
1373
5871
1128
2636
736
5844
3222
2635
3126
684
3461
5435
5865
2832
108
4556
2255
2606
1285
3702
4688
4805
3392
5266
4931
2416
2769
1302
3009
2221
5365
714
5067
5944
5458
235
1942
3016
636
5404
5876
2502
5395
100
5727
1958
2922
4953
2351
1204
787
2902
5707
2524
3557
1275
5180
1205
3519
3586
2220
5931
1495
1833
462
5015
4507
1729
3271
94
1945
2114
2025
4099
138
5897
4945
1609
4169
5343
2407
4057
1153
3575
1474
4205
3508
995
2350
855
3944
2835
37
64
843
172
3226
417
5240
913
2390
5607
4226
17
5081
4487
1149
5324
1682
5326
5500
595
4490
2691
884
827
5626
2924
2720
5950
2333
3434
5134
2974
3279
1698
1702
2678
1237
5672
2235
3536
2823
5530
2538
4204
4472
5430
800
596
3846
5017
3560
5897
2845
486
4689
1272
918
5935
13
5519
5804
2082
806
359
4047
211
4668
5021
33
2098
1066
2448
4606
4329
4822
1161
4665
2933
758
3202
4674
5758
4448
4277
708
3524
2314
674
1498
4280
3889
1340
3729
4084
2693
1888
3112
5704
2096
3891
5748
1586
4855
1384
4784
1353
1369
4811
1090
3302
5973
4556
5961
5568
1273
4491
322
578
2069
780
2618
1355
349
1463
5390
2722
1741
2752
2686
5524
3447
5758
16
2252
4104
3529
512
2269
5512
5013
677
1839
5712
246
895
4099
4262
4398
1628
4069
628
218
107
4973
2615
5638
5256
4674
1875
584
4405
636
2788
3312
1305
916
5935
1082
3762
3962
3703
2204
5335
5507
2203
5954
3816
541
2892
1172
5911
2512
3661
1633
4943
4962
3267
587
5330
2295
492
5966
689
5860
4780
4846
3173
3278
1666
3724
4283
4244
4345
2356
1211
230
1274
2407
2873
5248
703
2288
2004
759
3554
1364
525
2494
1924
2171
3858
2501
2346
3206
2375
5007
1650
1308
1750
207
2387
1013
3101
5134
1666
5266
182
3468
4001
2566
4789
2481
5074
4997
5818
3150
3017
3480
5862
1316
2415
5194
4922
3024
2067
3827
3962
4018
5819
5710
4993
4201
2280
3928
3807
3550
3399
1512
317
713
948
213
1104
627
5321
5881
1580
4681
3205
112
5232
1641
2183
4796
2175
4077
1817
1273
5599
2625
2810
920
1978
4674
4292
1274
5202
2389
4556
506
2786
4321
4119
4424
3247
1771
1417
4286
2765
972
5241
3680
3518
1825
4129
1029
5685
4094
1810
3500
5865
495
1812
3213
1845
701
730
2302
5740
906
5252
3694
5993
3673
3854
5538
2949
5101
550
5497
2034
5196
1675
2717
1668
1647
5873
5129
5503
3721
1280
2434
5756
4497
172
2451
2085
2702
1040
5833
4383
879
4276
7
40
5204
4029
919
790
3772
5363
4382
2031
1915
398
2043
3238
4200
137
4268
243
3393
4777
1180
60
2315
2839
3181
1055
1482
3193
2654
1250
4792
2463
2121
1921
5062
1960
204
326
4685
405
1585
135
4239
1429
3132
3529
4911
1280
705
483
4938
80
2128
3933
1072
5145
3086
1255
2547
2392
3953
1030
2635
5113
855
5657
1507
4259
1396
1162
403
3295
3382
3952
2715
2646
3894
1696
3529
4936
3422
2244
5352
1800
3377
2628
1957
532
5643
3185
5903
5507
3847
2785
106
4920
4487
1044
2767
3635
5747
2437
1412
3286
1137
4284
2707
2484
3581
1088
4298
2389
1685
4122
4479
4839
4756
4900
5262
4927
3657
5136
656
1629
1827
4870
3689
2765
1851
1557
3343
5754
3486
2075
2514
2317
774
2496
1868
1235
1700
3276
2390
5372
2971
3656
2404
2816
3836
5794
4014
2636
2298
1690
1452
490
2713
3993
4430
559
3304
5714
4469
4701
5384
5040
33
5209
2200
303
2808
3207
287
5127
2288
4865
1301
5251
5433
4599
2925
1936
1674
1712
2083
3313
2662
1950
3470
1999
4683
1583
179
2877
1975
1088
1414
2297
695
5069
2989
1583
2909
4756
1954
5816
5853
327
741
975
1700
3567
2540
564
3590
5198
4760
4554
4386
2621
582
5723
5812
5476
2798
1099
1000
168
1947
3593
5766
2894
1415
5218
3102
5438
2467
1328
208
3
3920
3136
4984
3566
5149
5521
4645
2554
669
4040
1765
2395
884
337
4271
4368
1934
4128
3756
4951
2156
3189
1714
4735
459
1485
143
5017
5923
4805
1422
584
1002
698
393
55
1506
876
1132
3305
2310
4833
3025
3996
12
5765
1566
5415
2822
559
1559
4514
1083
4703
1648
5061
3758
4644
324
5945
584
378
267
2890
3079
2752
5563
3134
1153
456
3054
4047
4662
1655
5196
4308
1362
3180
3205
846
972
621
2381
3182
383
5021
1508
2388
5810
4379
801
3122
1061
2948
810
4799
3674
535
5827
4119
318
761
65
1215
2675
2463
1033
2375
203
5977
457
2872
1235
2527
1251
1133
3018
5202
3282
4991
252
5317
122
4888
4223
5589
2736
1592
2665
5571
2083
4454
2812
2259
534
3902
79
4429
2540
953
2299
5424
2862
5642
1263
3622
1707
2133
4688
4451
4493
410
5680
4455
3540
1759
2633
2179
5217
972
5607
3880
753
3007
3743
75
2036
2095
4432
388
73
14
5557
2198
4152
4648
931
5705
1291
5848
2517
963
4602
106
834
549
3890
2043
2760
1425
5681
1372
1479
3962
672
1222
3276
3876
5997
1671
1496
1098
2964
4986
5613
2942
3850
4229
853
186
5126
1532
350
198
2732
3779
3334
1059
3127
3920
2606
2116
355
4351
2302
844
3588
4431
5798
674
5078
1737
5484
5377
1618
2945
2199
3548
1817
2774
1799
1775
3200
5235
5534
3200
3144
3896
5183
3524
1673
4034
4114
5295
1611
5815
3297
2499
4321
2190
434
1897
5186
2394
3937
3358
4069
3304
1912
2036
5416
2366
4510
4490
2909
5555
1146
2694
5666
253
3123
1326
5820
2902
3686
2838
2367
136
1026
4435
3452
3719
1427
4430
4327
1774
4585
1732
2131
577
4484
5579
4685
4593
526
2767
5538
5503
5701
5819
5998
376
2580
2691
2242
5550
894
3309
5281
5815
5494
544
2503
5070
2461
2036
3622
3384
137
4105
4943
1985
1326
4996
2122
3637
5051
5492
3761
5386
3124
5347
3567
3834
3512
1384
2816
5551
494
3865
789
3799
4353
3533
4712
3639
2501
3583
4118
4620
1876
991
1757
1148
5226
1283
243
1867
729
4651
32
3450
5738
482
186
650
801
176
1115
5230
3675
844
3921
2877
3639
671
4642
519
4862
4228
2921
511
1424
2459
4481
23
2317
5965
3533
2602
2860
5737
3634
1058
4107
4957
1682
4777
68
2225
4870
205
377
1117
5719
4669
4748
5242
1385
432
973
822
4420
1461
1648
1345
2864
4804
5082
3477
4972
1379
1288
1122
2379
5173
476
5191
1500
4974
389
3709
4453
817
2026
1533
2507
5690
5347
4834
5553
567
1845
2633
3674
5169
5047
4533
3324
4089
5749
1727
5315
621
1153
1658
5807
5017
3888
3508
1516
1930
2312
3433
1804
943
5108
3714
467
1016
4642
4635
4910
2400
2346
513
1456
3015
2107
3274
3371
3928
19
2335
4952
4106
5594
2420
1251
737
5148
121
1413
1604
2897
3449
4319
5225
1499
2591
5937
1725
4348
3560
1796
784
4129
211
5594
620
2174
5925
944
678
2231
5050
2396
3774
4857
678
825
2369
3795
4761
5501
5518
1236
5824
5059
5109
1522
1816
5849
4170
5540
3630
1432
4473
1357
370
75
4756
2550
5498
415
4392
2758
4547
3126
1758
5824
594
215
3165
1529
5080
1973
1740
1221
1844
2042
3749
3885
3986
241
5509
5807
2289
3533
2881
3555
2194
2808
1138
805
4317
5516
2465
2595
1998
4696
3213
4052
3804
5456
505
3875
3162
4804
4003
2920
55
330
2447
2689
4784
2314
3890
3570
5269
1639
2378
3622
5096
5381
3739
4960
5617
795
1012
1475
3727
3847
2720
1546
138
3976
4233
996
4228
300
439
5664
2638
5542
2773
3441
4294
4107
5348
5519
4749
4106
5289
2010
1895
2886
4994
3947
492
5777
2263
2824
395
5654
2555
4436
4910
5747
817
1585
4969
1825
4107
3283
4732
2642
2333
3074
712
758
4432
1707
1358
4922
915
1140
4819
1038
2108
5114
4000
1168
5324
4009
1749
3146
5825
2871
2493
5765
1637
5309
2189
5305
787
5155
2087
1330
3753
855
4043
1920
4009
5514
3116
4075
3706
1975
2592
5713
2252
945
5458
3662
1561
1303
5666
4487
3702
5287
1035
3219
505
5741
37
2774
1380
2821
1201
2107
2847
2245
3602
5773
4564
1616
3979
1746
5012
5064
4083
1077
4695
3891
5653
5726
2865
4857
1572
4864
1407
2999
4396
4111
1905
2435
468
3660
4994
5133
4255
5663
1986
702
689
4288
3029
5072
3919
2866
5140
2810
4927
1884
1345
534
3887
1156
5959
1680
4177
5946
528
2941
1012
5743
465
438
5358
5393
3808
240
2181
1524
5126
1145
1421
3342
3806
880
2955
3630
4525
4081
2936
2266
4700
4909
4530
5509
5121
3442
860
4745
4556
3084
1958
646
1501
4103
4327
1399
979
944
758
4605
638
1943
4489
2778
1222
643
20
1788
3573
4530
3555
453
1391
5051
4467
291
5522
3474
3850
5344
4056
343
3479
504
3033
828
676
3010
1854
657
3320
4318
608
1278
265
2617
4511
5484
2830
2992
5710
3360
3859
2207
4764
3413
2518
5796
638
581
1230
1092
3399
3300
2251
5401
153
1561
3976
5944
2693
1433
1421
59
879
5442
4001
5567
1405
5953
1293
5756
1598
3920
5068
4908
5895
5904
2814
3226
41
5822
4972
1545
1374
5749
5333
5406
4882
4513
5015
2795
3886
2715
4714
4312
3567
3270
3670
4384
2389
2164
4164
2597
664
1109
5378
4465
3173
686
1328
4171
790
1042
1688
1986
3472
3888
43
905
134
2600
1029
4351
1243
5691
3602
5066
2676
750
4731
1535
5899
586
2185
1776
2496
4836
826
2994
1242
308
2000
426
4619
372
39
4052
5698
5047
4623
208
1290
5843
3303
5273
1808
2364
4987
2787
1826
3759
5412
657
4658
5303
5038
1696
2154
2288
711
147
3465
4054
4018
1515
3419
2776
4171
467
1591
2047
4022
4134
1762
4437
816
3405
3970
2116
439
4249
4973
3100
1510
4905
2255
4623
920
3897
1689
2493
2701
2855
5511
5992
5642
5507
3114
2035
5099
5586
996
1932
3876
2815
4275
1138
4725
5471
3492
2389
3579
4079
2169
137
5347
4380
3445
2278
874
4831
1939
2400
2960
5315
5399
1229
4587
708
2780
4952
3992
4870
3229
562
1356
2895
3215
1967
3368
2386
4811
2516
827
3993
3146
1899
4609
1166
2344
5504
5722
1526
5467
4188
4437
443
1613
4347
2251
2292
4725
60
4008
643
5637
3108
5411
5178
5036
3520
1279
491
346
4373
1003
4571
3828
1733
980
851
462
4065
3066
2851
1541
5973
1935
3922
3791
1093
3436
4742
5593
3010
1902
2892
4672
1704
5629
4901
2204
1415
1550
3694
3798
1468
3950
4714
651
364
1006
1070
4264
4269
3711
4552
2149
3168
3811
1725
1470
2606
5794
4894
428
3774
4302
598
5891
4289
2142
2115
2852
4538
1959
4238
275
1101
2361
5064
4179
1555
3829
179
3181
3111
1917
1307
2863
5585
819
4463
2609
1852
2787
2192
579
4277
3533
4804
4578
146
1098
3975
5145
4765
2224
2736
2644
3884
736
2155
4880
543
3965
1544
5838
117
1895
3135
3927
4122
869
2973
3673
3281
5281
2480
1744
2666
686
3388
4944
5217
5524
4679
4062
2243
2428
1527
366
5053
4727
4886
4534
707
472
1951
2738
121
5906
5528
5249
513
2812
1083
2685
3058
3266
5027
4680
4850
4117
5936
2545
688
5282
5654
2534
1696
4799
5784
5716
2548
2561
2893
4409
3251
1772
2460
4811
472
1538
1002
2673
3930
4029
1853
4895
5459
4439
1179
879
304
4614
2788
330
2548
4422
3161
3127
41
5966
2519
1674
1460
5780
3140
830
5364
5788
5861
4877
4103
2347
1545
3339
4184
5627
5350
1875
2536
4439
5678
1017
3272
102
5357
255
3585
2452
5570
5827
4673
1036
280
4149
5859
530
1455
1383
2793
1852
3020
4413
3256
2977
4010
4195
383
618
5067
4670
3013
1125
2543
4731
5999
3016
1327
3475
2939
4178
5335
4736
1773
1437
5822
5385
4851
5120
5699
1593
1606
5473
4438
2734
5680
3527
639
4782
4052
1006
2943
3411
2926
4740
5138
4695
2296
512
5950
4811
5862
1458
2170
49
464
709
3214
649
2137
4945
1651
3400
3664
3326
1046
2437
2531
4867
2430
2222
5594
1259
791
3927
4775
3177
5051
850
1848
755
5277
2490
5862
5769
4929
457
510
2409
2635
234
4874
4971
162
4345
571
2759
1617
1958
5204
1543
3850
1080
4518
5046
1495
2830
2788
5720
5855
5873
498
5923
3617
405
4815
3275
5279
3086
4108
5484
2666
4719
248
880
4454
5614
2041
0
2602
2980
1305
2823
5575
1184
2651
4946
387
5355
2920
2708
2864
4678
923
2118
3501
2351
4165
2700
649
1251
3805
5186
31
3325
2904
1077
1139
3149
1457
3806
5639
4612
5301
1209
3290
1371
5341
2836
158
1443
2265
5091
3652
5398
3046
3760
3062
5837
4091
63
2049
1884
1798
864
4957
4344
430
4766
1979
1144
4420
5700
650
4633
2891
495
4501
1323
2961
191
3948
105
5673
3431
5502
5926
1079
5459
4272
5171
1655
5865
2925
3357
3962
4105
1977
1491
1454
878
1027
485
856
4598
4391
5175
4561
478
126
3797
2026
4359
2675
497
1069
2565
5506
1464
3250
4981
2942
4355
5019
1486
5935
5562
1837
1537
359
3746
4043
1083
4720
5702
1872
3433
4596
755
1993
1322
4679
3998
5213
1920
3365
1521
4458
5008
5012
3282
1677
2858
1238
436
3597
5682
3005
2278
2404
5148
2442
3578
5659
1527
1717
3329
4641
5456
5779
3569
5096
5527
2534
872
1117
5198
2311
2122
4322
4366
824
4951
4809
4964
4057
5592
2623
5001
4826
3671
290
799
3720
5838
2577
5479
757
776
1214
1599
1128
4548
5890
3192
3006
2969
5950
5158
3820
4835
778
4081
3587
1082
620
5641
4414
1571
2710
4182
4938
496
5532
4365
2946
5987
5808
3294
1191
4849
5356
4106
3704
2033
1468
3235
3988
2563
1349
971
3561
4365
2006
302
215
2961
3177
3420
2087
1338
5014
3998
5601
3957
1413
4426
3759
2157
621
1986
1884
2190
5790
278
5831
5739
5943
2026
3706
1884
2821
4802
5138
2015
3898
329
2794
430
3845
5409
1032
353
899
261
484
3274
561
1659
3377
3487
893
5061
3513
4309
985
5078
3801
4919
762
802
1142
5830
3123
3614
5498
202
4281
1638
239
103
1987
3581
1255
4011
1345
5919
5030
1731
1477
2867
2108
4542
2242
5964
163
1001
2703
5614
2305
2537
712
2494
2570
3975
2514
1011
5814
5877
4249
2616
3130
2047
4184
2547
2950
1181
371
2191
4810
2901
4500
3030
4534
813
2833
5899
5260
5886
3223
5187
2292
5156
53
867
3708
1649
2535
581
4954
4866
4172
1748
1536
3034
599
5463
186
5434
2207
4219
3446
4402
3379
1752
5841
3840
5886
437
5050
3639
4834
2632
4197
140
1524
5894
1631
1482
5828
3624
425
1221
5880
1694
4371
3563
3028
2014
3078
727
1544
3509
5805
5023
5573
3838
2657
2125
4093
5328
1808
4154
1014
4161
602
1862
4891
1081
999
3317
1024
5905
504
5267
703
2874
568
2264
4340
4170
799
5239
3873
2306
1940
2080
2047
3451
5275
1413
3634
5918
4370
2986
4007
5442
1204
869
2476
1632
4521
821
604
5971
3243
4416
391
3708
3892
2196
2426
5681
4617
5438
1039
293
2781
4953
4612
3219
5555
2319
4320
1892
2165
379
5352
2656
634
2878
589
2209
4439
4240
3118
4035
4661
5503
1650
5191
1578
995
5178
631
4935
5826
5575
3332
1390
4991
1704
2107
3037
4716
3469
5270
1259
4929
3309
4478
2574
2853
4880
3630
3079
5481
3450
755
2763
244
5205
5184
4606
4921
1161
1950
254
2549
5659
1825
3257
4292
5008
933
1900
2067
4956
2071
2970
5824
283
5296
2965
2317
2650
828
524
3236
5075
5657
1440
804
1316
4091
36
1690
5899
428
1185
4587
752
5713
2292
5085
3567
3127
5445
4630
112
5244
5669
1724
1845
1339
1634
571
4031
5631
1833
5365
253
3800
4202
4835
1683
1308
2161
5562
5027
964
2630
4217
1962
2503
3250
3998
1337
4901
1532
4601
4638
2441
3855
3865
1295
1570
1242
914
2819
2555
5509
2031
3389
1957
730
5572
757
3782
2535
2621
5893
4955
879
1042
2973
3337
2567
4092
5635
3233
5524
1217
3115
5986
5839
1915
4638
2793
417
3830
2186
5075
4081
1864
5734
3059
439
572
4624
2030
2236
1847
485
5348
4656
5307
765
2921
2584
2489
3376
1761
1042
5521
4585
5467
5974
1478
4389
3988
3851
349
1688
3964
2306
35
205
4726
979
1742
1271
2040
4419
5436
104
883
2495
5480
5597
4908
1447
4955
453
5881
2793
4526
2221
1335
217
4926
5097
744
5419
2136
1504
1642
1597
3732
4132
4770
4451
5199
3741
632
2624
2672
4658
3948
4509
2652
4435
5254
890
1588
1957
3755
1679
4572
5931
5371
1773
3175
3341
920
4837
830
2920
5649
4885
5775
1410
796
1739
2994
2904
2930
1735
5879
2054
4083
5233
5675
2225
91
628
2650
485
1837
2694
5118
935
2507
5812
2565
2150
3816
2991
4673
4146
1892
1133
2568
2585
2407
1022
1612
4746
601
460
3685
4568
2397
2477
2762
5325
5214
2153
5503
4456
50
2274
4456
2580
5867
4756
2668
4951
5868
1163
1589
2980
5609
1691
1139
3517
1863
2881
112
4472
3138
804
5070
956
221
86
413
889
212
1277
505
4994
670
4440
1855
4648
1871
1696
5680
180
4441
3278
1663
96
338
4067
276
1282
5712
3703
5027
1350
961
2721
4967
599
4680
368
3863
1242
5617
5940
842
472
2390
5324
5143
1670
5146
3789
38
3426
2018
2987
3234
4587
5780
2231
639
4637
151
4613
2792
488
4874
5641
754
2573
1905
1934
5565
1621
345
3954
5784
893
557
4145
1203
2849
3153
13
2784
2340
3915
5895
4883
3433
2258
1309
2377
82
303
5999
1412
3122
736
1871
5140
5921
2219
5941
3778
3948
2160
4364
3766
5254
4711
1981
4968
5295
1784
4325
2403
3566
857
4150
2069
5566
1010
5015
2420
1075
1116
1577
5291
3944
616
3351
5809
4151
749
1608
4843
5524
1833
5797
295
3910
1592
3329
1081
2962
3747
4122
1347
4661
5071
3819
381
2574
3894
1131
2229
2727
2995
2150
1072
2366
3159
1349
2638
116
2216
1788
5435
1856
2457
2785
289
3681
2501
2660
3947
95
3557
4431
1733
4861
3841
4635
735
1181
3059
1612
1456
1295
2231
5978
4759
4584
4894
5022
3325
4043
1058
2405
5815
2758
2788
1316
39
3148
5073
920
4801
1082
387
1432
2843
1192
5748
58
1518
4831
5197
606
5226
1745
4284
251
197
1097
196
2692
5171
5728
1022
3239
2338
5417
350
354
3149
3034
2352
4914
1168
215
4577
4761
4987
1549
5786
4171
1295
2455
5047
5125
5685
1873
1510
5163
2014
2455
2507
1997
581
3288
305
5509
4961
1549
4554
3407
2342
2784
4039
3349
4043
5754
227
3606
1863
2285
3993
4659
3621
3419
87
1606
1894
5793
3034
4399
741
3156
936
4028
3285
774
4189
4116
839
2229
765
4544
3928
5745
4441
5510
2167
359
4524
4532
4693
3246
5061
2981
1588
1277
4575
5011
322
1992
5771
4330
1695
5893
5183
1301
1593
1647
744
1847
3977
3638
1675
1271
4390
3857
26
4025
3560
5362
4802
5685
4391
3556
5120
3207
5794
3491
1028
5714
2859
5319
4541
5745
383
3951
4292
3244
2947
758
725
3059
5434
2949
5496
4106
1860
933
4846
4129
5553
5870
3255
735
4675
4833
1504
4395
3664
3359
457
1734
2982
388
4741
520
1562
2772
5627
3269
1273
3952
1721
5692
63
2420
5832
1004
2070
2032
3674
2787
438
545
1872
357
2043
3292
5912
3061
1396
1670
1572
51
5064
1139
1750
4706
579
1449
5319
549
4222
1712
967
5925
5916
3288
2942
3537
3072
855
5025
4323
5260
5021
4320
2635
2101
198
445
4826
3602
3404
2263
221
5603
5094
3492
2916
4127
3842
3645
3966
1205
1130
3347
1523
4532
917
5631
5934
5142
269
823
372
1223
8
2509
5013
2163
3349
2913
5918
5678
613
4999
1417
5021
628
2435
4658
3409
3746
1281
406
5444
2035
5713
1818
3788
4335
2415
805
156
3686
5841
3275
4538
4564
2697
808
683
653
4442
2917
4362
949
4280
5177
3256
3374
5560
5599
126
2159
2022
1936
3630
4974
742
3917
5735
4090
3426
4092
4854
1463
4834
44
297
166
5929
2790
1536
2032
2572
226
4781
720
4686
4531
5802
2714
3894
2560
41
3180
4498
4384
5366
5359
869
2369
5945
5786
4299
4694
3704
2611
4510
346
1786
2898
5073
5461
4549
1909
5833
1690
5785
4298
5116
3770
486
1292
369
2377
5735
364
3879
4682
1282
3579
5538
4938
199
642
4928
2726
230
2239
5561
5066
5998
5132
2533
5096
64
5053
2535
1329
1554
406
1975
2706
815
1303
3006
5069
5163
3477
2346
915
453
214
5105
5948
3621
1736
4179
5651
1589
3838
2568
5712
5771
5336
456
2243
3028
910
185
4458
669
5946
899
3471
3947
4767
5472
1361
698
4169
1311
2765
2611
5106
3239
1034
1622
3502
1496
2190
4327
3060
3502
4975
5061
3722
1375
586
5013
2700
4084
2058
29
2808
4372
2613
3565
89
1803
4857
2920
3933
3817
4206
5903
5061
5031
5704
831
3738
933
5308
3377
2342
2639
4268
1183
5206
5342
5553
5287
4282
538
4804
600
3989
5405
2217
5624
24
5795
3272
4536
2166
2574
3641
4847
3283
4901
3067
883
1454
1580
2386
1527
3256
5888
2523
5502
4431
4089
3757
5342
3212
4545
3885
3407
2822
883
2429
1954
2752
2541
5731
4815
4854
400
2882
5478
143
1270
4071
5847
1823
691
5858
1549
2172
2819
2207
374
5291
3091
5712
238
5095
924
3129
1848
317
5675
2071
4238
4710
2060
5950
1440
1138
4660
637
5288
3693
5021
4096
4862
5441
1884
482
3032
4248
2766
5421
3353
5564
4657
4800
2234
5534
1792
859
4711
4575
982
1482
1984
413
4612
892
1823
1438
813
479
233
3394
5918
521
5469
3976
4283
3045
570
4016
325
2393
4494
3704
920
4800
5112
2437
1024
5641
3615
5952
2427
3914
2044
4042
2793
4370
3953
749
193
1322
5245
1457
3038
3703
2984
728
630
2128
5737
4759
3162
5462
1015
33
3033
20
2667
2161
2704
3524
2597
4052
940
812
3062
832
4384
2115
5178
3157
3010
3796
3336
5647
3039
1646
5730
3333
1135
69
3335
1329
3699
3113
5656
4204
155
704
1192
2005
3028
131
5868
2366
5391
2930
1361
3876
3388
1685
3453
4681
4885
1600
3502
639
3399
2065
207
4674
4203
1689
2377
3859
388
789
3814
5309
2976
2217
4945
4310
1377
2568
3833
740
3206
1698
1283
5801
2882
889
3951
3116
846
4274
2867
837
5242
2037
4580
1237
302
753
5828
2320
1695
2928
2597
1544
5758
4081
4795
5495
3658
3496
3759
649
2245
766
1199
4787
532
4470
2595
5380
4960
2254
5035
5862
5834
1870
5637
1425
4940
0
2698
3405
1322
4491
776
1345
1846
4574
554
4701
4707
3142
2931
3728
5506
748
921
4167
856
5534
4606
787
2145
3576
4811
5733
5165
5839
2421
2857
2664
3514
337
5068
4248
5949
1955
3964
639
4931
3538
5371
4257
279
1880
2638
3183
1903
4901
3080
33
2886
1619
3486
2435
1925
4405
3431
1350
4685
1800
4450
4887
1363
2475
3508
5309
696
5819
4812
1676
1812
823
1845
5830
4575
4211
120
4513
5899
4824
1291
644
4289
2519
121
5899
5031
3438
2799
5770
3563
1780
4065
4253
3167
5230
5927
4126
2865
5524
1063
4768
1029
4557
4784
2632
3073
3911
976
3324
933
1764
1763
3188
1397
2030
4408
3660
420
5242
1825
3627
3518
4378
4824
830
3587
2045
5497
1150
635
1297
144
3024
5418
2249
5007
3531
2050
5497
4715
1364
975
2430
3764
1413
5427
2299
5295
2860
3743
3309
5970
1295
4410
1440
284
5326
1313
2699
3406
2897
4987
4647
3066
960
1384
5885
5814
2625
2886
1997
5357
1692
4159
2042
4307
2779
162
4370
866
5133
3868
3820
2406
1786
3011
954
4289
816
4703
558
1211
875
1381
2665
5834
5988
1458
2382
5370
208
16
2710
4602
5497
4216
2348
3171
5434
868
2536
645
212
2911
3945
527
4190
204
4763
3195
5753
2320
473
2516
641
2861
3644
4276
5807
139
1441
5919
123
5365
3272
1110
1567
3294
392
40
3511
526
3969
4940
565
5613
2714
915
65
4058
328
2189
4765
5176
3392
843
2678
3270
2899
1773
2118
2681
1336
3415
2055
1337
4088
1252
4706
3717
2899
4391
2214
3651
2896
1290
4692
3064
4001
4454
5430
5296
1988
701
2624
587
3270
5767
3390
5781
2035
3111
1645
3503
3049
2937
5863
5343
714
4922
5638
3937
1167
5380
1945
4936
4057
2197
1812
1078
5491
1771
5009
2995
4980
1182
1413
4909
3521
4057
4046
4461
287
1367
1016
2626
3382
3910
255
60
4257
5403
5854
2375
4401
4594
5638
785
5985
3599
4026
554
2709
2134
3031
2327
1676
4163
3457
4947
2340
391
3129
5875
140
1376
1659
3476
1844
4420
211
5588
5841
650
2415
5801
4270
1749
4992
5313
4284
861
5178
5896
2313
3500
5323
3936
1615
690
3096
2112
403
1893
867
2651
4078
1640
3369
27
2392
3927
632
3210
4976
4508
2637
1853
5656
897
1931
3950
3789
4931
5288
1668
4229
4832
3137
5249
1537
1837
686
4215
2498
1766
944
152
4424
2946
375
1066
2117
3169
3088
1763
1039
5110
4620
5254
5221
5931
140
89
5545
3414
5111
5298
5035
2982
2286
126
855
1385
2279
4590
5877
4526
2501
5695
1390
2241
4425
3556
1614
3193
3266
5378
325
858
4831
56
4759
951
2869
761
547
1224
4861
839
2321
3619
2116
4557
644
1690
2694
601
5488
5857
613
2404
4677
2283
835
2079
1241
4032
687
2061
3843
5117
123
2535
2003
3928
2716
5344
1840
3694
1980
661
2282
1530
5322
5520
1854
4116
4752
5146
4279
5588
4
4202
5041
3362
2152
1359
4232
4636
5133
2581
5040
4963
3044
4920
350
1474
1669
5298
5011
3019
1208
3746
761
4624
4769
2604
1846
907
1417
1542
5790
2475
167
4374
3541
5163
3373
3462
4993
4561
2511
1745
4973
5808
1102
2013
5547
1722
1235
2133
1521
3861
55
2129
2836
2952
4351
4900
1810
3267
3989
2578
4409
4457
4321
5628
1925
219
534
906
3319
2673
2841
5139
1409
3975
5565
1356
3901
2547
2378
4603
2669
1823
667
3942
5598
487
4838
5597
5446
5584
3911
5297
4508
4834
4358
1599
2342
4324
1207
3373
2013
5395
4272
496
4206
2094
1508
1224
3338
961
590
744
620
1436
1354
3685
1130
1104
1181
4683
4517
4213
3572
2311
5819
747
2682
1748
2076
555
964
1525
2217
4056
5686
1948
5192
5016
5752
1221
5844
5385
3827
3378
4306
3250
2150
4371
3038
135
917
3329
5796
408
481
2488
410
4743
5810
2047
4666
4948
5744
3941
3294
1686
2401
778
2228
4920
2749
4711
2897
2958
1822
5499
5682
83
4147
3490
2109
2129
4980
164
5350
3451
3375
1576
4365
4426
4033
1523
4165
5186
4304
561
5728
1505
2917
3535
1046
4116
711
4786
1444
3861
962
4551
1808
612
2407
4040
5179
65
3965
168
1744
4180
1013
331
1177
5881
491
2373
608
1195
1048
4574
4467
12
5477
3822
5985
4078
634
5835
4753
1489
4196
1531
5153
1418
3684
4888
5948
5484
4196
1440
3525
581
2053
1862
5616
5783
901
4745
2384
2034
2460
3134
2203
27
1669
1564
857
5371
153
2532
1579
3287
3910
1563
4905
2599
3151
3494
5476
884
5742
5201
810
3315
4341
4604
5079
3865
97
3442
5464
1514
2863
3479
763
4323
1257
5357
3059
3455
4873
1843
4440
4617
2430
3067
5803
4672
1116
918
2391
4112
3150
2239
1378
2610
3862
273
5171
3714
1589
837
829
2601
4967
1291
4665
263
1109
5365
4403
302
3598
2091
555
2222
3487
750
2092
4568
5199
125
4185
4178
5208
1645
5106
838
4047
1689
5350
3111
1109
5462
3219
5697
3014
2800
3128
1275
2526
4823
2844
620
1851
4096
2008
5079
1310
5785
3935
4677
4747
3741
4350
4478
1888
368
5501
115
2627
1096
4357
571
5987
5512
1852
2663
1792
2314
3084
3444
4087
5847
2099
589
1654
566
5411
5435
2446
1104
5304
874
4118
4060
1418
4872
75
332
3336
173
5653
2130
629
258
533
4624
2703
5312
5659
5723
409
2117
3013
1275
4043
2133
5361
5666
4896
5819
739
2454
2925
4059
3842
381
3601
4677
1900
964
5383
1016
4970
2044
1672
5569
175
1857
1918
3038
4585
5560
3556
5507
3450
1621
3593
5608
2801
4950
2851
4829
4449
5888
1503
2923
2899
4004
4759
4169
1383
1533
4541
3143
2246
2744
1972
2971
2547
416
4909
3286
3648
2726
5295
2785
108
1370
1776
5769
490
5144
5152
3604
3821
3585
2613
2927
5343
5973
1728
2295
2385
5706
5070
560
2813
700
539
516
5111
465
4481
91
5058
1303
511
1876
1630
5437
3989
3934
5199
4971
27
3525
3498
111
1392
1564
5320
2708
3088
4547
2285
4512
5919
1349
4898
1403
4307
5777
4414
4440
30
1811
115
4161
2920
911
3557
4851
1499
4361
5477
2307
2248
3091
2092
4187
5719
1364
803
1334
5883
3042
1551
2115
4100
3980
4186
2473
3038
1638
5420
3640
4727
5633
169
4935
3022
806
1732
2368
5207
1055
4593
5684
3995
4371
3431
76
5660
1548
548
3117
5077
3815
2331
3399
4160
3991
5065
1322
1026
4101
1894
4838
5889
5160
1606
3742
4037
910
4351
5303
1932
676
5540
3042
4120
4504
2480
4596
707
584
4335
4383
5907
2678
5766
3775
2520
1595
4147
3923
545
2181
2847
405
863
2302
2575
3032
130
2586
3290
541
2143
4109
533
5794
4083
4198
1530
328
577
4924
4327
5535
839
884
2195
5392
3679
5068
4827
966
3969
983
43
698
4806
709
3848
3530
151
5054
1594
518
4916
1548
1495
359
400
2338
361
699
3673
4892
1362
481
966
3236
4918
3453
1050
4350
