1108
871
1253
354
186
483
1150
1594
1130
1679
604
764
47
1308
1612
596
1482
1593
13
1649
678
1721
356
1473
679
1392
109
91
188
1770
1452
632
947
1896
1073
1230
603
503
169
1851
1461
479
1601
1754
1460
1606
950
1253
1155
1982
1560
456
517
1234
1341
589
696
1304
1169
1738
659
1346
1883
1219
350
119
1387
268
529
1114
1264
1488
677
548
1974
439
934
51
1772
1751
1914
1213
964
698
27
1858
1923
1816
736
142
88
1361
570
376
505
665
490
1531
857
544
864
894
551
1421
1598
321
1120
566
155
1142
467
783
67
234
1589
1901
875
767
1931
757
499
87
789
1701
324
1775
123
1391
921
1254
142
1710
1851
1736
321
486
1012
1019
433
28
1684
853
591
1023
1170
104
1535
1186
394
1035
1881
88
981
1047
1948
186
438
379
1442
1447
1665
620
927
1833
358
668
355
1344
1707
437
287
29
328
67
964
1197
1435
1003
1143
1408
747
684
1184
1013
458
193
1826
1076
1300
479
1909
471
1412
913
1599
982
1462
334
17
1470
1383
1044
653
557
504
915
1766
1324
66
1992
1120
1689
163
1524
646
1888
1542
601
122
134
913
1873
1350
802
968
1962
450
120
1951
1490
1903
1875
492
1370
1520
1167
171
986
1528
400
1387
530
990
322
1221
584
605
318
317
1971
1608
693
210
1395
1659
524
463
1274
124
1876
500
1691
512
1621
478
1710
1547
1495
1219
1005
1551
429
1418
638
517
910
374
749
890
657
1380
1988
1712
1060
1994
1322
678
841
47
1558
770
862
345
1407
362
56
722
1698
1458
1787
1124
510
847
296
371
1983
1450
1091
522
1269
1120
1567
605
1648
839
745
1341
1258
731
190
1403
1841
1127
794
1220
1728
287
494
1754
554
1081
557
1667
1602
988
1651
1706
793
1888
1682
1876
1845
1893
1563
1693
506
864
1542
1505
295
1120
1405
1446
32
95
939
1782
1636
1188
220
11
266
421
1329
1251
1261
185
36
867
1105
619
658
1656
576
1947
745
1976
966
367
735
1399
437
423
684
1798
1558
478
70
966
973
1148
743
266
375
136
637
1945
1971
683
1198
3
1482
432
229
539
1836
1751
1693
1891
1897
1225
1401
1302
872
549
878
670
375
1433
558
1813
1440
1405
258
409
997
537
259
121
456
1622
1477
236
73
1042
1008
401
252
1661
1004
992
1750
161
696
703
1156
462
839
1809
184
979
456
1290
721
1801
369
877
1910
1497
23
630
479
1566
1021
1811
1489
757
806
941
19
609
1768
1061
193
1435
1967
985
669
1078
1675
933
1308
1920
184
1174
740
277
1128
1467
1184
430
143
1300
222
1911
1194
1196
614
1293
972
1715
1143
70
1399
804
543
603
1076
1526
1910
64
111
269
1768
1365
385
688
1517
1141
1867
565
1991
587
1517
841
200
548
816
60
1053
383
1734
1992
314
1393
1452
114
227
1766
1480
1930
309
1810
181
1405
383
1173
1913
1386
576
1948
1407
593
1886
1412
1813
1062
112
650
1764
1797
1689
1886
7
16
1650
870
1851
52
1938
1535
1778
170
1868
1662
1907
1321
1013
948
1569
952
1361
592
1702
97
1929
526
1869
1345
347
1693
233
1933
591
1342
452
206
417
1817
1352
1197
1407
1786
468
825
624
728
1244
597
1167
1142
1872
1503
724
403
1926
299
397
1404
1622
350
654
561
1363
1830
786
1380
1233
1303
1804
1693
647
320
335
779
1763
1964
1350
1078
1364
805
1168
336
1736
83
1900
1226
1282
1569
205
98
1671
1392
1819
1113
1046
277
566
803
194
94
1383
1992
1341
1187
1588
1175
1330
583
1360
90
1455
1613
1693
293
1421
135
1503
632
846
1081
1758
948
834
1772
871
1130
870
1215
1776
1407
1274
1608
726
940
284
1208
501
1009
374
1629
515
1081
1553
833
217
1065
1461
1407
1167
1331
254
1557
1379
631
620
1637
1990
312
1303
1206
627
1900
1101
1368
957
606
842
1989
1731
1214
947
1346
1491
615
415
1125
649
929
82
480
161
1309
1415
1083
1057
606
1945
1280
476
119
1182
944
388
15
769
1411
47
1297
1034
1725
1749
1744
412
795
963
440
1435
1405
351
1792
24
1726
1945
1003
1659
1774
602
493
988
913
188
1851
1918
496
1062
779
1080
1997
1922
11
624
323
1004
1421
1382
1932
1401
112
1483
1149
354
602
205
60
396
129
1568
210
1461
201
1658
42
1452
679
1658
1641
1533
1460
1798
1448
1433
1342
1073
1069
430
1800
1637
792
1544
946
1778
1049
819
1283
771
1903
1276
130
697
154
707
37
1302
1922
1967
1216
984
1249
1054
1247
1201
395
311
575
207
670
798
870
556
308
787
1603
276
1381
1832
560
1134
986
429
1124
1866
316
698
1925
677
299
1480
1034
1148
682
252
1727
1275
1656
529
1346
1520
906
1233
298
608
691
480
647
453
261
149
1604
84
481
1461
1625
407
283
430
733
1995
1481
1341
1369
200
1770
1020
456
856
659
284
1242
534
1237
1530
408
293
1450
1601
609
890
1614
1261
1331
647
218
247
70
916
795
1618
578
1452
1057
1696
1776
257
228
977
494
1725
561
1962
700
39
1378
1150
100
718
620
412
1047
421
1730
948
1873
331
1159
935
1822
1318
1600
250
887
667
743
54
1029
1708
460
1632
566
1454
1062
1456
764
1206
247
16
35
1760
1518
1779
1915
1868
1894
1215
995
581
844
904
919
1839
1534
731
736
1309
1422
531
314
316
166
892
835
1919
645
162
1790
55
743
356
647
1967
1283
939
1458
146
1246
1713
924
1257
222
1792
1187
1189
57
568
1538
1445
1259
1179
804
1397
1509
681
9
451
1331
548
790
1327
1622
1039
951
638
1424
1768
1024
1899
1007
1534
945
571
736
1825
439
1403
437
5
111
504
817
1410
1398
59
319
668
1708
175
259
185
295
176
1320
1540
756
2
1449
190
728
219
347
507
996
1454
1143
944
1351
837
854
1719
109
1130
788
204
246
1458
1623
1336
977
759
265
1703
807
1504
1681
1480
1220
735
1777
1264
1935
774
216
1564
1035
1735
1894
401
1175
1831
1504
289
1712
943
842
1357
454
1119
977
817
427
462
811
1313
648
1586
1653
1070
1386
184
1996
1188
825
1841
1864
131
106
282
1954
312
1418
518
215
440
1786
1786
372
921
155
916
1889
1420
1455
1305
1082
202
1166
986
1816
1130
1882
1682
1087
1085
1594
1391
272
1430
1411
234
463
409
261
4
1471
815
913
399
617
867
1465
183
1163
381
1679
1531
861
1800
47
1644
175
145
617
1392
526
654
630
1619
981
1145
268
812
1552
1208
1756
407
1244
1003
633
1652
426
225
1571
1067
915
1142
1345
25
261
957
1853
76
1964
54
442
1784
188
1021
432
643
1226
1055
1240
195
1770
729
1395
1442
178
1615
1444
715
814
1397
238
1364
637
1565
168
1191
1481
1950
446
1103
596
734
593
1564
525
1436
46
578
962
396
1451
1572
304
816
13
1273
1637
1151
792
1208
1639
1588
382
422
989
662
217
489
1771
751
627
743
1451
396
914
720
502
1072
994
1605
659
1717
1658
1443
166
992
640
1680
570
32
392
1601
473
3
1767
181
103
1668
1463
1970
175
580
499
1882
1157
1604
562
1785
619
1485
1024
1134
31
1277
920
1668
1233
1231
1678
1723
307
5
1896
968
1129
1684
13
326
1039
235
1254
119
1034
1857
673
267
887
1691
1380
1035
399
999
1006
1539
28
1833
1385
1194
1781
1423
572
1727
645
722
605
194
1322
652
19
1051
682
16
810
507
1711
1434
1264
1758
675
84
1756
1546
855
930
1742
1222
925
76
1249
1402
1637
1173
29
1055
1268
1340
218
418
1985
1919
1391
186
1562
1606
935
995
627
803
1861
1319
1646
1556
911
1961
230
1970
773
605
965
698
1493
1959
886
70
151
1022
341
343
1171
445
1602
448
771
1798
1236
1586
162
1747
922
416
1972
667
781
1918
255
61
1313
59
503
1451
1354
56
312
1462
1963
1556
524
82
442
501
1068
230
192
1349
515
1747
1052
1383
1758
143
775
868
1280
844
1234
1287
594
1321
267
881
776
1701
1551
1385
1086
1771
1881
356
1393
607
137
1373
106
499
1968
65
517
22
1079
361
112
154
1007
421
1663
1568
1090
1202
284
1346
89
1623
1499
461
1624
338
1468
1481
788
314
570
647
1716
560
480
678
1637
391
1659
609
519
845
1387
1320
1925
1621
1027
1498
1426
1315
991
348
159
1587
1941
1689
793
774
1413
1909
1839
842
474
367
1633
1572
546
1555
1139
141
1242
378
417
1718
147
431
509
1209
433
1870
1156
1118
1713
314
671
295
1722
139
326
393
557
691
574
1559
679
1436
866
1164
261
1776
1919
1093
1702
1971
90
905
956
1969
1661
534
92
112
382
873
38
354
1040
1753
718
1305
258
160
1256
1654
902
1063
1523
625
221
1389
668
1535
333
484
1395
770
1828
425
1354
1155
150
1598
1834
1172
1683
1941
720
133
1636
1851
661
566
1427
862
731
1604
1530
1181
179
961
852
650
1371
228
1184
1134
452
570
293
1034
994
1992
511
1510
445
719
854
1736
1509
1962
927
146
114
1030
1196
168
1225
1134
1359
1004
490
1555
1485
1240
54
596
1677
408
943
1216
47
1089
1207
1429
569
1970
650
867
189
293
520
739
1718
450
1386
701
1793
1873
918
1547
1081
761
430
504
858
586
690
1875
1751
1923
566
1414
840
1697
1550
1470
1979
214
1797
1670
362
417
1917
1716
1485
367
1057
112
1638
237
1671
1901
923
409
289
1653
1105
1333
34
37
467
1398
62
802
1506
335
1498
1638
1334
885
530
1947
1347
735
553
19
871
941
667
802
95
1921
479
1816
362
1470
120
1615
1765
1947
570
1981
421
68
1338
134
435
158
991
210
529
773
340
598
395
1268
447
434
409
1375
1499
1558
641
1248
450
1362
1273
893
967
632
378
1587
1983
688
928
1521
367
728
893
483
481
278
1918
1064
528
540
934
147
1987
1206
214
315
1287
1042
1918
127
1140
1741
108
1450
657
182
67
894
1188
1153
984
944
802
491
1030
144
660
101
1201
1284
506
63
999
608
266
690
611
1636
305
1689
1915
1
778
1421
457
617
428
1356
294
1170
1133
1638
1714
1431
597
1443
625
844
1101
532
175
1579
214
948
228
432
134
1531
1971
893
334
240
732
1291
1831
1655
977
1182
1882
1870
1414
1715
158
400
1
1048
988
1013
161
664
1039
23
604
1395
472
1280
512
1654
397
293
1130
1467
881
601
597
848
1999
143
667
332
1840
1265
1239
596
1292
1750
1962
137
141
803
524
874
255
1873
795
958
1443
1494
495
1782
723
147
1134
1955
1696
1818
1883
212
199
793
664
1993
1986
247
461
777
474
1930
545
92
202
1267
