738
2651
672
3417
2317
1585
5333
5491
4986
3385
4229
4528
4882
3220
1399
1291
609
1502
1963
1613
627
5921
1404
5779
1080
2179
497
4749
195
4031
1871
5379
5141
209
3455
4802
1184
5739
3911
4436
2923
1189
472
1934
929
3569
4308
2659
774
4540
4538
1237
1144
2449
831
4171
5469
1768
4698
5887
735
619
4523
3422
5505
4840
5561
4226
572
3603
1672
4493
5418
2531
4628
4811
2510
5229
988
2330
1726
4574
2253
4966
2831
4369
2442
3549
3772
4864
4805
5489
1906
2279
3213
3964
1882
2709
2036
845
499
2060
891
3600
5516
1735
220
2476
4012
267
4532
3526
3550
3350
2187
291
2716
2997
305
5579
4150
5265
5031
4041
3711
1433
2135
4527
4405
491
1857
5910
2875
3291
5892
1555
244
4502
181
5077
1406
4065
3998
5370
1513
4074
4662
2097
3443
1120
4793
843
4177
5759
1428
1003
4204
2451
1999
5116
4373
3182
1815
5154
2646
4260
983
3464
2887
4755
1506
3673
3610
1249
5264
3914
4723
5741
3507
5700
3159
2375
644
3455
1888
2172
5407
4506
1403
5690
632
3016
5039
5602
1384
4164
1001
379
3912
3685
3992
4866
200
4188
1874
2095
1149
4058
561
1012
2357
3199
4718
3823
4632
5197
2968
2398
4093
3131
5553
2882
2725
2805
2150
3739
3720
3057
4072
3395
3387
556
3420
5656
4203
5875
2203
4129
5817
878
2726
4961
3393
2982
939
1433
3496
4999
2700
824
4161
1217
3330
3470
413
2937
5134
718
1901
3324
3815
3458
3525
5379
1717
5176
718
3521
3801
2777
456
90
5895
3370
3995
4894
721
2300
5960
4531
4993
1519
177
5665
4050
2787
2497
2822
5564
3326
681
2554
5098
5050
2120
1004
3946
2566
2358
4411
3136
4284
4286
4386
2103
5651
1846
5387
1221
1403
4652
1124
5226
4917
638
4270
3925
4469
1702
242
35
2224
3041
510
3541
2159
5978
4093
3661
5046
1447
3029
4740
846
3199
3258
4331
3198
1591
1744
1932
3929
5176
4701
4876
1280
5359
2493
4095
4824
5041
3967
200
4118
2952
4381
2876
2263
878
5689
1922
2573
2789
866
3625
611
1264
4582
2981
2385
2770
513
5064
4379
3905
2628
1609
4
5958
4465
5300
2496
1844
3539
4750
5622
5395
5850
4579
2949
2360
1684
3293
2798
243
919
4083
2942
3620
4394
3692
2143
954
324
302
4517
1866
3964
3048
3923
1560
543
552
1856
3397
4368
905
5668
1430
2874
1373
1836
1516
5025
5219
525
1765
2455
5157
2437
4351
4778
4737
1021
3684
426
98
2234
4054
3065
810
1491
4457
2523
5870
2861
2215
2700
1262
1954
1924
2449
1600
417
1471
4166
1447
1822
17
1895
4501
1386
2821
1002
4234
2829
1380
2681
40
3728
491
2814
3877
5575
3772
4920
3244
2283
4350
490
384
3366
2690
4209
4862
2023
4979
3126
1774
3094
969
3834
1381
866
3802
2302
5883
4469
2109
453
4
4457
3997
2385
125
4963
5222
5210
3892
5054
751
2493
4164
1011
1219
3137
780
1956
3086
3573
1243
4696
4785
5365
59
4864
179
5323
4391
3160
852
5409
1545
5434
5118
2981
2933
2732
4522
2726
3292
5337
5996
4923
813
2173
5885
3443
4430
666
2067
4279
5555
3512
4463
5003
1385
1274
1218
1555
2258
4923
2044
4770
3965
4998
5667
5278
913
4005
3709
5328
374
5602
4683
3719
1088
3113
386
3916
184
4526
4838
2239
2393
1371
4869
1153
1828
386
3533
3435
3777
225
1323
924
611
147
1873
2976
822
5538
3827
5915
3783
2939
4703
5333
1792
2202
1254
3279
942
3764
3835
227
3441
2644
4471
3530
2592
3309
1607
1736
855
3694
771
4433
4910
3235
3787
4047
2535
2456
4863
2363
3139
4920
5244
1017
5105
964
2126
3824
2708
5744
1767
1542
1248
5111
5594
5531
1121
3902
1716
908
1352
3478
2088
8
3235
5419
1493
3615
4392
1034
2183
4581
2526
1759
2854
3254
3544
5916
1550
1524
2318
4133
1484
2012
5609
3656
1122
2039
5387
4971
1304
5132
3721
5022
5023
675
4903
287
387
772
3070
1004
1500
653
2044
3299
1521
4770
3800
4549
1210
3023
4048
1641
5376
5193
3985
4156
1379
2755
1986
1622
3511
5373
3550
5305
3484
1510
652
3283
3961
5506
3340
4722
4933
806
1360
2311
1873
5680
2453
3
2965
5444
781
398
3286
945
3531
3270
752
4499
3130
2548
3158
3265
4665
5035
3155
3222
5207
3210
2140
5901
4023
2209
3604
4453
1088
4032
4987
2740
3732
106
324
1672
5467
2872
5250
25
1771
5242
4958
330
502
1865
471
4238
720
4248
1143
5879
3020
5881
5582
5929
1586
5292
5902
2013
4623
3185
5906
2626
2921
2639
139
1038
4908
5821
648
4163
4998
3197
529
2348
1196
3353
5328
2998
2631
3381
4781
4716
2799
2788
1893
4458
3810
5383
4534
35
4048
768
5289
2254
2982
261
1309
4891
5830
895
1692
4996
1775
2738
4348
14
1566
1607
3940
4255
5089
3637
2216
1273
515
5439
5444
4260
1818
2950
2529
634
5689
2559
3015
540
2129
2832
1967
2514
4347
3587
5570
1776
3947
1917
3876
4852
2226
2888
4295
1563
5634
125
4286
2851
3550
2253
2287
5643
4046
3678
4147
5287
3004
931
3549
1904
1902
2468
5652
5576
64
2701
3519
2747
4621
3282
2844
3505
3306
5344
2749
1296
559
4639
1104
5518
4259
2660
5258
4324
3171
2674
2975
4702
2910
3664
2576
1102
3840
2918
913
4097
3097
641
2422
3657
841
646
4218
346
1339
5171
779
496
907
4385
4773
5325
3381
4086
2409
3217
2860
4199
586
1522
2611
5482
565
3563
4427
2265
4490
4720
4554
4930
5115
4655
1700
748
5455
3730
985
1333
420
2449
1307
5766
1151
2613
1930
5224
465
583
413
4719
5784
3575
4335
3764
766
2697
1220
433
4514
4969
1351
2902
34
4655
3729
232
2690
2638
1560
2905
3979
4838
1010
3523
803
2745
5860
1837
2532
2683
651
1264
5116
1250
1046
2164
3457
4013
3950
947
2223
1457
1076
2671
4159
2334
3973
2463
133
1297
4060
1108
2326
1619
708
1050
3252
3934
3816
2363
1080
1135
5802
5101
1163
471
1820
5804
5425
5499
2110
5730
4162
5020
4948
2226
950
369
2211
1652
2653
2208
1449
1146
616
187
2854
1249
3575
5511
2474
5588
5056
4440
5580
939
5497
281
3509
496
5938
4679
3863
1698
2450
1917
125
5746
1100
3930
2048
3291
3325
1966
386
5311
5077
2148
5755
3020
3376
4681
4606
5533
384
5259
5032
2525
4473
1308
4868
2614
664
5014
1789
4615
3265
3144
1393
5797
4292
2671
2559
3784
2874
1136
109
1542
1346
1137
2936
3229
4083
3495
4872
3594
5309
442
3151
1879
4640
2613
1583
848
5720
4138
3253
2278
4
978
1270
397
5058
4850
100
5680
792
2921
5212
2436
1857
4246
4512
1514
4995
4662
4908
3406
3001
3291
2919
3981
2626
5768
4328
3923
2612
3688
658
2610
2430
5871
5486
5263
5530
3065
2916
1270
3867
2238
2293
1117
4680
3799
4183
3830
5524
2042
3790
623
5018
1632
3876
979
402
5896
5621
4547
5426
2725
4569
5791
2356
818
4766
5630
5232
4822
834
270
2870
3475
2970
2965
1274
2728
5298
2374
4428
4454
4626
5535
1890
3055
5288
3614
1509
1258
5352
4500
5845
5683
1533
3650
2042
3248
4810
5600
5880
2847
3186
2925
3006
1114
5584
2800
5819
3005
2772
140
3229
2286
4283
4483
3287
1962
1386
4753
2526
17
5926
1481
4417
5816
898
142
291
2028
4918
2247
4519
3158
3225
2357
5222
1402
5627
161
3583
5321
82
3726
2748
2711
5247
1054
3772
5207
2363
497
451
2498
2563
5336
3306
1846
4205
1223
4212
5531
246
1480
255
2065
5114
4716
5635
4405
31
269
3802
1122
4687
3248
5596
4517
1072
2774
3542
1065
1217
5153
5558
4976
5315
4387
581
5667
401
4977
5025
2928
2926
4903
2742
2931
714
4790
521
4528
1008
1912
1009
940
2783
1316
4706
4859
3043
1821
5591
5139
240
261
4875
2960
1546
3854
3860
3473
803
4545
4237
1248
3874
5608
2719
1615
4700
2005
1307
5070
1042
1718
3814
377
1767
3376
3250
1021
1244
3944
5380
5499
3450
1361
4903
2949
4828
5919
4925
758
1062
4730
1405
1438
2181
1902
3262
1819
661
1903
78
3939
25
3706
1791
750
4730
3799
111
2576
3887
3755
1058
3796
3046
2697
590
4036
540
5736
4739
2405
1583
5872
4725
767
2717
5502
1079
5082
2344
4344
5766
5412
3305
2874
511
3727
1149
5694
46
88
2240
2921
4996
5729
965
2258
1332
1041
4352
2175
1898
2865
5056
3864
3208
1287
5420
252
4863
1055
5417
482
4758
1989
2821
4056
1034
272
4307
4711
4226
4904
4275
3688
4942
216
3293
4271
1212
191
4346
485
4326
2144
1872
1205
1579
889
5176
5420
5464
1600
2845
5539
1715
5945
1859
3176
4148
3829
5377
2680
401
3157
5212
2586
5556
5772
5314
3925
3803
4818
2624
1825
507
3637
3920
5611
514
4521
307
5874
3592
2448
3015
3630
4913
4741
3829
4480
3522
4034
3178
2180
2269
1314
671
3236
138
5713
215
3542
740
4063
2308
5894
1966
5651
3815
4718
3248
2476
3186
2017
1330
4579
2075
391
4275
2828
4432
4034
438
2092
1426
1648
5530
5700
592
4281
4389
4235
1392
4984
3436
3946
3323
2167
466
3376
5094
5635
2474
5894
5817
2126
3530
5149
302
4259
3694
1443
5736
3924
2502
5141
3294
719
3742
5694
5650
1823
4840
590
1234
3855
695
1094
4282
5321
1034
2879
4307
3645
3828
5930
2236
5981
5972
4034
3396
117
1926
1614
5393
824
5797
994
5937
5045
603
1365
682
5816
3894
4382
3488
2285
2633
4135
1139
192
1484
2852
673
592
3569
1789
831
3602
5045
3206
2864
2673
1998
5151
719
3506
1975
3048
2223
1814
4405
5133
3773
1433
21
4255
5534
5528
629
3042
1499
5039
2219
387
5269
3584
4246
4994
5238
1280
2655
4429
4502
1611
3083
2861
3910
5320
3728
729
61
743
4097
3160
4941
3094
5608
3461
5889
5363
5103
1659
2501
3052
4540
2255
2962
674
1494
4541
1397
3420
5496
859
1034
936
5009
1322
1530
60
5188
1306
3758
5547
3027
4077
3199
4051
2788
708
2892
3778
5325
5605
2359
2393
65
3406
5645
505
3543
756
3535
2266
3651
2244
3073
5515
1219
2298
1727
1171
600
3696
5927
2518
1487
126
3447
5939
2939
2592
996
4058
3521
3829
4068
1899
2640
3427
4217
937
4890
1432
3610
2846
3556
2860
1183
4040
966
2370
664
5169
3919
1869
2475
1356
1992
4351
4441
5291
1091
1421
3292
5438
4192
2942
4767
5558
75
1874
5498
2231
5766
1280
1192
1100
2191
1047
1095
5780
77
3782
3499
2154
2796
4967
2255
5570
419
5157
3065
5311
3998
511
2105
4690
5725
3685
2334
3341
3080
5455
4613
726
5517
589
4591
1815
440
297
1309
690
3182
329
218
5713
2085
3008
2278
4779
4115
2196
4155
4019
2898
3114
3118
1643
4397
1581
3859
2934
4138
3134
5949
970
132
3670
5121
324
4275
4070
3621
4022
5098
3407
3451
3579
1373
2606
1348
1772
573
3039
5683
5195
866
5042
2399
4555
3844
4539
884
643
3573
4611
1462
5176
1694
1101
4483
4023
4757
2035
4500
292
5688
4286
176
3548
3449
4740
3966
743
1429
1291
3956
746
5330
2108
1537
2377
917
4067
3347
5321
3102
4739
741
4866
5857
2694
3657
3172
561
514
5982
4209
1866
4759
2478
1560
3035
661
887
1010
671
5851
5604
2341
4951
1962
2855
5334
1733
1896
3237
411
2327
2480
1118
2462
1710
2742
71
222
4267
4120
1062
2976
373
5568
905
5171
1513
2327
1716
4128
2526
436
3797
3536
2707
3809
389
3687
4552
3630
1182
303
4022
1567
4243
1520
2028
560
1697
3962
3639
1354
4720
2837
3117
3197
629
0
2613
605
392
4966
4503
5065
1852
686
4780
2998
1408
3649
513
3226
1922
5623
110
1124
955
5722
4733
969
3898
4892
5497
3754
4033
4997
5861
1249
454
516
2693
1418
119
3942
3165
5343
4958
5765
4565
4059
5932
5112
1909
5776
1077
3432
5971
2915
4007
5954
2262
4421
2616
1176
341
5709
1916
3555
897
929
2736
1091
2924
4500
1190
4630
4117
4889
3149
3975
5778
2517
4091
5006
2184
1955
442
838
3097
3985
1101
2939
3690
2119
1358
3714
4976
1704
2901
339
4359
3969
4630
1505
2287
782
4488
5354
2499
3788
2894
5609
1175
3385
4900
9
189
4775
3639
1140
996
3440
4129
5258
4862
1028
5471
1789
3661
2941
5009
5049
2809
1715
5422
3665
3312
620
4706
1908
2970
4539
4389
4239
5880
649
264
3580
3097
3409
3934
5992
1465
5221
4597
3634
4118
575
4929
302
1135
5506
4595
3946
3532
3502
475
3016
3573
3025
2423
2986
1744
4395
2054
2684
4329
523
3485
4107
4992
3669
5717
3860
5866
4661
3040
2487
5893
300
3686
2761
3117
2377
240
3849
3043
3876
2560
1274
2736
3491
1307
959
342
4591
2740
4246
2303
3553
4279
923
1285
742
2846
1789
301
2082
5299
221
1456
5441
1203
1266
5960
4520
5019
3034
1411
1113
2162
2555
5959
5637
1587
5480
3283
1388
2901
2543
2797
5793
1816
5423
4221
4345
3006
4998
2853
4785
1396
1720
3163
5215
3596
1901
4501
993
2057
1089
4336
114
1749
5071
1549
2635
4066
5623
1961
5302
5003
2268
167
4365
2295
3227
3516
4241
1882
3429
838
3831
215
3229
4666
589
4949
3469
2360
5786
925
1315
94
1651
5246
4457
5206
3049
4749
3666
4572
4016
5260
3600
1873
5851
4517
4275
1125
2659
2980
4236
5892
3446
2286
4143
3824
1196
2850
4231
5830
1317
619
5491
2240
703
5247
3950
2294
1379
1431
5997
3538
4318
5770
1297
1439
5534
4360
5612
1389
834
2097
1712
1188
1588
1584
2835
5217
451
3847
1151
114
3608
2568
5782
1882
4666
4141
2674
5394
797
1844
602
1309
1477
459
2513
3013
537
308
4329
5783
3043
2613
3029
3656
884
3054
683
4179
4531
2424
1272
560
1878
5735
3950
1954
3833
4027
1721
1069
4939
2105
3215
2625
1881
3073
4933
3144
994
3051
1566
2568
1577
1075
1646
5638
5321
5982
3901
3368
4243
3192
4424
2948
5698
3404
2289
4106
4096
543
2454
1674
4353
2729
2863
564
3821
4849
2113
1563
3452
1332
192
4100
1449
433
4433
481
3913
276
2509
3460
2885
4957
2641
658
4690
1948
5634
1014
5218
5484
5311
4735
1892
1305
5375
5976
4006
367
3832
3777
442
2080
241
2463
279
3794
5024
2269
3622
1635
5693
2381
4637
5401
4568
4303
121
5275
5686
1788
1796
629
5062
3711
3814
4364
3457
5777
343
4479
720
2912
978
2101
3224
284
5078
5833
1376
206
3398
4703
3491
1461
2832
1890
2449
3645
4827
1835
752
654
25
3664
3167
223
780
2166
2379
5221
3861
1541
1771
636
2167
5815
3590
1520
3162
28
2261
2424
1932
3341
34
5680
1458
890
4351
5058
5964
626
4164
5936
2454
2111
2816
1665
5962
3612
3648
5718
659
788
254
1703
685
4185
17
4014
5256
2589
1010
1744
875
528
5231
483
3366
1270
5080
4897
3375
2676
5878
1368
3950
2199
587
859
2932
3714
2981
1704
4534
4242
509
2758
904
4655
3372
1435
20
4337
2796
1208
2969
4908
252
2786
3472
1754
446
1006
218
2468
1802
4040
3302
1853
2454
1103
431
3082
989
1296
337
2401
667
2398
3228
4974
971
4283
1585
5644
1863
5686
4201
742
4751
2801
4789
3066
5174
1565
3184
5334
3845
1044
1329
259
4994
2787
4317
4442
5916
690
3065
5655
2733
4434
3197
25
818
4626
51
2594
999
4077
5247
2962
2811
5107
617
2122
2627
754
2165
3471
1563
3938
5092
1806
230
5050
2179
5750
3910
354
2033
4646
2935
1478
2223
5604
5654
1203
4992
807
4256
2641
2815
930
5941
429
1103
4206
4763
1890
109
3586
1598
3060
1682
5410
1093
2888
294
5281
5712
19
4558
243
4861
4670
4022
4036
4522
5315
729
1311
2501
3750
621
4252
3376
5235
3372
362
4016
2432
780
4692
4596
4030
3392
4098
514
3186
1592
5439
4749
3354
4
579
1907
430
2566
5900
3555
3669
2756
1710
1035
129
3453
4804
720
3112
1427
2305
1191
704
5062
3880
4848
2581
706
1044
914
2314
2463
4533
1
2491
4278
168
2284
3114
3027
2897
163
5774
3333
823
1926
3444
3331
5533
3081
3377
1049
1257
452
4005
4351
1314
4358
2381
795
4795
2009
2070
429
2806
5456
3641
2824
1975
3581
471
4945
5414
4912
5234
2687
2032
5818
3333
5939
411
416
3921
2097
1236
3722
1974
1548
4599
4107
490
4879
362
2907
585
1960
5959
447
5401
2287
1796
2106
3112
5684
3696
5037
884
3879
3148
2347
5607
5729
1043
3256
1421
640
2391
3263
5924
2303
3082
5857
4159
867
1159
4523
1463
3394
3403
5281
2958
3263
2178
4727
1953
4576
4194
351
649
4321
1230
492
5822
2721
312
3349
9
5785
3383
2229
3668
4237
2240
5631
1857
1451
3380
4750
4596
1649
5414
5643
4989
3723
4535
5976
1094
1593
5392
5497
2661
719
4043
5538
3214
87
5615
1275
4137
5745
1798
2353
1147
3338
1516
5830
3748
4650
3942
2424
4964
5911
3133
1231
234
1528
2918
2576
1019
244
4703
2127
5323
920
343
1745
2236
1783
4203
3087
2848
2955
2329
4438
4236
2218
1554
2812
4635
5109
1329
3917
5947
3946
1939
4803
4153
2553
4690
1476
404
2867
3778
5301
4880
814
1750
1613
5034
1909
1632
4516
3171
5132
3572
5258
3371
4146
4279
868
123
4783
2473
768
5678
5277
3436
4170
573
722
976
2136
486
4859
5709
4992
3576
5557
1788
985
366
4469
2563
4206
3045
3160
347
2687
5996
804
2495
2354
423
3085
1250
423
368
4019
2221
5897
827
2489
5653
1248
2979
5665
3237
2051
1430
2802
5117
1098
4154
4507
4663
5922
1371
5842
5585
5706
1235
2309
2572
4826
3492
4418
416
5044
565
5554
5386
290
3158
5567
4595
5247
5969
5623
5790
3266
5679
4937
749
5284
132
2108
1216
5667
3705
78
4796
4991
1332
2010
4532
1137
3574
4819
5159
2860
2273
4957
3622
2107
1171
2699
639
4202
3939
1586
4234
3249
519
1341
512
395
3424
3194
3187
5189
3315
385
335
4849
2612
1541
2859
314
2145
1635
5035
1474
5928
2792
3173
1608
886
4623
205
5013
941
1223
928
5525
1937
2242
2794
5347
4080
3066
4340
4396
588
175
957
2678
1318
2780
1540
570
3784
2071
4463
3804
4366
3382
4107
5787
370
3007
1409
3764
740
1848
3249
1505
498
701
3182
2383
5337
2976
406
1805
3096
1451
5532
2944
3453
1121
2547
35
3151
5714
2777
5180
1704
5261
5549
5498
2332
5536
5007
1498
3386
1003
1251
3849
5790
1490
1682
1460
2880
5201
5661
3547
125
2026
5438
1636
4431
4937
1117
1979
2428
2169
2715
2951
2616
3744
1695
4152
2344
3189
1419
3613
645
146
4090
5234
3192
2692
5640
4646
4472
1631
3901
5114
4685
447
2312
2406
848
5897
3893
3750
1857
5136
3770
5009
5364
4387
3380
2314
1209
147
5640
1983
4679
3395
5512
5983
4181
3256
325
1289
5061
4032
5884
4607
813
1151
3886
1065
1362
3348
4111
2790
5571
5946
2091
4238
5439
5514
5968
5410
1781
4830
476
1749
5350
896
5300
628
1897
673
4493
3312
139
2870
4459
2829
4240
1677
4820
1426
2282
3901
5040
5793
4053
2379
3824
5521
4733
2217
2903
2502
5565
5209
2473
4019
1013
1967
3887
5461
487
500
2196
112
1518
3479
4064
2776
5403
3054
334
1254
1437
986
5419
2682
1884
4104
3374
1391
3795
4948
1342
4522
3320
552
2661
764
1336
2738
1055
535
1236
4356
3710
5101
5234
5237
4014
1268
3938
3301
2832
1798
5342
1933
5621
5861
236
4341
5097
2700
1011
5471
1929
1344
5304
2960
3154
2917
564
3919
2392
893
3
4470
5631
1387
4940
3398
3914
1846
3176
5991
5566
153
4065
2572
1217
999
3480
5093
4260
1340
5251
5758
59
206
2705
405
5509
3378
3259
1897
2988
603
42
3997
5627
1694
2591
3804
295
4641
818
3447
107
945
442
2298
804
3651
1013
4012
4037
2466
2470
5189
1400
247
4025
378
1778
743
4979
1716
98
2966
4698
3646
710
1049
5678
5197
3241
5513
3844
1834
4397
1332
285
5819
4401
3789
3895
4832
5519
3235
3199
3752
325
4640
498
452
2701
4888
2831
4803
5259
3281
3626
5613
5571
3489
5183
3244
1189
3219
785
4291
2006
3092
2239
1506
828
5930
4833
722
3413
5747
2357
1307
1525
1307
2608
5926
1210
5864
5075
4108
1373
4496
5580
2173
3624
5418
4998
5900
3246
2786
3054
5607
4924
4725
2626
1237
2938
572
2504
4521
2413
3686
4745
2979
1724
3470
1752
5797
5533
172
1091
2338
1964
5191
485
2402
4215
4264
5605
1347
4265
5386
574
5994
4257
3005
1004
3191
5470
889
3216
5990
1833
4928
1008
5426
1871
5132
1582
4276
4074
120
4851
4425
1739
667
1272
4033
2198
2270
3233
3236
969
4303
5527
3935
3514
1710
2000
268
5837
3317
5740
4544
3391
4900
799
189
593
2746
5558
5704
2372
1024
3704
5925
3566
2607
5803
4494
1671
2050
3263
162
723
1990
2635
4603
3691
2637
5858
5688
106
1746
2657
4296
4897
5095
1928
616
2967
4875
2883
5588
305
3847
5012
3290
3818
903
1151
1196
671
1158
1458
2579
169
738
622
1345
5288
3086
918
3855
265
5030
867
2341
3684
2797
5793
1512
5956
2515
4186
5277
3251
627
5757
3948
2242
2296
1627
3487
1554
319
5566
4506
274
5623
2214
5221
245
3509
208
3829
4111
5028
1093
5353
3948
1610
4781
3311
5165
2582
4991
1702
5264
2630
1750
383
1962
228
3857
1021
1748
416
1815
3163
3952
3529
4004
5244
1990
2565
565
46
3695
913
76
600
4173
2386
3601
738
2965
5113
1749
2868
554
3060
291
4727
487
3874
4902
2023
665
4687
2001
2218
5623
5981
3119
1034
1166
2707
4216
3534
3581
831
812
103
3994
1528
943
4934
5824
2703
1681
4299
5814
5795
2553
2520
1900
3667
5549
3635
1796
2606
3360
4843
411
3462
4089
402
2179
691
4892
1561
4958
5716
3848
3193
2809
3585
4716
1469
771
940
4342
4286
1080
5605
3162
4054
4878
3421
1115
3205
283
4866
1145
3442
4689
841
4631
3593
5896
4857
759
2243
1670
5396
5557
1171
2989
2049
1965
4317
4001
4260
3818
5505
3908
1584
5404
53
2720
4131
1540
2704
241
399
1871
835
4492
632
2829
5746
5392
3097
1517
3696
1752
3073
1463
601
601
4779
4357
1576
1086
4092
62
4617
5262
4774
3153
3641
1911
2121
5099
2937
5561
2600
4566
4114
5633
2777
4030
5426
3392
5238
3024
2628
5480
5537
3969
3630
2275
4709
8
2804
3103
1239
2985
5290
4842
283
2063
4422
4694
643
2485
5684
4121
2786
4210
2659
1107
3087
3631
668
1453
2949
1989
5475
2923
1495
5480
2023
5917
2929
4874
4931
3528
4442
3677
3319
2347
2085
4313
2832
5585
1942
3318
4931
1347
497
2359
714
2423
4671
3091
3797
4489
2282
4641
4146
3524
2344
5343
2679
1580
356
2831
1899
3403
3879
2271
2948
1367
5110
851
5676
4493
4293
3729
1581
1308
3497
4665
1995
4816
4027
79
1
3753
2329
3463
4787
1559
4358
539
1218
4292
1186
2972
3583
5759
4148
1522
3863
4496
3571
4482
988
3069
1748
731
164
1160
4030
525
2282
4386
9
5143
5139
4449
4165
5451
331
1497
2375
1360
2238
1514
1870
4643
2786
4869
3588
5148
3857
2012
2576
5752
4549
1781
5800
3432
460
3707
2083
4085
2507
3474
3917
4271
4495
1797
852
193
5598
3581
431
1314
4204
5967
3182
5594
2010
1603
1324
590
4297
5789
2785
4971
4907
2106
916
5259
4650
3081
4542
4327
1587
195
5753
1274
282
2792
5832
3821
177
4856
4000
3076
2099
858
3556
3268
4154
1261
414
1247
896
536
5193
1614
163
608
3532
1385
3490
4774
401
4390
5524
5738
563
5708
3272
656
981
5731
1974
3821
2848
5723
564
1406
2821
4965
885
4661
960
65
4829
3090
3773
4453
2095
1210
565
4582
5191
3254
1888
3846
1075
5946
926
4267
124
2032
1761
3880
5491
1120
418
5658
342
303
4148
2577
4001
3970
3078
3065
5377
1613
5665
484
3925
4524
193
3557
1677
2060
929
5996
5332
1479
3999
5465
2122
1931
366
2495
2762
2086
5595
118
2971
3008
3095
2060
1745
5653
5122
1066
2099
5342
3561
3519
4007
186
998
1259
2970
654
2102
922
1868
3910
2601
43
4327
3318
4818
2011
4560
2978
4653
3315
5367
263
272
4427
5769
1700
3674
5801
3237
2808
1417
3338
3403
857
2776
5548
3279
798
4484
4982
93
5930
3088
660
3543
2438
3327
834
4842
2009
766
2325
671
3974
4996
4769
2221
2211
5345
4122
3291
4849
4004
4394
1139
861
2761
3467
5010
4418
4559
4418
4828
5256
3256
4361
109
4301
3785
264
2986
5006
1921
2207
1782
4435
3975
4561
5489
4244
476
3056
4842
2796
2255
2482
53
1192
367
2253
4471
268
5195
3044
3550
5811
5637
4334
3806
5344
2422
2191
4230
5046
1579
1701
5889
3616
3212
2833
3001
3342
3357
2144
2933
4044
94
2966
1859
1185
4253
1350
3009
1025
2284
2991
5381
5919
1404
2086
4525
2707
1448
5372
3057
3652
3743
3085
4260
4738
1417
4133
2329
4114
2458
4734
657
455
3893
5210
2563
2873
280
5385
4933
5669
3557
2360
2471
3649
2016
1510
2111
5978
1764
1876
910
1740
2641
5897
5026
4157
4864
2895
1829
5046
4359
4557
3538
351
2935
1730
2503
4262
3666
3467
2374
4860
2827
5345
1110
4332
3014
5122
1319
4969
3006
4938
2979
2835
133
5902
655
3397
4118
4372
2161
5310
742
4210
5579
5017
3209
34
165
1772
5681
719
585
5850
530
4784
5240
1845
2256
4893
5242
4196
3354
754
2707
1548
1008
847
640
1982
5615
2905
4529
1309
157
2913
3169
5722
5279
1647
4848
3806
1721
2027
4770
2627
4397
3655
4751
3343
4660
3148
3499
334
4571
2976
2561
3051
1893
1457
3225
5819
3934
993
1801
2423
127
4525
2423
2532
4061
3116
2396
4448
2844
3552
403
4058
1954
2652
4065
3054
4790
4051
895
253
1270
3256
5939
1333
1816
3704
5533
5090
5048
2992
5053
1536
4625
843
4257
3436
3271
1500
3324
3574
3424
3509
2387
917
5971
3762
3265
3063
1128
2325
602
4259
5407
2975
3324
446
3917
183
737
2630
4369
2330
2641
1470
2709
911
4085
3238
3776
661
5878
5445
712
604
2388
2198
4693
3917
802
5726
1968
4343
2399
3110
4186
3127
880
3368
2809
3251
4440
874
5549
4403
5161
82
2065
2092
2404
645
5565
4043
1965
3361
2633
5018
1962
3267
539
418
2058
501
3329
1261
3090
3048
3658
5510
2706
442
4015
1728
2103
1539
784
4159
10
2690
5704
2215
3205
3263
2674
2592
725
2445
5269
2
1034
1406
5467
899
3932
1122
5088
4522
5976
1070
5381
2079
4472
5893
3315
1713
4401
566
2445
2195
998
5857
5087
5348
5609
4407
5139
1065
2146
253
3042
3194
1224
2844
4103
5542
476
2345
191
243
3205
5884
2413
4886
357
5695
3450
4155
5611
3557
233
5538
3682
740
1833
2662
3447
64
3443
2059
1736
5510
4227
5475
2999
3778
2708
4765
1261
2573
1028
892
4588
966
4727
4543
1725
5403
2727
3346
520
4021
2824
2352
5410
3566
4906
5154
5953
4512
1992
5129
1707
4795
1869
4276
1436
274
5686
3166
197
418
4994
328
5778
3072
4550
5630
3812
4494
526
4409
3549
2218
5038
5329
3419
2612
5558
1340
1099
2649
3188
5991
5919
880
2627
3695
2634
1473
2385
1405
4375
1373
1102
1436
5018
4622
3232
2264
494
3627
5764
2773
3566
2696
2798
1945
831
3608
3634
4215
5354
176
4780
5161
872
5722
5017
3193
261
5314
3208
5052
5959
2289
5435
5691
1608
2355
1687
4848
4959
1239
2603
633
2798
5139
5614
4812
1652
113
2113
4136
3121
5545
3219
4323
570
1692
995
757
3475
2267
2384
2320
3161
2210
2813
4747
594
4453
1552
4873
4811
3637
3129
1643
5553
5310
496
431
5180
3840
5703
370
3317
1753
3583
841
5433
4651
4582
504
245
2991
1325
4750
2721
901
3784
1005
4457
5687
3791
2185
3542
4313
2562
4109
5276
607
4809
500
2844
5612
2152
2458
1866
4849
3394
3184
5321
4538
773
2294
658
481
643
3496
5843
2190
4289
1976
4692
5276
4951
5604
2084
408
5192
4899
467
4296
3500
4337
1625
838
5849
2596
275
5352
4529
4603
5310
5342
5492
5666
1147
5911
5829
5860
4915
4655
4187
5854
5892
3369
62
3884
1802
3093
3345
2210
825
4367
4559
4921
2949
5636
2957
4644
709
2369
4319
4894
1692
826
647
369
1527
3059
169
4005
3573
3135
1866
4292
2096
4210
5046
742
1898
405
576
558
5074
934
4612
1680
3958
1945
489
3341
4211
4272
978
2077
1559
4450
5299
5095
1544
2571
2257
4864
4493
863
2882
4637
1514
3244
5316
455
4153
4347
5193
4411
5363
2386
48
794
4351
1738
1263
1796
241
2440
1868
4972
5316
1995
2155
5640
3282
5617
5698
343
4991
2437
3992
3711
3510
2073
3292
2818
2555
4556
257
4156
1472
3032
2871
3532
2771
10
1989
5644
1364
495
1618
159
5941
728
5828
1255
3690
682
4815
847
5887
5412
735
1867
4569
1710
2689
5147
4949
2010
11
4358
1356
2058
2892
104
5496
1678
2990
74
80
5655
1912
3019
959
5165
544
904
5651
1050
2782
1677
994
4833
3931
24
4854
3214
3144
582
2889
5772
2683
2700
5020
1885
3493
5908
3121
1849
1519
4818
88
4294
2178
2450
4566
2895
549
657
2594
2469
5521
3572
5994
287
689
4488
706
2143
2549
4967
1740
2467
2534
3811
5795
1957
180
3747
2257
5759
5546
4712
2177
5150
1955
4490
2575
530
1142
3444
3179
4111
3325
3896
5820
2131
1252
2048
4897
5924
4076
1314
4627
1397
3103
4239
710
3669
1310
1865
174
5973
789
1279
3134
3204
3104
2790
5996
3721
4408
2309
4817
5467
4598
5613
4956
2464
4952
403
2710
2336
2321
3212
5456
5446
1114
3844
2376
4403
4662
74
2443
4894
676
4476
1508
3804
1453
2810
2259
1064
4046
2505
1256
5487
1551
87
3295
2810
4001
2134
726
2793
967
3688
1080
1849
3691
1045
1390
3746
4530
2155
2588
4415
137
402
1927
4154
1934
1114
2950
4659
4668
4948
3958
1293
2142
3659
2919
550
3092
973
836
1793
5331
5961
1248
882
1063
4599
1179
2693
5492
4126
3333
1355
698
1398
1209
5410
5159
4619
3658
3855
4070
2410
3644
1851
5957
2411
5737
3815
2372
1595
964
2350
185
3893
5450
2646
2225
1357
5492
4113
3169
553
5849
3334
5034
1532
913
2968
1963
3520
2932
2112
2912
3070
3872
5915
3289
829
394
914
4693
5958
5020
5938
2701
5488
4732
1880
5261
3020
3853
2651
3773
5183
366
309
3774
4583
3089
639
5375
5356
2871
936
4911
2213
5734
4818
2157
3348
380
5498
5644
2687
5549
5250
2210
3980
520
3116
272
2280
2489
245
1467
692
1367
1371
1992
4364
4237
205
3735
3701
2470
942
1014
3171
3857
4949
5815
2740
133
5444
3276
4893
5629
4994
4366
3982
68
1159
4732
4436
5228
2628
5825
2284
152
3917
3022
3999
4938
1444
2775
3038
3319
435
5866
1579
3430
4118
3369
4449
2807
5122
5081
4210
4992
1030
243
1211
3139
4365
3335
165
2091
4012
5905
3451
3989
4078
2660
3427
1452
3306
5778
5435
5564
557
3070
3010
1224
3162
3720
2704
616
2795
2423
3618
5610
1666
4902
678
2728
3488
5317
2111
5274
1473
672
662
4978
5874
4908
461
2518
3201
829
5073
1771
1584
5926
732
5996
1781
5672
3171
1786
5984
5403
4963
5517
5177
2890
115
3849
2390
2040
4278
4236
695
3793
431
915
1038
1196
289
2013
5550
140
3490
4103
1551
134
3084
1366
3130
4653
1616
563
2087
4584
5367
5408
1841
5909
4102
1641
5251
2182
301
4886
3762
4314
2972
2348
4038
3591
3954
452
5525
1043
2692
4451
4750
914
5447
2760
4783
3722
1338
2645
148
4098
5522
4853
653
4361
4131
491
4938
4931
5000
5163
2789
4061
2112
3746
5884
4434
3861
3167
4618
5430
3098
1429
4305
1983
2656
2505
3383
5428
5685
1782
5626
1374
1818
3536
5744
1067
2783
245
4111
5617
1037
719
3590
2799
5903
3319
1846
4079
2382
5572
5649
5320
5464
5824
3213
5760
2124
139
3653
191
3445
1929
333
127
929
950
5839
623
3132
3658
1495
2534
734
408
487
5780
445
4976
3240
3892
2192
1684
2542
3582
2818
5992
3814
4026
5055
4530
5471
815
3438
2561
5714
2441
3067
5323
5167
5752
5216
5054
2053
2661
3007
3751
3038
2320
5343
2209
2069
3108
3824
4454
709
5020
1788
641
5023
4511
5661
163
3399
2599
4821
4132
4828
2000
4877
1490
5298
2123
5486
4117
1150
1042
5814
227
2605
662
3543
2702
5153
4356
3538
2507
3977
3430
4299
735
108
1237
1881
978
5938
3341
4572
1749
4847
4057
3099
1759
5501
3453
1210
1587
3925
2482
4405
5342
377
3163
2699
2764
2753
1175
3705
3530
5648
800
4881
2790
2706
2784
3992
978
1940
2931
4233
56
5200
1719
5881
3479
3076
367
4920
2444
5582
5256
1696
1356
5942
3523
5502
349
5976
2417
922
660
4684
1293
2724
457
4900
3954
2829
392
5681
3549
2655
1504
3170
5806
394
1022
3387
616
5212
1700
542
3128
4444
210
2360
226
356
1334
2794
182
3928
5744
1682
2786
3559
4222
4838
5841
493
599
1453
5697
4578
5603
794
1026
803
3639
2694
1275
2539
271
4040
1622
3997
499
739
5547
2913
2604
2620
3579
3849
2784
1975
2019
4526
552
5245
1168
2076
4371
4572
225
3575
1668
4379
536
2760
791
3624
5355
888
3105
4113
1431
5335
2436
1659
5844
57
2273
4066
2595
2815
4952
621
3651
5581
5276
989
627
1053
1826
5682
5267
4128
3255
4858
1763
1324
1473
2039
1821
5622
1150
5804
1358
1149
5081
4452
4927
3697
3323
1854
5570
1278
1453
1369
3400
2473
3484
3896
3311
869
517
402
4937
2178
2336
3354
744
468
890
2997
5893
2619
522
2573
879
564
1205
273
1777
5243
236
4454
5724
3819
2291
911
3316
1668
4477
5460
727
184
4883
1458
3511
578
1155
4159
3001
3059
1717
360
4166
3579
217
5337
3183
5024
4204
2440
3709
5661
3530
4734
3622
5162
3597
2867
796
5908
1587
2549
4319
5146
653
3444
4323
307
2644
5998
2236
3374
2599
5602
261
5912
3263
483
4049
1748
275
5499
4569
1610
1047
169
3
5999
1807
4489
4436
4428
3986
3358
1756
734
1210
4190
5663
473
3351
4458
4980
4201
2403
1096
2343
5399
2880
3280
2745
5301
1470
5919
151
2694
5145
