320
136
336
542
525
269
60
451
237
328
545
136
338
183
582
429
246
312
548
235
170
532
170
156
548
559
409
491
295
40
370
505
276
393
44
569
359
219
81
65
148
394
568
5
392
56
581
194
125
433
228
227
93
563
341
331
191
527
346
1
518
568
356
25
71
543
170
84
491
209
91
270
211
254
347
40
290
326
114
466
268
561
522
15
84
35
239
596
306
235
161
478
204
343
44
311
443
454
25
13
167
105
157
535
69
495
159
549
580
595
119
99
351
236
74
41
164
521
442
522
363
415
466
151
563
24
184
192
326
233
443
110
301
113
563
96
142
105
367
472
489
45
362
24
498
237
271
111
273
528
116
242
518
398
299
569
103
503
362
415
276
430
28
141
465
60
329
316
394
186
504
380
86
270
525
286
178
121
182
307
511
140
431
487
237
124
325
526
6
369
592
593
439
126
457
84
321
262
515
375
166
300
470
15
311
516
62
56
74
396
234
154
393
137
208
110
158
583
39
459
474
488
316
160
549
320
62
208
327
11
341
366
157
580
324
195
560
578
295
75
471
449
320
408
388
299
468
281
396
145
154
92
160
266
44
139
97
350
494
589
72
63
35
156
179
173
294
574
452
405
294
314
108
477
107
49
500
262
453
567
4
462
485
428
324
66
587
12
223
229
157
287
104
407
121
573
261
468
225
562
184
167
190
250
589
155
208
249
141
303
209
81
120
212
473
201
146
212
84
559
412
168
448
146
427
69
563
6
270
589
297
548
224
526
354
341
278
321
258
436
163
472
27
477
222
301
5
134
541
52
37
152
331
268
259
249
141
47
509
314
386
107
337
536
584
468
104
386
35
192
566
549
9
15
510
111
177
277
515
590
226
54
121
172
328
325
553
210
97
448
187
70
237
459
446
130
596
599
75
90
241
399
568
522
588
471
48
378
30
98
399
375
533
262
211
262
40
190
63
568
204
244
153
541
148
112
315
38
167
90
551
83
123
304
539
14
464
292
348
90
152
46
198
563
570
585
193
59
533
500
480
550
450
463
291
123
346
208
277
264
110
489
112
529
350
120
75
420
561
115
157
36
467
509
444
55
493
90
414
342
573
419
177
562
70
390
510
109
171
517
567
588
45
441
305
175
396
346
429
289
98
350
457
291
3
469
284
192
417
245
342
164
332
526
405
494
374
371
260
351
108
19
334
213
48
300
240
273
523
428
509
353
337
355
115
499
565
80
498
384
179
190
517
24
44
202
521
119
580
324
18
51
215
192
573
513
370
440
504
324
367
135
438
313
88
133
367
1
220
66
75
188
263
33
343
526
387
523
472
561
69
540
413
375
227
582
289
194
521
319
277
35
298
378
580
315
260
392
192
200
