2380
2542
4259
3940
615
883
4049
1147
4495
4345
4685
2124
2837
1293
1429
4116
4956
661
4670
3144
3171
1077
1307
316
4899
4241
1075
1772
4200
2116
1489
1845
4157
3691
4477
4737
4952
1402
4144
2846
36
144
3308
4050
1949
2577
2210
3445
4215
464
3909
891
2103
1247
2828
2909
1347
37
149
2066
4173
634
1117
1927
4754
2938
2988
2344
2225
3571
3109
1945
4487
4861
3451
2303
4304
1798
2198
1268
3920
159
2133
2210
167
1374
694
3087
434
1080
865
4153
1894
4979
4330
487
2856
3453
405
2292
64
4877
2652
257
3836
1724
4732
365
4681
2759
2926
59
436
3044
3081
1457
150
4135
1044
1104
2430
2200
3233
501
4984
378
3534
1971
1995
3698
2149
1290
2201
394
2051
2912
4159
465
805
2346
1548
2425
2870
1440
375
733
549
162
4761
3301
2195
675
3049
3703
2211
2377
4806
2548
2450
181
4823
3804
1230
2181
878
846
1883
1963
4868
2129
2080
3906
1886
504
4681
2413
3316
1613
2597
1964
906
301
1431
4603
2064
3603
1658
2217
4668
708
149
2074
4455
4215
1358
1657
4405
1431
2578
1310
2062
1934
1123
1048
2553
63
3627
3047
1161
1816
893
2672
567
4347
2771
4534
1982
2455
1209
3289
1294
2800
3128
254
3641
447
4199
3899
1393
3639
4028
4909
2178
3374
1713
1176
156
3147
673
1602
4584
642
4057
3948
1027
1066
3227
4486
3345
344
158
2254
2873
2297
666
1533
4647
921
3319
3982
1903
3795
4069
620
1148
771
981
2015
1376
2552
2711
3266
870
3080
3181
2652
627
3631
1388
2576
4275
944
4779
4020
4152
4526
4572
1899
749
4687
4160
3975
2441
2830
3439
1671
335
371
2517
3864
3699
769
4192
4987
2086
429
1069
1091
4410
1574
970
3817
3001
28
4838
2606
4463
2273
3973
4716
1017
343
2872
3265
1237
2237
4737
1185
4209
3946
1188
3647
1191
92
504
4856
3006
3428
2301
3765
1644
1690
4272
2043
575
2937
1778
2544
3611
1847
4623
459
3045
4300
3065
4001
4943
1260
13
4736
2620
2818
4749
2705
547
4474
4101
703
3168
1195
4593
3247
3645
1504
3435
3739
1433
3658
2443
878
4871
3844
1766
1446
4119
1314
2361
4281
2497
798
4663
4070
3877
760
1894
4746
1904
3914
72
3363
2057
3197
4349
2556
1306
3060
4302
3821
4282
3411
3132
926
855
3411
2127
1744
2080
189
3091
2816
1369
720
4964
345
2832
3121
1954
1060
1564
1398
3127
3087
3013
1095
2438
1672
2390
1161
2550
4132
831
1248
4595
3113
7
2649
1326
2484
2743
2145
2506
2807
2178
4421
136
2995
4888
4008
1453
902
962
1682
2662
2112
3240
2675
638
544
2589
52
790
3086
4716
1453
1539
2173
3388
1433
2062
1543
2543
3139
4724
4476
416
4499
1574
3649
1659
3760
683
3713
1182
1980
4232
3067
4973
3895
3722
3935
3236
896
923
182
2045
3367
3896
3453
201
912
2443
4437
1379
3717
3652
4107
72
132
2146
4607
2259
4071
1056
3283
1845
822
3178
1242
3153
1125
1262
474
1014
403
3000
2207
3901
4897
2606
4486
1722
4482
490
1475
168
125
1710
2671
1645
3948
3601
3025
2069
153
3424
2400
4178
1796
3832
1354
3848
2043
1551
2316
4607
375
2578
1615
3169
750
2689
3251
44
4674
1487
2475
466
4830
1702
3684
307
880
3911
4539
3076
1904
1766
3610
4409
1147
2100
4519
2294
2132
527
1586
3475
4224
1748
4152
206
3692
4893
2640
1034
2934
157
4914
156
60
551
1047
1975
2444
4207
297
2094
370
1904
4007
3638
2543
525
2013
3038
3884
243
3782
2215
2523
1899
2039
2293
4014
2334
3914
2928
711
3801
1651
1620
763
2951
299
2355
4900
4302
2614
2445
2249
4225
3411
2494
4484
3189
4248
2534
2152
4096
4039
2862
236
1507
1273
1541
4073
4768
821
1562
1284
2270
3716
4204
576
4985
2565
2557
539
375
3096
2990
2939
494
4817
3212
2453
1496
2883
1944
3954
1592
4271
4668
567
4303
1360
1560
1983
4743
1483
2589
3295
4593
504
4177
3157
4553
1783
249
966
23
730
4805
3851
617
2709
2444
599
3171
3564
1457
4032
4889
1010
3173
79
2475
3241
2588
4158
975
3122
4796
2725
1621
1386
2095
2888
4067
296
2097
1745
3121
151
4661
2037
3087
524
547
1806
2530
1918
348
2965
1213
2244
4454
969
2948
4639
4442
4984
2532
2246
411
641
3567
2848
889
2692
3059
290
819
4983
1274
3124
2108
445
1196
978
1596
405
3976
4108
3015
1981
4354
3586
962
4480
2750
2248
1169
4123
1722
1858
2046
4096
3434
3508
965
3109
357
4545
1083
4101
4149
4654
2940
1704
2924
9
2179
1113
826
779
4940
4924
682
1688
3485
3770
2588
3639
2572
2
86
4546
4738
4438
4523
3196
4533
3495
4821
337
683
2070
3863
1495
3850
4552
3083
1831
916
1421
1947
4608
1392
3670
1947
3744
3220
744
1683
4119
4190
2689
258
2587
1514
3766
3829
3146
2902
1231
1592
1287
4097
895
4363
1652
4129
27
1302
3536
1220
1159
4135
4357
1871
703
1656
4248
2794
465
806
1558
1596
2149
2827
280
2170
1229
4925
2139
3539
3999
1360
2775
1304
916
4934
4793
3831
4884
911
1214
3966
2800
547
2671
1188
3380
1468
2420
1051
3983
2521
2094
1650
3576
1357
598
3279
4223
383
1747
1850
1021
2042
1651
2228
3648
868
130
3166
4775
971
4696
1646
4359
4867
3890
100
2520
1181
3647
1252
3871
986
2341
780
288
2813
415
2884
655
4622
3182
429
3172
2530
3706
1858
4449
1904
1162
4715
1016
143
2975
1769
1262
50
3842
1348
4167
4126
253
1679
4540
1242
4357
4405
3408
3853
1410
893
3130
3062
4072
1681
831
2900
1237
1389
1416
1894
1815
2282
1700
2213
1377
3754
274
4285
1954
1189
3789
754
4107
202
1067
2136
1707
3386
332
2122
4129
4159
2716
3588
3596
210
4549
1829
4330
1121
3716
2715
4564
4855
3565
3602
762
2245
2942
2472
2512
4870
2294
343
188
1649
1048
3718
3699
4191
936
705
3136
2252
3280
4724
4976
2219
1263
2631
4532
1010
1543
4275
900
4101
1049
1579
1293
2158
1495
1141
1063
4058
430
1288
3477
2246
4551
1920
1521
808
4448
4332
331
226
4595
3825
1190
2394
2938
3271
2640
2157
4566
657
420
81
147
3914
2182
1906
1561
4435
3618
2676
818
1001
2745
3359
2915
3667
3225
3081
4880
1057
3399
1661
4937
2520
1700
4545
91
3770
3890
1893
3492
4658
617
2663
3103
4381
3418
1596
2336
3108
4526
4305
3492
2510
1188
4047
1592
1010
4943
4365
3069
4730
800
3567
285
3924
2932
4869
4333
282
4140
3326
1870
4681
1645
59
3321
502
228
3464
1687
3116
1320
3381
4898
1067
3147
627
2372
706
2430
2625
922
2133
3929
4822
3964
4809
588
4785
1628
100
3876
4965
1424
2043
2077
3752
3398
3499
2640
4986
3835
2768
1882
3499
1335
4348
2665
997
2217
4703
1140
3017
4979
1316
1766
1989
993
4141
2598
35
380
2101
1310
2909
4917
4155
2997
1492
4320
614
203
2055
4135
4452
761
336
855
1309
307
3267
4323
1476
2843
4321
3124
413
4707
1785
1938
2505
255
301
361
1631
3428
2714
3498
2174
3489
857
4141
4509
4377
3762
3328
339
2929
2617
1375
2746
3292
3201
2144
2333
4153
1988
4257
1435
3869
4044
2945
84
811
1852
527
32
1557
2880
3867
4655
4877
355
4575
2739
2972
3320
4706
905
2094
2288
2361
2807
3889
17
626
1807
520
1799
4638
353
4576
2812
1098
3752
670
2596
1731
2650
2970
4364
3035
1899
5
2448
3020
4019
506
1403
4928
1483
4572
2209
2203
1392
996
2905
2182
2070
373
3246
24
5
1391
4285
554
17
2219
1912
616
4195
4857
2657
1967
485
4916
986
3975
3507
4119
1041
2759
3389
951
882
2264
2785
116
3588
4463
2381
268
2709
2714
1850
2614
3689
3045
1148
4904
3438
3409
2174
3798
4539
587
2146
1520
1935
4277
2158
4998
997
2267
4154
2498
3613
395
3950
2858
2310
3402
3913
49
1360
3319
2036
506
3206
1463
1724
3176
1552
4548
782
828
4159
1130
2701
4003
2025
3808
640
2667
4220
1775
1263
643
1799
4251
2707
2956
4876
4690
4069
2264
2322
3925
1318
974
583
1459
1902
4094
2835
1549
1121
3375
4319
1921
51
2050
1764
4206
1788
2075
1545
4448
3231
3084
2700
3105
2204
2758
3641
4301
3606
237
4448
1376
510
3454
2977
182
1230
4512
3395
4710
98
4540
617
2732
3456
4290
4494
4137
3560
4361
184
3402
135
1219
3143
18
1878
811
4433
149
2711
3100
3054
2898
4095
383
4062
3971
1879
1552
4275
4828
3644
1134
3617
3270
2407
1245
1145
943
3231
18
2341
4672
3242
3250
1558
1563
4579
751
4313
502
701
4072
3216
4560
1949
2676
4204
3599
1893
3211
4752
1812
4285
417
2521
3252
844
4336
106
1147
333
3969
1317
2951
981
1726
3395
590
4656
3167
1204
2182
3043
4223
841
2471
580
3450
2542
1710
4333
365
1694
1585
1128
4650
3111
1546
2317
455
4677
1794
2598
1154
4218
2067
4827
947
11
4273
3809
1062
182
4150
2814
3251
1431
1938
4360
1396
1193
1860
3603
2010
585
783
4081
3932
951
3659
1427
1110
1574
3766
1990
2682
2571
807
3417
149
3922
3015
2643
1816
819
2661
3537
3866
132
2893
2221
4694
424
3404
2266
2982
2485
3386
748
4972
3859
4652
4876
4849
1896
2948
3337
2484
3993
1320
2930
2376
2235
4101
120
170
2944
2325
3753
1830
2724
3276
567
933
1887
4338
3695
4781
77
142
1885
4621
881
520
1900
1139
4089
4593
1699
893
3258
2858
699
1552
515
3917
3718
280
4808
91
3914
956
1141
1515
4482
677
4714
4988
205
1171
878
4927
1831
564
644
2580
246
4826
3139
528
4096
200
2529
4448
2792
3761
3343
4100
1535
276
3855
2315
951
2824
2897
4134
154
3520
4542
3292
1081
124
2772
4714
2632
2308
1216
3564
3439
2448
2050
109
916
1473
978
2375
4820
374
1376
3015
4696
4956
4769
3512
4100
222
1670
4754
1947
3204
1342
943
678
3651
3595
4842
3003
3921
1114
1308
4802
2251
500
3884
4387
2133
4122
2658
4963
2685
933
3857
3878
2324
4307
3615
4470
4242
3006
106
3801
4677
1662
1120
3177
870
623
475
1932
592
1805
911
4252
1181
891
3017
4025
727
1052
4567
3330
2568
64
3094
4899
967
3408
3667
4921
4280
1181
962
3520
3990
899
3428
2005
4767
1939
2009
3072
1524
2309
2194
3200
3283
3228
2113
4683
3692
980
2775
4477
340
3095
658
205
2233
964
3265
3152
3451
4433
1966
1517
963
1327
431
2263
4091
1356
2200
521
2602
295
3864
339
4954
3459
2926
1315
791
918
3393
2615
2014
716
753
223
2831
1884
2789
2935
153
3092
2322
1242
1977
1240
36
2818
2590
1974
1300
2292
388
1621
2575
2833
4956
508
4182
3902
2948
2135
3095
3629
1448
835
1304
1684
2100
331
1027
2612
1388
691
2146
4740
1475
1066
3128
2347
2837
4645
674
1925
1305
4085
4912
277
4822
1370
924
848
3760
3690
1182
3834
2719
4578
2257
1642
4837
4965
294
1192
2650
3378
1435
2183
2118
591
2455
2214
3882
1556
2660
1432
3491
4203
3874
827
2659
2731
4972
1870
4342
4747
281
3787
1567
2907
4698
1148
3253
3951
1947
4153
4157
541
4415
1400
1069
3709
2708
3830
4313
2296
2568
4689
2086
897
1103
4152
3289
3625
2082
3266
4971
3023
1326
2483
1524
1235
702
2461
1784
2907
3037
2651
1354
1447
1388
3273
340
4671
2804
151
3200
2869
2321
3508
4494
3989
3076
736
1251
4753
2227
4849
594
4840
1638
535
4250
2358
1297
3499
3331
743
4305
4186
5
3501
2709
3895
2736
3626
2467
4358
4802
3951
3531
3214
1232
658
4812
2470
2564
2486
4153
3720
4895
3900
2424
4402
772
3728
3687
1881
4697
3431
131
4112
418
4755
3630
1367
3740
1089
1012
2135
2803
1690
1819
1433
0
1989
1716
542
1530
1286
1714
769
1879
4487
4238
1361
1528
3996
764
1091
1167
2549
358
4420
2749
741
1156
3275
2652
1568
4620
3965
606
449
1779
4506
337
4784
3944
4613
1687
811
9
1610
3302
3388
2397
3103
2840
656
421
4477
2576
831
431
1056
4138
1911
1753
4361
1021
2475
679
2381
3985
4449
625
4814
1095
2241
3363
4287
4649
3738
58
2117
1326
1662
4016
3033
1130
598
1893
3658
2576
176
162
3112
4629
932
675
803
3027
2319
744
4634
198
2294
3823
3551
4310
708
4930
3223
1202
1510
2345
4344
2973
3772
3508
1123
4632
10
2160
4240
2636
4373
4587
1505
4922
4521
1188
2271
2217
1758
2740
3024
1634
1212
3339
1187
1483
1115
4305
1898
2175
669
778
157
607
4255
781
4352
4607
2602
193
2818
583
2120
1437
3974
1556
1202
2714
2199
3027
4071
3662
781
3345
254
2184
1476
1258
3924
4348
4891
3332
353
114
2546
695
1901
2359
2412
2579
3512
727
2644
1998
2871
828
932
3929
363
1576
1929
3653
1587
4636
466
511
3081
499
3288
454
4146
3390
2639
2733
919
4484
1945
2665
4449
1021
3052
24
1553
3291
2882
3980
2438
214
2759
91
4407
250
88
4396
2896
1064
3886
1968
3353
1182
449
963
290
4147
2305
4958
3603
4643
4288
2794
3207
1731
516
4370
2673
4298
40
3933
2079
3309
4706
327
1515
3285
2591
2204
4257
2966
459
680
242
1647
3053
4590
270
1297
1766
370
3185
1197
18
2781
3612
4199
791
3797
2564
2633
3122
3966
3992
4285
826
4921
427
3475
2356
4616
4890
4211
2501
1907
480
936
2726
4698
708
1450
1769
3671
348
2893
2530
4302
4755
2947
3193
2125
3198
987
2308
2194
3924
2828
4818
3350
3539
1194
4754
1260
2016
1779
865
2501
1190
2559
3826
4859
2376
850
2151
600
4209
3728
286
4066
3096
1035
2816
3317
2282
708
819
2646
1263
2564
3014
1312
3503
4381
893
4341
1933
2442
2354
2897
73
4983
2371
2422
2140
2895
2580
1632
4260
3104
2529
381
2848
1701
661
2835
2869
3744
841
2733
3830
769
3748
3779
3546
3448
3936
326
3279
3939
4925
1997
2597
548
3479
2854
4710
2706
2763
2476
2353
59
847
3874
949
4867
1127
1025
475
1339
1699
1492
4196
3465
3037
4405
353
2383
9
3331
1602
51
4534
4867
4502
4747
3425
2120
3169
1258
16
3449
4100
4875
4340
1893
4253
2241
2447
2829
3591
1585
1141
3094
1781
2470
4776
129
256
1118
4971
113
1649
3813
1248
4969
2127
3510
1149
647
4313
4657
2112
3761
2200
302
756
3946
2652
2565
28
337
3879
1023
4403
311
3646
2036
2766
3499
3395
2210
650
4179
3808
854
119
2977
1166
4923
4798
4640
3187
4332
3839
2801
2298
3399
2458
2710
2932
4625
2863
34
1637
1856
1802
4068
3762
3384
2670
4246
781
669
4370
846
2595
1002
3488
4184
2421
1645
418
1965
4306
2383
320
637
4950
3211
4308
5
595
2721
2999
60
958
3344
3156
4832
3813
2870
1210
2224
4332
3109
103
2893
4422
1365
2895
2498
2753
591
2972
4981
1138
2421
4863
2553
1344
548
557
3465
1732
3419
2926
1211
4214
2331
1278
4559
2347
2114
2174
1483
1562
4501
4677
404
2414
794
2575
723
325
2792
3696
4817
2680
1931
1274
2937
1611
2655
3937
4537
292
3929
888
4443
3520
3893
4053
1958
993
407
1975
1940
4196
3025
2624
4320
1854
1766
4045
4735
3279
1313
2362
2072
3822
933
2578
4552
540
1337
4836
2974
406
3135
4946
1040
4241
2066
579
4120
1322
4210
1464
3663
1029
3350
1364
3637
387
1884
4564
1234
1225
975
1814
843
523
4998
4222
2980
751
965
4426
2798
4382
4250
4255
358
3709
2455
910
3770
946
967
2310
1448
2819
4758
4621
1445
199
2265
745
2911
2056
4119
1600
936
4168
515
4487
3863
2456
2247
3288
573
72
4166
3444
640
96
862
4032
1527
797
673
165
2427
2368
4191
2119
2326
3200
545
631
4212
2928
452
2932
4762
3986
527
868
1143
1627
3579
3576
1077
3368
383
4333
4580
3798
3805
671
548
1232
285
4152
852
2993
2779
214
2636
2233
1303
1739
3435
204
4841
1262
3886
1358
1063
2718
4446
563
1805
3983
3957
4947
3280
2509
1724
3562
3695
4333
3604
1894
3174
1387
3079
1241
3520
1102
794
287
576
4456
26
4929
540
3962
551
2576
2223
4324
2057
1461
562
4593
3166
2804
4078
4897
2798
4594
4016
2840
115
4587
4665
2692
2152
3118
2569
131
876
2093
1024
51
3203
3611
2113
2380
1274
4986
2331
2080
2101
1973
4380
3050
3342
4856
2733
3124
4644
992
3356
1490
4270
3148
2490
3460
1106
3490
3434
466
3631
3719
4298
1743
4019
478
3794
1296
4474
3754
622
4790
4300
2287
4025
1286
1265
442
2056
50
3715
3816
3488
4953
4576
3492
4397
1137
875
890
1144
2205
1078
2793
4603
4441
2278
1806
2684
4106
1395
4299
2869
3491
1843
3382
2588
1138
1946
2021
2996
3169
4367
3488
2654
3216
2078
2959
4197
2847
149
2386
789
81
422
2128
271
4429
3768
3606
4948
3110
2674
1297
1075
330
3285
1807
521
1872
2517
2944
4788
4682
1236
2274
4668
2890
1483
4426
1319
1921
1198
3718
2679
739
194
4382
1657
830
4245
444
493
4176
4826
1473
2053
1976
912
3742
1020
4029
4798
4996
45
4812
3998
2595
637
821
3659
119
278
404
3048
1393
4697
4941
3006
2018
574
1616
1305
4370
4435
157
4680
4430
2647
4377
3319
4767
2050
4102
1739
2975
3235
2312
393
3119
2317
3580
4155
3852
4471
1523
1160
2345
4511
3420
4999
3285
3338
1392
2192
2412
4210
3271
1559
4444
3556
3808
2565
1086
69
3765
1461
796
1802
4981
4336
1898
1208
491
918
2549
2590
3419
1634
952
3861
357
136
1213
3592
1426
3549
408
1582
707
931
2999
3330
626
3256
2934
4459
4544
3834
976
1213
2373
1
3903
4403
4021
1561
4708
2190
264
3794
4978
3231
1034
789
4981
1861
105
1294
384
428
542
4049
4708
546
4434
1722
3908
1479
1489
4773
1189
352
3100
1518
1292
232
4112
1303
3295
1700
4100
4604
3469
1305
1185
4395
1993
4469
3346
3653
3065
2118
1410
4052
2494
763
4124
2545
4236
685
2830
643
1369
4897
695
821
4547
3781
2575
3572
1913
4172
838
2275
2203
1160
2676
2878
174
1891
3664
2976
1503
4386
1148
4825
3865
3279
4741
1527
4282
345
1745
4575
711
4274
1217
2048
2704
3677
4670
1285
1631
2177
4384
4541
4225
831
2905
4497
423
1476
4608
4073
1718
4547
409
3203
3338
1571
2993
2361
4034
1383
4112
1941
1980
3368
4151
3684
3921
4972
4809
4021
1219
4448
4398
4229
2523
2378
402
1168
2000
4188
205
4317
3113
389
4019
4878
2300
178
3107
1227
655
1548
1205
42
1131
4158
4917
4965
1192
1134
2140
3049
1691
3253
2597
4502
485
4917
4557
3615
1309
182
3012
272
2662
420
2728
1231
2731
257
4576
361
3374
939
1894
1002
3008
1289
2966
423
1402
4423
3907
3724
1011
1628
4561
4645
450
4260
325
2531
3611
3407
2992
4446
3455
1245
3098
4985
659
2660
2948
95
2787
2223
734
2527
4935
2981
1086
3702
2891
2548
1522
2498
3101
2288
1445
3623
2336
3003
3813
3920
4893
4754
126
4267
4729
3890
4271
3145
1177
366
3449
3104
737
3566
552
4175
565
2629
2994
3286
3927
4647
1045
360
4327
2341
4901
2422
2929
4391
971
857
1263
3980
2721
1307
3143
913
2745
1866
4544
868
2126
1594
3134
19
4586
1478
677
1694
2542
2779
3881
4502
4208
1417
620
3201
551
3231
921
3923
2682
378
3502
3953
1342
25
1351
3805
2270
4144
740
610
341
4928
2524
203
4047
4631
4235
164
3101
3633
311
364
4383
1026
728
1014
1956
3750
3838
2978
1613
3544
485
2853
4384
2987
4171
4826
401
4848
3218
4787
442
1421
2256
3744
1058
46
3283
1418
3972
131
2259
2829
4726
3654
3760
4872
2210
223
4346
3298
2642
758
3712
4795
492
3020
1240
3196
165
3566
2452
148
4666
3542
4862
488
265
1056
2026
1021
2910
4119
4186
1221
4098
2993
3255
132
3725
2774
1706
2127
1508
1080
1523
16
3694
2663
3617
1655
2456
740
2880
4504
2217
4848
2969
4389
807
4184
2171
4913
1088
631
991
721
1101
4512
4201
1398
2112
1350
3954
507
3399
2611
2659
239
4841
2449
4980
3736
4877
2032
4098
1541
2570
733
2679
3365
2912
4571
3810
4361
117
3680
2848
3003
4012
3087
763
1842
3552
3565
4278
891
3287
4826
2747
774
769
4990
827
2753
504
966
4093
1389
1137
1994
282
4771
2024
76
1084
1538
4746
2942
2351
4513
2067
648
4528
1907
969
2070
3538
604
2672
506
1895
4270
1115
4379
4291
2456
2564
1689
388
2852
3043
3427
4686
4004
379
607
2156
1448
1954
3838
2961
3526
2103
2153
2652
3686
861
1252
2105
2321
4430
838
620
3918
1091
3690
1592
4800
2679
4077
3222
3288
1836
4828
481
4266
1525
57
4790
14
3274
1217
3001
918
4794
4398
4227
343
3003
2116
552
4054
3125
2130
1468
3704
2324
1728
3686
3029
1372
2063
276
2834
1439
2976
2518
3514
2698
349
831
3393
3790
502
2581
1077
3545
4378
4786
2433
509
1763
2235
1687
2481
4347
869
4057
4659
4352
1208
124
4031
3898
1156
2121
1153
2781
2080
2569
4862
4984
337
3037
4361
4720
255
2335
1089
2793
2548
2513
2111
771
2149
4536
1150
589
1547
1852
1019
4640
4259
2015
4956
1178
3009
799
4301
3998
3348
2698
3997
4029
4218
221
1063
3051
1796
4433
2916
3984
1045
1642
1286
2889
2684
3053
4696
1762
2048
3910
4177
1147
1427
3468
95
1972
4407
3609
592
2518
3486
2073
2475
2512
574
4030
1909
1755
4928
909
592
66
4025
2290
2582
2497
4162
1851
747
3552
490
1747
1584
4596
4876
1965
1516
3652
507
4979
1869
3179
1801
3994
332
4598
2239
2324
3895
123
2111
417
4191
556
2013
3258
1154
3151
3356
277
83
3451
3117
222
629
2265
2097
1432
31
2532
1464
744
1705
3079
3475
3041
684
1698
4931
2234
160
2464
3884
4720
4751
4841
3164
889
3966
1606
718
199
4948
1566
3427
3388
1675
1604
2784
1792
3740
4163
2002
573
3383
2239
1286
2995
855
3257
4701
2701
4772
1055
4316
1558
3826
677
2410
3761
1623
3332
3819
805
1818
1493
178
585
2343
1691
1827
121
2431
2714
718
1285
1724
711
1631
514
3722
1750
178
464
608
2826
4307
2312
4542
1757
2732
2191
4033
1204
3696
4259
2874
1725
669
1088
2276
2840
2975
3048
4660
487
3238
1285
2355
2619
1649
2220
1527
4133
3988
3352
520
3910
2405
2360
3398
1428
4309
822
3055
1225
4570
4853
1926
3473
4944
1710
3743
2824
2263
1815
3927
1109
4176
4409
1177
303
3346
4956
3435
3859
3561
3249
4711
87
4422
3004
3973
3598
2025
2900
3166
1433
2818
2944
3515
1862
408
2543
2724
1663
2921
2524
4828
145
1584
4605
2754
263
3820
3510
1219
4747
2589
3527
4106
2385
4209
134
1393
4792
3685
746
2625
2286
3927
4270
2406
2055
1000
3894
3534
2073
1527
1330
4120
750
2088
436
1881
687
2084
4630
1257
426
794
61
1276
1824
4587
3652
4629
2982
1987
1983
2789
3893
4627
1357
4489
3344
4900
3000
3937
3082
1462
2653
2293
3497
3406
1642
4746
2131
3342
4977
2378
219
3958
1048
4250
664
1192
801
4973
4331
3161
189
93
258
3420
296
2145
62
3680
705
2034
3357
1258
2217
1416
2189
1717
245
2194
3838
3909
1185
2435
3307
4132
403
3287
2261
1604
3082
4644
2659
1651
1305
2534
4417
4404
19
475
732
1745
1564
3509
2296
3070
2282
1597
1678
3714
2759
1765
510
895
2516
182
1092
1872
91
944
258
914
4249
752
1818
2683
830
3947
1006
1911
1954
3521
118
4514
4326
4429
4877
4984
765
2489
3305
3383
4125
1838
117
222
1149
1713
4325
15
2796
232
1797
3519
1075
1428
4437
4671
4057
4953
661
619
2706
1905
865
2839
2187
1167
634
3562
3900
990
169
1298
4226
4018
0
4951
4936
4614
1535
4468
281
940
3168
3647
4253
276
3040
3138
2918
3996
3202
106
1582
3429
2905
629
3422
2630
33
641
4149
882
4619
935
179
860
1180
462
633
3443
1288
3435
2632
3640
560
1166
2874
164
4958
3001
48
4103
3592
3137
2089
1579
2585
4239
36
4743
920
776
4883
543
442
608
268
1433
947
1822
4996
4682
1284
417
4938
2799
417
3016
4718
3976
4899
1558
4060
2982
2093
4204
1393
2525
1325
73
3545
757
1425
4413
722
2882
2810
147
1888
3036
1506
3020
6
4497
1678
3344
2166
1637
1648
4792
397
3356
83
1599
2310
4782
3131
975
4809
713
1289
3823
2424
3405
641
1578
3302
2128
3872
3715
2900
346
1357
2436
3658
842
258
1143
2406
143
279
787
1011
2524
4795
4808
3649
59
1072
3173
837
4970
1938
2638
3990
2474
1300
4132
1339
2827
1912
2373
1988
718
4080
3418
827
4851
1837
2903
2775
369
4611
125
3973
4804
207
3931
26
4296
646
4492
1234
3603
4948
4745
646
2745
1030
303
2886
177
3452
4955
2555
1917
4454
1914
3351
631
442
1118
1532
294
3631
282
2085
3560
4154
4718
3477
4225
98
3694
3098
4490
954
4708
1918
2885
4266
3183
2418
1741
410
1523
3614
3298
2389
3391
4641
561
2486
3062
2306
4971
1873
477
921
3676
3760
3500
2909
3107
2768
920
2763
1034
72
324
4087
651
4222
287
1467
1722
4526
2833
2041
4290
2423
2223
1350
4263
4620
2718
4949
3939
2124
1100
396
4332
3678
4545
335
3274
2204
197
3456
4062
2483
4612
3736
2158
381
1540
2197
1350
211
1431
2359
1992
1042
1300
384
1988
4736
4231
1864
4162
2283
577
4514
2604
1103
2114
4191
3297
4770
3378
709
412
3198
800
1179
2459
4698
2786
60
332
85
2427
3581
4593
4432
874
4861
4388
1431
2527
4896
3294
3188
1648
4088
3488
2351
3634
4400
1757
502
2580
726
3391
2301
1588
3749
3838
4275
3797
1156
367
3801
4120
1535
2017
1478
1279
1759
2243
132
2089
1337
2104
1113
4959
2088
3045
803
3117
4935
1169
4852
3637
4071
467
445
2221
3033
2
2322
3976
2322
4733
2922
2770
416
3867
1257
4053
276
2564
3635
721
4678
1303
3543
2992
1031
2837
4518
4752
3120
3106
2047
1177
3797
412
2393
3374
1013
4347
1420
264
1864
1273
3556
2230
645
955
1171
1825
2415
2773
4841
132
1652
4813
435
921
4474
3029
3053
254
4262
2939
4749
3894
2002
2798
4470
19
2986
1287
2365
162
732
111
452
4191
2962
887
4185
1191
1037
2193
3234
957
3199
1622
3335
3612
2300
425
2467
3819
3310
1721
4376
4950
3132
3709
1535
4289
3863
3127
4489
4935
1625
1122
4381
4521
2346
1816
4807
1235
144
1212
2464
552
1186
4783
2296
3733
4585
166
2773
835
4668
3632
4086
4070
2998
1101
1792
4315
2590
17
3204
2134
707
4368
44
2105
4530
4324
2000
2216
1813
3170
4666
1169
2
4643
3346
1426
3029
2774
3574
419
2275
4619
2953
4226
3596
2730
3550
589
4540
1257
1034
3817
4686
156
4020
1473
4629
3759
3962
3547
1585
1615
457
4957
4842
2343
4160
69
429
4863
3498
3190
1776
2422
1862
1357
4594
488
3333
2075
3388
3858
335
2614
3607
2194
666
2536
2017
4340
4824
3416
87
2583
811
695
280
1599
4480
3619
3659
723
118
1520
3078
4398
2769
173
3725
2435
4183
2546
1891
177
3023
2551
768
4430
3337
855
3255
1440
1869
1219
955
1838
708
4243
4582
3046
2429
1392
109
3392
4069
4485
2
118
1686
148
1679
4351
3562
189
3381
2257
893
3784
3487
2740
1389
2731
3446
1974
4271
696
1209
3897
3550
1542
4440
520
42
4952
1270
3896
1899
290
4784
956
1673
2607
1726
1688
4418
1216
3229
1727
4047
3327
4503
1248
1155
961
1168
4859
3152
594
3869
2362
4544
4915
1675
842
237
4614
3017
4161
2581
3522
612
385
4678
298
717
2394
162
2151
2384
4110
31
1558
2468
4030
3510
3917
3186
4450
61
1318
4916
2582
643
3278
3587
408
688
3055
757
2021
2879
3401
2257
1683
2849
1288
2928
673
2286
583
2098
451
3386
2442
1730
1322
4602
3953
2751
528
4474
4640
4248
3729
133
243
3524
2709
4152
959
2067
2730
2603
916
556
2286
3285
231
3531
674
1347
2019
1262
4298
372
3583
2013
704
4932
3731
2669
3561
4707
748
3695
3607
818
4239
2265
4422
2993
1810
2992
4866
1968
726
3224
1357
4560
2721
1251
2871
3012
2375
1418
3701
2338
1873
3466
2380
1184
3214
69
3144
156
