1292
3405
2306
799
3667
5876
4685
1367
1500
1368
3793
2683
4582
3653
3678
2875
3853
3102
1107
5338
4156
970
605
2223
3167
3081
3517
4594
1284
1093
1957
118
2014
4708
4191
726
934
5113
585
5624
1854
5962
4032
3950
1715
4316
2504
1883
5423
1610
4982
4530
391
2005
3723
4714
3464
3301
2029
1423
4537
2718
4947
5090
733
1006
124
1904
1463
3314
2893
3215
1162
4488
4198
1253
3484
1168
4559
1299
1287
139
4628
2847
3804
3141
1914
1135
2820
3616
1325
2545
756
1542
2455
3000
4956
1039
5023
1344
4124
2099
4716
546
5091
2791
5189
5044
4582
372
4214
5560
2698
3174
3857
5844
3726
1952
4526
3826
3303
3484
5344
4109
1065
5600
3014
3756
3695
2109
3323
3627
3768
2112
5003
2949
3550
5323
866
5086
212
4590
642
1517
267
2911
4976
1878
897
3929
4796
1605
3495
2800
684
5143
4893
2338
164
210
4476
1401
1235
3590
3711
5198
253
2187
1999
4647
225
2265
5306
3265
2982
1350
4271
5353
1223
4137
2745
5459
2135
4174
22
526
1811
3619
322
303
355
3215
5157
5481
5085
4098
5333
5759
1254
4040
841
4432
3061
5303
3052
2241
4983
5575
5386
5592
4056
4337
4330
3492
2596
2432
808
2218
2218
5860
5374
155
4554
2870
5214
1761
2507
1702
2463
2888
4779
2224
3569
2361
3412
3501
4334
5730
4471
4933
384
5633
4232
2002
3465
3823
5430
4415
3971
3417
373
2544
3940
3514
154
4731
5837
837
2082
2068
1935
1677
3360
1207
2635
887
129
2494
5077
1271
1133
4371
5668
3992
4812
5055
3976
5592
306
1616
1480
1695
4313
4969
1000
1248
4713
4915
1828
4455
3111
3649
4827
355
2263
3730
3242
3309
639
1104
5443
5030
5578
5429
3771
4192
3814
5773
909
3810
27
4566
1070
1871
2327
3812
5662
2064
4235
4161
5031
2702
3724
2673
4678
1900
1846
5908
4051
3120
5028
4373
1054
5970
3428
5440
3336
1741
4699
3568
3627
579
965
2101
3367
1166
4054
3684
5018
4544
2914
2441
3100
4460
2662
1288
4276
4077
2977
465
3098
5956
4818
642
409
367
4111
1350
2416
2005
2607
4539
982
5038
4421
5426
4696
3887
3193
1695
3473
3123
4853
4288
1300
2853
1257
1402
729
4059
2555
4846
146
1756
2670
4811
5160
2497
2302
3309
4903
1033
1606
3284
4259
2119
2030
2431
277
5110
1796
4055
294
1757
5221
2904
3558
5742
5448
5546
2857
4760
3624
382
3440
2012
2316
1748
1760
2364
3269
2761
5568
1871
5219
4285
5716
4274
5172
2114
2849
2825
314
1153
2636
4707
2344
4999
4180
5066
4713
1677
985
121
4989
1173
2887
41
5984
4960
5955
3364
1097
1820
1056
5467
5148
2619
2911
355
4892
3023
3825
3081
3681
5041
3977
1239
1234
4753
3523
302
2895
4407
4364
3395
5085
1912
3756
3047
2542
1988
1495
2414
2445
700
2315
4240
2564
1426
374
526
5114
1672
4920
1021
203
2666
2945
4750
3093
5560
5047
2782
4429
412
1333
4968
4749
4938
1043
4857
5834
3060
5790
588
2501
3709
629
4963
1470
2805
4719
5863
4720
2643
5372
5367
1326
1522
1686
3564
3928
1506
5251
3405
5177
4271
3354
1774
1663
3887
2000
2579
1496
2948
846
3523
3990
5169
369
2408
1823
3369
5581
3746
3876
532
686
5979
2668
4811
2989
389
2060
5554
652
4512
5701
4005
2958
5656
2410
2107
1686
1210
1852
5143
2794
103
2132
1342
5011
5249
364
2739
3268
2643
1914
3101
5461
5694
4522
4906
699
2269
4167
45
1045
2442
4102
5762
2502
4377
4656
3538
3850
1106
3289
5459
5526
2892
2433
3079
5985
4277
4263
2228
2137
574
2165
4772
5843
3699
2684
5506
4179
4617
3517
981
4756
2495
0
2426
612
5351
5429
3785
1199
5534
5829
2666
103
3687
900
2128
4893
3078
5189
2371
206
1783
1657
2364
3821
4719
2742
313
1369
1611
5072
3680
5578
3989
5959
2560
2494
1300
4237
4468
4874
4371
114
5969
2015
1050
3070
2766
459
568
778
1555
2377
5219
5755
4585
4934
566
3292
5473
3537
2328
4103
2673
894
2877
2991
4090
3094
5238
5437
4469
2607
2948
2134
5627
3540
1546
4773
2836
2849
0
874
3031
2717
3092
2254
4016
35
3259
4018
1951
735
5476
3
5213
3938
1198
5868
794
850
1376
1337
354
1730
1622
5235
3598
633
5084
412
2358
2465
514
2825
3636
5518
3135
647
4948
1304
4978
699
1895
3895
3508
1386
4327
2891
5833
2978
2357
5461
5222
83
734
518
380
3518
4140
2450
2066
5208
1064
5311
1761
2010
4638
256
584
1913
3849
2073
1248
3325
589
1870
2858
2160
5827
1420
917
1749
3934
4948
3979
1458
1101
2031
5003
5595
1626
355
1601
844
5519
593
5889
2851
3944
1079
5972
5592
5907
2905
5529
1594
868
871
4748
1096
5333
5691
1683
5096
5995
2273
4005
151
4020
2163
5654
62
1372
4960
574
4141
1150
1929
487
3623
5847
5256
2533
2793
5847
1724
2448
1176
3937
4261
1404
3334
3378
5289
5722
5905
3070
1361
5511
5784
4725
1492
4338
4171
3077
301
11
2654
2345
699
4183
3289
3312
5573
2128
4719
5544
5368
1161
4537
3128
4878
1312
2207
2989
5101
2732
2178
4444
1273
325
2169
4439
1575
4194
3861
3531
2047
4670
595
1813
5708
4964
494
2148
5684
1482
1727
2602
1663
1930
4290
4413
5222
1066
3334
3354
4857
4509
5168
3977
124
3843
2013
5323
3151
4235
2754
5328
2489
1081
1569
821
1328
3155
2571
2554
2232
5877
4124
1618
2694
708
2983
3619
2175
2480
3647
4558
1746
4962
3232
4456
1870
4149
3464
1735
1153
3233
2741
41
1919
2
3499
125
3611
55
3410
3477
5573
823
5034
4883
2352
3662
2012
1344
670
1364
5967
3099
1419
943
1604
5919
2835
3919
94
1838
2801
567
4593
2921
4085
507
4150
3649
4880
181
296
2824
3983
690
4542
353
850
1337
3205
3862
4216
28
506
5192
3337
1351
2017
1536
2639
2437
2132
5972
1554
1281
5468
1702
4847
826
5061
5094
5700
4688
4305
728
2107
3340
2123
352
336
412
342
3146
1904
5563
642
838
4400
4574
2475
3488
4391
2619
3134
4446
2393
3637
536
706
5985
5298
4556
4591
4859
3933
369
5353
4651
2295
950
2725
2525
5209
5955
2527
1818
4564
3613
1931
5859
3033
1110
5459
2574
517
3087
1966
1898
3924
1642
1986
2784
5367
1872
4400
5432
2511
5740
5774
213
553
3778
4835
4622
4564
1696
2763
5498
5869
4063
5833
3223
172
1477
1228
5031
2999
2715
2906
5176
1780
3254
2362
655
460
4820
3950
4272
3195
4341
685
5052
1476
3060
5662
4311
3746
1984
4448
932
5369
987
1447
5200
5498
4654
4832
3464
5317
3383
3446
424
5113
736
4077
4129
2791
3053
2508
2870
5701
1762
1224
4292
3086
3934
1803
3387
3494
1705
4723
13
4732
1413
5238
3873
5016
5235
5763
3428
4275
3270
1717
1038
4118
2860
417
2764
2267
2030
1902
943
3536
3077
4948
2833
490
855
5804
4575
1173
4349
3608
631
1609
5122
2812
3567
3577
4490
4089
5680
565
5500
363
5821
1376
3102
5288
4948
44
2476
5576
5743
4144
3316
5668
1927
1595
5792
4055
1351
1859
4097
4642
664
4102
1285
1260
1998
1346
1653
1078
5022
2832
3822
1692
3818
3274
1306
2359
1915
5709
4537
1103
1146
5130
5217
5150
2523
1911
1856
880
1526
4611
2105
3974
819
4358
3315
826
5057
4758
4842
925
3316
3254
3903
172
4169
105
4947
977
4374
52
844
5750
2355
4722
577
1732
975
1553
1416
2554
2193
1849
729
4808
3612
5373
4575
59
1645
5130
4939
3283
2932
732
1348
4592
5421
656
3823
1420
5802
4756
5206
4785
5439
3963
72
2331
2713
1117
3182
1048
907
3674
4437
4780
5095
1631
189
2850
1078
3761
1917
4764
5556
1959
1328
27
4331
1124
4464
4090
1066
4737
5629
837
945
3257
5834
5383
5676
3406
5429
401
3402
4010
3585
918
5992
3408
5938
5683
4783
96
5076
76
1655
1609
584
5122
1654
5000
4795
1808
3706
1759
4149
4357
3070
882
3211
5740
4876
3546
3586
4342
832
5212
4769
9
68
3284
2081
4770
2093
267
2068
3783
5889
775
4335
3175
5428
5153
5221
2658
5966
3634
1441
3125
3482
2439
5407
5805
3805
484
1624
5965
385
3557
985
1723
4494
3951
5919
676
916
4916
2081
2864
2375
1702
5209
4192
5815
3123
4784
2372
4890
5998
1205
3801
5640
1215
474
4159
724
2176
1452
3241
706
24
1772
1966
3913
4117
447
5548
1687
4722
1918
4732
5051
872
955
4032
755
3313
577
1401
3282
2135
3078
1350
5310
539
5536
4886
1203
978
3649
1038
919
4426
2464
54
3211
1242
5525
2302
5131
2823
2945
5807
4611
755
4536
5692
3405
1343
812
5414
1211
1617
5447
4271
733
1762
2196
5446
4848
5550
4891
1585
4596
2718
1767
4233
3512
2
4070
1007
1075
1191
700
1196
3714
1193
532
4759
4377
2002
197
3407
1192
4641
668
1816
1948
2101
5644
675
4862
3432
383
4373
1548
4121
103
2537
3938
545
181
1330
5541
1912
1013
3177
5116
2048
516
5221
2603
1710
3920
3016
397
4585
3482
2549
3053
1179
2938
4848
5201
3076
1328
2622
4564
1662
5682
4364
366
5164
5351
1371
1234
1339
3854
2296
549
5242
4492
4042
1222
230
1936
4965
2526
5214
2661
3947
2324
1894
291
578
3277
5142
2690
5073
1855
530
1229
787
5713
1237
4127
5374
801
230
4860
462
753
4765
5902
5739
4335
1247
5627
841
5775
1156
5135
525
2231
3386
5884
5661
5078
3826
3066
2800
2210
3608
2444
5125
4734
2833
5633
4064
5700
1805
5540
5711
5204
3259
3297
4666
5257
3724
1939
1769
3060
1615
4431
287
5400
2476
263
52
3009
1469
5196
1249
4689
1653
2275
2709
3769
1508
3602
1508
1728
4963
4088
2606
2755
1738
5430
5774
5977
4706
1662
2873
674
5716
1334
4534
1083
1647
1449
3613
4849
3769
4346
3640
5600
2877
3414
4550
2662
2595
4965
5422
5817
957
3709
3265
3729
1773
3155
712
947
1380
5886
5116
3323
4485
5690
5877
870
2216
102
1626
3209
1819
5691
295
610
2595
3305
2109
2313
336
4367
5779
1938
3694
4726
586
594
4808
2859
3950
2314
5287
5544
4696
3141
4711
1854
2192
299
2987
3505
5216
4575
743
3792
5700
2268
1099
3839
4414
3238
3920
5011
5078
2416
907
2201
1422
2778
2062
2339
3299
2660
2846
5728
1695
355
2143
5031
2316
1022
1387
3616
5411
1655
3025
2735
3714
3233
5354
398
4876
2706
1656
1653
3051
454
711
505
2176
3597
37
4926
3611
1058
4270
1546
4518
761
911
5384
27
869
1500
4518
2806
5331
2462
1532
1926
2214
932
1928
813
5456
746
2874
5494
2185
2919
233
2342
1919
4128
2881
4667
4059
4906
2058
1361
1803
301
5510
4371
3154
4116
4646
4655
504
1616
5001
514
4559
3756
4595
3011
2659
4156
1030
5884
5357
94
3135
706
53
1139
2911
582
4577
2855
5044
867
2734
2331
2148
5784
5545
2596
3478
5776
2123
5308
637
1788
495
1623
1777
2707
5041
3424
1947
2416
1765
5361
1373
1257
257
4034
2604
1280
3465
2424
3260
5234
3045
5743
550
332
416
4194
4984
5726
5455
903
4345
5160
4491
4472
5863
3441
2238
5628
3359
3014
2214
1956
1753
5295
4649
5569
5469
5965
1590
3266
4710
3088
3443
3851
3441
581
5209
2482
5681
5900
5848
2867
3011
808
3799
4548
5801
1136
2444
2530
5206
4338
5812
5290
2149
4055
5264
2644
1350
3602
4237
5721
2869
2818
2862
4453
872
2566
2296
4503
2374
192
1674
486
1567
5954
1638
2254
4219
469
3584
4584
1491
5705
2019
1591
3622
4135
106
1534
5913
2322
4130
2176
3631
267
1897
1727
2432
3636
2386
5526
1433
4876
4985
1602
3247
4521
1693
2603
3713
4532
4191
1232
5770
5134
3158
816
1904
5073
3580
4197
236
3265
3960
875
86
4161
3688
175
108
1809
2235
5458
2959
869
1129
3869
5418
354
4656
3598
2111
3361
860
5488
4208
5942
3089
3545
1159
4794
2440
509
4979
4404
2708
3279
4031
1558
416
5384
4224
3299
4503
4272
1291
287
431
4153
4097
3823
1138
4620
4313
704
4939
3979
1544
1235
1994
981
3583
5205
372
1224
5952
5261
5946
3984
2366
1855
3811
5773
2257
254
2153
5204
1699
4894
5645
5676
3834
3878
5576
1448
1122
132
272
84
279
1771
1075
4697
107
1192
307
2059
2282
2451
2749
4193
920
3872
2711
1988
3074
4308
5574
4384
4714
261
2665
1193
4153
5467
3558
231
5936
5378
3119
2801
2895
2897
913
1832
4001
3285
904
474
1602
4807
1890
5047
4111
3724
3791
800
536
1307
369
4827
1348
4889
1110
1907
4417
3008
3327
4685
4773
142
5949
5621
583
2266
439
390
3684
5265
666
3593
5502
4399
3933
2853
2279
3785
4287
5477
1686
5942
2928
1671
3012
2910
409
2544
1494
875
3528
1405
1591
1420
460
3956
4065
1449
266
3881
2919
5552
2426
236
4114
4542
2961
880
22
4185
4139
2791
2545
506
5012
4488
447
3752
5412
275
5837
3455
181
651
4808
4768
5554
2594
3745
4690
638
4754
335
1414
781
5607
5425
4408
1859
2939
4543
353
3047
3657
603
2153
3428
2963
3578
570
316
623
5193
3520
1673
2892
5709
3085
4050
4514
2667
5785
3382
5656
3025
614
968
927
5263
3921
3927
1995
2086
2981
616
1713
5403
5097
5170
2108
4023
4106
358
5930
2494
2995
1097
3172
1114
2872
464
2090
676
5987
1079
2300
1711
4101
3709
5014
1889
5838
1104
2803
958
1544
3280
1762
4626
1198
4371
2966
2667
5306
757
5975
2081
4507
2121
5238
515
1413
5200
2941
3040
3442
3396
2629
3294
5799
5298
577
5610
354
1363
4984
2285
3199
4325
5328
982
1834
714
5910
5754
5614
4845
1274
4102
3212
812
2550
5836
5544
374
4175
737
2717
5475
4069
4482
5072
4938
5509
3358
2306
115
365
5589
2174
330
3263
1083
883
5180
4959
2040
732
3442
3831
5487
4827
3335
4345
361
1124
1463
1284
4862
2213
1942
5648
2687
3827
1898
1716
2994
5952
309
4167
2811
889
2243
4163
5924
5324
5389
5045
1305
4503
2360
5265
3810
154
3837
2115
4878
2206
5302
1888
1160
3424
1921
107
249
1830
5940
5075
5402
1890
5853
5162
451
3220
2405
5952
1365
4137
5073
2766
1681
2994
2563
4638
3123
416
1396
3015
1806
5018
2134
1799
5269
4801
3562
4042
739
1691
845
4567
1592
2251
2655
505
3313
1954
1490
5754
2803
2703
2347
5963
3155
2690
4456
4705
4677
2958
78
3338
1727
5772
4253
2269
5625
5804
4482
1680
3539
4679
1338
178
1027
4848
2990
1768
3097
1928
5887
3045
2785
5377
5039
3395
4261
5354
4362
3982
1404
2585
2895
1743
1187
3752
1743
503
1766
5446
3520
817
2140
5613
4862
2106
2348
4084
2671
1772
5871
5242
273
5094
1747
2515
2467
1447
1513
4304
5597
1369
4205
4918
5468
1611
3488
1521
462
5831
563
786
3446
2386
5777
2915
3229
3793
2393
1163
2245
5081
519
3196
2155
1327
3470
4842
41
1774
629
5462
4085
4342
699
5609
153
1970
4872
2764
3023
2322
3697
4980
5337
5943
3031
5995
2427
4493
5501
3177
3462
1298
3829
1970
4801
5989
2950
1800
5718
3274
4731
3825
3750
2409
5451
2644
5658
486
640
893
3879
2348
3558
5632
5325
787
4515
5562
284
721
2621
2083
1651
5212
5260
671
1767
3724
2157
2899
1645
2511
5152
2357
3620
4487
5232
5917
1234
4814
3244
584
3289
4585
1094
4459
4181
1482
3527
5492
1589
4304
5788
2203
1379
1610
3538
4168
3938
4744
4810
5503
5651
3314
2520
1478
1300
2722
4222
5063
1062
1276
5136
1488
3993
5918
3828
88
2342
2642
632
332
5896
2496
2975
4680
4360
3184
793
4193
516
5038
1614
1854
1452
2214
5031
5559
3096
3055
5914
1270
5689
2148
1600
2170
4875
3533
676
987
3523
4588
5130
5544
5259
5028
1849
4443
2999
5700
1014
5806
4291
48
4399
1142
4939
720
3009
3901
4278
5522
2471
1231
1536
875
336
2923
1683
1515
5146
2713
961
4175
1281
3722
3345
2527
5902
2378
195
4711
4158
2722
2738
4339
496
5018
3077
5076
1114
4012
5281
1887
4201
3429
4047
2341
3491
3396
981
3037
4764
3396
4708
2812
5424
4983
5310
5175
3251
1768
3361
4496
4211
3650
805
4012
4710
5935
1342
5909
1782
3016
4749
3483
1669
1980
4553
2021
3983
5468
214
4581
395
1906
1440
4378
5613
5314
1878
127
4987
2281
5173
3472
218
4658
4832
5469
4356
1400
4825
4663
792
2885
1711
264
4623
5384
2083
2431
1558
5973
4649
2937
5101
1783
5432
1387
2027
2625
2525
4363
4075
130
2067
3950
4551
214
3207
700
5423
345
3067
512
5702
1222
2457
5835
2618
1198
641
3512
5262
1380
4081
2107
4421
310
3585
99
3661
4998
5352
5230
3222
5526
1934
2956
2014
241
750
5963
3914
2006
3607
4625
3586
5040
5505
873
1402
3025
1431
4180
1641
1405
5476
2289
56
5954
1134
4247
4392
2758
2282
3838
2112
665
394
1038
3266
5737
2538
4640
5737
436
3619
2592
3538
679
793
2036
51
3893
440
1478
4300
1604
1014
4989
5113
354
5188
5578
1425
4741
1782
846
1022
2543
3437
5913
4249
2400
2750
4429
1
4949
3553
2065
4808
1071
3079
3521
107
3487
728
4419
2139
2685
3017
5525
5564
4551
3063
785
1946
966
5026
5330
2275
2061
5225
4321
2518
1067
3070
5768
965
784
2277
663
1257
1147
3918
693
5571
1762
5021
3774
3050
5387
3698
1643
5270
1543
202
3952
2984
3279
4514
3006
4788
4070
5219
1433
3580
2973
3646
243
5658
1222
3876
2775
1785
3889
5139
3874
5153
2178
409
1740
301
3715
726
5765
5099
4373
1730
4218
415
5330
1432
2214
5268
5134
1630
4117
1552
5116
658
5876
2131
1821
3474
3540
3068
5331
552
4350
1128
5315
1008
2128
2968
2105
1960
5237
317
3829
1347
5427
115
1476
5593
4334
2039
2346
1967
1162
2055
1386
3742
1806
2436
1032
5187
2323
2646
2933
3155
395
5981
1882
2616
1855
703
3056
1772
5969
3491
5212
2800
4992
1080
5832
4698
1482
5522
2316
378
4892
3891
156
2135
5028
5906
4459
1802
2424
299
4541
3270
1999
3779
3034
4131
4717
1013
1054
4662
780
1294
4365
3166
1797
1874
1428
5118
4526
4393
3003
3490
2206
393
1990
2912
1708
4784
4107
2124
2166
1663
3533
2887
5965
5678
4087
5573
1516
4768
949
5274
1370
724
4412
4833
4389
3044
682
3177
2031
3694
2520
2236
1957
4477
1212
4892
1129
3811
2314
3100
2929
2021
3275
2121
1576
643
4966
516
1427
914
1690
3709
2766
40
702
4108
1493
5684
1055
783
1391
1687
2681
4524
1636
1251
3025
4401
3167
5582
798
5728
3614
5859
1048
5040
3830
277
3913
1218
5700
721
641
529
4686
4991
2581
2884
4104
3844
2951
260
5859
5480
689
4357
1328
1279
4122
3747
514
2790
1211
809
400
1531
4699
4801
762
2185
294
1363
2611
2639
2413
3420
4909
828
5367
5757
4035
2746
5030
3996
3503
2676
3444
2988
4748
212
3675
740
1365
1181
2564
3070
5772
5586
2055
3310
3511
4018
3489
2557
405
1281
644
5425
847
4900
568
2778
3321
2600
15
1772
1479
2879
3894
2868
2605
264
1816
5641
1806
4938
3117
417
4006
4669
4703
1389
595
645
3933
3474
4878
5723
4872
3060
552
5146
3002
5088
3151
5411
5783
1367
4832
1678
2220
1747
4102
4749
5908
5607
4064
4878
890
2391
3921
1310
2904
5456
3985
2357
1773
3366
4609
1329
5422
1193
1324
354
4995
2291
1176
2911
2018
2385
4236
2484
5657
1211
1004
3529
4196
2097
2815
1792
3583
2339
1986
1418
502
3293
101
5846
5800
5982
5667
1383
4217
2740
3167
4321
4646
4470
2697
2656
2372
4878
400
1797
5746
5504
658
3518
4061
1083
5359
481
5009
4554
1388
2597
5436
3287
3187
2109
5279
5374
1239
2353
1583
5946
5381
5642
3176
3486
5302
314
1136
1778
353
2678
569
3015
5709
1394
5888
329
5028
3991
5155
3952
2867
5699
4976
4979
3727
3101
5944
3530
5217
5315
1698
2718
3058
482
5756
5855
3010
4225
5308
2961
5201
5050
1828
3684
5936
5607
4148
2879
2930
2197
298
9
2109
2135
2772
4147
1245
2634
5718
3541
2359
2416
5095
4307
4826
2492
3414
76
4113
5817
3274
4640
4022
3398
1494
3323
784
4114
5947
3633
2333
4336
3336
4536
187
3847
5693
3677
4145
1193
5997
708
1562
222
4274
4175
4625
3948
5018
1546
5704
4389
543
3793
3330
5757
3412
3503
5089
3655
1275
2116
217
3787
1699
65
1156
3846
1199
1427
3103
2397
5378
5306
2561
2079
5894
2422
843
3687
3388
3693
4475
2827
4094
1354
5515
100
4609
3173
4294
2746
486
4571
1227
2683
4062
1834
2937
3767
2717
827
3275
3515
2120
5405
1133
552
2793
2698
892
368
3137
4216
3741
2269
1773
4542
1315
5198
2721
1728
4772
5518
4768
1786
4789
514
4174
5797
5345
4127
2621
232
2169
3142
5523
4750
2677
4414
2925
816
3624
3484
988
4256
978
4752
3246
1713
912
399
1832
2757
94
681
2207
1173
876
4471
310
3527
5054
5459
5921
1487
3389
467
1688
3540
5467
5091
1431
5117
5300
1934
4530
2200
5455
361
5062
5543
4948
3772
4555
3112
1336
5678
4821
4944
2452
236
3482
1027
4532
1445
5790
5714
2875
2165
5481
3073
51
5228
4330
4772
3506
1162
5926
3829
4264
3274
4921
4485
5685
216
5692
3133
4184
448
2855
4415
5393
2037
5982
5614
4392
5530
4151
1126
1831
416
1948
4122
5394
3629
1692
2681
2407
4453
4284
2043
800
328
2154
909
3270
4184
1794
1495
2399
2613
2393
4055
2744
3526
807
4700
2989
5990
578
1968
3445
2313
2165
4114
4315
5962
1967
5824
4295
1026
280
2926
5884
5655
494
2357
5194
5887
1230
4491
5155
1903
3871
5194
3019
132
1992
3712
3096
4253
5777
3923
4889
4979
2294
2158
2867
1030
1320
2557
2103
5574
1326
561
2847
2411
1626
1696
5223
4833
3222
2300
5096
2147
5676
4654
1215
483
69
1919
3229
3907
3625
4083
5224
5491
2389
1122
5950
3735
715
2900
5529
2612
5699
665
1150
1543
671
4274
5152
4483
333
3807
2833
3669
4773
4918
4681
1301
2082
909
287
4251
3086
4084
2932
4156
741
242
4975
4320
3884
1178
4243
5441
3562
4265
2908
1393
3188
1279
2280
1064
4967
3464
4419
3945
1582
3926
43
80
724
3917
1907
1723
5491
1562
4434
4834
4219
2097
2827
5476
5518
1298
3863
2271
1416
1014
414
812
4892
3852
5941
4805
2281
4586
3250
1507
1883
1714
3947
872
3326
2292
1420
5030
4542
3258
4214
5434
5673
1988
5349
1385
3750
735
5386
2149
5215
900
4808
4891
3146
4347
4218
3789
5446
811
3057
3975
4624
431
1547
3856
548
4326
4174
2047
5777
310
4869
983
3461
2270
4241
145
3576
103
1969
1908
3621
1127
4796
4068
4707
4354
315
116
3090
572
2404
169
1584
1791
3409
4268
4827
3926
2334
2891
65
4388
4897
3694
2851
2740
5189
5425
2200
3534
2095
2115
3437
3042
4177
3385
5579
5156
5452
3855
5569
4452
1552
1644
4224
4264
4623
4033
5910
5433
352
879
3505
119
4880
82
4485
5738
4690
221
3801
534
2343
4035
1660
3401
345
2191
1013
1765
5425
4017
4584
133
4712
5942
1924
1581
5515
3122
5337
5202
5495
1533
5815
4595
1508
5895
2977
1187
4367
5241
5633
5012
303
3354
5829
2866
312
5978
5735
2937
5454
3903
570
2691
1265
5273
4240
4258
2679
84
1192
1463
4104
4426
1013
1180
3539
2338
2186
3764
5373
3865
1890
5885
4729
1627
172
2943
4179
5262
195
5348
1399
2060
2027
3092
239
3035
3239
3515
665
3706
4136
4697
5974
2602
4944
1559
5247
1158
2885
2945
1107
4561
4800
1684
1499
3195
5573
757
3534
1775
4574
4683
4560
204
4736
2250
2117
4462
2926
1613
708
2328
3724
5359
342
3297
508
454
5806
3736
388
2237
5794
1285
1953
1805
104
4765
5573
855
4828
3809
2235
4304
253
2628
2203
5529
4488
1351
5097
3994
3387
3219
5176
5643
4348
1651
4908
4223
626
1867
2573
941
3025
5688
2136
5868
2755
2214
1135
4714
274
5000
5744
841
5506
1639
355
3639
4315
90
4044
2328
5988
319
4433
4002
1227
1491
2134
2597
4865
2771
5988
4741
1090
608
5064
1957
2866
665
5911
3170
4659
727
2687
2281
2291
4250
985
3254
2290
4587
2987
4042
3202
2510
842
1016
5911
3927
988
3356
542
2629
2571
2824
3337
2063
4566
1213
3544
122
161
4786
1204
4548
653
756
4468
416
4979
5210
5571
510
3001
1956
873
2966
359
1760
5189
1009
707
5208
5116
3397
2360
4539
4155
5835
1765
4822
4409
1678
930
3263
4168
2001
5662
78
3786
3246
1236
665
127
4887
2379
3098
4508
3371
4508
1423
5864
2855
5183
77
145
2853
3502
578
908
5142
2315
5958
5593
3048
4061
893
1204
4340
5509
3244
3015
2870
2544
4117
4061
2666
3429
1856
3537
752
4318
4120
4757
2779
3011
3232
5040
2875
849
5584
799
181
1034
5296
5483
1964
4343
1775
459
5391
216
4576
1552
399
443
2754
1246
5466
5707
4203
4443
4841
3072
2016
3184
242
3556
243
1388
3643
2918
3754
3800
76
2487
1816
117
3375
5378
3194
5074
1991
5625
4672
5673
362
4106
4773
1113
813
3504
5773
2830
5322
2054
4235
1164
1328
2838
5788
603
1960
5888
211
2396
2207
22
2850
3130
261
4180
2274
5244
4736
4221
4559
3271
654
5616
850
2752
3445
1546
204
1182
329
4501
1372
4686
5049
493
798
2368
3734
1395
2561
95
1010
3803
5874
5966
5904
3248
3978
1806
4286
5336
1841
3820
252
2082
2349
5047
4520
699
1675
143
231
3375
617
5289
1
1981
2989
415
2106
2420
2678
5460
1337
1545
2013
1685
5079
4779
5223
795
709
5629
4522
4717
5850
978
4681
1955
4536
4008
3822
3381
3034
2538
1059
5890
2956
4089
3037
4396
3623
4133
918
2560
3048
4950
5302
563
4331
247
2908
4584
1785
5666
1998
607
1563
3974
3051
2631
3450
2276
5097
5492
5765
3370
1857
3740
4046
2038
243
2843
5585
3437
3382
3878
1458
244
2704
5884
3650
362
2767
2585
702
3705
1026
1316
1188
5393
5703
4232
2162
2565
5089
192
3357
2913
1045
2331
5067
2120
4433
1168
2381
4637
4074
2699
1373
4551
2961
932
5120
4968
4850
1937
1767
2534
1192
1730
3192
1624
2496
4746
4948
4813
4456
1565
2693
5829
3204
2325
4950
531
5357
751
1583
1930
1526
1954
4619
597
1245
5583
2247
5203
409
1300
5402
1631
4678
1195
4956
3886
3339
5552
3268
209
5124
1231
3330
1626
2257
3068
5301
907
5722
4716
5497
3785
2781
2896
1281
880
2054
2226
3102
1505
4361
1447
905
598
1167
5237
4099
5463
4763
718
4998
980
5272
4571
5382
1938
2401
3604
874
2291
1260
795
370
1310
3268
2120
1156
4317
4161
447
1654
1973
2790
958
2154
3105
1143
1618
4705
4887
3429
2266
1261
4044
4456
3939
5608
1091
4296
866
3162
2864
2903
2992
683
4283
4494
5935
2886
816
3555
1403
1989
2692
628
492
3903
3170
5539
2712
3227
3699
941
4869
927
4075
8
5164
3370
4816
89
4297
1290
1990
4928
2575
1930
1414
3744
1560
508
2429
5023
2490
1663
3488
4134
3798
5357
5469
1877
1514
452
2989
1943
293
1999
5382
2381
3738
5728
3789
2169
1422
5772
2137
153
5052
4722
1314
4670
728
5322
327
3033
5105
391
3167
3313
5775
4120
4344
4051
1019
1984
5932
1414
1854
3136
3441
5065
5474
3598
4735
4876
5844
1349
3116
4280
811
664
515
4460
1283
3876
244
4421
1298
721
5829
3848
1276
2356
4949
3199
2081
3492
4257
3007
3203
2551
5808
994
2150
681
5289
5701
1136
2457
5380
2352
4817
4863
1166
5437
4252
2573
4902
5559
3394
5794
4196
4609
2832
4149
1689
2447
3551
2932
4978
1173
2201
2792
470
91
1499
2869
4191
2857
2102
4347
4213
5637
1024
1132
4806
2534
5031
5211
2562
4979
982
4493
1906
2797
80
719
3032
5446
88
19
1858
2093
3571
5016
2392
5432
3718
1476
1125
2924
3097
5441
1811
3819
317
546
4655
5066
5801
209
4907
3294
1808
4166
5042
83
1151
4373
902
5849
2850
789
5845
635
5126
5977
3738
3965
1961
4844
2240
4513
1022
1566
3202
1494
3532
341
1277
158
4886
4994
2823
811
3925
4850
2520
1781
594
1837
3398
3626
1360
3054
2256
3170
5477
2512
2640
4782
3834
2705
1187
4013
2792
4133
3221
3610
1746
2154
1221
5526
3105
5027
1144
5389
2330
3412
1481
792
3852
1497
3966
4686
4742
5299
438
71
3781
1200
2350
5119
5931
86
450
2404
171
1964
4977
3340
257
2260
922
21
479
1161
4835
3402
1681
4497
5992
2223
5090
1439
5424
1098
3304
8
5963
2414
5450
3759
4231
389
1010
927
2882
4857
2509
5285
1850
2543
1118
2680
2640
1776
403
5270
5787
1638
3152
1740
5593
5599
2519
3393
3040
1665
1370
656
4467
3658
4711
5024
1488
1699
2097
529
4358
593
3295
4085
1556
5367
894
5577
2252
4347
642
591
4694
195
4778
1082
1745
1292
3072
420
580
5351
464
3023
3907
5889
1728
902
2029
349
1118
4303
5346
1871
2520
2289
4226
4552
259
1356
5889
5737
3087
3144
5654
3494
642
2701
339
1817
2817
4860
3390
3168
1854
1002
222
1380
2218
1511
530
871
1275
5934
5595
1465
249
2987
5961
5110
947
1443
3267
3439
4687
4565
2096
4996
3086
1404
5763
1948
2589
3069
2116
4800
4632
3060
5656
730
5385
965
5762
341
5838
5617
5379
3393
5065
1736
157
2597
1824
3029
1974
1873
2197
1562
1080
3664
4464
328
5749
5110
1849
5131
4391
5100
210
2625
2598
3253
3296
4613
1234
939
5850
5004
2224
379
3849
4667
786
2282
672
2355
95
3842
4230
3835
5026
4734
2862
5000
4702
2590
4808
5130
4926
3206
112
3126
314
3001
3171
4444
4150
5134
4370
564
181
204
4656
1370
4156
3848
3221
323
385
5927
997
4379
4305
5298
4779
1053
160
4198
5486
4622
1804
1412
4422
1174
4155
3052
3224
2044
1922
5296
5052
605
3287
1256
3520
1416
1198
2643
3285
5481
544
5060
999
4496
5242
1936
5291
173
4226
3042
3392
5259
5876
5833
2120
1126
2570
4704
3056
3754
58
1111
3707
825
1465
3923
5293
5177
253
3407
5811
3896
1041
1628
4944
5420
881
3293
5185
3723
4229
584
1666
3908
1435
121
5594
1897
4269
9
3265
3354
193
4006
339
3998
2719
5056
3724
5824
5789
4304
4434
900
4566
4
1074
4885
1498
1531
1347
2108
5423
3914
1959
1039
1621
392
224
5267
1767
3805
2543
127
556
5137
4279
1712
2717
4996
2129
3970
5490
4730
5832
770
214
1712
5028
5837
825
3072
1396
531
4803
3196
836
3838
4645
1307
1198
4921
1660
5421
3741
4815
5279
5229
5437
946
1720
2946
1087
1252
4351
1073
2584
3573
4578
3427
5688
5033
5201
1983
3112
373
3893
1812
2684
5542
5217
4788
2105
5087
3184
4368
5440
2941
1790
2668
5000
712
4435
3151
1322
4792
4314
2362
2006
2065
416
1042
5331
2605
1255
1708
3763
1317
298
180
3428
2907
4187
2361
5347
2263
5720
4168
12
2028
4236
5332
5548
471
5090
5903
3591
5315
5845
5288
5253
5995
3154
3489
2472
685
2751
5211
4217
2503
5877
5824
4176
4002
2824
4477
3985
5735
4119
522
2355
898
3567
2088
1325
3074
5914
2630
826
1081
1301
5343
2171
454
2735
1459
5483
765
2077
1232
2366
5376
3802
2766
4834
5324
5532
5460
5864
1043
5570
3146
4668
4385
5529
1436
5567
5725
3182
1351
3990
3582
109
3331
3931
3639
472
5533
5137
3521
3732
128
4630
1795
1405
3615
2609
544
4730
386
2106
3774
747
5707
4937
718
2511
884
4934
3469
4898
1862
2656
3302
1267
1416
5657
417
3843
1427
4750
1740
2329
526
1717
4773
4979
4538
4703
2673
5239
3932
5436
2316
5208
4258
5230
3741
3284
5108
1814
3989
4410
1289
4123
1237
2601
1235
5193
3545
531
5720
3957
756
3072
4509
223
5545
2479
1377
1072
1859
1879
1156
387
3634
2140
4706
1840
5555
3310
2736
4915
3754
4715
4418
2668
1534
1812
3558
5855
1634
2620
3761
1259
3756
5805
3155
4376
83
1589
1129
4329
506
5054
3312
3217
5059
3340
81
1331
1058
4463
29
433
3359
3272
4758
5094
3191
3576
487
4383
880
5475
3217
4563
247
5060
2115
2436
5480
1930
2102
5934
4825
5424
4178
4428
291
3787
3889
5850
5502
1804
2942
4564
105
4933
3912
1246
1570
5720
2009
2765
2600
1931
3341
4018
570
5928
4498
3479
4235
4625
4363
242
2661
3504
5776
3686
3527
1517
5974
3881
653
4937
3159
5889
2107
2438
4141
3527
5925
2761
400
317
5357
1176
473
1899
5450
3678
2738
5077
5121
5070
4061
5657
2579
4836
14
3237
147
2838
5
2965
4546
2057
732
1098
1657
3376
1481
4198
1442
271
4976
4339
2547
3423
1721
1619
2185
730
2233
2531
3373
3653
15
5065
5205
2766
4190
5836
4122
4971
1218
3970
5968
4129
4577
3892
120
5654
2159
4510
4238
4958
2333
3027
4559
2194
2880
1198
1404
1504
2442
1347
1683
1787
1847
1587
1264
4818
1957
814
5632
3214
5552
1107
4189
4917
4986
4627
4059
5309
1460
4324
2637
5114
4956
3201
997
3831
2419
1967
2695
3315
5865
1402
2168
1779
246
2813
4568
1494
4488
913
3513
582
5061
4669
939
5625
236
5132
1270
1895
4588
5324
3747
5830
2000
994
5000
130
5813
5162
3630
1160
3194
5164
2671
4017
3731
1403
5809
2300
1930
3704
4858
5268
450
915
5520
1265
1913
753
4398
570
5386
1193
4100
3400
3740
2168
3036
5845
4891
3620
5412
4419
2577
4654
2861
4458
480
3456
1551
1161
5070
2022
391
3406
4270
1754
638
224
1159
1911
5623
89
3539
3967
4868
3202
566
472
565
3110
1529
3009
175
5688
466
5538
549
4961
2530
673
3318
225
5515
4049
4402
4359
283
4741
1482
3100
3993
3955
3171
4697
2203
5827
2327
3944
4321
3494
1752
4344
1058
5700
5362
3883
1874
1005
4156
986
2012
1921
3994
5416
5954
5692
3058
595
4302
1929
3176
4839
2131
2167
3497
2860
3893
713
4544
2800
674
2791
4937
1616
1323
1585
5984
4175
5507
1492
1861
5433
4788
5781
1614
2017
1432
3323
776
5751
42
4217
1356
613
5481
2009
1034
2360
2678
5252
1781
76
1835
4573
2747
3792
5800
941
1870
4793
4427
2537
2676
2547
3659
2129
2712
1186
5282
5058
5354
5862
1844
3370
2762
3372
3072
2875
684
5777
