2790
3576
2371
1151
4369
4436
1369
852
3925
3138
414
2040
3682
3869
1004
1804
4623
1546
3476
1967
3463
4367
558
497
3981
188
2833
3947
504
2013
2842
1022
3425
161
2641
1820
4337
3826
1104
3471
4888
2137
4469
4620
4168
2941
4446
1978
2632
4384
4636
781
284
1438
3232
82
874
2339
4281
719
4759
2752
2168
3433
1064
4794
3587
1400
3629
2791
1710
1875
1463
1821
240
3779
3363
2953
2448
4935
3726
1617
792
1932
2048
455
2154
2078
4133
2018
3592
4896
2918
18
1752
4260
903
2456
4475
799
945
2504
447
2332
1751
2188
3770
2795
670
4974
1215
3886
1126
3313
1909
2240
4461
2389
2602
2707
1779
1373
1016
1036
3736
1790
30
3548
577
463
4855
2134
2353
128
1343
4208
4580
3384
4745
200
79
1295
869
2076
4427
2452
1775
2678
1049
572
2452
610
3015
1904
2950
2518
2456
1465
3478
2373
2754
915
3392
1719
2281
4459
2490
1561
3025
198
2047
3908
3496
224
616
3493
3890
3070
4426
1032
4422
2672
763
3866
2590
2470
2677
1346
740
4638
917
498
3055
4520
4637
224
4581
4350
3389
4195
2083
3979
1217
4253
2599
662
756
844
1630
4875
1290
4940
3818
142
2579
997
755
2277
531
1284
607
386
2062
472
4844
4633
1465
1675
4825
4572
1587
388
1245
4497
1699
3685
3031
3028
4579
2902
3172
214
1154
221
4495
4538
696
2695
3507
4968
3682
1408
2868
3712
4445
499
1236
2140
3151
2462
3081
3522
569
1766
2043
1541
3816
1866
4412
1199
4011
3982
3072
2925
4503
3103
291
1183
814
4309
2482
3106
759
3530
2817
1140
3766
102
4796
548
3596
3245
4401
3771
2625
685
1979
1579
542
3647
809
2274
3239
2793
1845
3178
1213
1934
3313
649
1490
1867
3779
4712
2574
4095
3233
51
3022
4438
3095
1516
2596
3562
4254
4460
3513
295
3822
2670
751
1624
1612
4649
684
3955
4799
3803
3432
3726
2860
3525
47
1573
1850
1127
658
4538
872
3584
3712
4767
3850
3305
378
3946
3018
2071
741
4389
1307
4044
3216
1178
2864
2849
308
3352
3395
2602
2763
2764
546
2054
4362
4598
1500
985
1632
3287
3922
4696
4473
148
3624
600
4652
1138
1778
2515
4047
4014
2483
680
4788
4007
353
382
4381
3451
4453
612
3988
522
4510
4656
1013
2235
357
523
4788
1354
4419
782
3547
4482
574
3067
1988
4860
4602
233
4109
4260
285
797
3913
4285
2219
4762
2059
1105
1072
3654
3621
4950
1852
840
1886
1752
2568
4049
3618
3087
3799
3806
572
2885
3591
4887
2943
1478
103
4159
3434
1996
882
1593
2793
3302
1554
1379
2528
2613
1272
2242
2587
2819
2328
2770
2392
2608
3097
3575
686
4698
705
2349
3551
2592
4544
3552
3401
4083
19
3273
3186
962
3305
4510
4073
3496
3522
1005
2626
3028
235
1836
2913
493
669
2632
4368
264
1358
4841
4963
4304
1935
3750
1905
1720
28
4098
3301
1759
3971
2778
1666
625
2668
2129
1581
966
2879
1555
2660
3666
1610
1578
1781
1009
2057
3424
3705
220
4496
2626
3455
4611
637
3581
3892
3089
4992
4369
1464
4871
3812
2998
4381
2814
1143
4054
1937
1557
2365
3497
3466
210
1083
1599
2169
513
807
2422
1431
2479
4205
1512
1228
2785
885
2511
926
4550
336
840
2110
2637
4272
4834
3351
3869
3895
769
3872
1655
680
2212
449
3617
354
4103
2338
3186
2083
2125
2638
4894
1297
4445
3438
1885
4388
1440
3147
196
3199
4533
51
1863
2269
641
709
4697
1272
1086
711
386
1740
4535
484
1075
3778
1797
4612
3353
2361
4833
211
2748
2447
1479
4819
19
3694
3899
941
3606
537
3298
691
936
205
3432
3417
1223
1093
2969
4618
1520
2981
774
3231
3412
4616
1447
4346
2833
2917
2807
585
462
1060
776
1693
4184
2935
92
2730
3330
667
2029
305
4700
230
2570
2289
570
1250
1598
1301
3951
479
94
719
1335
696
2887
2257
4542
4771
4890
532
888
2188
2493
3626
54
3187
776
2341
4049
3097
2888
467
415
194
1715
4825
3455
1460
4049
2836
3362
2711
3131
3094
1104
1036
1402
173
2812
3951
2239
568
2670
2385
4523
1779
3355
494
3722
1299
4450
102
4688
4099
1477
567
3800
995
554
2215
2029
3650
3814
591
2567
3186
4573
3779
1917
146
3480
4974
1049
866
1955
1866
2868
4615
4217
2973
2854
4758
3599
4167
4714
4989
3987
4936
4604
557
3727
1406
3528
2460
2693
2508
4592
3991
1896
4943
602
2396
284
4770
3036
2717
4468
2937
3069
3409
3374
4226
1601
4652
789
1351
96
4623
2835
2280
123
1954
2977
3278
1700
1294
4764
226
4538
503
1725
3212
190
3910
3334
2816
1437
4389
4228
738
721
236
4861
4490
3638
129
2544
4579
2047
3411
1307
2837
1314
2343
2860
866
3895
1947
4176
726
1360
3000
426
3127
4461
2230
2937
76
3535
2127
1688
674
3046
3357
19
2146
2722
607
787
2854
1530
4374
2238
4506
3853
23
4630
4007
747
4529
3140
2434
638
197
4305
244
1434
3126
4145
4554
471
2710
2164
29
87
192
18
3492
4096
1668
67
1749
3607
1092
1464
4482
3919
4878
3233
4480
821
4250
2756
2523
601
1563
1686
238
331
4282
314
4183
2631
342
1923
3574
2775
400
3208
3709
396
3427
4995
763
3345
401
4589
1971
476
2576
3290
1594
321
4491
1452
1710
4908
1805
4887
2145
3587
1112
488
4685
4214
507
795
1881
220
1019
1799
674
483
4168
3912
3309
2572
304
1041
3008
4392
425
3980
3272
643
1760
976
525
3740
3567
3790
3378
4805
3570
4576
1409
2830
450
3909
3220
208
1291
389
901
2360
4576
1134
2622
491
1279
1985
1237
3112
3750
2500
2455
55
1796
1765
518
2716
1357
1215
101
4191
109
868
4912
3819
2030
2264
40
3937
3741
4637
1868
784
3038
2592
3539
3379
904
392
4982
1352
2162
3598
2651
2808
4997
989
2203
4176
2460
3000
2213
1267
1685
2
508
962
3091
3638
403
3545
1165
299
1585
2198
1270
467
1960
313
127
1857
3383
2755
2706
1861
687
2788
3797
798
3074
1701
3006
3514
2343
1302
198
853
506
2710
262
1107
2921
3749
4862
1324
1314
3415
477
1339
2064
3511
1914
3522
1660
2573
4249
2382
1727
534
1673
4235
2765
4286
2514
84
2558
3205
1987
4225
127
2651
4322
973
949
1001
3509
338
2825
1270
3645
1444
3383
3362
4763
1847
313
4954
3747
4045
1080
3857
2748
1888
4634
2816
3041
1768
3327
3418
354
2530
3805
4550
3891
4094
2468
4321
4902
4147
564
1431
1749
4913
1162
1174
375
2138
1690
2608
3756
3613
30
1427
316
4737
2196
2670
3705
2171
605
4938
301
3612
2354
1618
1149
3123
969
1897
229
4450
654
2367
950
190
4813
3903
3890
1528
1027
1072
1408
4612
3052
3998
4483
1915
4806
796
221
2969
173
2201
545
2988
4688
2660
2357
847
809
1244
2566
3979
2634
1169
3718
249
1291
1201
1104
54
1488
1720
804
4299
2702
4967
4806
3312
1726
2975
1153
3221
634
1218
3281
917
4469
3263
1630
4839
736
3656
196
3266
1974
4409
4183
980
3992
2552
2724
999
3397
2603
1051
4088
2241
4106
1513
3326
15
674
1082
1700
3129
587
2851
3427
2252
3991
996
511
4177
3152
100
2827
4493
572
112
3387
4274
3615
1956
3119
2878
2086
4074
351
4041
4547
3471
3224
3109
1618
2234
1353
2414
1263
3233
3298
1608
3089
468
2770
0
663
2490
1514
3859
4278
1410
4900
1194
4420
2362
2538
1855
2492
2123
1372
3561
4966
2174
1002
4987
4130
4391
2321
188
2337
2552
1222
1167
3480
1153
2437
2738
2722
4290
2044
4515
2897
2419
3537
239
1353
819
2340
3532
3553
1412
98
3166
1239
448
2976
1503
4246
2845
2904
1143
3695
2355
2331
4396
2929
2695
4371
4634
2142
2720
396
1459
2388
870
4846
2962
4116
2634
4665
4106
1690
985
4926
3267
2890
2850
2454
2988
3771
3279
434
1668
611
4312
1270
2474
2551
2554
2786
397
3733
935
1574
3966
4032
1031
1289
4394
2007
4461
2798
491
1258
2172
2636
1141
2658
2008
2849
4278
4469
3225
4282
2623
642
1681
1561
319
1727
2039
4492
1887
2836
2548
1406
2648
3643
1227
1964
288
3823
1542
4278
4692
4998
587
711
591
3565
293
1107
4537
4014
4215
2829
3011
3400
1443
1762
4470
3532
2009
1629
2803
4423
2131
4704
1277
1672
2429
1803
3083
3312
1530
4541
1481
1321
4641
2220
3062
445
2038
2754
3017
3492
4565
2030
20
3561
1202
4148
2243
3994
76
162
198
1362
1080
3240
993
2540
2449
572
3237
3366
3988
1583
2719
2688
3770
2911
4878
3575
4727
81
3522
1243
3264
2130
1184
1225
3914
59
3562
390
844
4079
2211
2721
2166
4011
2648
2706
3627
4441
1034
2125
2282
2912
4448
2582
2907
3035
3354
3120
196
1004
4552
1494
2195
973
328
2804
630
4667
1071
1067
4942
3600
3167
415
1210
1499
2222
535
1528
3318
2831
521
742
1356
354
2223
4231
3277
4446
4722
345
535
4631
1105
2299
2219
3354
2502
1195
4345
502
381
21
976
3133
898
1624
4286
3151
4622
243
3584
2351
4437
3813
4384
567
4120
2466
4464
2383
2274
1913
3991
3851
3265
770
1103
3082
4322
2293
1159
1618
4089
2438
1524
657
1948
1892
2007
2135
2435
1944
4691
3319
607
4939
2406
76
764
3937
1386
4609
2364
3473
4038
2640
3609
4366
2805
123
3598
3984
4027
2657
2146
3323
80
3617
859
1458
3546
1858
2419
4932
4691
123
4418
260
3708
3838
2871
2150
2684
4935
4956
3373
1778
2410
3165
2930
2547
2162
4708
3183
1992
3454
4797
3322
4039
1887
553
2661
1396
3132
593
802
4347
1830
1865
4627
653
544
2358
3215
2565
3893
2918
3009
4494
1133
2778
379
3571
4259
82
4280
3754
1662
3237
4422
3582
2719
2915
4322
3191
4770
4138
110
584
3701
3009
4853
221
925
2565
1432
1815
2296
3445
1993
958
2022
3948
2260
4281
1336
2962
2917
2029
4003
3567
708
368
4702
2758
4077
1305
4358
9
1876
4334
1107
4983
686
1768
4179
3214
4995
3215
3348
4023
2704
1110
4559
4389
769
971
1568
1713
4339
1453
1970
3150
4599
178
367
1420
66
3132
4469
2299
921
1496
3780
2445
1538
467
1628
1272
654
3280
260
2702
2275
2066
397
4475
2286
3219
2477
875
1661
783
1207
134
1603
4968
4143
3993
3668
2678
4643
3810
4168
2763
3694
2592
2957
4728
3102
180
3476
3264
4181
4272
4774
2967
3364
3394
3184
1902
3755
4700
1409
1470
3982
4564
1092
3461
2194
899
240
2834
3525
1253
2893
3314
1098
1668
1018
4437
1492
1760
1922
3784
2626
1967
3117
2911
3113
2133
1394
1503
631
3920
4921
2293
755
4411
2350
3735
4899
661
3603
4901
4885
2477
829
1098
4199
1973
3222
333
2193
1080
3843
2367
2000
4792
3067
568
46
2128
432
571
709
275
2026
3074
1723
4552
4886
3111
686
4867
2174
3265
1912
448
3619
3911
1446
374
3789
556
2211
3574
1563
3255
1842
3495
1429
4573
1592
4256
4462
1070
4064
3049
1936
4569
1920
4438
1592
996
2096
1624
1160
1916
1867
1146
3187
3301
1654
1373
3571
3878
4957
2721
3702
133
2221
3504
383
66
1644
1320
3649
4395
996
1478
1814
1780
1839
1697
2238
2000
3197
130
2195
4760
4408
4958
2641
3215
4840
1261
1659
504
4307
618
2024
2884
3924
2871
733
2500
4988
4533
1900
4119
1558
1461
1346
4528
2012
4966
1174
784
176
2099
4172
483
4349
3360
4202
2641
1843
889
3906
4556
3001
759
30
1849
4372
2176
2930
3397
3022
3362
307
3101
1922
3147
4310
82
3108
1832
2931
1783
1806
1481
3287
2152
1724
1917
1313
4065
4657
4535
1660
1432
3410
1948
1979
3008
3217
3623
1196
4331
4044
3147
4459
443
2931
4581
2767
621
2289
2236
401
3762
3210
622
4672
827
3179
1144
3370
4433
4598
1961
4429
2247
4132
883
3788
1884
4605
4264
3117
3384
2540
549
1375
3339
4142
3645
288
1541
3201
221
1741
2365
4912
1479
139
3105
2428
1525
449
3702
383
4692
3041
445
1114
235
988
266
4951
3414
3698
4170
3040
2707
1795
129
2750
3648
223
4998
990
1143
249
3971
4246
1520
211
364
2445
1393
3891
4259
248
3724
4971
94
1904
1445
983
1238
4249
1087
3127
1644
2158
4234
2091
2306
3952
3554
710
644
4478
879
4460
257
1629
1965
2269
66
2256
3016
3771
2797
3172
501
3408
4454
378
3439
2777
1899
4664
1021
2103
1291
4537
621
3700
2714
783
2927
1898
251
4715
488
2959
2171
564
594
2981
2934
4115
3308
4806
3472
2791
4331
652
3530
2292
2821
2758
4118
3199
1085
887
513
4932
1776
953
2301
2024
2339
3279
3176
4875
1935
4832
1092
1141
2018
902
3540
3801
3827
3326
4583
4470
2658
2139
2836
3610
98
787
1899
3394
2867
499
1228
1789
2384
894
3062
2543
4306
2153
4765
1936
2911
370
2929
1732
3875
1606
1240
2774
2961
2689
1415
4117
886
3448
1562
2769
3626
4099
2317
1110
4987
879
1830
4239
1576
1904
3058
1574
2520
451
200
112
3661
1457
2638
2974
3592
4327
2750
4813
4697
4754
4892
4751
594
4697
4647
4899
114
4219
369
279
3713
1887
4549
2078
245
786
988
1148
3496
2690
3980
1605
3315
4929
3974
742
4724
3846
1018
324
3367
2910
2337
3057
828
1560
2087
397
2845
4925
907
3152
129
574
2988
3501
3610
16
3122
1627
4096
1874
1197
4517
2824
1551
2782
4129
756
3887
4793
1606
2008
4000
811
3558
4254
1922
3918
4507
3223
4047
558
110
1367
353
591
4186
1019
4678
2613
2807
3754
1399
808
3083
93
2966
2810
1595
3469
749
2598
3903
63
2204
1734
75
2750
914
3241
1785
4221
2381
2551
4372
2447
1308
651
4944
3173
1041
4828
1189
2715
2332
279
2355
2136
3323
4245
1583
1345
2110
1181
123
3761
2230
253
875
4078
2525
994
3339
4314
361
4634
863
2309
2531
3994
3963
764
764
3569
1449
3496
4806
4536
1976
2261
1168
3300
905
4973
1996
4186
4165
4353
4051
1845
3147
3659
8
943
302
3859
105
970
2682
3028
3713
2810
735
2298
2563
2089
4214
4699
1546
2502
4528
79
611
2219
2590
2485
4044
705
4683
3747
190
4194
3590
9
3797
4651
3316
2363
1144
652
4434
3762
2948
1205
4568
229
1803
4471
2377
1305
4281
365
1894
3858
2623
2757
962
101
521
2422
3264
1524
3075
3471
2385
4860
528
4778
962
495
1938
3428
51
4225
3654
2441
2618
729
1190
440
189
4606
3938
4201
2678
283
2089
3607
4960
2712
3689
2270
4120
1639
886
2249
2336
600
4975
2960
4605
281
3732
3805
3287
1550
3659
1009
617
9
2642
3248
2782
4022
4367
2022
4404
3317
940
1292
861
4164
1574
3971
2663
4161
4004
3292
3278
97
4428
1953
2711
3568
1129
4668
3253
4381
3537
4090
4881
1049
2419
171
2810
3972
4726
3832
4060
2772
2316
953
3236
276
2973
3227
4641
341
2120
795
2479
1139
1540
1826
118
3382
4477
2508
4367
1698
3722
1094
3902
3758
3371
548
4522
3166
2161
2996
3018
629
3645
194
3146
3859
2682
4657
1051
4479
2486
1155
2192
961
19
2709
4188
3023
3157
282
2297
3473
3724
2587
2164
3243
2352
4135
2677
1647
156
4133
1522
2468
3580
1339
2146
1535
952
1329
3607
3308
2347
4832
1845
2689
4597
3488
4031
2935
3379
1882
1624
2406
1465
2699
303
1924
4606
1186
100
258
2469
4215
4976
1244
836
4991
2305
2538
1421
4640
3162
2575
3578
2333
497
3213
2221
3806
129
555
413
3824
296
4253
3365
3220
2899
2998
3447
3655
2918
4221
3662
2486
208
769
3369
1595
554
2977
3259
2592
2456
1965
3679
759
2176
2987
3744
3771
400
3223
3279
2607
2700
178
4966
2121
445
4093
2337
3675
4029
474
772
4398
1646
55
2159
1058
4586
320
4911
1263
4925
585
3030
2169
4183
4957
4130
756
718
3125
907
2940
2769
4176
934
1870
295
1331
3999
4913
61
2374
1035
3555
3006
3715
1683
2674
788
1851
2588
71
957
2959
1332
880
4626
2304
3695
115
3097
3675
903
1634
4626
917
210
4480
1670
886
1525
2550
2931
3973
4391
4026
244
1185
3232
4860
2781
3894
2112
2406
869
996
4364
1920
2516
1136
4091
3134
3460
3197
1118
2366
692
4315
942
2817
4358
4178
3416
326
3650
2187
699
125
2724
4451
2090
3039
1177
5
509
311
3719
1995
338
2597
1154
3873
4505
1055
714
1934
4237
3812
1386
4639
3798
695
2284
3138
1827
3372
4671
3548
380
2106
3354
4735
3094
29
2459
3044
144
1567
1624
3041
1571
1578
1775
295
2198
3636
2593
1370
4767
3240
2161
406
4941
3941
2538
3842
2586
413
4070
3308
2062
1612
2475
1321
455
803
3679
2695
181
1776
4909
3321
3577
1084
2784
2926
1774
2024
620
3222
800
4829
1444
690
2512
4839
1701
4671
1121
3637
3802
1015
2173
4263
2473
4748
2857
1780
3570
385
3408
3032
864
943
3010
4830
4784
4137
2437
1567
4959
4389
1012
207
3488
344
2771
2297
3442
4596
565
1047
3855
2088
3965
4432
2913
2692
928
2997
416
1544
2692
289
1591
4032
3962
4365
2828
1238
1406
1654
4333
2932
4543
604
776
220
1914
231
4755
2886
4953
2840
3995
1685
649
3497
4760
486
4985
3466
2564
662
2670
4729
1796
3616
404
4117
4183
167
4654
1423
4476
1358
2878
1622
4577
4354
1737
1958
3486
2176
4473
2147
4231
3336
1206
4224
2152
3637
4743
1294
3123
584
2546
1587
2973
2681
1995
114
78
698
1225
3456
4759
2823
1492
2466
3166
2693
1379
3208
4077
126
938
2918
4777
2047
1656
3335
2998
1214
3358
1870
1760
11
1828
3339
1052
4193
86
655
2021
777
2987
4148
1186
3164
4038
2123
4140
2011
1565
2763
4198
797
711
4051
4597
2164
2115
212
3879
3524
4379
2286
2040
3337
3527
878
1511
4868
726
1600
4391
81
1616
2599
1089
4080
223
2014
4935
2487
2219
4154
2579
4736
3676
1486
3086
2948
2146
10
525
660
2489
4234
46
3431
2057
854
2416
1557
2881
3075
256
1358
603
2949
2960
3632
3115
1007
10
4236
281
2817
3394
1364
4382
2084
1297
2971
954
1142
1390
1280
2292
3141
2063
673
68
329
333
2856
1890
3618
757
3684
313
2114
4211
3983
4734
417
3537
3159
2250
2148
2662
1548
1391
1809
3177
3157
4928
2306
2068
2263
3056
779
1374
3171
3100
570
2001
1690
1237
4274
3530
2159
3598
1379
2310
1714
2828
2041
4825
4437
2875
1231
1194
1532
4221
1113
3523
4470
3669
2811
237
754
146
58
3992
2832
4527
2340
631
2454
3631
1606
1178
3571
3518
3794
2085
2547
2290
4155
3174
2640
2624
4711
1868
3817
1315
1511
1355
722
1624
1094
1851
4519
2949
2748
928
726
600
3582
4333
4672
1867
4171
2842
2684
268
3269
4924
409
4643
138
467
2733
1301
4743
2487
4926
4662
2880
3371
2788
1707
302
3676
506
4365
2637
211
3295
794
1561
2798
4453
3469
749
4333
3550
214
3927
1975
4669
1228
195
1029
1616
38
1979
2566
536
449
4368
1354
4298
603
1007
2203
3998
3271
2563
4501
4753
2850
786
2062
569
2410
2439
2439
4964
3182
1692
2355
2949
3919
570
975
277
782
2279
2063
4786
824
4138
2754
2374
1348
1517
1603
991
302
1327
873
4382
4331
4446
4288
630
2308
3278
502
2428
1456
1016
2650
3589
4266
4506
1182
952
4978
2327
781
600
471
843
2655
798
1762
3964
2538
3858
262
1392
131
4483
2659
4312
1570
4595
4953
2142
1675
2488
1626
4368
2377
3136
441
4352
4749
4892
1222
2455
260
2303
3755
3110
2038
924
2057
4345
2827
1178
4203
3208
2880
2005
716
3635
2047
4305
3413
4394
1301
1165
1110
2398
1140
2154
3142
1352
3081
143
3462
2019
2696
2483
3031
760
523
429
3572
2799
4794
1803
3130
3972
2012
3926
931
4990
4507
774
2762
3471
70
4351
506
800
2151
640
4855
2933
3349
1275
3989
504
4509
2094
4415
4445
4193
4406
4520
4321
2714
1610
1910
1264
66
4035
748
2042
4490
334
3646
2745
2778
3770
71
4729
2175
2165
2391
3092
4038
3318
4809
361
719
1982
2832
664
2365
1577
2801
1069
2881
3666
3739
1511
302
4400
3051
1556
1576
3395
4676
27
46
194
4204
861
3110
3573
210
1216
3223
2514
556
3818
1674
4119
4517
207
3490
4218
2586
3614
2698
2440
1293
2398
2645
1880
4867
4457
3993
732
4681
466
3325
2755
2476
1072
2298
3813
3917
3599
4117
4517
4795
759
50
1428
4338
4259
1484
4015
4329
1217
353
1831
4377
633
99
1097
1178
763
4537
2082
2720
1673
3412
2401
1770
3750
2293
617
219
555
1868
3057
1105
1236
2907
2865
2739
299
121
395
832
920
154
76
482
1771
1515
2030
4146
1704
4220
4731
2949
4542
3599
4968
2691
380
180
3203
4488
824
455
3755
2012
814
4681
3843
2093
3353
266
1562
1340
793
3977
3754
4269
1345
3890
18
975
2995
878
3723
3324
3995
1329
2043
3955
1109
4
4057
4785
763
4898
2055
3646
4063
1864
4205
4563
2986
2894
1119
3857
3214
2026
2037
3476
4398
2235
4859
711
3536
1323
3804
3081
2724
310
4280
2814
4236
679
2263
1184
2448
1674
1297
2844
205
4028
3435
4249
1065
3454
2520
2370
1493
521
4506
4701
4975
995
3243
3028
148
4935
4773
1353
4326
2611
3313
2111
3743
1083
2800
3331
3587
3627
3564
4441
2587
3553
2346
1787
2139
1209
4919
549
177
3826
20
3843
2664
1150
3943
435
2849
4446
4079
95
3605
1212
1132
3371
1274
210
4032
2478
271
3088
3782
595
4493
2515
774
2414
4
4513
2801
620
863
1617
3471
883
853
2382
1339
4224
2533
3037
3656
3560
3981
3764
2643
2462
1975
2626
876
803
1129
2606
3066
1652
4327
4095
4865
949
935
930
659
2091
473
490
632
1216
2985
250
1691
2071
1754
2806
484
3839
4769
1528
4747
1700
3035
2630
215
1984
388
3880
4379
1345
1997
1679
914
4301
945
4785
4551
528
2204
609
4659
2134
1473
2748
4515
4924
2230
4558
3541
2136
566
3979
4552
3177
1483
3841
3222
3224
197
786
23
3942
4268
320
3242
3720
1870
2649
202
1702
1237
3146
2043
1401
960
4712
887
4466
4380
314
450
2463
3743
2649
3558
2176
1570
2785
588
2592
1704
4130
736
3959
2662
2519
2695
4044
3777
3567
2440
2560
1759
3298
1980
4622
1003
1211
3203
4054
4113
1188
1028
1880
2569
1176
3409
1814
1827
185
3181
4171
1616
4129
2043
4591
4929
950
2956
1332
1743
2215
2524
2571
646
3555
4778
1463
1750
3641
387
228
2063
1241
4473
3696
3920
1745
1541
2767
4820
3685
1966
2573
1579
2878
196
1003
3112
2946
4638
3437
1116
4500
60
2011
2734
1610
1386
675
4573
4405
4682
399
3724
750
4933
450
2968
2883
2989
574
2233
448
642
802
2746
1291
4263
3279
2887
2608
2200
1673
1739
1635
4555
2667
171
4995
2904
2603
1107
3483
1598
2061
3914
853
4347
1083
980
1744
2223
1681
3340
4704
4846
4238
1572
1972
1744
2343
451
3442
527
422
2017
1519
4804
3856
1066
4819
271
1045
4004
4400
489
1280
1071
1404
855
181
225
1804
4117
2458
2059
1776
2717
2566
4155
2518
4923
4727
1614
4990
150
128
586
76
4277
1263
325
2180
291
1116
2982
3840
4648
957
1950
61
4598
3838
2394
4652
85
4798
2912
988
547
2285
4916
956
3044
3826
1974
1734
4017
2689
121
3015
2432
3793
2626
444
4128
100
2579
382
272
663
2499
3238
4899
2865
2780
4467
1049
505
3281
1408
4517
2704
4778
1347
3334
1893
3469
592
2909
3087
1867
4836
1226
557
1092
3021
379
802
2920
1759
3987
4356
3075
177
786
2211
2027
4718
3686
3199
2681
1592
1030
3866
4082
39
4743
3108
2961
686
4157
2453
539
3262
664
2614
1343
1884
4136
1800
4888
2582
614
4670
4544
4292
4248
567
3226
1729
4993
1723
2380
2040
3139
4719
2712
4379
3225
3203
2069
3054
902
80
1303
3626
2772
4975
847
366
3866
3989
600
4776
1781
218
1440
3985
1825
1457
1998
3983
1468
3362
1359
4892
159
2811
79
2619
1098
3813
510
4395
2763
3226
2120
4211
3683
957
4049
1557
4285
1178
180
1592
4771
4748
870
4382
2175
2349
2859
2484
1907
4504
3292
1336
4726
170
844
3852
1588
271
2454
1824
3936
2753
885
3718
3193
3668
911
591
1638
2525
55
1627
4934
3896
2253
3134
2800
3488
4925
3206
1828
577
4473
3960
1693
3825
1843
4266
3804
3181
1386
1955
3114
4665
1568
4279
3905
4031
4071
1703
2136
3081
390
2773
3321
1225
524
244
2736
2325
1199
3702
1906
3024
584
2760
279
3859
2583
1544
198
3843
3927
567
2180
1124
2038
2945
433
284
1700
808
1047
4274
4037
4816
4775
3492
1908
4270
1826
4560
4901
3298
4809
1906
3343
1500
2785
293
3709
2475
3094
4405
4856
3087
4563
624
2123
4672
1956
3725
3850
3936
3184
4532
3143
1979
2070
4789
3178
4831
1250
1317
197
3662
2932
1483
4769
2320
1838
1553
3497
3166
2232
102
1105
2297
2642
3440
2522
129
653
2703
1397
3338
2558
932
4705
448
2784
2208
371
3259
1573
4153
2921
3077
1697
3183
2675
696
3387
1237
686
2470
3392
3395
1950
616
4942
425
1264
407
4850
2853
2113
3641
1678
2597
4182
2203
4530
3625
970
2390
2582
2679
3693
164
3874
3442
1359
817
4171
645
1977
846
3314
3432
4523
1376
2377
2901
2768
2503
861
573
283
2443
955
4052
2524
729
2513
4171
434
2603
1058
4484
3327
3462
4884
3391
1891
4677
218
955
3694
4195
1233
4705
1469
1029
3754
1434
3511
1701
4963
3153
4261
4995
3162
3563
437
3830
1655
771
3266
2824
3036
370
1153
2888
4531
2067
705
2817
2781
1589
408
2592
1715
3201
271
4523
3146
2052
4073
2020
1232
926
2581
221
2053
4680
3773
1573
4841
1309
1931
728
352
2559
2407
165
2004
242
903
129
167
502
308
4530
1802
118
3780
1486
1407
805
1306
1273
4632
2296
1774
828
227
1686
3866
4043
2483
2269
3570
2247
4515
3358
830
1130
2849
2112
2936
3434
2420
1610
2245
4300
3116
2402
3362
170
1037
4971
3237
4591
3623
3483
1260
1510
197
2562
1269
571
2256
1950
3212
4873
4728
1516
4378
2011
1790
33
976
2646
673
3206
2640
4755
971
2338
3236
443
583
3937
982
802
2889
1818
363
3534
122
3847
2165
4313
2054
3509
2875
4034
4188
2283
2095
1635
353
2928
2452
1011
2865
3501
417
1451
1684
1257
1495
357
1057
3491
3395
3224
3418
794
4816
3368
1387
4897
2756
1827
808
1278
429
2606
2418
441
448
446
4917
986
2318
1219
4137
1219
1796
3111
11
1757
557
3244
4584
4390
478
4114
2701
4199
2557
1752
1382
524
1735
2578
233
2853
3389
1329
4934
3514
1770
3561
1214
3619
3204
188
68
2501
820
2531
3012
3632
1060
2316
471
2973
1836
1791
1752
3485
1728
2746
1246
2365
746
4405
4447
3110
303
600
4765
2000
2977
4688
2623
342
3529
2296
1759
1909
2574
2860
2163
1023
4774
3217
4586
116
3480
456
4125
4912
4436
394
560
2815
3856
254
3740
748
3711
333
1426
4393
1928
2734
3966
4233
3665
3709
1053
1921
653
262
3372
2870
3665
1783
1030
2232
1839
932
2706
3699
4885
2788
791
526
2734
2633
3397
412
4466
3501
2162
3672
1364
2111
3965
3174
1552
2861
2602
293
4215
3844
1466
3632
680
3682
4815
4251
1253
4509
3369
2547
575
1860
3792
3342
831
3939
4502
4226
1683
3684
4696
1826
352
3840
633
34
818
3254
2427
4963
1037
1842
3123
26
3567
4519
79
2899
837
4055
4239
684
159
3686
1758
1852
1920
431
2491
2962
405
2646
4136
4905
2090
3869
734
4409
4299
1722
1555
4545
2462
1014
1562
320
3947
744
3909
468
372
543
1824
1874
719
4646
2237
4155
3989
1554
3512
143
4494
1928
4503
2995
971
2857
1224
4926
1416
239
623
1754
2172
3761
4146
2886
1830
3330
4202
3472
22
1416
856
4304
357
1209
1898
4359
194
3440
9
2798
4393
812
352
180
2370
1697
4771
2303
4596
2248
90
259
1188
2401
2288
3128
4862
4954
36
3701
3670
199
4251
379
2900
1921
880
4997
706
3572
1410
4611
2955
3311
320
2126
329
1608
1843
1198
499
4008
4528
2583
4129
4402
1424
3313
3822
1826
670
4550
681
3888
4477
2447
2920
3971
1188
1816
2433
3818
3375
1538
198
2878
3874
2039
669
2931
2820
4048
3809
3589
2526
1426
3040
