7849
7048
7926
3251
3294
3020
7623
3038
1167
6676
7550
1857
762
2311
3825
4891
2346
1
1275
4258
5261
7651
40
2916
7796
7747
7737
4303
2856
4676
7252
1932
355
6849
7819
6021
5298
4707
5447
2631
5285
7698
3664
2755
3695
7624
6012
4143
3489
3009
947
4682
2110
1935
475
1660
826
4682
5988
2971
3796
7396
3953
5386
6989
3034
865
3388
4419
2502
5690
1686
6959
3857
5042
6579
695
1351
2777
2625
6449
2947
550
4488
374
841
2332
6539
2078
4210
1368
4103
6365
1794
3514
5592
1273
1173
5550
5499
6247
2232
1174
46
4738
6549
469
1972
5223
7174
2939
5941
5551
4938
2440
7361
842
7317
3935
693
3124
6913
2441
3958
6807
4963
5602
7643
1021
953
2916
39
3248
575
1293
6515
113
2848
6064
2858
6609
1162
6102
1774
7470
7578
1678
2521
1101
6006
1880
1310
2769
7866
2666
3853
4694
778
3357
309
2925
3911
1527
3043
3316
989
597
585
2768
6328
1845
6715
5578
5014
2398
2002
4931
7160
5036
2035
3541
1266
3516
1194
4872
2018
7728
239
6190
6013
6559
2827
6876
69
1692
7700
6853
7383
225
1876
5428
800
3801
6728
1829
6384
2823
7492
2689
1446
5718
308
7157
7819
3901
7869
2670
5051
910
7233
4403
3838
4188
4930
4894
7734
1607
222
4344
5680
5542
2616
5296
5980
1615
4983
4792
2074
5
2344
1981
3434
3263
4863
7105
1990
6929
187
7318
140
6458
4839
6648
7250
3849
4284
7432
6302
2412
164
353
1006
6614
1817
5913
7153
2828
5996
2326
5849
6157
930
1610
72
5276
3769
1484
6759
1387
7304
4820
3606
1574
3972
6803
5181
2584
7647
173
4481
574
7946
6356
6419
7143
5211
6786
3810
6660
330
7058
1008
2386
7446
3260
7426
2208
4357
2092
3633
5311
5256
6461
478
646
2940
4567
1347
1855
6733
6433
5860
6130
4341
7653
6436
1867
3939
4032
1459
1322
4342
2562
5093
3080
488
3688
1182
1985
4232
2291
4458
4098
863
2340
6121
3279
6260
7575
4263
3313
7084
6649
6602
251
7049
7464
1636
5368
1811
2662
297
2995
4820
7864
5946
1891
6140
1249
7456
496
2981
7798
7444
3494
6641
3230
5178
4789
2576
1256
3758
7330
6238
7241
1079
4430
4649
6512
409
2529
4752
7176
1287
531
1158
7562
6260
2199
4214
1787
6346
996
6657
3401
6324
4705
5155
5886
1878
2156
4083
3999
3356
327
1609
7844
5744
3231
6586
4627
4485
1915
3390
4283
3217
7933
1971
394
5015
5528
7226
6731
7586
7247
127
128
4430
7077
7319
920
7423
1255
6594
6414
693
7314
5199
4510
5176
1954
1119
4643
4205
4344
6657
3090
1867
5159
6525
4941
4327
5147
6764
7141
1387
2982
5252
111
6949
7848
4146
4481
507
6619
7456
1098
3325
1017
2838
6219
4371
3978
1532
6326
6037
4493
4542
3425
2042
7042
136
2727
1319
3858
3889
5148
6441
4764
6004
490
5758
1821
5976
1548
910
4347
818
3303
5047
7022
6849
64
965
2316
4791
3422
7361
5935
6423
4925
416
5957
7225
6444
349
7923
4331
6276
1953
806
2930
69
5725
2809
430
5390
3514
3900
4635
697
3368
7271
883
4689
1235
731
3505
6960
7860
5905
5169
2490
3012
7777
3380
3824
7883
5745
1727
3633
3286
6840
7970
7955
2886
3246
1622
1818
6469
4818
1600
2387
6548
2647
5010
2512
5440
5292
6353
7809
1587
4455
2097
2026
2663
7693
2140
5446
5749
3520
7185
7800
1996
1350
4393
3306
7613
6386
7158
4421
2354
3953
2180
1035
6975
371
3329
6804
6353
1971
7097
995
5634
2149
2041
4452
4879
6971
5973
3844
1505
2837
2054
7661
5959
5507
2603
6813
3781
5495
2032
1890
5958
2700
4748
6580
5868
6957
5476
7534
1608
1379
7821
2474
7013
4031
4015
4921
1343
864
7492
1724
7633
6626
4672
5859
4812
356
3659
1535
5987
5747
7722
325
5187
5208
7931
353
5728
2810
4895
4084
2411
2610
1010
5420
4256
2026
4661
4543
7099
880
1101
6660
586
733
804
5550
670
3164
1966
7717
6171
5465
5830
4931
111
1992
1014
5160
2591
5327
5590
1082
5949
6801
2891
4604
3574
536
4721
2634
200
2782
7123
430
3472
5240
279
5794
7105
1376
6135
6115
1585
4893
1514
7983
77
657
6305
7387
1197
2911
5996
6738
1923
4279
4221
1838
7980
2367
1349
3436
105
4959
1531
2000
6695
937
4603
6228
570
6564
3147
7310
6056
6196
2168
3357
3554
4135
4383
143
3854
4574
1095
7379
6079
2838
2796
1493
7430
3026
1559
7036
7714
5223
5800
6332
1426
2851
566
2968
908
5147
4557
3768
2118
6864
3542
5218
7217
381
148
1368
6917
7744
4938
3406
2103
7586
3643
391
5704
4165
5641
1099
5559
681
7551
3783
2327
7963
3498
7681
6075
58
2594
7541
3021
1063
5926
209
5886
1352
2085
970
1431
3641
4953
409
2030
1361
4238
2582
885
5516
2177
6447
5165
282
2723
965
4856
6467
1597
4003
4299
4469
6893
7771
1154
6380
5902
4863
7117
508
5750
4345
3400
4990
536
7816
4201
1045
458
2967
5522
6684
5730
6396
1863
4781
7353
3146
1593
4752
6609
2771
4097
6463
5587
2877
2920
5459
3569
5567
7459
5708
3178
2809
2204
129
6956
686
2091
5986
7315
3231
2276
6951
2127
4164
2889
1496
2660
7401
928
2615
4044
4836
3616
7885
7863
7151
2501
1040
4978
3750
3139
2862
1573
5470
5590
7096
3895
7647
1144
6446
1612
6720
7596
6947
7854
1118
3640
7309
3849
3192
2159
555
3280
2218
1004
723
6398
7684
2779
1751
6519
455
5937
5331
3917
2363
5884
1046
2718
4912
2260
4843
6682
4111
6065
6915
6306
3419
5335
4928
2572
6282
4140
5664
7555
4026
6698
6852
3851
4050
559
7324
35
246
5617
2802
6147
1382
4752
2127
6853
308
1156
3853
7264
736
5237
3195
2511
1169
3306
2342
3344
3250
2457
522
904
3303
4380
1301
2179
2667
1541
4436
2842
6024
4360
4477
7918
6001
5783
3159
3472
1279
3915
138
7299
6918
6205
6015
1433
2900
7861
4467
2681
3590
5562
7646
2626
2630
5512
5946
5066
36
7584
5618
2944
2128
4217
3752
623
1970
2452
3171
6179
5734
3821
5268
2214
1623
781
6787
4963
5367
1789
7515
3948
6744
6741
5518
1303
6314
2994
3430
2115
7377
3141
5034
4792
1634
2824
745
1005
7739
5773
6629
7587
3196
6383
3103
5422
4646
7465
3068
4499
2830
197
1681
4813
3325
1132
1232
2794
5095
284
1742
4627
4359
569
7792
2600
531
5178
3698
3081
7393
1220
4179
306
6934
5524
2144
3774
7174
3669
2076
1740
7150
6865
5257
5951
1033
5188
2134
7327
3666
1548
3621
4317
5527
7549
5304
1971
1975
2258
6967
490
7544
1342
480
181
6279
3488
7499
2171
1357
1556
6361
3186
1258
357
2937
2343
1104
2721
2902
3034
5311
3590
4961
1733
7128
920
2998
3773
4705
3604
3757
6322
1556
1406
7552
6289
7908
6743
2772
3016
5069
4139
2598
2153
4502
6406
5203
5352
1702
3015
3971
5758
4992
5772
4980
7856
6621
845
671
4458
7205
1093
136
5957
3145
3914
3815
1768
4736
7358
3566
1994
6043
990
1719
2837
7367
1463
844
2470
4895
953
5394
5425
7212
7012
5522
450
2938
4575
4133
4510
7191
4775
2044
3400
6955
612
4042
6367
2479
7320
5966
229
6603
7024
1472
5786
7248
6653
5143
7943
6223
1916
5237
3030
3732
5585
6000
1246
6146
5139
3966
6973
2252
512
6524
4958
6158
3729
2651
2395
2886
5033
7464
2172
818
1383
3830
7644
3590
4058
489
3180
906
1748
5282
81
6414
7063
3458
4585
5387
3501
7453
4587
3352
2964
4413
4780
1733
6485
3920
4158
4632
5813
6383
6579
3681
5381
7307
2431
7740
468
1014
5244
6179
4549
3147
3718
6637
4475
764
2182
679
944
6326
5005
5134
485
6195
2326
422
2100
4123
814
7481
4097
1048
47
5295
4431
3189
5799
4039
1583
2353
6040
7088
18
3366
4633
4998
2368
3793
2650
5356
5281
3454
3909
4610
1273
2961
3455
3
1265
2354
6925
3518
2704
1686
6804
7663
457
423
4345
1274
4141
3088
6183
4995
6145
998
3374
6892
7082
2038
904
6252
7749
7463
7736
776
7059
2188
4044
3953
7761
1033
449
7291
4518
7134
5
4725
7094
7957
5911
553
3220
4484
5451
1201
1684
1024
7337
6260
7997
6686
1269
5820
1502
1127
5130
7669
7928
4375
5920
2373
3352
4754
1708
322
1928
6628
5286
4180
7387
2099
3174
5417
2279
260
1320
4686
2576
5798
4847
4145
3454
2110
2821
2928
1968
2032
351
6813
106
6504
31
401
2250
4226
1332
3945
2809
3100
6173
5730
3452
4725
2570
1549
2602
4418
5155
495
6136
7117
3682
1079
4592
4490
667
1948
4097
7608
4124
4883
2287
1776
3119
2794
7083
2318
3772
388
2493
7097
331
2865
7453
1808
6632
489
3618
2290
1055
6118
6738
106
5287
4507
7512
2422
987
7700
4051
4082
6435
5931
1738
870
2545
4580
1726
7785
7655
998
3928
5616
2391
3671
1602
1142
2594
7890
1426
1290
2369
7943
544
7472
2722
2736
1464
3957
5546
4332
619
1555
3481
4474
1664
5244
4300
211
2824
1798
5851
4963
7951
3316
4066
4582
6894
4637
541
7068
4798
3452
7213
5224
2087
7251
2295
1355
7958
6460
4908
2295
1549
3597
4451
787
3284
1255
2785
7051
2637
412
5179
7056
4325
7482
4627
3507
4391
6264
6526
2265
682
4284
1414
1052
3435
6663
459
3455
3189
6526
644
3019
764
3670
1507
6602
7754
7962
3671
3935
6225
988
7723
4800
2079
3126
5131
6738
5935
6459
4391
5344
4699
3648
240
7799
6255
7936
4160
4448
90
1328
2134
1082
2046
416
1022
5236
5286
2698
7120
421
7959
443
2255
200
2367
7835
6065
2391
2250
2651
3646
7938
3156
2809
1425
972
121
4723
5755
4803
1351
5062
2951
7514
4757
4961
4249
4004
5037
3499
2544
5231
2724
1006
1738
2427
5579
7710
871
7638
1534
1418
4261
1749
1689
6238
7562
3185
2763
2578
3361
4667
5826
6707
2299
2813
3462
7308
4886
4719
3490
2353
4572
915
2684
7527
5762
941
3206
7155
5457
354
4237
3838
3650
6893
367
7585
3457
7480
1514
6291
6484
3357
143
1964
6037
1336
4757
5333
2203
6824
1033
2959
1463
5347
5795
5148
2458
2867
5237
589
4436
5969
5180
7273
1143
5788
3545
4279
4250
182
1049
7849
7097
252
2288
2597
5946
1055
3397
6065
1291
1316
3367
3194
3814
2036
6941
3456
1014
2336
3034
1890
6036
374
3855
2369
1130
57
3355
3476
3320
511
4318
200
565
7276
2987
3025
1037
7494
3419
5074
1929
246
6526
6437
3469
5978
5165
2759
6714
3145
4795
4579
7156
36
4170
121
2045
597
3705
6635
3200
1383
7419
4836
5674
7362
2115
7269
6515
5057
667
46
5179
5362
3092
5829
6479
2665
4952
7206
3402
193
2715
4103
984
4529
624
3334
1430
6086
6392
7217
4501
3074
4725
3506
7102
6737
5373
1365
207
5220
7369
1272
1283
5037
4589
4110
1104
1589
3234
6607
2122
7773
1343
5312
165
6959
1927
5210
6488
1248
2779
6170
7388
7140
6544
4708
5331
494
5403
7316
4166
3651
6121
4451
5063
4922
2379
7795
7029
7954
4687
4408
1886
4527
7978
4866
6527
5299
3857
2923
358
4597
7590
5721
6585
4257
4431
2544
783
5740
2595
6871
7739
7026
2046
1126
2154
1005
2036
7401
1506
5588
3234
5523
7914
4430
2848
5315
6601
5841
3346
427
4134
4316
3678
7907
1870
7373
3640
6345
5269
5919
3608
2834
6995
4996
5646
4338
2384
7579
5036
4836
5306
2894
6881
7510
4818
2187
869
2677
5224
7197
7568
5200
6459
1830
198
6571
2
3963
3213
7139
5896
7772
63
6904
4786
3151
2650
1596
6812
2776
1333
4951
3234
4822
1358
4660
2683
3388
2238
2060
5055
7851
2701
3405
2057
233
2594
5990
5047
1473
1683
882
5006
6519
5659
4350
2811
2661
2921
4473
1204
1846
2325
1911
2109
5630
5677
2722
903
6837
366
6781
5938
3535
5135
4374
3251
1465
1270
264
2513
689
654
5482
4554
6274
7216
5912
7506
4443
5758
1372
2939
5771
463
312
6832
5340
1796
3602
1627
7497
3001
7868
3943
6749
3863
3424
1247
7977
903
7557
2357
1825
3521
7872
1119
5395
3330
7481
1692
4485
2140
7768
1045
2667
7591
4173
5918
4610
2069
698
2843
7756
1764
3069
5312
5288
7212
1501
2032
7053
5848
7120
1543
4195
305
3814
4531
7294
7062
5014
509
3447
7496
2212
742
6057
7010
5739
7596
6597
2342
6796
3180
4947
7090
6131
6433
7494
7569
5635
7114
6778
7021
6686
6314
5644
2914
1298
6889
6294
3183
7331
4888
5189
1990
6961
6162
7001
4611
7686
3709
2425
1657
1662
6832
945
1703
6163
7791
2633
3273
580
5585
5955
5451
1698
4483
752
2648
183
6373
367
6865
6035
1426
5699
986
1332
6397
848
4558
4305
6198
6450
5010
195
780
4026
4807
1041
7693
1414
3225
7254
3945
4156
7541
6097
3317
4323
2711
7561
5451
5982
6465
7323
142
5061
7495
7330
6795
3617
1927
577
1147
5380
375
271
5669
1155
7383
1248
6688
4690
2757
2732
7158
6650
1839
3295
7204
6585
7906
1596
703
3702
5505
1967
5936
3231
338
7277
3808
7585
4595
3978
2927
6595
3114
6807
6621
7712
4314
7285
1995
2175
3408
6907
3804
3344
445
2815
566
390
2879
965
7973
5195
6167
834
6878
740
3583
6091
7328
4387
7381
4639
7926
6915
6320
3853
6425
1763
2580
1283
6387
1826
6080
7413
7999
1555
164
4070
1484
1053
1647
4310
1504
5938
7751
3529
7353
7210
7570
4719
5871
5563
7089
5557
245
5271
7245
5863
2302
2595
3913
6656
4028
7119
3031
6288
5763
2198
6887
1096
6349
6676
2745
229
982
5439
1811
3383
7592
2435
7695
1293
1009
7550
972
895
2384
4885
7301
7448
6446
2737
7166
1246
7817
5338
2906
1470
6156
5102
7370
2777
2394
509
7776
805
7850
7044
3329
6401
6284
4805
7481
1562
7946
831
2217
4467
3562
1231
6043
2196
7695
6947
6326
3217
7935
471
717
5685
511
2798
4113
5324
7130
2158
6503
7562
2369
4568
6677
7259
6860
1474
4821
2440
286
5651
3916
194
423
5275
596
2575
3076
1868
2357
4686
2945
6169
2035
296
4542
2730
6465
7061
5551
6713
1491
840
1469
12
785
5369
6986
7055
743
1677
2706
5645
761
6627
2796
2379
4596
2877
5424
7233
2688
3145
2099
7798
5202
7819
7278
183
4829
1002
3069
243
5032
7828
3587
1654
59
2830
3370
5696
3699
4507
2056
5569
629
3080
5597
948
4927
3154
1593
5973
5466
5685
314
4416
7852
3539
1203
7144
1449
4669
3625
5104
3626
6368
6647
5225
5078
5263
5201
3561
3196
5608
7781
2948
6019
7718
5085
5098
2681
5827
961
6941
7815
1608
2362
1741
6533
7538
5106
2129
4650
6530
1174
196
3932
610
5373
7098
3622
4527
290
2590
5320
39
2765
5226
4903
1968
3857
4481
5093
1283
1710
1004
7563
4531
2070
4335
2979
7838
4621
5831
5411
4271
6825
4803
963
1357
6457
6332
3504
3747
2690
3123
6169
7949
2085
1541
6374
7580
1820
5773
7688
6278
227
3862
619
1837
627
1595
6537
1482
5353
2654
1176
374
4998
3841
355
149
7888
2372
887
5855
7125
2747
7539
5452
2895
5547
7235
1307
4515
2146
1062
6144
4036
368
7466
2664
4724
6853
314
4010
43
2792
5518
139
1232
7058
7104
5230
4004
6437
2175
3030
190
716
2652
1626
7281
496
1026
3300
585
403
2691
2149
7860
3917
6605
4889
2494
2273
1595
7602
5493
1724
4679
2660
7723
4809
3678
524
4954
5491
4812
2493
2722
5880
1878
4841
7533
3239
7655
1705
3059
3510
2786
1257
3097
4866
2518
1715
3893
4515
6799
5014
7661
7531
4809
2803
6397
4604
3776
5219
470
1091
3171
1416
228
6549
7335
6639
7336
740
5687
31
964
2077
7304
7041
2646
2850
1995
5483
507
2655
6588
651
2741
3531
7704
4524
1575
1533
1451
3880
5565
104
4295
3371
4840
2805
7952
1759
5383
2684
5237
4025
6049
5598
2169
6752
2575
5185
751
2037
2999
3113
4932
4611
179
6960
6902
6596
911
6754
2595
5518
7729
1719
1084
1305
3092
7213
2712
7469
2412
706
6949
4012
7598
4875
3705
6137
1960
4468
4167
7940
1611
1429
4204
6580
6025
2732
5225
2479
6489
1149
1196
1673
4760
5379
6983
4998
7689
6225
1282
4366
6461
5834
6859
44
7054
5369
1356
6658
2501
14
1493
3213
3483
7158
4472
6097
1053
5974
3252
5793
4776
4579
7369
3917
7380
3488
3051
4456
1582
4917
4241
7156
2589
5737
2988
7213
2277
572
6133
7023
7370
3684
1951
3844
460
3618
7404
3854
6737
7487
2780
7693
993
1128
5695
5070
2251
2211
1004
1073
5668
3245
5770
3861
2927
882
6539
2722
1368
6056
5817
3250
5723
4361
6056
7708
6274
3691
2956
4191
587
3773
739
7976
7143
5472
3090
6784
7071
3744
4174
981
3154
5517
4273
5476
1689
4858
813
5823
5771
5905
6492
5760
6556
465
6837
3210
1056
1190
4443
1912
6638
5988
1039
4774
351
7007
390
5784
6070
3049
6550
6986
1433
5033
4874
2516
6014
1492
6612
1274
1889
2059
3874
4750
2225
2897
1225
258
1931
871
2398
3598
4701
262
3812
5050
7917
7097
1247
2825
3122
5460
7623
3970
736
1108
3736
1436
6017
7061
902
6725
7743
2154
6158
2831
6142
4701
5800
4919
1638
6467
5273
3476
1726
1914
3876
281
1972
1729
4256
2182
7481
6517
7077
5489
5705
100
608
4397
328
1424
2886
1620
136
514
1957
3959
1063
1287
4950
1694
1237
2316
2575
6718
1908
3601
2133
1974
5912
3533
4046
581
7021
3615
7285
7949
3512
7403
1894
7036
822
3545
1113
3805
6048
1638
5163
3386
6032
1381
2328
6059
6142
2902
4742
3776
7267
2081
3706
3334
1726
7664
1133
3706
1396
1766
4473
7496
5970
1791
302
1342
2607
2053
5762
5394
2413
7660
548
3788
2270
4171
2481
6865
3522
7159
2496
2382
7086
1022
4312
2173
4041
5053
257
2967
3761
3998
5687
5206
3451
6386
6907
3942
3798
6887
5957
7655
1296
4070
5588
4769
6771
1292
7781
6533
5512
322
5058
924
4539
891
4081
2191
1182
1417
6670
6801
2056
5277
7731
2157
3414
793
6611
679
1489
1876
7206
6802
6768
233
1022
4654
4852
4668
1529
7227
369
4683
5967
94
749
6316
7371
7279
6241
5736
3607
5405
6620
3060
6831
2559
967
5512
952
5304
1027
6047
7978
6661
6447
4873
4455
4838
2053
7664
4592
934
740
6821
2925
4489
40
6630
3561
1490
5749
2031
5473
110
83
7033
881
3840
5683
6803
559
330
208
3036
1939
2164
753
7771
3411
4540
1931
5371
2574
6587
7171
678
3486
6480
4048
7420
2896
3307
4479
6128
1392
1720
4624
63
4285
4901
6334
3598
7419
722
7708
416
5800
2517
5659
2417
3654
4006
616
689
6039
7918
946
7584
1831
1575
1353
6210
6019
7599
5730
6912
4935
5039
6583
5851
2901
6498
7755
1101
5730
2693
7371
1470
5994
4250
3728
3359
5316
920
6913
5543
2448
2226
4310
360
4684
4162
695
7373
2438
1746
2562
1266
3756
1159
7852
288
3135
7211
5759
2788
5862
7189
5569
4298
735
3255
2421
4155
2064
4804
7867
2352
7036
5308
5650
5906
4305
4629
7230
5296
1501
4039
1349
5852
2209
309
3667
7971
2174
4595
7229
1446
7372
7928
7586
2905
3018
1633
1390
472
3951
4639
2104
6177
223
3519
6539
1266
1337
1685
258
3136
1485
6852
5324
6929
6123
1515
4368
5367
6614
5807
2026
1321
3608
7521
1426
3135
1007
7180
2462
3338
2597
1630
6302
4173
1725
4592
4325
3484
6025
2292
1639
400
4953
2298
4926
1252
3854
351
7431
7024
4108
466
6313
1535
7821
260
7477
2127
1363
4268
1193
3300
1590
3316
6351
3017
7323
2179
1987
4580
6341
808
849
373
4933
4448
3900
4779
4301
2564
7004
3363
3875
2642
1695
3326
1585
4182
6768
861
3128
1012
756
3323
1445
4245
3313
3752
7036
556
7433
670
7665
2084
4261
706
2902
7784
7725
1144
7341
846
1011
5987
1887
7072
7535
3960
4486
1545
5669
1150
2917
4313
227
4004
6263
5045
2534
2494
4772
1054
412
6558
2896
2716
3653
1739
3342
5510
2035
2785
2739
5361
1520
580
6788
627
6270
706
4113
2835
2489
4549
7003
3407
7321
817
2352
5000
20
800
4568
7950
6624
1527
1064
7428
4118
933
3059
1520
5362
3000
4768
1185
2679
27
2263
3773
367
2544
1685
2342
5328
7366
1312
7177
2939
4279
2196
1027
7389
7521
2651
5487
6392
383
955
3728
1788
7139
3529
792
4943
7250
4859
4563
2860
2172
4251
6451
1575
6166
6552
1400
3599
1942
7479
1276
2988
7306
4390
152
2663
6102
3505
246
5833
968
7950
1461
4252
3225
6482
2162
5421
1987
1350
6778
4723
5689
7317
5960
6410
2184
6812
5308
7384
840
5284
6171
7184
5374
3628
6397
4117
658
4702
3351
7286
5415
5284
7333
6552
5596
6292
820
2737
3295
1735
4489
1136
4713
4103
5490
2043
922
2918
5671
3536
2737
6572
2779
6669
3175
296
6565
6667
7017
2087
838
6948
3633
5699
6934
7765
6656
6290
2576
7743
6138
3200
3446
776
157
5943
7714
6430
6303
5050
3499
540
7332
4945
1136
2949
7833
7071
4676
7084
432
3023
6582
3062
2168
685
6779
568
279
3537
6458
5818
2471
949
7028
413
747
5608
4687
7320
493
4060
2302
7646
6069
3545
2766
7772
616
7828
5902
6686
6138
4699
7964
5201
849
359
3144
1379
1528
4116
7080
1159
7484
5292
4856
404
4967
2975
555
4429
2518
5007
4178
4667
6713
840
1512
7159
5095
2957
6776
6852
220
845
7979
6680
80
6581
7282
4795
6900
2527
2380
1417
1419
2151
4468
1106
7779
7902
2347
3680
2352
6744
7901
7320
2435
2016
2290
825
7212
1228
7860
4610
4393
4459
88
3248
7689
1754
1067
7653
1057
4534
90
2660
3754
3883
6494
4729
7094
5547
4866
5558
269
3259
5650
6295
3816
2279
7138
5767
6601
6422
1976
7164
4149
3640
5271
1149
3727
5468
2089
6915
5267
4125
7688
573
5547
6332
873
6702
6641
3594
4133
2098
3778
1660
2789
350
3003
4449
5290
772
5139
1455
2423
2838
2581
6137
6299
3682
5048
5629
1054
6715
7260
2393
5896
3256
4388
3486
456
7190
5546
7101
4936
1657
7011
5214
4299
3471
81
4112
6207
5205
3679
2778
2405
7092
156
6192
89
4675
5015
5570
7808
5104
5395
878
2382
6392
4327
7317
5554
3987
6069
1738
3742
3246
4740
5735
4726
2896
2301
1082
6868
7774
1407
4765
6326
6586
5471
7971
1861
3397
4287
5166
6850
5957
5641
478
527
5666
649
5220
664
523
1573
2164
5852
2294
2617
5721
7132
4484
5523
3106
4830
5698
6472
3770
4894
6796
5361
469
4562
5900
6853
7815
4761
6944
3348
2479
7103
602
3038
4752
5103
6176
5838
3968
5430
1396
3222
6201
1327
3662
7464
1420
3793
5029
3342
3126
5137
7566
2342
2059
7733
7227
2430
5775
55
3940
3720
4196
3602
5058
1466
2205
4524
1464
7428
5936
1311
2829
2799
4810
2405
6548
4559
6781
4576
3373
5540
277
7172
548
4947
520
1058
4278
4348
7371
4369
2676
1528
2625
1659
2689
240
2830
5505
1077
7517
586
1100
5476
983
3794
3378
1337
284
5816
5312
7995
2656
26
6954
5298
907
2000
2060
3427
276
319
2076
6262
3192
7178
1775
6457
2774
7849
2916
253
2410
5138
1393
1630
3684
7187
2696
4704
1444
3265
4453
6453
1429
6986
6007
5020
7715
4519
6952
2083
7130
5742
7691
3341
5276
7364
353
3470
2751
6512
584
6643
129
1226
769
2206
7656
4754
5532
1647
7099
7837
2178
1791
406
6249
7839
5318
494
402
5162
7836
1186
6430
5010
2589
2873
4146
6407
1765
4478
360
4385
5754
7797
1528
6193
3017
2361
2387
291
6921
4979
654
1676
6012
3385
2683
3222
6484
3841
2196
2309
3314
3776
2833
3685
6793
4643
7065
5394
865
3881
4308
292
5304
27
415
5365
4035
681
3033
5584
274
1251
730
2231
3537
4880
324
1105
7018
2030
4465
2734
5192
1607
6028
3768
2103
2797
4924
1785
7591
3026
3450
2947
1488
1414
3523
3776
6895
6925
3497
3734
2222
7772
7749
6774
6817
4400
7687
3906
1517
4492
1646
2009
2819
7373
2514
4864
2378
6571
3294
2990
2587
4942
2332
2740
7462
3082
2409
4423
1393
633
2823
5099
1729
6452
4561
1598
1937
6382
1417
5983
383
6700
5902
185
518
37
5289
6192
4006
7922
6534
5670
5152
433
191
106
2333
5692
4948
5630
2223
4609
439
1155
2671
5118
2180
2179
6020
2460
5966
7771
7429
7524
341
2307
438
4002
3219
4795
3119
6485
3317
1876
91
3663
3367
1497
1179
7088
5640
7768
4106
3577
4349
6864
5852
591
1313
3512
2143
7055
2906
7914
2596
5512
7047
5546
5559
2073
5397
4887
1033
7464
1393
45
4271
4796
728
3893
5571
760
714
6794
3176
949
5916
1224
7916
7034
4973
5266
5830
1051
2161
1664
4798
6571
1769
4196
7596
1183
5683
6519
7512
896
4093
5349
5441
1164
4629
2610
7609
362
4316
3975
4525
3273
7514
6045
6403
4692
7979
6981
6108
3027
3798
7505
4600
7777
1662
2339
2233
3910
5041
4688
2240
3376
1821
1136
4404
83
3363
7300
3873
2330
1156
3140
7036
6088
5113
6661
1349
7664
607
5956
261
1293
1166
6866
1719
1151
6154
731
7619
2531
7954
6228
3301
6925
598
7617
5676
4197
3014
5024
3103
4443
7046
1525
5114
2056
7869
4403
86
2658
4301
2372
678
5468
1885
6645
3997
6744
4753
7361
6766
6858
987
4793
3051
7850
4523
6924
5519
4117
4098
1145
2519
5313
1892
5326
7690
3419
4524
3483
1178
4543
7289
6392
803
7571
4870
6128
6864
6401
3736
6217
157
6735
1424
7857
1334
7324
1056
1543
3967
3001
1499
2370
5869
3105
2020
3202
2001
5462
5384
2929
373
1818
744
7318
7775
904
4879
1526
2610
717
5666
4327
5556
1605
757
2162
107
7030
3514
3108
6240
2659
4244
434
3397
6478
1866
6598
178
2062
7830
106
3467
1480
7901
7312
7934
6541
5434
7739
6505
7248
2611
6414
2968
1922
2253
5295
6572
5580
380
7640
3095
3368
690
6266
259
1821
7000
4365
850
3989
7642
7993
4352
3676
541
474
6309
2807
6092
2100
7320
3103
7376
883
7021
2329
4318
4892
2782
5875
4778
790
5255
7452
1081
5647
267
2593
7252
6924
4373
1792
6552
6289
5625
939
7146
1193
1912
6234
5385
3091
4450
3021
3836
1545
7574
5277
5930
2094
2469
3710
4872
6931
3733
1620
1516
5926
3841
1774
6081
3063
4126
2595
84
5096
2968
4743
5002
2545
7130
330
2100
4110
749
5358
699
5957
2808
1124
3638
2263
4325
1217
5019
6147
1637
482
2001
3633
2825
5017
3107
4866
2513
7122
1745
1713
6914
4039
6913
2214
816
4187
1427
919
5596
3799
3793
5275
5110
2176
4869
205
2755
7185
549
7065
3161
4250
2602
6694
3272
4789
2559
4704
6547
2528
2324
3553
7452
764
5393
571
6877
4065
2600
7076
5330
6620
5763
7423
5109
7238
1501
2755
7201
2690
1901
1354
5720
2194
1340
7416
5088
151
5208
1990
1544
5219
4129
6634
584
636
6656
165
1862
6832
3768
2344
1333
3088
2068
3300
2968
3274
4096
5869
5285
1959
4724
6410
2308
6621
3723
2075
6838
6354
3762
7527
4883
3118
6331
1601
683
3611
4305
2775
4046
6364
2246
2263
6760
4359
5449
7614
3588
2976
6643
2623
5937
7252
4864
5836
5954
6991
6938
4803
4334
4666
3985
568
2584
6868
3368
3099
6442
4332
4233
4230
922
1336
3992
934
2575
3157
3044
1795
2012
3932
2426
3821
106
861
2388
5637
4405
187
6767
6437
6509
4836
4794
3693
764
3307
5866
4779
2151
6851
6762
5030
3022
4570
6576
3079
7885
4303
3627
4005
2629
6162
984
2924
4405
3351
7540
552
5953
7863
5964
6836
725
4131
1968
761
739
7045
3910
2725
4808
7669
6458
4138
13
1876
2323
2032
6984
3785
1249
7833
7395
3606
211
1710
7732
6102
3621
5995
6092
6421
310
1571
7244
2444
3191
6801
6768
6327
3071
3453
5487
7061
3772
7880
315
6459
4485
6164
2339
3862
5131
4306
4440
7867
4589
2025
4493
3628
2858
4480
3767
5354
3184
6568
3956
3954
2004
4841
4040
6165
7259
680
4674
6839
3765
3057
1341
356
6857
1127
7234
5770
1131
4357
2059
6615
4459
5072
5027
5488
4615
2011
6953
2698
6400
7222
4274
4393
5194
692
7054
5171
6556
7960
7843
5808
552
4124
5366
6945
6565
1373
9
3513
3463
2726
3422
4348
7184
3863
153
1843
5760
1073
1219
841
616
2177
3755
4998
3933
3495
487
1189
7175
7747
6072
7891
6233
571
3915
4743
2523
3114
4060
1849
4578
3368
4918
6656
5346
5682
2709
2507
5146
7350
6444
4859
7661
5822
3649
7452
1873
2678
4214
1919
2400
6427
7716
7605
6604
6723
2720
5802
3056
7747
5087
1115
2945
3136
2742
949
483
5461
2361
4108
5656
4574
7941
1204
3731
1439
7770
2240
875
1045
5408
6933
2475
726
2762
5609
2182
4455
7064
5022
1319
602
3638
7093
3815
4130
7234
4336
3160
5301
4011
5321
3070
4636
6901
2568
4254
2842
6873
2693
2286
7799
6792
442
1707
4328
7440
2308
6474
6556
1240
5494
2822
5797
3013
1818
2008
1857
7935
6213
4933
773
526
4694
5201
293
4190
2635
5521
5602
1185
2559
2078
4752
3731
6404
3813
3971
6425
5657
5916
6422
2627
2760
6159
7127
5169
6239
4504
3474
1681
1864
3693
6200
6
6663
7380
4780
6052
6288
5745
5355
2328
451
6016
2005
2661
6021
605
476
137
5244
7296
1096
6462
614
2311
6820
3164
5847
6700
7945
2011
5261
3862
3780
7030
1329
6923
1447
3756
1837
2178
1577
5025
6628
7382
7866
3169
6291
5847
424
580
3522
7547
5479
4652
4070
3634
7744
7723
2966
7063
1241
3842
872
6658
5085
3844
7016
1466
6983
794
3636
7304
4560
799
6903
2150
243
7659
704
5399
5466
2733
6846
7376
7399
5746
5402
3412
3360
7746
3185
5213
5559
7465
1133
758
2997
4819
2943
3942
2563
6609
955
1094
3861
56
4175
5300
3571
6312
417
3360
165
490
837
2563
443
5299
5464
624
7478
709
2107
4291
4055
2741
1519
3254
4737
6855
5386
7058
1997
5173
6420
7746
171
15
7553
3522
4271
444
1802
6263
7487
1438
4842
5209
4248
3988
2546
2699
5880
7833
4233
7564
4780
7561
580
6533
1206
708
2782
1602
2138
7979
6356
6014
2437
6920
5344
7894
3739
5642
7759
2080
2332
3373
257
7125
2418
4472
637
5353
5273
4192
6638
4860
2475
6282
4030
6760
4231
6958
7246
954
7837
1047
7759
2494
5465
7046
6336
7284
810
2359
5892
2463
6126
6587
1119
3643
3324
4
5581
3598
461
2431
6079
6295
6983
2524
6643
2979
7080
4201
2222
3775
331
4828
921
1096
1818
2095
6838
3742
7761
742
1725
6391
3243
5420
5143
6864
299
7195
6390
6653
5320
5531
3471
5474
5174
4193
2549
3578
5581
6937
5843
1492
2520
6943
2118
158
5501
3622
1877
26
5892
2107
1614
5869
581
7588
3390
22
5170
4066
5516
5564
5054
5526
2866
2336
3945
2048
1561
4913
42
5922
7824
1022
4984
2755
7466
710
5236
5967
4401
6635
3830
1948
6346
1029
2738
4423
5671
4947
5319
6717
2402
4365
6244
5526
2621
3477
2391
2587
1331
1995
3892
680
5370
2047
4766
4781
6488
2370
7285
3406
6175
4053
4828
746
903
2819
3173
1593
934
7819
4188
4815
7758
6773
3245
5437
7299
5765
690
2262
1879
4045
1821
7311
1316
2013
4542
7936
2150
1558
6450
263
5490
1309
1833
7628
87
7211
2130
2142
1744
704
4965
1468
866
4663
844
881
4824
2485
3695
7190
6425
5755
539
5627
1635
4380
2446
7265
2598
5128
1569
3486
4927
3398
6738
3939
3727
7936
685
730
3384
6008
2775
4265
564
2073
6327
5332
6481
1960
770
4415
3533
7065
5729
7824
4362
7166
6848
4915
3374
7706
3061
1591
3225
84
6219
4950
452
2503
1067
5586
115
4918
5222
6586
5142
285
865
1228
2178
4578
3614
7732
2502
3947
4323
6835
4461
7369
7817
4187
976
5521
5090
2422
7445
6028
2696
3015
328
6276
7103
7080
6292
5119
3206
5842
29
4552
2303
763
4541
1832
2936
6362
2778
3572
2389
1862
5537
7296
4700
7420
7009
4529
3549
1407
4294
6768
124
3802
7024
187
2716
1665
2287
4629
7850
4694
862
5790
4803
4359
3225
5053
4163
4884
4252
4153
2347
3950
1593
7719
4142
1531
3573
3838
6296
6966
5504
6150
2076
2100
7888
623
3128
4545
4441
190
6535
5673
939
4962
7779
2003
3815
4389
4596
5319
2399
3390
3546
3791
457
131
2355
4220
6176
507
7817
2432
3672
5010
1243
1272
4604
1893
6342
7949
1701
6845
2448
4656
5465
5146
1553
3778
5181
3492
4415
1878
7736
1350
5588
4750
6566
4631
1694
7714
7414
1517
355
7935
7329
1430
174
1355
7303
7457
2043
2951
7592
1239
2298
4686
7355
3464
6787
1402
1775
3967
4311
2342
7867
3031
2319
5645
6692
3623
7268
4113
1355
1112
1242
5272
6000
5080
5193
2449
6663
2791
7369
3732
2869
1167
377
2536
4775
6577
5100
2462
4495
6585
2738
6682
3965
51
3838
1586
2326
5623
4665
1454
5043
1792
4706
751
728
1819
5791
2989
2511
6779
101
89
7968
6505
6657
6433
6704
7576
7809
2258
2740
3799
2369
5847
3728
6367
5781
1375
656
396
3472
1373
2817
6313
6447
6889
941
4516
614
7428
1010
4512
5188
1080
4030
3433
5829
4766
4713
1027
3636
2233
6191
2075
1595
4736
4425
5023
4617
4153
2086
2089
286
7489
587
7702
2358
7144
7492
1653
5263
6201
7301
3547
217
343
4067
980
1914
3714
296
4340
5819
2937
3798
6475
3218
4154
1467
4086
1740
6373
7405
3346
791
1150
5731
1100
4585
3985
7920
5204
4945
880
4829
3696
3288
1368
1057
4525
979
4338
1343
4720
7368
2997
5309
5162
1019
5544
124
6442
532
5061
5369
4236
2862
5434
2143
2319
7742
4809
5062
3013
5278
79
1420
3683
6773
1505
5134
6776
3077
4818
772
1851
785
5329
5174
2749
4457
5999
1247
3837
83
3903
3357
1690
6744
854
2065
1763
232
6834
2713
2314
6058
5943
6055
2744
3941
2388
3454
5370
7236
4741
6409
856
7817
5233
2072
518
2769
51
5303
308
1663
3126
1389
2112
4360
7801
7310
3531
2651
5746
2749
7529
2731
3534
386
1330
6298
279
7044
6645
963
4079
2915
3597
1188
4793
3380
5003
2151
5847
7130
1746
4555
1741
2493
6850
4532
2564
5162
6477
139
1067
2951
4261
211
3960
945
3350
6858
3533
7860
624
567
7733
5670
348
1558
6221
800
3215
7390
3647
7706
4957
5804
2410
7266
1189
3085
94
7993
2795
3565
1987
5578
7683
1367
6745
6344
5032
1639
921
2595
3116
6932
2299
5158
6410
6100
6673
3760
1047
5291
1168
3340
3799
2516
5487
7728
2092
4874
6696
4175
6569
3955
4508
2651
7941
4202
1491
3035
4971
1703
4961
3748
1967
1869
7460
3447
1690
4881
5545
7607
7270
4546
7726
709
709
1016
2050
3834
6043
6685
2761
4224
7501
7059
1052
4685
4785
3457
5133
5245
7525
7166
6920
4619
2427
408
660
2924
2386
1472
4537
7113
704
6934
5692
5783
3883
4429
326
5524
3063
3707
2595
4703
6937
6208
2789
6837
1099
6096
4585
5124
7128
7518
369
3693
5847
6822
1585
4187
5172
4759
549
4539
41
2844
863
2711
5261
4294
1119
6482
7875
5592
3354
6786
7443
7662
7965
2981
3989
3914
1931
7170
1033
7228
6402
1054
900
5550
732
5719
5253
4041
1809
5472
6374
2248
506
601
2990
2967
2864
7434
7363
1959
2259
572
4668
849
1767
6836
917
2852
7960
2765
1916
461
926
1840
5896
2786
6395
7539
1161
395
6370
6284
3898
4109
2546
6256
4691
52
5919
5389
6715
4317
7602
2400
3355
1437
1126
3379
5262
5905
2932
7095
4532
6020
4457
5626
102
2486
6322
2180
7172
7439
3834
1492
6505
7008
4074
3634
4736
5969
6479
6897
1264
365
6874
2883
1395
711
960
6840
1860
4039
7106
5717
6967
7060
1863
3405
610
7776
4004
6687
2361
2251
4158
2251
2552
1268
2887
1842
1145
4259
2084
2185
6309
3660
7855
1337
5319
5313
856
279
6460
2680
7334
6331
6983
5619
4252
4991
577
274
6134
7702
685
2033
6034
2054
4330
7231
5164
1859
385
3613
7810
6250
1694
4718
2006
3159
4444
2817
3090
4323
6905
1176
1285
4669
4137
1429
2700
5668
2886
1536
332
7358
3108
1527
3995
3800
4547
7859
62
4155
605
7346
6285
4007
4960
5830
3635
3375
4662
6138
3794
6320
4479
4060
6211
3119
4064
2732
1530
654
949
1247
6856
5419
2530
4752
6395
4182
1863
4548
4448
1260
2898
4952
41
1108
7598
4618
1257
5142
7960
4128
5691
2771
3091
4920
3459
3109
50
1390
3788
4243
1874
2339
6481
6577
746
5616
6231
6738
5307
5031
4663
6763
7457
3330
4858
7750
4236
235
2141
6879
648
3239
7859
6047
5559
5856
3882
5298
1121
2445
4261
6279
1826
3456
7049
1892
3522
1804
6612
7523
1762
5904
1255
6797
5777
2917
2276
7441
1982
2784
7986
3296
7880
1028
1181
5929
4337
5639
6171
2924
6258
7167
4586
4605
6696
1641
5844
5143
7916
1750
3988
5787
2560
5235
2259
6884
2084
4083
5451
2887
4233
7963
7437
2348
5853
3305
6237
3779
2501
4066
7611
2022
6889
3255
6013
2377
1320
3539
6999
1568
1133
1732
7933
1038
793
515
3935
4101
7648
674
1235
3774
4400
7633
1489
4438
1931
76
5591
3652
3061
4773
5293
7155
905
6633
259
2880
5415
946
6710
1618
6344
4041
4913
7248
562
6453
2864
1539
198
2980
2656
1546
2807
7157
1379
1908
1621
4064
5807
4158
199
2115
6102
4840
5208
7945
2016
4854
2536
633
4436
6400
4611
5145
2134
5302
6222
1980
2794
2676
221
6447
6806
7614
5986
2172
550
1112
3137
1433
6217
1733
4223
5233
5977
5658
3416
1932
1784
5437
7279
285
1430
7679
1312
1896
4558
3540
6641
5006
6384
1451
7080
4406
538
7854
5366
4378
2623
7384
2321
43
7305
4781
7391
5346
5019
4763
5518
5732
5423
5163
1152
2833
7263
3428
2084
2410
703
6076
864
4124
2983
1659
3050
5357
270
3951
950
2050
6737
6342
586
5195
6420
1931
3821
3531
2687
5440
2685
3847
7082
2324
224
7371
6611
5825
915
531
5964
1092
5598
6557
6962
7482
4264
521
6551
1492
6630
3689
3137
6327
4975
7723
1228
4339
6956
5024
3306
1053
7915
7080
843
1034
5202
2812
2391
5867
688
5208
7768
2432
7535
1987
309
3898
2022
2172
4377
562
1547
6275
6835
5887
2054
1473
4502
7863
7008
3412
7680
1094
1242
3195
7287
3620
3290
2139
5519
3958
4352
7916
2505
2819
5720
6147
2134
3537
1960
5884
377
6619
4840
3011
3274
4850
4049
5120
5462
5422
1486
1949
7588
4814
3599
5556
7123
6451
125
3866
7006
7222
6664
643
5570
6497
3931
784
2550
4241
5233
5564
345
102
2689
734
2666
6820
7765
5019
4336
617
2169
1452
2042
11
1614
776
3009
6349
190
3374
2921
6910
777
2513
4006
3375
5118
6431
60
4943
1670
2160
4830
7141
6043
1864
4216
6888
790
7817
1481
1662
3877
5688
6311
5264
219
4585
5414
198
4257
5002
3924
4900
2954
6026
859
0
2309
2020
3786
1439
5419
332
3757
3116
7096
3444
5592
7956
5079
3131
67
5760
150
4275
4111
7344
7609
589
5479
1009
7658
6243
3073
4859
7054
4642
5764
745
5810
5779
4612
6229
5732
6212
3816
6863
2590
1303
3117
1210
6302
6374
7683
5188
2257
722
917
4544
1197
423
2022
2018
3230
5165
5271
7446
1368
1166
197
5949
2187
3679
7887
7557
3189
7244
1845
419
81
1893
5916
496
3373
2687
558
3486
6169
1160
7390
3285
2619
4907
3337
6062
2496
7580
4152
4426
3373
5696
130
848
6227
6332
5966
515
1057
2521
950
6588
3027
2897
4424
5448
1417
3129
6822
4640
1458
1034
269
5825
6439
6733
3698
40
1172
2147
7432
7980
4817
3566
3231
2999
6799
864
678
2402
5037
734
4753
4525
874
4816
5205
3096
4661
1992
3920
2144
5921
5196
5383
3609
2612
6018
7495
1828
3742
2999
3948
4110
5191
3787
64
5893
6529
5693
4923
4280
7197
4623
7912
6090
3929
4373
5545
7282
6775
4128
465
4338
6121
5249
3183
7473
7592
4092
7722
3703
1635
6283
7496
2309
7892
4299
5705
2255
7727
1351
7600
1111
53
5856
1697
7847
6885
5014
3173
4331
7249
7285
5899
5160
6606
414
7338
2781
6725
4529
6209
1269
6246
7060
4479
1317
7485
1379
542
3048
6237
2100
1321
1173
2616
7941
2079
5145
1616
2885
944
7703
2632
7867
6948
7769
4692
7639
4443
1905
1871
6035
4911
1008
1324
3654
1781
3842
4932
5381
6435
7461
2125
3574
4043
2756
4459
7218
3461
1716
2144
4950
876
5834
3936
1703
5758
3094
2624
7711
5607
7617
2316
4824
3415
638
3255
1044
5967
1968
6637
6759
3580
1432
3013
642
4538
249
6930
348
4345
3467
4057
6718
4093
2967
5468
4588
2367
2101
2709
7083
3505
7712
2558
3443
927
2675
5197
4787
6705
7875
2174
4412
973
6680
2824
587
2841
7752
4145
7414
6622
3698
2557
2097
4360
3284
1026
4669
842
6026
663
5807
7326
4324
2091
3545
2922
4450
4273
7511
2814
5006
1337
6903
5818
1206
5530
6854
3725
69
7244
6579
1752
2366
6866
35
2928
2388
4564
7888
3650
1384
5451
5662
3281
3743
5589
7356
5468
4511
616
6387
7835
5031
6243
2127
6759
6664
3136
2470
5369
3588
5030
5065
7626
2434
7003
711
2394
426
471
3033
4749
7907
2867
4397
4783
7526
384
6034
5272
3007
6069
1788
811
1824
1344
1717
3128
738
6077
865
130
1945
3972
4268
4314
3922
925
274
7978
4460
5135
4554
78
7824
1621
1680
6428
7758
5170
4237
6340
6101
3676
678
2579
2319
6483
2270
2130
4951
3029
5289
5323
5464
5418
5198
3435
5379
6874
5943
643
5292
5055
2520
2664
1602
1269
2938
1275
6889
6701
5475
2115
5430
4705
3300
7286
6598
2338
7423
1559
4923
1485
818
3513
6676
4060
1828
6177
4008
4312
1195
7753
3775
3436
4344
5121
333
3477
2784
3248
4684
4662
263
2233
6645
4233
491
3769
3098
6319
3914
6124
163
2216
6258
943
3491
7837
1699
4832
1686
6298
6498
5217
6521
602
3869
3004
3526
315
3510
6113
2315
529
2222
7946
1830
5078
3695
4735
6943
383
4277
1525
7714
6378
730
6290
5271
7219
1022
2380
6688
3749
464
3055
2030
6669
6587
7549
2816
811
5871
1455
6394
6018
4170
5914
1822
7951
2787
877
1961
2710
7155
4375
4876
6743
5473
7557
1862
3680
5865
3593
4954
1148
4328
5974
2226
1097
7046
2216
2512
4775
7296
192
3693
7052
6864
2189
48
3125
5884
5606
6668
951
7545
2932
1782
7220
6905
6829
3394
4968
5720
3131
2713
6243
4382
1019
1113
6609
498
5793
5001
6069
28
248
5431
4021
6197
3527
5809
910
5678
7311
284
39
5369
2738
6452
3908
663
5038
3168
4753
447
6214
1585
5790
6888
7297
2487
5418
7091
715
4864
7256
2808
5882
5678
6143
2220
3820
6004
477
4460
5644
4013
747
3624
2483
1112
4683
559
4715
4724
6109
7826
6286
6452
5874
5432
2061
6880
2392
2302
6412
6792
3220
3912
7659
3428
366
5929
6560
2317
5478
6955
6272
1170
7748
6267
7708
6072
77
2740
4168
1042
2450
7558
3255
2168
2978
3587
514
7335
5471
390
3399
2805
7470
896
2414
2799
1544
3040
2439
721
494
5150
6607
6817
7609
2853
1682
7784
6927
7003
5162
526
5234
3982
613
5265
7154
1532
453
1826
6915
1023
6048
5276
233
1811
7400
3489
7375
1413
6021
83
7096
5755
6814
6828
7692
7386
7287
4347
724
23
629
5116
1473
6302
2300
1554
7719
1752
505
6371
3207
3869
2812
1360
4873
1846
5244
7823
4040
7821
5439
4392
2504
6707
1681
4936
1219
3214
4913
2501
4384
6557
2572
7535
5317
362
3745
143
6339
5515
7683
5631
4144
6484
1469
4070
1171
604
5327
2894
2487
4010
3287
5731
2914
2557
6475
1802
1248
1077
6051
6875
6072
3617
6483
5373
5184
2854
3126
1821
1932
904
5702
1034
4930
3096
2184
624
3977
7163
3973
2096
2464
6226
6770
3224
6603
7947
4017
2052
7527
260
3376
5200
2975
151
5360
5944
2167
1798
800
6671
1670
5508
7207
5657
5697
3870
6529
1925
1201
4
7169
3658
262
504
5044
2140
4166
5266
7974
2059
7902
7597
3006
6137
5657
5810
1284
2934
3502
6271
3075
4410
2611
7603
6410
638
7088
3416
2316
7415
6351
5550
4583
1967
2095
3536
4994
6146
6423
2757
5135
5683
7879
7590
1584
5993
7659
6759
5685
521
7785
2755
388
5489
6745
4232
338
5773
5972
7548
1101
6362
7461
2283
220
4597
7645
4366
3966
7135
1923
794
6607
4752
6887
5794
7785
6068
4503
681
3495
1990
7723
6984
3461
4680
1595
6840
5091
2460
5809
6461
552
5826
7993
5808
7428
6959
85
1191
1997
2310
7052
5314
2827
694
3266
6357
6415
4655
1827
3181
7166
5121
4281
5569
939
5076
4702
4855
3170
3518
203
3215
7618
4804
1294
688
3138
176
1434
397
532
5323
7288
3316
7718
184
7132
7667
2565
1773
2451
2919
4124
1358
4247
4194
5467
6568
3205
120
4403
3015
3110
7463
3133
5300
5737
2400
5050
2126
2034
2358
6389
1731
3979
7266
6085
4076
7032
4976
2607
451
5033
2250
6312
7873
1417
416
183
2392
3060
1520
5945
3210
2821
3191
766
7333
4236
2996
6161
3099
3487
2517
1174
258
392
2625
6027
6692
4828
769
4657
5444
2859
2251
4804
5294
4627
5485
1317
4857
6895
915
7769
6557
4013
5941
7402
1707
1981
4767
5291
2989
3942
414
5337
6618
946
772
1181
2870
6602
3289
2222
4740
2204
542
5588
4329
2808
6911
4359
7135
1019
1620
4150
2578
5922
979
5859
3290
3136
214
7787
3926
5898
2821
6628
2209
2640
2208
223
5492
7558
3756
6028
728
1409
6199
3709
4166
3709
392
5059
4125
5658
1384
3828
4990
7528
5895
1167
2887
4567
1421
7286
7019
17
3518
5785
6187
4963
1161
6068
5939
5654
7853
558
4627
7900
5705
2210
2008
6822
4606
4219
903
7187
258
3705
53
4866
6852
2704
3270
904
1144
3759
2432
5437
958
2846
395
945
243
6464
327
5692
5203
7480
4234
2035
6216
5224
7093
567
3604
1557
6129
7207
7192
486
331
7349
3263
1548
4266
7446
3786
7803
2153
339
7736
469
5461
5629
849
40
5956
3325
7695
5902
