470
794
450
330
319
422
355
389
604
660
284
184
349
288
49
247
683
262
418
227
402
156
737
84
649
508
590
18
63
128
496
675
132
550
530
31
497
499
664
416
661
404
669
789
316
383
459
758
254
664
725
81
674
271
436
163
749
199
508
418
459
562
731
631
665
728
462
329
524
374
735
692
769
738
254
729
418
685
507
431
306
354
798
695
341
683
163
269
223
594
53
186
216
133
134
263
392
563
72
236
709
19
779
646
725
99
84
230
34
270
726
678
26
135
751
599
512
466
449
759
51
610
428
30
472
413
645
151
358
379
181
619
206
141
177
312
69
315
337
97
592
134
654
416
395
684
189
375
438
233
35
419
732
762
52
465
769
125
269
715
647
789
681
427
125
234
35
272
645
269
522
238
288
505
602
448
217
212
444
760
555
469
636
119
47
735
515
153
709
43
305
135
319
37
376
368
549
301
152
625
104
670
370
177
135
139
556
138
311
580
160
545
627
120
673
567
352
85
203
248
250
202
741
496
225
78
726
285
762
122
577
384
515
305
735
685
119
352
344
546
122
799
381
85
194
183
261
485
322
62
673
18
788
318
574
265
1
85
375
728
560
21
789
288
682
778
772
104
358
316
626
749
374
554
583
119
108
407
380
583
138
129
346
461
517
11
687
119
725
253
367
99
348
546
613
693
272
719
21
708
231
291
527
590
766
297
626
140
646
378
251
449
171
544
40
299
290
438
525
668
655
779
50
227
688
677
199
771
234
193
325
37
590
697
451
265
199
415
529
632
450
774
629
245
346
479
32
178
32
641
523
254
292
290
275
348
226
34
14
207
43
743
713
17
687
450
577
67
580
368
26
95
246
157
670
73
11
675
405
228
721
433
318
160
423
743
424
465
613
253
367
636
585
98
406
778
414
66
445
575
42
321
95
196
181
229
11
128
242
464
125
645
75
426
473
231
365
317
227
167
173
730
701
174
53
185
318
85
784
637
684
65
365
662
662
268
307
576
208
190
706
329
299
731
449
176
592
278
170
553
633
483
46
477
397
73
102
526
630
310
407
343
1
557
769
178
81
315
420
436
607
296
688
147
18
136
136
71
184
273
17
462
94
70
188
746
210
178
654
645
370
497
617
693
496
232
505
90
101
117
93
483
271
1
399
401
136
433
530
660
772
636
311
273
711
375
44
453
480
524
2
35
422
297
345
793
366
21
74
113
486
61
432
211
17
365
788
584
63
442
756
633
360
316
80
630
102
313
529
338
492
699
149
459
198
644
379
232
430
88
103
636
232
57
403
167
795
592
531
475
269
615
291
731
185
499
15
160
272
143
30
21
73
132
60
98
134
260
35
487
773
694
422
734
607
267
601
130
448
527
640
495
644
795
754
703
523
232
521
83
504
606
169
787
524
394
107
236
761
654
358
792
774
658
568
604
351
408
22
362
725
365
78
647
761
731
661
199
144
156
306
564
116
330
486
14
776
337
342
300
629
229
438
736
133
432
340
153
571
227
446
386
173
78
561
40
0
299
480
24
63
213
477
487
119
758
775
43
273
285
304
423
525
623
553
292
119
244
780
250
553
18
70
782
637
279
607
117
525
303
39
87
585
214
287
79
148
391
353
239
540
467
45
416
532
462
722
678
655
451
789
706
251
615
128
626
88
75
522
211
724
619
415
710
612
323
716
112
417
2
777
732
28
54
611
571
639
359
197
44
2
448
642
566
455
519
738
146
147
750
487
325
553
66
602
11
228
609
23
400
752
616
690
759
134
490
260
574
290
669
662
376
355
687
328
250
223
406
383
146
352
36
681
144
191
185
718
168
443
659
