609
671
220
64
312
28
197
681
291
245
543
664
47
24
219
364
186
495
372
325
203
52
154
38
311
377
321
497
678
604
458
185
404
600
348
267
603
467
1
503
661
680
556
350
252
385
675
497
166
34
293
541
517
315
453
257
559
189
11
467
486
549
177
303
135
222
563
394
335
565
680
233
565
90
152
629
351
590
11
188
356
527
571
511
356
77
202
253
270
57
63
583
692
463
631
277
109
217
97
152
243
190
443
98
136
433
357
512
266
439
179
2
296
616
394
642
449
59
256
227
620
512
405
229
589
260
231
544
95
257
18
545
551
163
161
556
565
666
453
47
162
473
63
279
505
168
166
186
572
559
351
194
376
620
105
258
94
84
697
519
56
581
282
17
122
327
374
688
578
697
229
234
400
435
312
270
332
699
195
556
30
185
536
696
42
603
278
453
285
362
313
403
105
583
424
576
494
11
583
605
63
482
601
125
318
206
25
348
500
648
320
62
97
215
61
474
212
291
121
213
560
46
684
128
477
469
686
179
374
494
327
476
33
453
136
380
578
265
222
573
697
621
650
214
626
208
504
247
527
542
626
468
77
325
133
89
481
605
202
113
226
552
486
533
591
314
400
208
6
120
508
16
377
252
317
574
378
649
469
640
281
129
325
346
450
158
328
120
328
125
193
437
30
342
36
615
54
688
499
696
388
468
474
422
465
662
505
4
3
84
334
533
18
256
393
33
429
637
434
638
23
382
474
473
218
547
118
271
46
245
210
188
550
120
448
367
255
359
445
647
451
173
109
541
53
271
48
286
236
499
589
250
98
512
206
645
534
40
607
97
458
239
248
408
10
197
622
690
471
15
30
436
124
319
477
229
63
530
52
30
533
367
375
174
440
479
122
423
426
400
163
12
18
60
619
212
223
314
589
492
385
542
200
481
672
446
694
53
699
501
658
220
666
314
640
558
177
595
224
276
406
179
107
237
207
586
217
696
692
515
148
260
563
512
635
347
329
130
169
688
6
64
473
628
250
639
278
492
159
512
488
173
102
686
142
664
81
102
539
189
143
101
675
524
644
637
243
663
125
280
661
275
172
7
447
546
416
259
307
486
279
258
80
629
170
444
404
404
559
368
173
289
551
371
307
573
266
681
431
244
558
136
510
518
224
361
286
566
198
385
114
657
15
412
602
464
442
354
349
358
690
192
334
638
567
434
699
566
605
115
280
470
34
501
473
384
522
188
239
125
143
393
32
492
43
4
439
418
350
387
678
54
513
166
428
259
417
397
239
41
90
401
462
93
416
347
397
62
43
310
422
533
367
628
288
252
610
544
163
495
426
683
334
187
133
166
205
444
656
180
83
183
56
629
645
98
639
15
598
640
346
228
698
156
242
41
342
305
173
514
185
547
175
423
649
102
185
136
654
578
172
296
52
279
24
273
653
179
249
372
132
105
52
598
544
581
340
465
294
602
555
304
135
219
31
611
120
179
522
207
591
431
649
256
349
175
142
163
405
346
485
414
224
134
689
436
253
4
228
59
577
252
473
107
519
638
335
129
161
685
687
209
563
149
103
105
142
692
373
108
662
469
199
442
25
371
156
378
326
229
