6034
1100
934
4380
1747
7370
43
333
9
5592
3201
6578
6980
1013
265
6261
4946
5636
411
4589
2709
1692
2156
6968
1664
4219
7513
3776
238
602
5650
1761
7903
667
6182
5473
79
3295
4198
6813
2037
6260
185
6213
7509
747
1916
2302
6466
968
2131
486
2740
275
5713
7924
5825
2444
6336
2684
1212
1147
5965
6546
1511
1061
4243
3719
6997
795
6658
6223
1825
1004
6699
835
4868
3770
7020
2881
3671
170
4851
1393
5030
2613
6064
1699
2285
1564
3739
5844
7730
6584
1695
6224
3134
5359
2978
7473
3833
3331
2930
2821
2465
324
5773
3149
7015
2470
7372
1826
7398
4845
5486
2227
6785
6916
4797
4137
6039
3246
7711
3563
805
3668
7868
1917
7481
7420
2694
4611
1167
90
6121
7012
6026
2433
2513
1610
6928
6898
6419
5765
5762
3925
7481
3343
1367
7877
2029
5930
7316
5318
2368
3046
5162
6034
7384
6335
7980
4304
1588
4322
427
38
4829
7440
5807
4581
1772
6556
7445
7971
7602
1614
2752
2471
7623
2730
4797
3772
1522
458
5367
2152
626
1064
1491
6775
7655
3832
5673
2096
864
7282
7264
5289
5826
2605
1189
310
4049
3239
4552
4861
2334
2337
7411
6565
6157
4327
7879
6381
6338
6638
7188
6361
5096
4565
1013
7750
5277
6734
2439
5791
6526
854
4420
4328
2058
2528
7487
7864
5365
4048
3454
7108
5964
2914
1071
5653
3071
7211
5193
7196
3408
1208
6848
796
1623
787
1380
2181
815
4644
5271
481
4033
5491
361
4199
7914
1931
6290
1005
3148
442
395
5371
3694
7990
1161
379
6161
7258
5015
7628
7824
7565
6927
6453
4914
1411
2292
7030
3024
1181
4079
6715
221
6636
6820
6762
1687
2771
5617
2523
6665
4554
195
7271
7226
1855
4244
921
4790
4503
5637
1730
2998
4498
6099
6569
4590
5772
1401
1502
5300
7135
5602
3503
5256
4774
1290
756
3652
5341
6448
3781
1953
2148
954
7628
1699
226
6821
6837
3555
390
3430
4098
4407
297
2466
4730
5439
2319
1223
7681
4751
1613
2949
7747
6324
3204
6765
522
5349
2251
3428
5552
4808
3243
2115
1198
5469
6467
3343
5522
7755
12
7312
6287
389
2999
6800
943
6553
563
561
1507
7253
2442
2091
3067
7830
555
5026
1456
238
514
992
1247
1457
2691
2996
4881
2780
3143
6118
3701
7587
461
7189
879
2774
4833
3888
1481
1391
6682
1549
4615
2426
4924
681
7641
4385
5502
2237
5546
6739
4391
6265
5782
593
4178
5727
6520
5973
2256
6079
7648
3103
1132
6923
2532
2781
3145
1558
1870
7542
5480
3886
5683
5299
7238
4882
6755
74
5154
3026
5052
1353
1628
2434
7193
4252
2169
7258
7784
6586
3395
1197
2457
2226
5070
4804
4211
3342
4949
3095
3649
225
3330
5287
1577
6130
3148
6522
3868
389
4475
3572
5673
6978
5639
5839
3885
4997
5534
2231
101
2241
7749
5061
7908
1425
2966
4309
3935
5533
1831
6278
1446
2213
1675
4557
4013
2093
1714
1206
5577
4677
4780
6137
2102
7796
138
949
6164
193
165
7756
5491
6877
3320
3802
2435
6384
2216
722
2350
702
2597
3575
2305
7606
3880
1908
6725
1943
2652
7450
748
7615
5977
116
1063
402
1355
2695
3989
5635
2673
811
4821
4418
4482
7424
3836
5442
5674
3919
2338
486
7921
6847
7319
4487
2173
4273
1075
548
5294
3832
2251
2599
4007
5240
6144
4560
1773
6938
3825
7681
1575
6953
7888
7332
261
6540
5586
4220
4285
7136
2880
5575
5681
3313
1515
6861
45
2326
189
6985
6604
3302
4266
2288
1658
5786
5060
3746
6611
5697
6318
3564
2474
5786
2216
5432
7783
913
3082
4178
1672
2841
2124
2839
7240
2978
7937
6396
1692
1208
932
4152
1498
5368
5131
2000
6005
3503
7416
2237
2787
272
1999
443
3807
7250
4513
2864
2570
3300
7014
951
813
4942
6346
1673
985
613
7390
4872
559
490
5359
1831
4348
2497
372
7672
4988
5321
2785
6355
7552
4316
3224
6752
2346
7972
4607
4290
5524
2392
7148
160
2448
6802
2365
3409
6602
4367
3781
4900
3978
2306
353
1609
6422
7125
7016
2910
372
3197
4800
3674
781
7736
3918
7696
429
678
3205
1953
2407
4929
288
5569
406
6779
4906
420
5886
5299
6074
2756
912
2259
7677
4434
1932
4744
5035
1782
7617
7199
6172
2245
1072
185
947
2815
1679
5419
1208
1345
4841
1396
2052
7309
3938
1435
4117
7220
2521
6117
6082
6558
3686
4016
5640
502
130
3248
3842
4340
6
963
4535
6856
2892
5746
3086
3808
3954
1158
4252
4246
3325
2885
5086
2937
3929
3464
4034
2103
638
250
6623
2532
5039
4463
1158
4009
2013
350
1200
5067
2280
2877
3798
6487
7301
3319
3232
6312
7034
4237
1973
4820
4358
5062
7537
2425
3167
1044
6389
4639
1875
6725
6935
7114
4944
6050
7674
3999
5311
5160
4025
176
7114
2912
4925
678
4671
7261
5999
4170
7308
1426
1926
5552
2538
3085
7041
4928
7191
148
1585
7714
3323
7131
2926
6086
5100
1950
3242
7373
1613
3937
1826
6295
7569
834
1392
5802
3805
2551
2558
955
1420
1514
1045
3549
268
3374
2963
3843
5797
6044
6907
5555
3034
3919
7142
7050
4712
3704
6808
1638
4843
5406
1326
1651
736
6773
1715
2709
7749
90
2129
2095
5981
6057
3044
6670
6224
7036
618
7286
6062
2688
6487
4870
660
4917
7237
1546
1127
130
201
1117
1150
2034
7969
6649
2780
5519
3721
4061
4954
409
2284
1433
2596
4323
1016
6265
7194
5451
7050
1100
4950
6612
5321
1168
1997
3170
4494
6395
462
1681
3137
2664
5928
1329
5311
5533
3753
4002
247
1141
7360
1865
6932
2863
4484
7276
6676
5969
4429
7152
312
2106
2048
1516
2580
7235
7017
4521
1094
5137
385
1593
4163
3771
3662
7216
5645
5202
5801
5444
3393
7057
7835
189
4300
34
3937
5400
4798
1931
7503
5566
7479
4467
6929
540
5437
6805
5452
4766
7792
704
2531
1997
276
2184
6421
6851
6862
6413
4931
1863
3498
2021
5711
6281
4953
2089
7265
507
1592
281
195
6409
7819
1709
2412
2295
776
2617
3866
662
912
6075
7896
7779
3641
6980
3423
5628
6790
4481
5081
3136
568
1126
6848
3010
2749
5110
2213
6440
1223
497
2829
5478
3512
6682
3510
467
953
5539
1335
5797
4010
4983
4101
7630
51
1380
7954
2098
6585
5668
4943
67
2413
4678
6035
6843
5246
6654
6996
5301
3439
7301
1233
553
4355
5998
1682
5506
724
5511
6855
670
4482
4840
1870
2017
7433
2075
1936
3190
1836
1767
5450
5412
7822
1851
7210
6600
4447
116
4623
1141
7923
7051
2611
6756
2478
414
4197
857
6108
7065
2414
341
733
3009
5142
3186
1853
1245
3391
5470
1314
3329
6702
1270
7519
888
490
4926
4773
6541
2365
6011
5656
2422
7575
6510
3648
1566
2898
5037
2902
5966
145
4767
5694
2359
4161
7827
6037
4254
6017
7997
4959
484
862
5263
6499
2161
3255
6640
2195
3197
5696
2780
163
5818
6497
344
4218
1122
1982
7056
4998
7960
7378
7631
3498
6269
1972
5785
6099
6162
956
2856
2344
2757
6847
6594
7327
5658
2037
755
4589
5239
3132
1004
4949
5900
4725
6776
2786
1821
1997
5591
2352
3117
598
1401
2148
6345
7763
728
7611
1326
6675
3058
128
3671
5684
4194
343
5799
6473
1370
311
7216
4502
4031
4597
2014
2360
2465
2683
7044
2721
5142
7703
6976
833
7474
1456
5452
6209
7204
7059
5220
5033
2352
5995
6800
4258
4293
7183
1037
5461
6586
7414
5404
6449
7402
2501
806
2892
4008
329
3914
3937
4641
6592
6469
6648
1357
2514
7357
7907
17
5213
2538
4068
757
3822
7905
7020
7933
3915
5951
2686
4646
365
5998
4786
2366
4875
5079
6870
7200
5265
3172
239
7755
5423
2416
1629
5535
2190
1678
2268
7283
3550
1971
1767
7061
3787
7937
311
3103
5134
6960
6825
6450
3296
7195
5501
1170
1737
4133
3258
7582
6742
2694
2095
3882
1640
6198
5717
4667
809
2612
209
7454
346
1267
3157
4581
1608
2594
4774
5759
2270
1238
4152
2483
4051
1943
4597
3449
4867
1412
4637
1973
7516
7779
3654
7889
1839
4425
1733
6581
2854
5346
4133
4838
2645
4510
980
4344
2473
5561
7326
2033
1661
7589
5264
1980
2763
2709
4478
4039
5119
1512
5985
6713
7271
7920
2328
6547
1287
2719
3151
7138
394
6221
61
862
722
4137
4487
2595
4336
5369
1794
521
2735
527
86
1698
6283
6090
3646
1551
1855
1670
7659
3007
3004
2209
776
4422
6901
3371
6617
1941
3159
3305
1980
6300
6423
6470
4306
441
3683
3351
5943
6939
314
1033
7916
5624
2903
2730
7510
4007
1864
144
4064
1434
1502
874
891
2684
701
1761
7813
4387
5715
234
3655
2290
3878
939
2009
398
2885
2503
3168
6843
4064
4040
7416
402
948
4264
6764
3937
3230
1084
994
3935
913
7934
7956
3146
1891
5365
4665
5279
7041
6467
2178
2805
5507
2571
4224
2487
2139
6268
2338
2492
7974
2111
4700
5829
2341
3449
4516
7250
5381
6397
5142
2593
2522
3857
4920
2756
6827
6107
4247
6302
2022
5289
1680
6138
756
5466
747
6535
6887
939
7841
1780
3792
6689
894
4580
4526
6608
33
1102
4801
1287
2273
372
7612
2521
4490
4478
2328
2824
2437
819
5125
6799
3029
7955
5755
3788
3070
4371
175
3272
5888
4469
5666
3301
7553
5252
4307
3747
7496
1641
7509
4558
2853
1709
891
2632
2287
6284
6511
4846
101
3250
98
1834
2038
1493
7965
7253
4445
110
951
5126
5027
1685
5215
4668
2376
7224
2265
3556
1468
2167
6726
5639
7304
1760
4891
402
4170
5954
4148
3459
3549
6000
2561
878
4951
4372
6558
6377
2604
2924
7425
3674
2799
1062
3341
7323
441
2708
1219
3271
4322
4236
24
7204
812
3743
6689
7981
1792
6324
4138
2234
3408
4608
2151
2958
3611
5732
6722
5053
4943
2722
5203
2168
5064
1149
5870
5303
5943
2157
3029
5185
7326
5756
590
1691
6711
1408
7952
5835
5748
821
87
71
6114
2934
23
2239
743
1048
1357
5572
7786
4196
3760
2387
657
878
6406
5570
6885
854
6740
2246
3795
2267
4462
6239
5772
7127
2604
7840
2955
6043
765
6879
3830
7847
5205
2485
5854
4678
6338
6642
3169
7428
6044
6944
943
1933
7387
4530
2281
3812
4355
3722
3557
1916
4922
2340
5006
6519
5114
2786
1257
248
737
7604
6386
423
1957
5219
6180
1728
6822
2427
6872
3928
7964
211
7173
4078
7151
5562
5926
3370
1126
4544
4665
7157
2039
6622
5795
6708
7804
2819
5681
6562
3335
3964
825
7944
3276
574
31
5788
637
3411
3635
4980
2163
6623
5688
7141
4744
4814
1408
4284
6657
7773
2994
6360
5032
5761
814
6755
7737
311
7815
555
6514
7465
7791
3937
1165
6074
6576
1964
842
3694
5014
5547
37
4089
555
6662
5095
2147
986
4463
6169
3796
2869
1339
2707
1346
6290
4311
6962
2612
464
1704
3048
4721
3064
7235
1645
6346
638
1670
5971
2817
3494
3665
2167
2069
4419
1380
7699
7147
3930
7767
2929
538
7334
7024
2362
1683
3061
676
6701
2027
7664
6893
427
519
6391
2628
878
291
3435
2492
474
6847
2885
571
5804
2982
4195
2261
2127
7836
4963
3526
13
2403
4264
4684
1954
7338
954
1503
1837
6995
3402
1422
1344
479
6418
3703
3094
6009
3867
2851
164
5980
5912
3132
72
1121
3440
3243
3870
4201
7705
7890
6066
1635
1440
6371
5199
6906
4677
4251
3446
1310
4738
1247
5162
7470
5740
1969
808
3647
4595
7759
4917
5068
4100
7016
3983
5946
1101
7420
2437
2181
5152
7055
5922
3469
7793
5961
5573
7799
5626
2221
7180
4417
5054
372
1391
7846
5801
6661
1065
2602
6742
4180
4240
5123
1067
6292
5702
5476
6943
3162
3528
2151
7516
336
6627
3477
4799
2834
3847
1045
4605
6056
2740
5296
2399
4641
849
6973
3821
4936
5403
2286
4009
2310
5178
7157
3314
339
4272
4180
6410
858
6186
2880
1329
1001
5625
2929
4400
6738
5338
5449
3761
2529
1201
7518
1035
2105
1301
7398
5084
5453
3716
2302
6224
2360
5303
1943
7230
378
7761
4605
2865
4304
4017
1541
7555
943
5158
6227
4709
7644
2818
7173
5436
5611
135
1792
3366
7314
3263
5013
5019
5288
3368
6543
4654
3008
4875
347
177
7068
7405
3988
2808
4112
7263
2731
3446
53
1200
4720
965
198
2307
4927
3521
6362
5883
7433
7059
5822
3794
5630
2764
2478
905
3988
2407
176
4794
4407
6641
2318
3465
4941
6468
2606
377
3045
3631
4495
3419
7995
2609
6690
6176
6442
7844
7811
4560
7919
4919
1810
6356
5077
7700
3762
6445
1667
6944
4190
1479
7326
4192
3811
1192
4188
6649
2494
2307
2214
2832
2514
3305
6377
6800
4038
671
570
7305
7353
330
2659
6646
1443
2887
7823
3351
905
3479
781
4861
5852
5431
4228
4772
5615
7566
436
2618
5139
1472
3556
5822
5714
4768
3374
6980
1284
3906
547
1685
6032
1006
1436
7474
1923
2288
7006
953
5638
4172
1705
7713
2303
7182
3933
1312
2823
5568
5002
4012
5443
6518
3923
4061
1761
2883
381
1649
753
526
282
2666
4509
3262
5068
1042
6535
82
5816
158
4222
3022
6025
945
859
7056
7966
3319
7550
7681
3217
3890
673
6439
4965
6161
3861
278
2763
7612
2081
134
5585
4013
3444
5888
7912
1848
1603
243
4752
939
5699
2723
6754
7504
6405
6785
3769
2511
2025
5397
3646
7344
1664
3095
2959
7743
2946
1566
7820
1416
2600
1200
190
130
5864
4536
2595
2056
6155
7125
5402
6274
7532
4623
6055
7970
7695
6692
5028
2699
3995
2433
3269
76
565
2508
2182
4169
4859
4702
3315
1978
5786
3918
1172
3661
4877
616
6578
3303
434
2877
1994
3208
3274
5140
78
7373
1101
5566
2194
5262
7912
4999
3994
3943
2708
2761
4605
7508
5332
154
5429
4342
523
4901
6342
4530
6327
7702
5193
5561
4302
2479
3221
3170
1523
5496
7304
1459
4565
3859
6007
7806
677
493
2672
1064
2802
465
5736
2949
4066
6294
198
2975
1487
2937
5643
4374
6075
3717
2268
2401
5426
6254
4781
178
2427
3518
12
1656
1338
3111
1223
3582
6693
4535
4091
7473
2529
2537
3835
1918
6712
599
6617
5850
1529
5517
2132
2651
109
2170
7582
4035
5937
3904
1736
4446
2293
2282
2892
2305
2639
4925
3447
5746
765
4775
2993
5222
2358
1940
6570
7013
4331
6368
419
3466
1887
3623
6294
4262
5983
4343
6147
517
1248
3879
2265
3976
821
5889
3133
1649
810
3354
4409
4030
3264
3
5892
3564
644
6040
4458
2332
2382
3958
3032
7251
7443
6793
5574
5084
5096
6530
1729
3656
2260
1704
6548
3670
5136
7494
3666
4973
7261
130
707
709
5122
6478
3817
7398
1761
7863
6573
1737
5429
6235
5803
2202
171
3512
3351
4767
6169
6815
1482
6514
2207
455
5869
6442
89
3645
7872
1496
574
121
4744
1581
4632
4749
4243
4217
6112
3382
2217
6990
6325
5845
3409
4419
3513
5303
6205
3349
6152
2192
2835
7015
3606
2183
2840
6890
1252
5227
7803
3543
4319
7171
3260
5529
1365
3458
7607
4425
7636
409
4497
7121
6753
935
4286
3953
6354
6604
3436
7584
6345
2651
6543
6794
4301
5741
202
2040
2758
4947
3511
398
341
4515
531
1453
3662
7283
5961
3577
3923
6692
5401
1652
4366
214
2021
3721
6282
1401
536
2981
4271
4291
2227
1920
5144
6014
5685
58
7954
6841
487
3616
7988
990
3969
141
4182
1508
5948
4461
6383
7387
3253
3421
6223
1060
6587
4078
7029
2243
4661
7561
3854
5645
5491
6380
4427
1083
399
7443
2909
7265
1023
2673
3152
1464
4411
5853
1025
727
2181
6154
4093
3137
5658
1967
4472
3095
6643
2053
5671
4718
2424
5423
2746
3387
7874
2163
6650
6571
3147
7014
250
1552
4277
2535
6333
4597
6323
6849
7268
2194
1752
3508
1362
7067
3770
4621
7390
2547
514
242
6836
894
1684
634
4425
7955
3221
6201
4856
848
3805
2265
1278
969
3195
1443
5902
4696
351
221
2770
4696
552
6670
6592
5677
4299
5469
5844
7738
1180
2712
431
7990
3644
6928
6860
3609
3104
2977
731
2480
2873
1679
3580
528
261
1931
4761
5031
2482
22
3232
5613
4266
573
2524
2874
1408
2
2991
434
1461
5275
2734
5659
3558
659
7833
7823
7254
7055
3317
5133
2196
2475
6920
4393
1993
4867
6897
3108
6496
6862
97
1622
2578
3620
954
1800
7181
1888
1986
6174
512
6304
4995
2033
902
41
1411
1467
1644
4328
1372
5419
3616
5267
2871
5657
6009
7662
6505
596
5981
234
3242
5462
4051
7528
237
6617
1638
2139
2465
834
2994
4490
3652
2364
3918
5877
7775
6432
7574
3663
354
5264
3987
6954
2012
1251
1801
2353
1494
5562
94
2062
5453
817
3874
3180
7627
4914
3775
6614
2913
995
830
1278
7107
3391
819
4571
3392
4290
519
4905
6684
6142
4704
660
4748
4875
1135
7471
2957
412
2773
30
3809
556
7219
1877
5095
4886
6989
5239
982
5700
7065
1888
6229
768
2410
2750
4410
742
7284
1754
4766
442
2875
4725
6874
4822
3677
3917
6432
5436
5112
6143
1783
266
4985
2246
1172
3851
2690
7777
5458
7337
3127
4179
1551
6081
4070
644
994
399
3856
7941
5628
1160
4440
2737
4762
6407
135
7918
3620
4767
1530
1299
4966
3727
937
5604
5800
7059
6548
2616
5483
5783
5836
7292
643
710
5403
6480
6412
3585
7569
399
906
4716
4332
748
4001
6946
3107
567
7405
6536
6287
7103
447
4863
7926
274
4725
3379
3510
4000
2357
1425
651
2942
198
6229
2301
4806
1994
3713
2665
1371
3996
5289
5289
2570
1538
2155
4131
460
7567
3197
1323
2856
6168
5279
3734
7413
912
5039
28
3901
3651
3227
1001
6270
875
7152
6784
4554
7922
2322
1932
5518
4293
4741
5957
7919
5266
2279
1979
6544
4510
3584
4674
1904
1348
2034
3067
6385
3021
5643
6138
3891
617
6841
3865
5919
4616
1885
6680
4544
4696
7160
815
6667
2139
2050
3507
5695
3364
3289
3168
3495
621
4310
4809
3645
4056
2300
6233
2345
2561
5322
6853
6694
252
944
5200
3205
7664
7198
4602
2380
5135
759
1222
6390
2737
1636
3559
5982
12
1221
2630
4470
2002
7491
3763
3825
4327
6849
7141
6081
7742
2737
111
6330
5135
195
5378
5462
2998
6071
4057
6674
1195
5460
645
5045
4890
497
5205
368
863
3696
2145
3681
288
4043
1971
498
3718
2886
1043
1950
600
1860
2990
5012
2742
4790
1762
4340
5296
2606
745
7478
5185
7633
5215
3690
4715
2923
625
2521
3952
3293
5284
7179
4266
1777
4607
7330
2760
1358
2775
6180
357
6087
821
4374
7942
2509
4837
67
3184
4997
5918
7580
4388
1653
2057
2361
5817
3095
752
1661
468
4688
4228
3096
2757
2362
778
5159
4737
4445
5796
5622
5560
3005
568
3237
147
5005
4287
424
2380
1345
940
2472
2793
705
2294
3463
3734
6201
4228
7233
1566
3533
3573
2925
5638
2026
5065
1251
5830
5048
559
56
6948
7084
1707
6885
943
121
2275
3078
4118
5414
3783
3774
6115
59
3355
439
5911
21
7011
3655
2914
3097
1066
4142
2367
3589
7918
7868
1578
3042
2027
7056
6975
3606
2882
1210
3312
2326
7622
5826
3171
7224
6372
1218
7334
5414
2860
4398
528
4206
1728
7092
6581
759
152
7742
6661
5071
1455
3477
5953
6239
7693
2399
6875
5696
2546
2505
3690
1894
5532
3007
7751
3002
5045
5016
5639
6278
2525
2256
4373
3210
3919
3949
6890
3691
4274
5122
4076
5387
2814
5265
7456
3764
3337
6347
1806
4717
4782
3060
1136
2543
3864
3362
1110
1969
2800
2916
2009
4448
4705
6464
1593
3371
5444
5268
2198
1082
3693
6941
1032
3326
4561
4310
2523
2019
2706
2872
2474
5283
169
992
5590
5236
5423
3471
7268
2017
4424
2699
1969
2679
2477
2978
2770
2838
7252
1678
652
6503
1469
6964
5100
3500
4891
1095
5957
946
3038
1930
6596
3172
7961
1650
1585
4794
917
2985
1732
4686
7409
1711
4386
6223
5428
4571
5811
7054
3889
2240
96
5046
4438
1770
5678
2393
1233
2632
4210
165
862
5155
4848
5621
3633
7948
3860
3843
1341
981
5516
3388
1632
1141
6272
4332
2859
6735
3055
2841
6673
5260
551
7659
2987
4388
1569
2568
6821
7932
6262
830
3657
2602
770
1818
5414
7700
6100
2645
2204
2678
5326
814
6343
4738
4448
2387
1286
5281
7259
3577
4967
3352
2485
1675
3248
3206
1176
7678
3148
3785
5478
5955
1297
2433
1742
5654
6058
5164
260
3892
6950
6000
5408
297
1116
7800
853
4807
5240
7477
4492
4275
2919
4230
3420
3353
3739
5747
4328
4095
5499
7122
7766
1143
2539
2828
7912
5614
2547
2298
440
802
1870
2025
2964
6705
3729
5436
6260
4364
3894
881
2964
3274
3973
6460
5874
3673
990
5135
5414
7823
6245
1211
4121
5919
714
7792
7267
5991
6324
2464
517
1957
3849
3266
2175
6346
6492
1331
3152
3687
4276
5814
4552
3012
3893
1052
4683
6736
7406
6015
6372
7090
7934
2920
67
3581
1635
3408
4885
1347
5216
5252
6206
3776
1611
6689
7094
3703
7152
4479
4541
5979
4197
2027
4476
1059
1324
5196
2362
4352
7166
5862
6775
683
6010
4861
3241
2711
5290
2705
80
70
3438
7752
888
7032
3911
7722
7243
2366
706
5382
7952
300
4478
6513
964
812
3804
7598
211
5359
1411
3753
5875
4799
2637
5662
4702
6385
3282
6487
7402
4598
2319
2834
3270
5712
2290
4993
4691
2657
4036
5610
7452
990
2291
2351
1908
4003
4731
4200
5931
7713
2417
876
3628
5042
2732
5359
1910
3149
7952
4549
5749
4949
5944
4805
2108
3212
7359
1608
4066
3108
5804
2833
7094
4598
503
4807
6431
3660
7548
1373
1557
6360
1403
6738
4150
4232
7690
7380
6022
6769
408
4160
1094
3880
6942
6788
6767
1584
4708
7270
971
3469
7404
3101
4401
6135
6271
3165
7579
2666
1107
4912
5797
2138
5334
2880
5093
772
7322
6833
5089
2208
7645
3499
753
5235
6579
3253
1778
4352
2578
573
420
7070
2106
2356
7265
1061
447
662
2619
6658
6964
4871
688
5610
2998
985
1100
1772
3602
2794
3100
6494
596
2602
3722
1785
5485
6011
3354
3201
1984
2737
3776
3676
4681
953
1947
3781
234
4949
6930
152
916
7813
650
5709
782
3330
2241
1666
3685
1955
3402
880
1841
7395
3621
2048
1855
3258
2490
118
4128
5991
6066
5579
6861
3535
3186
7513
309
7615
3637
4080
2341
6926
4101
4486
3731
1502
4054
2762
4616
7809
6783
4121
7655
7799
4182
7050
5341
790
6374
6820
4263
2563
4752
2991
4923
4636
2491
7848
7892
2232
7993
3726
6493
3910
760
665
4537
2642
97
1418
1069
6950
4176
4701
5739
4941
6513
2780
6076
1906
1331
1869
5320
2792
620
3980
1349
195
1225
7795
4410
4515
6448
2549
367
7888
4916
4490
627
5953
692
3652
6089
1271
4369
4289
1265
5254
5961
121
5134
6900
885
5431
7161
1850
2267
4645
7905
2472
1649
640
3804
1252
6127
6634
4687
5394
4047
4894
1782
1552
4068
638
1553
6808
1748
3080
3436
6153
3124
4583
3913
4415
894
6886
5355
4062
3633
191
3841
5102
7110
7698
3438
992
6986
561
4529
4911
925
5144
4086
1122
7109
3514
2808
2350
3887
2614
5073
3192
2436
7400
4575
2615
6756
1500
5589
3704
7362
3998
4827
1787
3356
1645
6819
4667
21
5197
7242
5899
6832
1276
5926
2204
3307
7356
4338
4123
7030
5647
7059
1143
2446
1601
1542
0
251
5727
5481
2347
6050
5125
5347
3122
3720
7573
2928
7512
2980
2436
2060
4490
5214
5838
4219
7457
1514
2250
1011
2116
4604
7384
6759
5739
4263
630
2290
5438
1878
4018
2844
5980
1893
2874
7115
1527
2589
3727
5832
5980
2250
3864
2669
144
6203
2643
7977
6038
5078
5862
5296
5070
3989
468
5761
4279
7201
2635
6933
4309
1545
5337
6305
2670
5407
7423
5448
1390
7215
3038
4193
1130
4957
5070
5216
4033
282
2254
5859
415
5763
1237
2523
2395
2070
2631
5717
1600
6033
1667
1380
5289
7913
4121
6253
1414
1955
6937
3407
1531
531
5510
941
2535
751
4714
6809
2497
1999
2947
7070
6943
3588
6683
4842
7825
3986
3509
3030
3498
5067
547
6676
414
3977
821
4020
5767
5703
3340
6355
7234
4061
3404
7328
5366
4886
2416
1228
821
239
3575
2126
3770
7343
6524
5200
2578
6557
4707
5881
2584
547
7343
1431
3545
7549
7729
7273
5014
2206
5851
1479
6375
7711
7155
4783
6716
7204
3043
6765
3967
6414
5101
7078
3669
7830
5947
3201
2372
780
3732
2801
2286
1645
3755
2339
3772
3034
1426
7297
1878
1595
7308
5729
2638
6383
3263
2318
4380
3950
5000
1521
452
6398
4841
2907
4436
5326
1181
6641
2889
883
2828
5236
5522
2940
1114
4011
7212
1972
6874
6128
3308
5107
481
3413
3419
865
5749
3633
4411
2441
803
7050
3176
3797
4207
2016
7514
1644
5542
4564
4039
3749
1680
5299
933
1510
7810
4068
333
1949
847
7337
4859
3034
7647
917
7282
3656
6039
7755
3836
4423
2232
2542
7631
3303
3396
6954
652
2178
6682
6110
2081
1014
4771
229
7437
7485
3749
1088
6851
6635
6517
673
2856
3076
5577
6038
1527
1080
2667
1041
1092
189
5898
4752
4126
4678
7339
6125
5965
7973
1597
2180
4538
2362
1097
7676
2222
2647
8
3572
2035
7346
1742
4236
7447
581
4005
1485
5774
7750
6453
2230
3383
7614
5150
5988
3383
4489
6248
4189
386
7529
6482
2425
7224
3718
4999
45
2347
6598
686
3061
5759
3269
7456
1565
7083
6961
7157
877
5532
5893
1143
6511
1400
416
3448
6686
7807
449
5888
4397
1742
4514
3166
6577
5566
174
5343
619
2857
31
7261
502
7436
4280
5039
3913
5896
220
5246
1386
7683
330
3191
5232
2859
7926
2204
4275
475
6340
2805
914
4886
1571
4517
5344
3823
5700
3479
4843
3787
4406
6423
1003
2175
7712
1917
2244
1555
3546
1604
5816
3240
1256
2744
6380
2805
2195
6670
149
7085
4262
1166
4479
7677
386
3243
2938
1777
2527
2483
225
2742
6239
7713
5256
6330
5712
6736
897
7664
255
7306
971
5423
7731
255
4952
6842
2509
7825
2234
4699
4026
652
1001
5608
7250
6259
2931
1895
5776
7285
6913
2254
5934
7231
513
3235
2909
2987
4981
4290
5022
6038
1816
1725
3456
7822
552
7965
6518
1962
4949
6727
2132
693
7492
634
7718
6210
3392
4917
1773
5283
2430
5173
4151
1844
2827
2908
5722
6802
7188
7981
3597
1962
4625
5172
3938
5100
6416
4675
1956
3677
7706
7766
3529
1868
1283
7000
4884
4444
1235
5439
3722
4992
3084
7442
142
774
2840
1355
3163
1674
1041
3671
2910
75
172
633
1966
1818
963
3151
5801
4206
573
2221
4716
2453
7644
5158
2734
2437
7970
1449
7993
721
7649
7943
6087
4023
2846
2194
1397
277
7457
7713
6374
4860
1308
5041
2231
3101
3701
2598
5786
2464
4466
879
7761
276
6208
199
5129
5249
3360
6103
3089
4696
3951
1272
693
4300
3152
7767
3899
6522
440
114
3705
131
7637
3582
5073
1530
5084
299
5003
5433
5102
1279
4941
3470
1574
5919
2809
4499
2369
1325
6499
4507
6443
6410
2094
4616
4898
2684
2690
2106
2441
939
6507
6818
715
5702
1745
7988
362
899
848
6651
6883
7683
6068
2182
5056
1043
1426
3840
4026
3535
2117
3294
2568
1953
2116
7729
7240
4263
5853
7195
2505
6515
976
3358
563
2475
7370
2192
4563
2449
3069
3947
7495
7773
2200
1536
3203
839
7848
3596
4029
6497
6027
4067
5627
6432
6092
4425
6391
6715
5664
4768
7723
2155
6844
6971
6591
2387
2129
4368
6413
7866
5093
5388
5133
7667
4751
7553
5474
4894
7247
6139
7168
6407
3784
1968
4088
5419
1690
5781
3617
7963
2656
3917
3237
4794
3779
3068
549
7073
505
378
5962
7265
4574
5412
5737
6120
3565
5964
786
764
1755
5008
7478
6693
5008
648
818
552
7043
25
6396
4461
1584
231
7784
2626
7801
5543
7768
6392
2391
4690
3518
6059
3451
4469
271
5408
6981
933
7815
5766
7903
784
5266
4703
4536
2351
5342
2040
7193
6424
635
2644
1445
176
1451
7463
2097
3198
4300
894
6141
1498
3103
5116
1935
3908
948
2686
5099
5137
52
7712
7985
1279
7179
7513
4051
5418
4016
7809
7728
3672
2642
6836
1042
3759
3424
3406
5377
4230
4597
7957
6082
1944
7327
6199
367
1429
1034
4968
5620
1042
846
3437
5731
2721
7826
567
5813
3132
3355
1767
7902
7643
2165
7216
3084
6693
6076
1755
5563
6851
4615
2147
183
3471
2802
7360
5936
5547
7943
5761
3955
7087
2377
7314
843
6906
1052
1438
627
5993
212
7757
6582
5414
1880
6830
3109
1688
7282
1521
5621
1144
3575
5835
4210
4099
6606
6908
7972
3915
2974
7789
957
5865
2968
7346
315
397
6174
6768
4960
5686
5582
6424
524
1597
6896
5585
1780
5003
952
6900
3777
1642
7607
4273
5319
1913
5285
5199
6112
4538
1283
3024
4453
1221
5040
2994
7560
287
3850
338
3729
3174
3967
5740
2995
3875
7407
6013
6346
2114
4735
4809
5172
3613
4541
5048
9
5684
6571
1372
7032
377
3434
7502
2879
2888
6341
822
198
4468
1174
6312
217
6973
7769
7979
6017
2269
4427
4950
4541
897
62
4436
1314
6421
7868
1990
1420
7416
2325
5191
1344
6735
7304
3339
4000
5429
1930
3296
2121
1296
4149
3607
3085
1535
5136
2492
3784
3247
2551
7104
5537
6733
3943
5688
4255
6358
424
5694
4261
394
1495
4661
7884
7551
4623
5291
2907
4497
1332
3863
2341
1527
91
5441
1920
5233
5657
5953
5341
5213
5799
1247
6729
425
6511
4122
5759
2787
6326
4612
2151
7725
7717
7690
879
588
2933
6162
3461
4575
3382
3069
7406
2348
253
2956
4934
5398
7272
3486
3860
4843
3663
407
5705
6170
6217
4765
6229
2113
5080
3708
7655
741
6450
809
383
3323
1709
5348
4657
1443
6470
3894
248
4276
7181
4122
4148
6002
1265
1976
3521
5852
5412
6220
2166
3618
874
2662
887
1524
3716
5322
7543
2486
7475
1015
3342
4048
7659
7749
4787
4129
1302
2023
4950
851
6657
3664
7773
7241
6119
2355
6520
1909
7896
3746
2787
4231
2950
5720
7928
5632
1452
4306
5230
2597
5147
1367
7602
4750
6307
5593
4640
2526
2714
4020
5598
3789
4492
6867
4565
4448
2175
5618
1805
570
5729
1981
7332
2316
2704
1688
5227
3113
6726
4664
542
5492
5664
3118
7229
506
3465
1092
267
7900
5767
1152
1506
101
4130
2502
4657
442
6892
3225
7700
6767
2610
1538
7822
6710
6397
6857
4326
2482
2885
224
7259
6314
4211
6304
4548
5337
6162
4010
5257
7074
4881
3951
7608
5856
759
1996
5189
4507
5284
7821
4257
5080
319
4371
7541
5256
705
7120
7419
928
6941
5998
5049
1480
1355
4047
6555
6125
3568
4656
7981
4081
3500
5351
6386
7554
4351
203
4067
6920
6360
2802
2439
2040
1916
85
3691
518
5840
400
7999
2871
3459
6982
5517
2388
2842
4386
7447
4986
3161
3192
2827
7503
6795
1033
3429
3663
7791
2981
993
1988
4863
7147
796
980
1437
876
4359
884
413
4974
5894
7227
1513
3404
6891
5969
5461
2619
713
7238
4288
2727
2872
4799
1123
7419
4197
1546
5817
4864
6739
4051
5835
285
5554
1968
727
6589
2650
5015
1244
6926
676
7919
2181
2597
933
515
7151
254
1224
5459
5081
7905
3591
1029
6887
3105
6982
5369
2003
2943
972
2234
945
6443
6558
2767
1245
2282
3962
4274
3843
1491
173
6872
1226
4019
3090
1647
7518
7056
999
2918
7960
1739
7437
7397
3916
158
6492
7390
4656
5893
4704
4731
4836
5626
629
6519
4066
1560
5370
265
3844
1185
1461
2362
7852
667
6147
24
7763
3221
4026
7683
3186
2055
29
292
1414
6999
7995
2366
6404
56
5156
2460
3097
1965
7113
106
156
5356
5679
3296
7699
5469
5904
5849
287
2817
4302
6850
4805
3952
1940
7149
1817
1147
6859
517
201
5488
7606
2972
3
7931
6891
225
6148
2217
2863
173
2238
8
2412
188
2917
2603
5969
57
2967
970
5575
3697
7974
6981
4171
3498
1795
73
1388
4301
6344
3467
4195
7870
417
4338
4554
5836
5336
4113
699
7364
2941
2322
518
1824
4846
6574
1742
1757
1737
5720
6976
5546
491
7673
3057
6972
6243
406
2580
4734
6264
6479
20
678
3347
3329
5396
1699
5067
2378
2945
4210
7371
2028
144
7696
7010
331
3673
6986
167
1424
144
4144
3527
6832
2140
2792
4653
4167
5717
3230
4044
4318
6879
409
1100
6411
6941
2345
5134
5432
916
3709
4894
7484
1886
3729
5044
2789
6920
3204
6247
7255
1608
4103
687
6093
2014
5426
6421
7550
5957
6577
569
4892
5910
6107
6079
3894
6906
7843
1688
3518
6666
1319
3112
6756
5573
614
7833
2976
3565
3407
1020
399
2238
4148
3543
1909
6412
5661
3727
7073
1272
6841
6643
814
334
943
7970
7525
382
1747
3099
3520
438
5173
6815
1354
7000
1555
5893
2658
4189
2478
7706
7134
5318
4154
1714
1931
442
5870
2064
3283
1665
1340
2157
6328
7259
1819
2665
1788
4798
5631
4811
2147
4971
5354
886
4304
4908
2396
1899
3020
4972
1382
7477
2854
4850
6045
821
2228
4220
1833
4106
887
2484
7101
4188
3933
4177
5473
7814
3551
3789
2859
7454
7563
574
3276
1954
5916
3668
7046
6336
5509
1326
3707
1601
5389
6041
7073
980
7251
5734
5458
5939
1267
2470
576
4084
2753
68
2694
3310
5554
4736
7769
4166
7515
7748
4829
5525
17
5156
1172
2359
6127
4343
7345
1651
3637
7756
715
2
4045
971
3245
1214
5290
6378
778
2537
3529
6600
1742
2390
7065
617
5391
951
951
463
5154
4805
6226
7281
7882
5894
3758
7195
3468
5374
2180
225
3486
6068
7686
1281
4221
2719
1215
6804
734
5294
5721
5937
1980
369
5433
1887
3280
1191
5444
4404
7199
996
4933
1806
2285
5407
2087
6701
1807
1686
4636
1196
2782
3934
480
474
1992
7882
2200
4473
5888
7095
6292
6291
1557
1651
2228
4659
5408
3528
4454
5511
7768
5288
7501
5072
6848
3638
1533
6723
7359
4975
6755
6848
4752
5555
2050
2092
6480
5684
1944
1133
116
1530
6367
3969
6941
6480
7215
6459
5124
5326
1088
3484
2064
2564
3982
714
4807
4288
6549
495
800
765
4604
113
4022
5416
6350
1481
4377
6799
2531
1027
7871
4777
5917
6097
4376
2684
5390
1803
5695
7983
4663
4295
204
2668
2539
6929
390
1841
3283
199
438
2100
2378
340
4759
6513
4392
263
2345
3153
7580
6287
7460
7736
7859
661
6730
6443
6197
4278
1557
7325
110
1307
5392
6933
266
5495
1666
3645
2842
6173
5060
3401
6835
3772
3444
2689
1909
4792
4098
7405
6313
997
3752
861
7236
5474
1206
7698
393
7056
6923
1164
4170
5294
2656
5553
1934
531
5502
4887
7630
7366
3024
1518
1818
1021
1235
5389
7897
1713
7657
2903
7853
4954
6605
3146
2869
332
5857
7652
44
6254
36
7473
2798
2579
895
3638
2971
2998
1982
4532
2580
7319
3292
6617
3171
2412
7927
648
567
3270
4706
2755
3980
1986
2137
1587
681
679
6607
5845
2051
483
6308
2176
7359
7965
7602
1750
5781
2230
5511
3335
3216
546
3309
125
5746
2204
1956
3560
1588
5835
4017
5478
2474
6895
655
3149
197
4359
5188
6617
4914
7491
7695
7917
5665
2145
5373
4423
3232
4519
2907
1285
3557
700
4230
4878
7146
3746
2014
6623
7155
7123
7321
2354
1963
4856
1076
4492
5420
1984
68
1380
3038
5347
2602
5035
55
7540
4260
4924
1952
476
3841
4066
1208
4664
1581
2560
5809
3857
1642
2273
6168
4404
3487
7133
6899
7662
6474
2916
4419
6502
1938
6634
7913
7767
7672
4463
5605
2024
3563
938
4921
3689
954
3537
5228
7468
4324
1928
4522
6142
7435
6947
1353
4801
1031
5082
6502
551
2007
712
7406
5453
4531
7904
377
2225
2813
2349
7376
5330
2645
1091
1039
163
3276
3463
1190
5739
5360
1624
2745
5180
1285
2969
1255
6349
3157
2269
5480
5879
3615
6381
3280
5832
2603
248
1392
3976
7165
5784
1564
390
360
4157
4934
5277
7545
7736
1481
3144
7380
6246
3906
1887
4829
1975
601
5038
909
7962
6365
304
6500
1607
5389
2221
7357
5160
2612
6381
7485
7909
620
3352
2789
4746
7042
1771
840
4439
7034
1433
854
1125
1385
7036
278
2160
1281
246
370
1605
5162
1193
44
1097
3274
3534
1263
2979
3111
7030
7936
583
7460
7131
6547
5088
5096
4898
3578
1690
4892
2992
1720
7177
1106
5606
7924
825
4995
4282
7753
915
3185
6515
6138
2536
683
6209
7619
1693
4719
6646
6538
7731
5993
4453
2037
2482
4250
2710
1941
3442
2964
5475
4863
2118
2593
114
7804
1221
3012
4558
1110
7734
2455
4324
7251
3991
1811
4248
4798
1610
6830
130
3488
1437
5087
5961
6734
6133
6141
3993
1500
22
6021
772
943
6096
634
1587
4848
1865
7911
6214
2525
6884
5760
784
3321
6604
6759
4520
1124
415
2506
3565
6021
2233
7913
5466
1379
3995
4341
1218
723
7544
5716
5928
5708
3932
5634
1533
2198
2745
5521
1846
5409
6416
1553
6602
2738
7800
4618
4805
1720
2446
7590
2188
445
1082
4268
3438
5368
3609
6631
2658
7231
780
7845
3939
4313
3421
5531
485
3890
1993
1894
4402
3560
2286
3756
7078
4034
18
4833
6979
1408
5901
1701
5618
2829
149
971
6807
6929
3172
4149
3535
739
6088
2907
4489
3420
7878
5802
3070
4870
6508
4233
2702
500
5362
5238
6776
363
7244
783
2934
4158
5775
1069
3571
503
5373
3115
7018
3441
3183
2052
4444
7939
3422
3226
7982
7703
653
5395
3420
2520
2583
6046
2590
585
849
7828
7830
115
603
2937
3058
119
2376
4769
3428
4225
4071
6703
7803
2781
3630
2937
5982
5475
1602
5831
2341
6734
4454
1210
3348
4075
3645
5770
373
5101
5117
5416
2385
1949
7282
1282
7690
2862
1004
5861
4760
4335
455
7420
6494
5273
2325
6134
424
968
3946
5062
4740
4039
6403
6276
4858
3332
4947
5745
3177
1058
3884
5015
1279
7853
3334
2383
7828
6185
2480
7580
2404
1795
5008
7029
1767
5609
5976
225
4303
501
1864
1658
6813
2756
4633
7891
1889
7718
205
6774
3468
5102
7441
5254
4851
1448
1227
5251
3875
3370
838
6188
859
5123
3895
2495
1514
913
2860
7196
166
495
5648
1096
6214
5834
4125
6988
3229
1941
1758
1149
3443
6355
7712
1175
4098
5841
2677
1603
4234
6838
1892
7352
6289
1842
7984
3901
6203
4052
2115
6413
1217
2168
4279
3347
7761
1885
6082
4756
5122
5653
2683
7980
5811
7317
7885
2480
5503
492
3767
6579
3230
2833
3645
4708
5723
4181
5679
7572
7661
7927
1363
5398
4213
6038
2545
5183
7763
513
6204
2829
4581
5098
792
6500
4446
7226
3404
7603
2558
1982
1350
1846
3699
1086
7109
1492
1868
5998
5479
5864
4054
3838
4687
4317
2645
4876
5298
370
7457
5305
383
3933
1562
7961
1512
5452
5321
4996
5650
2758
7316
266
2197
4464
5854
1411
7216
108
3705
3011
4108
3932
6984
2925
4715
324
1590
479
5485
4877
1741
651
7167
6310
4084
7717
3360
5509
4360
3576
977
6348
6037
4820
5081
4486
2929
4322
4594
2064
7989
2968
1556
3284
6681
4295
2011
5617
2731
5009
3799
2103
7148
5625
1776
4494
7751
723
6772
4598
46
1050
4927
4456
7699
288
1734
5724
3457
2464
1792
5732
5012
1455
2737
6070
5659
1041
7380
7943
4808
5800
4452
2514
6162
2184
1351
2103
7848
1509
6935
5313
3665
5038
15
896
1188
2483
2255
2197
5153
5376
4492
7052
7851
1550
2071
7331
5283
1295
1480
2921
1186
6376
4679
7426
5010
2299
2102
3911
554
3169
3390
4170
7812
5495
7285
1143
4060
7056
4457
3285
6951
584
4108
7596
4110
4280
7740
705
2693
6469
2541
7421
1548
3987
6261
2028
4162
6231
883
5601
7905
6539
7517
502
3610
570
4389
1776
6798
3835
4488
6786
3942
1786
6195
7464
2447
7857
2386
7732
1813
6647
1142
5094
603
5615
2529
883
5941
5153
7473
4072
3170
933
3495
3752
425
7099
2836
6993
3470
4408
5151
3965
5297
2907
4597
3301
6660
446
1613
7071
4007
3176
3799
4616
2786
5887
4928
4924
254
667
228
3330
6208
7925
5265
901
7811
1214
6708
957
1777
780
4451
7597
7326
1839
3526
2309
6785
2274
5283
5223
4111
157
6916
6086
7862
7111
582
2219
6387
5513
7745
3858
6416
1022
2383
2993
3261
7942
6203
5592
5002
7994
6536
7027
4095
1914
2203
5165
217
7521
3781
2095
4129
7258
3185
7302
5353
5580
1895
99
550
1521
7290
2043
485
7684
2452
7311
1004
3865
3804
4678
7726
5702
1921
6710
4137
959
6246
4225
96
5440
4266
540
2992
611
5651
3499
914
2577
5270
2248
4204
5909
901
6627
3860
7948
4693
3267
1186
57
3403
7979
5680
3701
1411
5655
4721
1027
6813
3557
2411
5122
2116
4625
2578
6075
2332
7897
5890
3418
6216
4095
2137
4730
2837
3309
4655
2201
326
4274
3764
4203
4412
7083
3108
650
130
573
1961
522
1651
5694
2125
5035
4360
4339
7321
6248
7810
3124
7183
4844
4400
3628
2369
7844
6110
6973
1869
175
2906
3328
1014
7346
2340
3626
2527
2761
177
4170
1446
3480
6492
2670
6042
6207
3370
2917
1499
7596
312
864
7821
3978
1667
1458
1592
4311
724
6071
511
3539
4422
1296
4731
6292
6837
6412
6452
6134
1989
6434
3644
3824
6604
731
1383
7235
5469
2956
5162
3211
3058
6145
5007
568
6133
7606
1362
854
1579
4030
5276
72
1342
3847
4313
4755
2917
5493
4344
4950
7154
3434
7934
5144
1143
615
3335
7290
6166
3852
1627
4299
2980
2555
7593
3514
57
7643
4771
7334
1495
3768
6773
5202
1013
5320
1507
628
3047
6217
7294
6252
2859
4741
1666
18
2962
6327
7503
4136
1352
968
1730
1966
2179
2802
1968
6549
7684
1798
5054
4107
4493
7112
7008
181
4832
5944
5932
7419
1007
3052
1690
2812
5221
2840
1947
163
7567
6320
146
6609
7017
1892
2931
7290
2049
2442
3127
1740
6858
7066
1145
1929
3840
7314
2480
7158
4594
6586
458
619
4977
5378
5089
2955
7059
2695
6940
7310
7780
5620
4261
7866
2923
2309
6722
7217
20
7655
6162
4259
127
636
5159
803
932
2490
1466
7703
3488
499
1679
5898
33
2351
486
3740
5611
4597
7067
5017
2948
3561
4507
166
1026
719
3459
23
495
6190
1174
4510
342
783
4827
5727
6957
2852
1873
7775
3102
7174
5328
7514
3636
791
1854
2291
1758
4935
4650
262
2915
561
1864
5594
5283
7717
4682
7090
2054
7297
1303
5634
3267
1208
3050
1727
6095
4149
1034
591
5664
5208
6433
7264
412
6622
7356
1428
4131
2592
1822
5274
4086
7922
4545
5016
3842
1772
2858
5764
2509
5
7591
722
2684
1306
1320
7688
3134
3855
1720
429
3929
1740
3926
3295
6991
617
4788
260
6956
1508
3467
1625
6703
7503
2393
870
5203
2375
6265
5586
3384
1566
5917
7187
5683
1178
41
7229
7343
151
687
6204
3134
6663
5891
7453
3072
6170
3515
6022
430
1337
2181
2182
708
6059
5669
2887
2185
411
3401
672
5436
3889
2634
2823
1628
220
4481
3428
404
4593
260
6208
6722
941
6908
6492
1955
7382
4388
6174
7196
384
2272
3815
2087
44
4024
0
3032
2827
4783
7346
2187
3552
516
3508
2605
1859
3972
2367
4835
513
6922
7230
5530
6049
3797
1825
3308
2690
1348
1745
2988
6176
7664
5950
4878
6837
7142
4243
4214
2172
6272
1675
5787
6160
3294
2589
4120
7411
3334
1811
4239
875
7062
7993
5818
583
4642
1840
3984
6464
1710
5986
4431
5946
2953
7056
1772
3498
7236
5318
5653
7505
2830
6512
5599
5926
6381
4615
4945
7249
2011
1892
3212
1748
3835
2165
5461
5636
7030
7693
4481
501
247
3925
7612
2997
4607
2400
5429
4654
3557
1373
5290
6511
6766
1253
523
5828
772
5108
6734
5569
2263
4213
975
990
5197
2742
7457
4284
4519
3323
7349
3014
6193
878
3557
2035
4837
6900
3230
7207
3102
6682
3624
761
1460
4270
2516
7119
6200
4331
5953
1638
2829
1676
650
4206
2337
5057
1359
7250
4551
5759
6751
341
5235
6450
959
7320
5393
2190
4953
7224
7938
5443
516
1940
5811
3727
4076
3052
1692
2733
542
6885
2003
3179
2739
7913
5514
4697
5910
683
3179
3421
3507
2504
4750
7716
2749
265
4373
1139
2972
1541
5541
1627
4786
867
4289
2699
2121
893
3972
2047
3355
6817
1467
5527
3068
7857
2653
514
5480
6698
6312
4825
1893
5953
2520
5320
7444
4073
1542
935
2650
3314
4572
1895
5029
5131
2289
5159
3805
1576
7749
2534
6313
2431
4250
915
4699
428
6637
7489
4409
2740
4816
2102
489
5350
229
163
5880
7133
4089
7149
1735
2979
4026
7273
1106
2928
3798
2727
158
6224
178
5989
5951
1506
3332
5029
2307
6396
1358
5977
7167
6060
4024
7994
4212
1817
7944
5815
3293
3209
7232
2251
2903
5052
4756
7079
1901
4341
1670
527
5311
5720
5344
2433
2255
4335
7885
719
4521
1158
1173
5518
748
5367
6516
4711
1208
6464
3157
2954
6326
1680
5040
1923
574
6689
3901
4069
6697
702
7251
3810
5173
102
6562
4797
7822
3337
5001
5590
6271
5551
1109
2788
5493
5240
6359
2498
7531
2622
3169
6688
2679
4118
797
2650
3249
1142
393
6885
3067
3632
3923
5797
4658
988
460
6237
2096
7573
4108
702
4026
218
4131
2592
845
7252
2039
5134
4672
758
2495
2491
150
5248
7707
6291
930
31
3021
5869
2135
4399
3288
412
6828
5600
7475
613
2856
566
6634
458
1167
7018
2450
6405
4585
430
7783
2897
2283
3406
2436
97
3845
6258
1021
3572
4423
5696
5212
384
3056
4126
1975
1867
1749
6293
6826
2777
5483
5841
6135
3392
3889
5061
5302
6423
3004
5611
4986
461
4704
873
6851
3286
6200
143
3801
7487
6547
6013
1547
7395
59
2914
6852
7158
803
6495
6022
6142
7724
6473
6598
6242
3476
4941
4068
3291
4092
1839
1222
5319
5972
2859
5392
1628
6821
3388
5633
4345
506
570
301
3800
3628
3102
6739
4576
1545
1569
5210
4887
1760
3
749
1525
3820
5608
4208
7443
7771
1245
3101
5379
5689
504
0
1785
4414
3100
5451
486
3952
27
4759
2597
5558
4151
1720
5838
3643
5505
1339
1321
5179
4899
5118
2749
2478
377
4780
838
2445
3033
6484
3780
2437
5043
4966
1456
4663
6484
7305
6986
4202
4485
