1568
591
2946
1798
3792
3883
2435
91
1166
2266
489
1183
2035
1120
2558
246
3081
3074
3076
2937
678
2422
2594
2106
1158
3898
15
869
2628
2144
1561
385
1141
3815
1873
918
354
3813
3383
2345
576
3936
1118
963
333
2556
2236
2736
2056
3598
817
194
3374
656
3473
726
3853
45
3407
1870
1990
956
1607
510
2020
3817
3496
2786
660
3534
2237
2636
96
3938
2903
2844
139
1928
1721
135
3659
3208
2239
858
2558
2298
2219
3480
1803
1406
3789
543
3735
3913
1679
73
2176
3898
2906
814
537
1995
1033
1927
2978
1187
1448
1325
3139
2120
2088
3360
2437
2993
3234
1060
3981
602
1157
613
438
3473
3358
3323
1865
909
1507
584
1628
2430
668
3167
293
2175
1902
63
921
2408
1765
2460
3814
1952
3998
1791
1225
2768
1742
3363
2220
1427
882
2529
96
41
3701
3942
627
2891
3575
991
3661
345
2752
2839
3245
3086
2401
3095
3291
2005
3490
1772
586
21
1518
3879
1996
1128
2424
893
2801
2665
1064
3151
2942
2572
2565
708
3142
1799
3457
209
584
3118
1340
219
804
3133
3285
2004
3707
366
2132
2465
3714
3818
1325
348
2530
2940
2162
1781
1648
3457
2937
3091
36
3484
3684
505
2808
326
1619
3747
3647
2978
898
655
1823
1935
2080
2489
2764
3254
1806
799
3683
3715
2511
2883
1792
1489
3762
2127
1596
3262
1817
594
38
1918
646
3465
1245
523
1569
1561
1863
1497
1832
2968
17
1864
3796
1803
4
1042
1763
3626
3648
357
3751
352
3480
3915
587
815
1417
2372
605
1584
312
1429
2653
951
1927
3546
3104
2933
3220
2519
3041
1784
2703
172
2277
3597
3541
2087
1481
3334
365
1971
1803
758
287
2381
2097
2008
3084
3224
3769
3248
14
2855
1983
3977
3692
2583
2724
3294
1146
1951
3009
596
3499
1408
1160
1220
948
1718
3059
1783
1183
2609
3116
138
2920
61
344
2096
1304
1852
3745
3319
2747
3702
3550
578
2496
1159
97
1718
2893
3415
861
753
3292
3015
2161
916
502
1606
3830
1281
3626
675
897
2591
1481
3197
757
314
2946
854
744
296
3093
7
3952
3271
1398
1805
394
1409
1536
2049
519
465
3028
2757
1108
288
621
3321
1572
328
2816
1550
1052
1146
3125
3762
2362
1818
1916
138
3107
904
239
3998
2728
2170
226
3629
2196
292
1417
1474
2965
1050
2311
2494
2820
1260
142
277
2643
1808
1015
1557
754
2110
3263
1824
1597
788
2621
3066
3878
954
3356
2590
1338
3488
2041
1900
1043
3395
3899
2205
1946
3406
3017
1431
1142
893
1612
3163
2357
3005
995
1212
2838
3664
701
874
3665
3276
3127
3212
516
35
3377
2637
826
637
1519
2061
2554
289
3401
3576
3786
691
1743
2547
3485
2807
1181
3410
3232
3955
2359
1575
3165
3827
3009
2742
3722
2438
3838
3204
2482
3366
2403
45
1789
1877
2134
1172
2718
2915
1864
277
761
2507
1645
22
1807
2109
3860
2013
2535
2679
871
1531
2171
428
1601
870
1372
2214
3174
1604
67
3368
2916
3075
1621
3052
324
1189
2226
1868
1837
3481
2459
3292
1461
197
1501
1876
3972
3103
2750
1099
1320
2171
3971
94
1871
2847
2172
337
3940
3058
172
3692
2281
1042
1944
3335
3277
3557
2092
128
586
3048
4
2345
3453
2947
2398
191
739
3357
1594
2548
2797
3403
3658
1486
1152
1284
3260
841
3628
2929
2721
2839
806
3776
729
1352
1219
695
3901
3844
244
2661
3433
3573
2297
1524
1188
738
931
2491
1293
438
2699
1072
612
2720
2088
2779
2002
147
2480
1573
2741
2125
623
2479
2476
916
1341
447
764
1852
1215
3349
413
2182
60
1757
1476
547
2426
1597
2477
3446
3252
3597
2948
1271
2651
3334
2289
403
2311
3923
734
2417
2839
68
2629
304
684
2722
3483
11
2079
637
2932
959
1434
192
3633
2691
122
2214
3917
342
1471
422
3519
663
2509
1514
908
1101
3426
3518
1869
1799
212
1603
2393
2910
550
3907
3183
1814
3943
318
1570
1027
584
1475
2624
2153
1112
3483
2881
635
3518
2688
457
3045
1809
1483
986
2438
1847
1866
1721
3892
3033
1616
3898
3683
703
2310
2699
737
3053
2335
3387
440
3065
3370
2917
631
1160
3552
3453
490
3557
413
1141
2661
2077
2220
780
1408
1337
1531
1172
2044
1593
1294
3902
2468
2250
3023
1476
174
548
803
3859
417
418
87
436
401
3838
249
2997
2469
3368
2499
376
1690
3523
2291
503
704
1245
3382
3859
1346
1513
2914
3352
419
3867
739
750
2052
2015
1901
1023
1058
3606
1840
1952
1596
1326
362
349
914
3740
1590
1158
1097
825
2786
144
1291
3287
2270
2089
1003
3646
3664
2780
2854
3047
3301
2845
3013
3955
2274
1201
1887
3593
3288
1629
3931
1996
3350
42
1715
981
2808
3410
437
1553
1694
2474
1315
1433
1335
1291
282
490
2588
3806
591
449
2489
1444
1301
2389
3174
2463
1052
3472
3156
3361
2579
1643
3682
719
558
3558
655
3441
322
1185
682
249
2573
1913
518
3405
1524
1890
3753
1875
1604
2461
3779
3512
3673
2967
2524
3068
3933
1374
2502
382
1064
577
1234
2880
2149
451
2014
3478
2070
59
844
241
2254
1611
2862
1282
1916
3130
3005
749
3047
2736
168
780
3125
1934
3433
604
1702
3176
756
552
541
2816
3850
2705
734
96
1546
631
1778
3860
2374
1926
712
3521
1619
3551
1847
1478
3066
2946
1598
3950
3307
3701
1484
1294
2162
2100
3419
3745
162
3509
2454
798
1613
3318
1948
2226
3317
166
189
3808
3805
2892
513
1906
1145
2264
968
3130
804
1220
1932
1225
2481
1799
3746
715
2649
1174
2304
926
466
3479
984
781
1632
1539
1378
2061
3173
1975
249
2963
3765
3608
1627
2959
5
1824
20
1322
737
937
1396
2967
188
2709
3868
2809
3554
3000
3193
177
1898
3971
999
578
3943
909
2454
3044
862
1951
1290
2240
2513
3261
252
718
2810
108
2238
3529
3283
1956
1180
2188
2034
1044
190
3980
691
3597
1002
1841
1325
1772
614
1169
518
551
3515
2635
3266
1490
213
2301
23
2958
3783
2243
508
3696
3115
1965
3136
2346
3079
2171
3574
3704
1835
759
3022
1864
2839
1647
3295
583
666
3694
1281
772
3157
1239
3735
484
3389
3741
2409
2593
1759
3681
2928
351
2334
1512
1450
205
1113
3224
3597
532
1576
656
2168
1376
1124
2433
613
2439
3622
1037
1563
2394
3687
3483
3584
1512
519
2099
204
2474
3434
2204
2712
1262
1468
1775
373
2371
2165
2712
2938
29
376
841
309
3014
2357
3579
3906
1346
1519
1378
2233
3869
2871
2859
2402
3635
151
3637
516
2971
2027
937
3994
2993
553
3287
935
286
3809
3118
3265
1447
1920
3704
2056
3023
1839
2352
1914
2122
2872
449
1375
3775
8
1788
1343
88
912
1813
2900
2825
1477
347
3738
27
3016
1106
3970
404
1280
911
2694
421
3779
3535
1079
496
2388
628
178
627
838
3293
3345
3349
542
801
765
2060
1462
296
897
3689
2238
2982
2650
2785
3837
3765
3819
2936
3286
3918
2894
2636
1606
2787
1764
731
73
1628
3853
1555
3772
3084
3026
2612
3709
1967
3199
355
1582
3266
2447
3694
1689
319
1120
1527
2414
3604
1190
2303
487
671
443
2192
2796
2056
3028
3334
530
1211
2351
1723
1855
960
168
655
9
3801
3370
561
1852
247
2562
428
2522
2009
2480
3024
1948
2563
2071
1339
2231
3799
500
2724
2714
3154
587
68
2644
2949
3740
2466
466
1999
2805
2234
3014
2995
3201
3753
2819
347
286
3639
933
2889
2124
289
1901
2198
3585
1217
2538
1033
3770
1565
1075
3925
1612
3210
2225
2703
3801
2810
2458
2315
1821
2985
2872
3634
808
223
3592
1154
1446
291
1022
2626
1722
3197
2373
3616
2250
1350
1764
3786
3219
431
2556
3429
3836
2122
1647
2733
489
2104
347
1001
710
1424
1219
298
2595
2281
2382
3264
2751
1348
1928
1593
3037
3929
135
2935
1748
1469
1033
3117
2658
2445
3673
3574
3168
3993
2064
1553
816
1680
344
3549
1298
3331
843
2989
279
1369
474
1705
141
3151
9
1025
729
9
2840
3597
419
3706
3645
1734
1067
3916
237
2075
3641
780
1113
273
3730
661
1013
3291
1383
1975
1332
785
1607
3428
2383
176
2260
3095
2692
1294
1715
2049
2043
3032
2141
17
3492
1738
1523
223
2844
554
1166
1142
3087
1249
468
572
1303
1495
2439
1663
2786
2250
1527
1757
850
3467
3352
1328
3837
2229
1614
852
3701
650
3972
310
2210
1932
3837
1276
1067
3253
2785
1995
2228
1940
1849
2328
1314
3717
2774
3023
3737
331
2476
3065
3078
1516
3868
2158
2073
1897
3406
631
73
3000
2973
1214
636
641
3693
2964
1086
2673
2328
1407
3214
254
805
3678
1497
1752
1466
187
2782
2728
2280
1004
2288
3656
3205
2885
282
383
1528
3005
156
3799
716
1083
756
1148
1735
2302
2840
1107
1685
2886
3456
3092
3389
2786
128
774
789
3127
307
982
593
3497
1683
147
2743
1993
3365
3081
1358
3932
1170
3225
3445
579
1039
529
1616
3148
3102
3213
828
757
3181
3913
3364
856
1565
2433
2380
3415
2749
1032
11
3429
3028
706
2774
3951
2910
3230
374
229
2926
1395
635
2313
593
1461
1291
915
179
1908
755
1534
1339
1618
446
3251
529
1855
1891
3024
1184
1907
184
3476
2231
2215
2437
3241
3081
304
2580
3055
3604
3096
3908
1601
1183
475
924
326
1020
700
1052
2263
685
450
16
3304
3778
818
2078
1844
97
2826
1790
2537
1407
3670
617
2541
10
1523
3786
1196
649
350
1042
3679
1019
2840
2632
1339
284
1817
1212
851
2694
3213
1660
1322
3796
3311
2624
1177
834
2433
3264
2425
1264
773
2886
2478
1925
891
510
1905
1777
1880
234
3928
1930
1183
3057
1635
536
1599
919
550
1196
3400
1416
46
2923
3978
3566
2546
1352
557
1987
1336
303
1511
128
2944
671
2269
1491
2257
623
2169
2159
3486
1137
740
1213
3061
755
737
1969
2308
290
1094
2136
968
105
2231
2284
115
536
3873
3978
2041
224
1168
1915
2232
2202
2221
1422
641
519
3319
1095
231
2162
2460
560
387
2194
1557
813
97
2284
1788
3086
843
3381
1962
1854
3025
1044
561
1945
1457
3686
3379
2490
424
3643
3134
1169
1237
2430
2596
212
2214
2003
1915
1165
1186
920
3309
1201
2226
3566
861
144
492
2257
3031
968
510
1314
1330
3956
3284
3558
3430
1058
614
263
3044
802
3808
1368
1974
1211
1743
374
2419
1175
2405
874
1567
735
2218
1899
381
865
2495
2081
2482
1101
2928
2564
856
3392
1781
1827
2779
663
3428
1600
1747
2053
3543
1560
2879
2367
1814
2977
2778
245
1217
2668
1053
123
29
3785
3921
3686
2936
3594
1999
2418
3225
1312
3702
3423
1449
2337
3239
2781
920
3980
3840
284
1966
451
3412
1510
3183
1430
68
3560
330
2785
796
2699
2238
523
44
577
1226
3759
3681
219
1487
56
64
1112
547
2374
2622
1815
1173
2413
287
1549
377
2748
3241
114
3439
635
100
2070
2292
3117
16
2737
1764
1877
643
3608
1385
2965
1470
2604
2981
2546
2122
268
2041
2899
3796
234
1328
1833
3267
2555
587
3176
2258
2440
2121
1394
3630
2370
3890
2773
2221
178
1952
683
3817
15
1163
2784
1592
1256
3407
1329
2441
1121
3453
1391
1565
666
2971
3938
608
2667
664
234
2915
1324
3376
1057
2839
2192
24
3165
1799
722
3367
1169
2194
1992
1442
3411
2788
2036
3874
344
3569
730
1315
3932
1901
1355
76
1150
331
1759
1974
647
1615
3362
3130
3051
18
741
732
904
1874
3509
974
2571
3443
73
546
595
1782
2228
2960
45
3925
3163
2176
2366
1592
2561
2933
2175
2647
3869
3447
2114
844
1101
2138
3155
1363
1444
1328
3034
2786
415
2824
1053
223
149
3297
2243
419
3468
2863
2387
297
1705
1384
1178
3058
3039
1580
1963
1016
1641
2575
3584
1645
1682
2629
319
2031
3793
2760
537
2410
563
1961
3980
3627
560
3441
647
2045
864
3922
2574
2978
710
2063
2611
526
2634
3940
228
3491
3621
3988
3237
1541
1077
2221
434
1114
3249
1082
1702
3936
822
1253
1786
874
1535
1542
613
2264
147
877
3617
915
1848
3528
1518
1026
710
145
3888
2987
1655
3319
2452
457
2074
2504
3248
2951
3046
2904
3080
182
684
1200
204
1681
805
2006
30
2346
3370
3732
2002
1520
1987
1768
3151
32
2359
2056
3826
3845
3714
1039
3025
1966
677
1832
1661
938
1494
2070
3456
3138
2072
2782
2438
1939
3814
2259
825
70
2633
2363
2052
590
2058
418
89
2398
1728
1659
398
740
2698
1326
961
3462
1785
419
2845
855
3397
2570
245
3574
1184
1060
748
3012
2695
3793
3287
512
1652
2551
2107
1600
3089
523
2000
2766
1831
1024
3623
221
2100
3017
2440
2150
3995
716
2579
2691
1557
2534
2664
1287
2662
981
2819
2105
1003
1349
671
2859
3822
3866
923
763
2748
2071
537
1029
2190
3018
3523
2370
3747
2196
2729
546
1327
88
357
450
1004
830
2976
3657
751
3941
3405
2245
1110
3139
2451
701
3901
410
2952
2386
943
1850
824
3031
3194
2508
3493
746
2523
2146
2440
3310
185
2649
2518
1638
3757
1928
3455
2704
1727
2440
3599
2524
1708
1567
215
1160
1347
2570
2310
3065
2159
3783
3024
88
2638
1053
1009
1958
1
2952
139
542
1020
580
1578
2854
1853
2870
3177
944
3769
3250
1134
3475
3378
2636
1392
449
1989
1278
1273
2181
2495
2291
1446
924
1808
3470
2539
717
695
3514
1363
997
157
2254
2277
2931
3967
3004
899
3389
1762
2679
1356
2941
1099
2559
1953
2972
1126
587
3461
2506
516
3313
189
1367
2210
1076
1431
2512
2052
3563
1287
1177
448
2186
2539
1955
3703
2287
1872
2219
1310
1292
2671
2031
3643
3052
3791
2733
3180
1091
2606
3482
3488
470
922
2812
2441
580
1785
3877
3049
336
264
3276
3497
3916
1857
2186
3369
1987
277
3373
369
2371
3929
380
262
1126
2238
3464
2777
3324
3192
1675
3801
2294
1792
97
3465
1393
3285
2175
1611
1948
1725
2772
828
1896
2697
26
825
1612
2998
3225
3519
658
3824
89
3793
1922
1553
1537
2162
2344
3495
3761
2290
836
3636
2488
261
3662
1551
2963
975
484
1063
2755
1340
1714
1576
3082
1356
1181
438
1633
555
3660
2582
1209
1407
2387
3148
3468
858
3005
1791
1055
1040
1237
153
3735
2946
2961
1931
2644
2041
1084
2061
3662
3694
31
2210
1195
1189
2187
794
1563
3131
3941
2609
368
948
1998
3541
2685
3415
654
3556
1161
1334
1245
1492
2288
3556
3694
557
3991
2923
1688
2417
1994
758
2977
923
1171
169
3082
1125
1785
3249
2449
1539
243
1397
3271
685
295
1643
2863
891
2340
2248
175
2504
3768
655
2327
3097
1903
3307
1131
343
1481
2744
2606
3191
1590
1019
3213
123
1904
2385
3653
2834
2517
3269
18
986
3232
827
3413
2342
2403
1226
3584
186
419
1607
417
2995
2032
3644
1418
1444
2304
1463
3225
1499
2247
446
2345
2626
3412
481
2771
1729
2283
2664
450
2336
1466
3243
1426
490
1979
353
1028
718
1509
2671
1921
703
815
3746
1064
3483
642
696
1782
1513
2042
3449
1105
3931
2713
2723
817
3891
2984
3619
620
642
3883
3647
3228
2988
1247
3311
2830
1575
850
3117
2762
1345
735
226
378
961
2629
2367
601
3686
1731
3917
3482
1869
531
668
786
1678
1152
3032
355
2629
997
3610
3942
1710
2915
3451
1587
2185
2078
803
112
190
981
1087
3924
410
3100
2608
759
1527
2648
2208
1304
2201
3638
1520
2954
277
2632
141
3292
364
1501
2050
164
661
1980
1958
3495
3417
2461
725
391
1976
3460
2109
1161
3145
3578
1519
3106
1182
3466
309
2303
1894
2261
323
269
3788
2003
806
1643
2524
2247
3673
490
2694
3709
310
1949
3611
1538
2441
2627
3572
2208
384
623
3667
3765
1503
3344
3105
1295
209
866
2774
3110
2552
1904
1206
3030
1157
2819
89
2647
2787
3244
1571
2650
590
3210
978
515
1857
1241
1783
30
1293
1559
2235
3071
2725
2388
1730
570
214
1077
3533
1595
565
901
3161
2180
656
2681
1253
737
326
2878
722
104
3858
3618
67
2130
2978
3483
1187
2545
2983
3128
2149
3438
1381
1378
2183
3808
1642
2798
240
2154
3612
1986
3256
945
3562
1697
3239
376
3876
2869
2997
1083
2855
2648
2833
229
2352
895
3965
750
2290
804
3318
660
2019
2798
1586
3572
1584
2271
2594
709
2897
1466
2647
3698
2648
1486
2721
2930
1986
1636
402
3270
400
225
2369
398
2191
1880
2922
872
2515
3984
3474
646
2211
1420
2569
3594
1453
3773
3880
513
2202
2593
858
1402
3196
757
2935
3138
3012
3199
1771
637
2833
2929
3702
770
2306
1946
492
979
2637
1295
2268
536
1864
2769
1966
3575
2660
2011
422
1202
953
3723
3493
990
540
1738
3630
59
110
3322
1606
3892
686
1755
2901
245
2479
1305
841
2756
3684
3318
3481
2046
3703
3760
3015
1263
3609
2286
31
2988
3219
2284
764
113
3420
705
170
2802
3843
3689
3782
1344
268
2772
3489
3355
3064
1898
1699
3214
188
1017
1997
2380
980
2748
2743
3620
3696
810
663
1475
2092
2137
1859
2151
1342
3245
1358
1436
2217
3808
1134
245
2606
2383
3519
1480
2370
1311
1888
2278
2554
1003
1946
2901
3650
2219
257
2444
3694
546
307
1739
3880
1796
2718
1653
360
322
542
1739
1154
2356
388
550
3064
673
3122
720
1936
2702
1986
1599
2753
1089
2919
3951
1191
880
2475
1435
1014
2507
3543
3608
618
2755
2705
3566
3197
1078
2848
916
2642
1304
1771
807
431
2878
2847
454
3400
1386
687
1005
341
2671
2742
1901
2117
640
504
292
1356
3161
2982
3390
2872
1961
3040
3367
3553
3131
853
3019
959
2431
2342
1165
342
1882
3177
3392
3020
3783
2186
1829
3451
2472
3979
354
1313
2285
2411
859
660
1055
1861
3504
1556
2282
1775
627
1945
2565
419
1924
3979
863
827
1803
273
2376
1653
785
3329
2553
1366
347
341
3457
1483
2403
895
3213
650
3477
1427
498
439
2564
2755
2298
2179
70
776
1417
2830
3315
1275
2156
973
2485
644
3805
3655
1932
2090
3156
729
2433
3337
525
3994
1509
2530
3506
3864
69
172
806
1089
3948
1096
3726
1662
181
1650
3899
1433
683
2707
2296
2432
2944
2324
140
2786
2758
493
2477
2294
2349
1787
3842
3515
250
1872
1842
3001
3104
547
2254
134
1757
2697
56
2117
2132
860
1775
841
3522
1687
312
3096
2271
580
459
554
1491
3948
1814
3953
1907
3182
594
850
1239
1163
3616
625
3993
61
1951
491
2923
2792
238
3260
2133
1577
2360
2274
235
459
385
2489
903
3320
2219
3908
3528
3660
2181
1613
2822
3653
3569
3620
368
2423
3249
1252
3236
1053
525
3411
459
1290
1923
104
1998
3293
1547
2630
2297
530
1030
967
3499
2613
995
2292
1527
3729
781
1680
2522
3207
3445
2325
3513
2810
3895
2166
3542
2215
1099
1155
3086
3474
2699
363
1363
1244
1340
3836
2433
3473
27
2086
2879
1309
2789
3613
3157
95
34
1213
420
1045
2959
1000
3813
2199
1799
2091
2338
480
14
1695
139
166
1946
3530
1047
267
2302
2374
3096
44
660
3610
3800
2710
1382
1156
2069
3833
729
3352
1527
2453
1974
3810
3818
1297
2646
1991
2909
1450
1834
3530
1077
1736
324
938
3150
2285
742
40
3792
1094
2277
1095
3786
2404
3225
1388
173
292
3236
3141
2183
1418
2652
3046
2555
3981
2551
3598
2330
683
2578
2184
2496
285
126
1485
397
2694
2695
3239
1886
1381
1346
3409
1095
3369
51
1082
3728
1764
2393
1192
1481
1048
1526
601
3467
47
2814
196
2381
1735
763
1278
1056
617
3130
3545
3271
1562
1943
3495
950
1291
3072
3996
3749
203
2920
849
1201
3869
682
1637
2801
548
3800
2846
2928
58
2495
781
3147
352
1849
816
2728
80
1454
2160
1233
1838
2823
2507
716
3581
3378
3500
1560
494
811
3990
486
2066
13
3456
1041
2929
1717
3802
1852
3796
3918
2701
647
2620
1311
2401
1133
1557
3661
1144
1246
965
1550
2775
1395
31
2988
2597
3827
2836
1585
588
1633
2121
3573
2429
672
3875
578
1840
708
1855
832
1448
918
62
3362
1429
3492
1565
2923
2931
2978
1507
2910
1360
545
404
930
2539
2378
483
1262
440
2360
804
2390
3776
1711
2399
2226
2789
1276
1792
903
3043
2603
939
885
3153
3903
1612
1981
2631
2610
941
652
3322
2761
2977
136
2499
3218
1502
3541
2525
2141
3144
1861
941
2292
999
666
2332
1336
826
985
864
2458
1317
3597
313
2707
2662
1205
887
1313
3398
1483
184
1342
1131
1298
1327
3998
2345
1179
2496
2245
3320
3092
2120
1154
3969
1262
2586
2924
3091
489
2724
1368
466
3198
400
1172
2639
873
3878
3043
818
2993
2191
662
1395
2805
820
3267
41
2196
581
2468
1754
1625
3765
2254
497
1474
3491
460
269
3051
500
568
726
2748
2843
2742
74
1131
1082
2061
3574
3887
1474
1443
1920
1763
1047
3540
3905
2867
2095
2286
1136
2983
537
2123
3449
361
1562
1036
3117
2547
2482
1679
627
2554
61
1485
3868
2065
1686
2707
276
2044
3126
634
1556
1234
1306
1093
1653
3565
258
3767
1599
2642
342
3342
2239
87
2979
3040
1687
1046
3459
2352
2863
3821
1499
3693
841
3086
1246
1736
3282
2634
366
2767
437
1941
2306
2283
2793
3958
2787
2546
1643
2606
3121
3594
902
1378
1571
1883
3598
2278
812
3376
3149
3752
1880
330
1973
2199
53
1248
1972
3118
1135
630
1989
672
468
825
2530
1057
3734
1621
1847
399
2606
2707
3443
2140
2078
1715
2424
121
2223
2337
3569
2528
3033
983
451
830
1505
303
2908
1499
668
3651
1736
1991
3666
3011
483
995
2046
2258
2121
2538
1586
2814
3912
3930
3479
1882
951
2114
818
1562
2592
2089
2401
3370
632
2520
2661
3722
1648
2854
3738
1834
2948
2623
162
350
3216
688
1024
1855
3363
81
2847
3550
3755
1231
1843
2437
1264
3989
375
1676
157
2678
309
2933
1752
954
3973
1797
3667
2531
2509
351
1307
1275
2502
1214
46
3355
2367
2670
554
2650
3515
2024
480
688
533
41
1223
422
452
2381
12
3549
2617
1645
199
1143
2853
3667
586
1509
1720
3445
434
2190
1668
726
2656
985
544
2677
1441
3704
2824
2767
1833
2801
1346
3256
1183
2665
3931
2737
1010
2831
944
774
2889
1827
3945
3016
1271
2433
3007
290
1837
3790
894
954
2474
2302
806
1766
526
3935
1291
3623
588
3109
3357
839
1821
179
2242
3595
3889
1923
62
