6276
685
3876
1247
6395
6937
3221
3738
3600
2113
1905
5309
4283
5829
6496
59
5474
6311
337
5851
3832
3775
3714
4508
965
6068
6545
6927
6903
3470
4429
1654
6413
1519
260
3707
2556
2623
537
5865
3344
567
6057
6743
6424
1365
2235
3019
263
550
5522
3227
5043
5938
6376
6998
5635
3888
3680
5953
5489
730
1240
1022
5554
2884
3746
5687
4406
2214
1069
168
3017
2889
5612
1075
3045
3190
4539
1044
409
4770
426
4708
2745
5422
6768
724
2523
2290
4788
4279
5716
3793
546
466
4686
2336
4073
3344
1807
4993
5733
861
1198
2396
5182
1324
1260
2972
2349
6756
476
5847
6741
5189
3600
1159
6925
480
2274
4647
6713
1173
876
3023
4336
3654
701
3720
5182
1969
961
3835
5294
4419
6211
1635
1787
1751
5457
3539
6339
4485
3548
2274
65
3200
4651
2107
1349
6328
4427
6441
2970
2934
3589
3840
5837
5158
1644
5223
6141
5246
2921
5321
4570
4085
1933
5170
3654
6519
4978
4607
5427
2469
6263
2374
2736
4865
5022
3989
5739
1063
523
3238
5556
623
427
5696
6236
5574
5862
601
753
3652
2811
3623
6263
4009
5895
6
1796
777
1370
2459
5984
2591
1894
3007
6790
1501
1300
4616
4540
713
6725
6777
4811
539
6506
4322
1971
3066
5128
2538
2559
5415
4003
4544
272
6426
1638
6050
3608
456
948
2164
3830
4294
6903
5786
3513
2503
4731
5273
1074
2457
1589
5151
5739
2742
6925
5611
2645
6087
2365
287
6035
4378
3253
5226
1745
3196
4413
3922
6192
6265
3230
5150
5825
5512
6589
6018
3339
828
1037
3379
5027
3165
4224
1107
2959
5086
2898
343
5335
5687
3218
5667
6480
74
4789
5463
4566
5666
376
3746
1806
1216
5370
5149
2589
2760
3277
1571
2880
3224
5647
3388
5977
2000
6313
5785
6947
876
4891
673
2355
3431
5001
4954
755
5586
4415
6284
5515
3018
5892
4343
1934
5584
6070
1316
2935
2433
5186
1
5486
2886
6309
1734
3466
5350
5757
4821
1908
5463
2573
6063
2174
4955
4905
4056
2055
6791
862
1548
4981
4343
3917
6756
6837
6461
3540
5721
2201
1385
536
2473
4623
6274
4516
1950
4577
1827
3711
6644
2990
5688
5492
891
733
3296
6331
3226
6778
5684
3456
1453
4934
6557
6549
2365
3175
2444
2585
6134
1529
3107
412
6182
3207
2169
2390
4960
291
6939
4299
2784
5781
2030
3428
1642
5259
5048
2678
3003
3238
1270
6487
4593
108
6696
6018
5502
3599
4449
5153
768
6626
6027
5378
3052
4643
2847
4959
776
1114
2722
4782
6976
4500
843
2777
3535
3956
6000
307
1936
3423
2705
4737
805
5786
2100
2072
4652
1475
1071
1480
5906
5952
1117
3204
3567
6511
1591
5541
5769
5131
2860
6171
6077
1416
6403
199
1320
5204
3541
1368
755
3842
3647
112
6749
2556
3757
1802
4690
676
2483
5634
6074
3143
5189
6888
4468
2671
1750
3339
2009
4515
6709
4287
5677
13
6947
4114
1271
320
2241
2344
218
4219
407
3841
5325
919
5575
6396
765
1001
1760
6131
3858
460
6054
4594
5414
4662
719
3972
5226
5621
4457
3333
4171
6030
2502
3294
649
6602
4385
2208
5584
6174
1755
1968
5240
1093
3126
3803
271
580
747
4838
4511
1289
710
2477
2626
4169
5751
3222
1552
901
5132
1025
6275
5256
6297
3358
2250
5000
3690
4363
3394
5806
5535
2865
3835
3259
6542
5266
118
1570
463
3697
2964
4732
3088
6677
2546
5483
6761
4587
6649
935
6210
6648
4554
6135
6216
2424
6638
821
2190
2262
307
3912
2888
2640
6690
2478
5827
3405
1677
3718
6289
1390
2679
6184
848
6063
3780
2626
4426
2473
2487
4279
2719
2085
1898
2942
110
4006
304
3837
5915
4796
6999
455
914
969
617
745
506
5185
5433
5373
2988
75
2274
2297
371
6326
6995
1871
6629
6946
5415
5306
6423
1061
2210
1314
6864
6910
213
3364
3428
5249
4474
4969
4656
5007
6899
3728
2317
242
6613
867
325
3154
3978
1939
1675
1831
1804
2937
735
251
1861
2282
79
1595
1731
286
1089
1538
3273
5566
4508
2506
2433
3207
5231
6544
3158
3047
6321
4098
4573
2195
2351
776
6507
3698
1189
6573
5257
1162
2620
360
6037
6557
5065
147
4587
6615
2741
1839
6192
6143
4185
450
591
3496
5218
5878
3404
1123
514
39
2757
5794
3399
3321
3481
1515
3149
1132
3728
5111
934
5573
2691
2982
4810
4554
6621
3329
4666
6857
1022
3484
2181
3805
6872
4510
1198
1183
4650
1326
6093
6573
5762
6316
5745
3593
5255
3209
3791
2497
5997
819
76
566
4674
3385
2982
1947
1549
320
761
1140
214
5664
2198
112
6608
566
902
6053
5427
2294
2988
2495
3383
2612
216
2132
67
2599
3287
1823
2370
5996
1328
3727
2927
6450
5954
1707
5543
3223
6265
5644
3885
1855
2663
3607
6388
2179
4511
2077
1917
3894
5052
249
8
5495
5176
1526
3111
467
3713
4251
5125
683
1358
2643
5558
3718
3624
2749
6704
1339
819
4029
1887
6469
1372
4829
6023
6354
2972
947
4154
4114
4050
1296
5641
2337
3566
6899
4823
6345
6762
5344
2161
4639
411
4472
6226
6455
4685
5197
4091
3431
6310
1378
2272
2638
6728
6726
2981
6919
4594
1107
6383
6086
872
255
2087
813
5854
5806
1985
611
132
1658
4091
4482
2683
6624
4921
3819
1374
3152
5701
6864
6316
497
3195
5150
4801
2062
6659
6997
5828
4369
376
6198
2228
1227
6597
3008
4043
4253
2007
4366
1188
4526
4542
897
2745
4577
797
3549
4941
6321
3816
6490
905
4869
1229
5890
2218
42
5284
5698
1679
5769
6472
6342
6184
2479
1143
4366
6002
3706
5414
2903
3015
2655
3430
199
858
4181
2595
177
4744
3213
5026
1001
3882
6177
1578
324
6711
1054
2068
1303
5190
263
773
5731
3130
4663
5690
6426
5494
939
5970
4009
5551
4554
967
1081
6977
5081
342
6475
4289
1247
543
5736
3778
5098
4166
554
6132
3981
767
5203
4966
1439
6105
4368
4364
1400
3849
3337
5476
3034
3999
3224
3242
5938
3173
5763
2707
2057
412
487
5886
852
2721
6771
3894
5876
2405
759
5245
2875
6954
4024
1771
6124
3089
89
4388
4741
6296
2390
4151
1644
648
1816
2130
6131
2477
4928
1483
3825
679
4490
3378
5055
6182
4888
4138
3876
6650
2039
4990
5605
456
42
3400
2420
4976
1034
6764
2299
235
927
996
3469
5347
3229
1045
1466
2930
1645
3518
6581
1980
255
2368
6004
1
4041
617
452
5226
6879
2635
5158
5045
1503
1393
4217
2348
6727
3162
1845
4663
3317
6022
505
2258
5675
4877
2138
1585
6422
6215
129
2615
649
870
6224
222
603
2327
2856
3305
3185
992
3570
830
6265
2131
5792
3471
604
1785
2855
2215
6431
3938
5588
873
71
5544
528
4468
2374
6403
4625
964
4654
3103
910
2906
4697
3537
4166
2187
2715
3521
5918
4286
1012
3434
350
4686
3854
2740
2542
2351
7
5731
3874
3606
4411
336
2511
3257
346
5629
6145
4982
5601
2238
1202
3664
2528
323
6129
3083
2664
6202
1285
3657
2790
1529
173
821
4872
5577
2237
3644
1162
1798
2911
2275
3029
2363
4179
1676
5494
274
5348
626
5423
3297
3553
6396
2636
448
853
6935
4291
1591
6868
5995
1633
5765
6082
559
6973
275
5137
2641
2028
6846
1294
4726
6104
2491
3369
5631
5525
4246
360
6044
6642
6467
2719
1091
3088
3805
4301
5985
1827
5940
5798
6553
6457
1577
3849
4842
5259
1942
1525
2482
4296
104
6917
5209
5352
3398
4836
3856
6420
6916
2519
696
3376
6560
5902
6119
6473
789
3983
4318
1345
2021
5415
5478
2820
6722
2621
48
6438
669
2301
6795
11
5544
4446
5896
4562
4751
6889
5930
903
6400
4886
5706
6443
6611
3117
134
5011
3477
5557
4801
3874
5087
4780
1918
4284
4243
2308
4270
2024
4854
4566
2753
5208
2705
5510
6937
3064
2794
3427
5922
6521
6839
3489
4325
5825
2026
6989
1332
6465
1664
60
4176
3531
2348
336
3653
2237
3521
3153
480
574
3268
5692
6591
3860
5351
4594
4510
5056
6138
3383
5298
719
3797
3676
390
525
6680
3956
3203
2936
5427
4329
5069
582
3297
5240
4856
3628
1703
847
1673
6293
3187
4689
1049
3315
1560
804
6428
389
5997
2568
1568
4036
1589
6747
129
3796
2641
4029
897
4284
2713
6518
397
3433
3083
6767
4546
5373
5106
1316
4614
1248
6383
995
6220
6280
6397
5001
4271
3379
4990
1866
3839
3542
4915
2690
1426
1512
2425
1765
1585
4416
3455
528
987
4295
5836
6626
4528
3332
1701
34
5555
6387
820
3622
2019
473
444
1925
531
1974
4561
2242
5588
5095
5717
6957
1028
1686
1756
807
3032
3113
1545
5931
6645
6780
4001
1996
148
5492
389
5246
3500
4274
3158
837
3178
4047
5681
4964
5531
698
4618
4851
4978
6435
2796
992
1452
2131
2102
5816
56
4051
1962
1986
1141
125
3615
5769
2764
650
5838
5084
3205
6273
3073
5676
4581
5345
679
4809
5356
6491
5669
1393
1869
159
4558
4390
1406
74
6587
5139
2719
1953
1134
4387
4536
3684
4640
6574
2619
4314
515
4696
1369
2452
1513
6352
2697
4769
2683
4698
2666
4086
2942
1737
377
5167
2271
4277
6334
1647
919
6756
1993
424
2562
6513
4890
1119
202
1110
5430
2975
1344
94
5861
2584
4698
1012
4649
6980
6952
242
6761
3686
409
135
5531
2759
4386
791
536
2958
3990
2728
6744
187
4786
4583
2543
2737
1815
3341
680
1902
4738
6490
4077
4512
2888
3804
5921
2277
867
3844
2884
2311
1274
6893
5422
1090
2980
2314
3927
923
6437
4506
1914
4191
393
2915
2082
4342
6333
6816
3621
4594
4365
6704
1797
80
5544
2477
4517
5945
463
469
369
4205
6829
865
5158
869
5417
5688
5800
4627
1390
2399
3170
2768
5651
3367
4696
2722
3830
5955
4393
6464
3052
6468
6825
556
6012
2691
1346
2972
5633
6826
6482
1076
1422
5463
6959
4283
4371
534
631
6440
6486
2714
5125
1010
6197
3472
805
161
3448
2241
4849
6828
1500
2801
1012
3136
2609
4752
2059
2193
2741
5717
3820
6472
2737
5658
2702
3113
25
1320
2296
784
785
4184
1253
4256
6571
306
6965
6184
5581
4494
2976
122
3648
2525
1419
1536
3523
2938
1524
2629
3013
3291
2474
4398
2
4214
958
611
1485
6650
4630
5590
339
1179
3320
6447
4512
2489
3924
505
3379
1750
4306
4725
556
6250
6378
6905
4295
5773
2290
6612
2904
1384
970
5232
4229
2144
6891
4621
2043
888
990
2942
3449
3970
3098
5826
2121
2705
5781
1258
589
1166
4755
3474
70
3918
3820
637
3807
1132
2440
3569
1616
240
2678
5668
1718
5635
130
930
5944
3126
5212
1996
1917
1190
5109
4975
2521
2998
413
1326
1007
4474
1392
1612
2271
5235
6215
810
1928
5883
6090
4009
193
5623
6075
5061
666
6780
2662
4751
2688
2599
3684
1965
109
6525
3743
4135
813
5700
3592
881
1220
4628
1508
5896
94
2590
5877
1107
6903
2831
3277
5752
2904
1232
5461
5447
4499
4958
355
2375
5510
6153
946
5859
6723
4659
3203
817
2528
3023
5370
4327
5474
5195
3043
4026
1589
5755
19
4828
2078
5899
6539
1657
4169
6473
1647
6679
1318
1261
5389
1423
3734
6390
5105
2988
5820
5267
3590
855
4783
6450
2918
5036
2956
5624
1890
3341
2056
5654
1453
6873
6754
2972
4674
5305
6151
3805
407
2815
3600
2558
4481
1155
4838
4172
6710
1635
2525
4041
4650
1118
582
6867
169
6957
4670
3977
1380
1734
5260
91
4750
2327
4424
5029
2518
6932
4119
4799
3871
5989
2227
6908
146
4782
2679
5909
2045
1548
680
2754
1013
713
1815
412
5375
2789
3380
1482
6653
993
1316
3781
2580
904
6946
5474
2673
5205
2652
148
6892
4931
4268
3732
3980
845
5559
2558
3458
5259
6763
2001
202
5205
6713
6554
5300
959
4674
6941
969
2490
485
586
441
4058
2190
168
5921
3497
5675
3361
1689
6215
1728
3201
2460
1532
4626
4947
4817
1564
4520
1338
3374
3150
742
354
3556
6705
2675
225
549
2356
355
3213
3818
240
535
6002
2385
5571
3095
5648
5812
6564
6265
5455
4165
1062
1923
5560
5125
1652
2221
5394
1836
1287
146
1534
6050
3895
2653
6655
6596
2875
1745
825
4306
4174
1728
4533
5974
3009
2397
6334
751
3415
6373
2451
1635
480
3383
1953
3731
6702
5037
5781
5344
1590
5402
747
579
1067
387
6189
3314
2733
3
1435
1527
4936
1199
4100
5226
1581
2360
1383
2095
122
2814
5336
2722
4342
2401
4330
6399
4117
3091
3221
478
6892
6010
6701
5755
2162
5786
1735
6348
5940
4022
1944
6235
1747
4886
891
379
4179
4917
2983
3448
2491
5690
2107
799
4164
3470
2399
5620
3823
4773
5480
3795
4512
2277
5015
4150
3817
6796
2664
5861
6028
6238
5850
6755
4569
659
6479
3005
1288
5655
5897
605
1060
595
4551
5757
3581
1394
6627
5272
2727
3230
2322
410
6444
3720
5223
2479
3995
86
2116
6209
6515
3054
4742
4019
960
2769
19
4754
3712
5995
1523
2260
1475
6575
3897
1752
2453
3391
5652
2493
4770
5721
4806
6303
956
2454
1752
5524
2188
6852
3440
1676
6219
3715
1032
279
299
3892
6332
6680
551
5900
4176
71
4091
57
4971
4149
737
3012
2620
4632
730
4100
3912
4518
4470
3220
741
2623
5656
2154
1831
5675
6672
2376
708
6666
750
4927
2349
4602
5024
2191
3619
5859
6128
5876
2364
3671
3301
4115
1929
3229
5509
4370
3909
916
420
5141
2084
4500
1883
2676
1109
3897
2920
1442
3630
1777
2957
72
5442
3277
2840
4280
5882
3516
3007
750
1981
474
805
2720
3765
4823
1629
4743
6456
1876
4706
1133
6423
6777
1017
4070
2343
5578
3220
748
1305
3512
1524
3890
5064
2683
522
5746
311
2277
3338
2370
5428
6594
3932
576
4285
6116
2272
4591
582
3722
5830
3218
4068
5512
1583
669
552
178
4331
6603
1339
5291
2232
729
3619
2522
1635
2097
6215
3771
3175
5764
6669
6076
5631
2887
1893
3638
5009
2950
266
5115
5130
3182
3229
6975
2528
2723
1317
2710
5335
3082
527
3005
3979
3881
3757
6645
95
1075
5446
2890
4192
5759
4859
5307
1058
5576
4801
1314
4533
3512
3136
2794
5674
1517
639
2792
4192
4533
3465
889
5629
5238
4680
2515
227
750
5388
2177
4306
6673
5272
4974
3427
4825
522
6979
6472
1896
5157
5235
6382
5761
3013
827
5532
860
5494
3847
555
232
1665
5880
5881
5690
2763
2289
6643
4932
1516
6681
4215
825
3081
1707
6315
125
5247
6536
950
4866
2693
4215
3369
4117
1140
747
2690
902
4070
3986
517
214
3152
3917
4494
299
2149
1603
1175
359
1200
905
2490
1151
781
5900
6381
5319
853
1727
1936
6579
4589
3960
2947
3112
5042
4820
1136
384
370
1515
2994
636
6842
2822
6513
4277
1720
1869
2515
2371
644
4685
545
4550
6736
4878
4299
507
1009
3827
5721
2518
1264
3139
5919
4814
3178
3988
4571
6614
96
3687
4455
95
748
5686
3621
5859
6225
4762
4228
652
4293
6074
2694
2331
934
749
611
157
5557
6361
654
799
5980
3196
6209
6803
3464
5991
295
6843
3291
2514
1326
2665
5777
4914
4232
4825
812
1015
6788
6406
5222
5627
2982
1881
5562
6165
6623
2825
4888
5803
978
2780
363
166
5917
5691
3705
3511
4896
339
662
1096
5733
5704
1429
3325
5724
1636
5589
2936
4233
5805
6075
6804
3196
2005
3594
4194
4741
3619
2068
3247
5458
3767
507
5895
6967
26
2240
1810
2873
259
2231
4860
4455
486
4581
1315
2957
6712
2015
609
6662
4437
1761
3289
4085
730
2888
271
1912
3287
2725
160
5578
5028
3638
1305
268
4612
1986
4723
4191
5975
5704
3907
4624
5849
5757
5024
4216
4680
248
46
3351
1675
5524
591
525
4261
3361
1745
2037
1161
1695
5179
4230
2384
2193
2313
5054
4805
3802
559
2525
4978
1534
857
6940
596
1359
2265
3201
1008
2331
6018
6184
1929
6886
6169
6831
5402
4858
6076
6030
2133
5895
570
2809
94
1632
850
1875
1114
4420
3600
3441
1817
181
3506
6216
1090
6169
3921
5748
2422
2099
5674
6822
6532
30
6180
2784
4940
1901
6868
1424
671
1945
2972
4488
4739
5007
3770
1094
5701
717
1100
6613
3199
4874
2634
606
913
799
2588
6172
235
5806
706
2651
3728
3813
3634
5332
6095
4391
5908
2512
4219
3143
2442
2910
2395
514
1731
867
1859
5360
1102
4629
2313
2982
6380
3948
4052
1692
6334
6413
237
1470
5486
2885
6250
6569
4769
6710
4816
532
281
6617
3750
144
2793
4472
6041
5093
3802
230
3721
2970
4291
3190
2186
136
365
5301
6622
3452
2572
325
3080
5528
4457
6567
6228
1853
5348
5707
4602
6055
1599
727
1290
3845
2294
6138
377
4883
339
3068
3065
2966
4206
6420
1559
483
3729
3301
5717
1716
6881
4350
4920
4096
552
837
396
1190
1600
4471
5235
4030
3250
2494
6548
3524
6588
967
6816
154
97
3599
5960
4560
2115
506
683
3211
6452
2088
4260
1687
1649
941
3623
2178
6399
163
156
4775
6960
277
4100
2556
6822
4594
1976
1481
344
4461
6530
1196
3754
1341
779
6029
2382
6878
6339
2923
3169
2971
5919
1826
3369
2533
1764
4954
2074
4421
6001
6301
1688
1490
3411
5748
3542
1512
6523
5678
6173
389
1082
1751
4176
2881
4876
5017
2436
5817
5890
4753
1157
5720
1673
5016
4044
2147
6289
3140
4589
591
6152
4371
6348
2722
500
1020
3727
2922
4711
906
4463
1094
356
5933
4640
535
6889
4526
1456
3970
5445
6439
6756
677
6216
2997
6254
5195
4922
3004
2699
4006
835
1869
6992
6888
3298
5886
6117
6910
4690
4870
3298
6842
5422
1859
5150
4411
6804
3706
6494
5763
6407
443
6962
5
3527
2462
2331
320
6596
1229
3081
2269
3496
2456
2137
3633
4122
3367
2164
839
2086
3112
882
4725
801
3901
3109
3113
3115
5857
3019
5761
1485
5079
4571
6404
1690
5118
5952
95
5258
2549
6715
1912
4642
5999
2274
2017
4359
1435
5151
6241
368
4612
6108
3789
2220
6455
4282
742
2816
1582
6889
895
2739
4632
434
3566
1605
2362
3616
692
5825
2279
3933
5539
5508
559
5120
3499
1630
5831
5675
1712
6645
5916
1571
4876
3456
285
2330
701
4601
5869
1110
6794
4140
5138
4860
6495
1164
1493
1119
6114
3581
454
3730
4298
6236
6659
5326
3076
4202
5684
2844
5049
4503
6151
6732
2175
4972
83
6462
5633
1305
2963
3958
5638
1709
3313
2941
572
6971
1260
506
5462
4353
3391
5687
545
1044
4983
2240
6951
120
5329
3654
5758
476
4894
5578
4241
4458
5957
3621
112
2083
6275
3347
462
3033
6817
6153
71
1118
3297
2196
1700
970
5382
2560
4781
2274
6024
1466
2881
4291
3633
3677
629
5175
5167
1672
2327
6342
4318
4345
4141
1013
2809
3467
991
140
5701
6811
2430
3857
4123
1169
4047
4491
2463
1721
2424
5777
2785
6896
1350
2584
984
5164
4729
1771
4006
525
4933
5517
4868
1592
6669
5898
6202
6890
3157
4219
675
1576
484
4681
6555
4157
2636
1832
134
6326
4032
6173
6975
5599
1602
1699
913
1336
2942
1262
1198
1466
3198
242
5921
1708
6434
3854
2978
6226
611
746
5438
868
933
2352
6583
5893
2903
1647
3391
386
6888
1513
4957
698
2968
5175
1906
917
4456
891
5835
6725
2703
4050
5483
4297
3586
6028
2491
6041
518
5236
5761
3091
3725
2827
419
5476
2315
1113
3358
458
5980
3347
3432
2478
4053
4936
3141
2207
6379
21
2746
4249
2387
4529
5364
1653
4407
2410
4316
2658
3042
4982
4825
361
5833
702
6162
5446
1301
6933
6583
938
2057
6302
930
5997
1804
6435
5536
2865
6956
2802
558
4611
5248
2274
6937
5962
6335
1643
1958
1985
58
651
6947
689
5299
85
2728
2159
3625
1820
5877
6030
233
3366
1562
3933
4554
2348
6661
1417
557
4869
1235
3237
376
497
3158
5845
621
2875
2207
5827
6619
2168
2617
6376
161
1589
4090
5980
3090
4557
638
3561
4162
983
2233
1818
3131
502
4017
6465
1092
2026
5654
3909
4015
2915
2703
4962
6750
966
6275
1971
2289
3753
2232
4506
4102
2264
5947
2832
4157
2706
3356
2585
6047
957
5293
5318
4755
3949
6368
6798
3668
188
6298
3526
258
3348
2320
2245
4740
2432
5620
5245
5879
5760
2836
299
6278
1195
5655
5160
4478
6311
4981
3360
796
3356
114
4807
3245
806
1598
1035
2673
1137
2940
2957
925
431
5869
665
6852
4933
1057
4165
466
4516
3553
2031
5581
5739
2419
2246
6808
377
1211
1234
3389
4984
163
264
6718
4053
5279
6518
4687
6940
1847
6397
156
265
1410
2460
1643
3017
2291
5664
5990
6999
4923
2641
1367
6714
5851
3536
4376
1675
4123
6909
5254
1261
2484
5693
833
6693
5591
2497
1883
6241
2216
458
2410
1597
3330
1296
900
3944
2512
5073
246
3117
1501
2206
6977
598
2665
2889
3569
4690
2913
2779
5563
2391
778
4947
5107
4283
1825
5809
4959
1348
946
6528
2124
1112
3523
6305
5099
526
5300
5764
6575
6355
4141
1378
4013
5833
4003
262
4009
2186
6657
3834
2905
5274
4312
2469
3848
4706
3187
4610
5737
2057
6769
1804
3662
3197
1599
6301
980
3991
2169
5102
604
1485
4829
2761
3417
1457
5869
4674
6657
4446
6855
6572
211
5242
2602
5967
6859
6375
6711
3775
6468
6924
5946
2889
6739
5169
915
2742
3643
2455
5670
3178
6027
4358
5843
3310
2464
4768
4082
6825
2784
2418
2511
5773
6949
4019
4981
4670
6345
3029
5299
829
5860
4809
496
1419
5088
31
5116
2577
5525
1939
3588
4916
5262
1522
4881
726
4278
4724
6350
719
6664
660
237
699
459
5490
2653
2493
3598
5017
4569
6945
4709
6628
3296
6070
536
3116
356
5850
5076
4525
121
4480
3209
5511
6108
4869
3088
2391
4262
5401
5374
5533
5004
4432
6017
873
6972
624
4349
6951
958
1484
412
2785
6580
6959
3088
6595
3880
6533
5142
770
5209
1827
4833
6598
5161
3759
4752
3999
2173
3458
5677
5267
1810
2545
5691
1301
1697
5315
3315
4770
1750
5605
1083
6236
6443
2353
2716
6297
1036
1941
222
5198
5255
5912
538
6941
2130
1951
164
4511
352
2414
4059
618
4985
6482
166
210
397
4963
5700
3070
1813
6342
6984
5162
4143
4720
5095
858
4644
6672
600
4454
4999
1563
4432
6240
2516
3667
6086
1162
1146
5705
4849
4685
2886
1391
1524
541
4422
6818
3075
136
751
885
6830
3157
6468
4273
3111
6417
2043
6064
5248
188
3661
2137
5214
906
1322
1309
2108
6990
6295
3248
1038
1577
1062
4379
4187
1640
5095
1751
6093
4292
6464
2964
3649
6682
446
1719
4357
706
663
834
1187
6605
2126
3597
2881
4392
3362
4666
5033
486
1900
3830
2988
2689
5259
5683
3158
1976
3573
2451
4518
2605
1180
855
3117
2029
2218
398
5008
3386
6099
4289
547
1038
398
3379
2124
5149
2295
2093
5145
6909
3012
3095
6192
4890
4154
2091
5185
6962
3995
2116
3569
4615
4190
6908
5142
251
4964
4626
2266
6309
4122
2066
3814
1529
376
4679
1308
46
5341
4380
4153
3361
5476
2056
1061
1096
327
687
5120
3584
6886
333
4627
951
6060
789
688
2366
415
128
2000
2198
5554
1042
583
2860
1920
4174
6253
6287
1023
3185
6003
4693
2319
3196
272
6269
5958
1147
2304
5040
4793
1850
4912
193
2944
6447
4384
4899
1407
3675
4613
4386
5005
2171
5850
2113
2347
3755
426
1971
6826
1569
6085
5533
465
5455
4853
1112
306
5114
6739
6932
696
2144
6227
1048
568
6790
425
2327
5200
3055
1982
1892
3248
2153
1003
2446
6620
218
3705
102
1051
4504
1410
4205
4759
5749
3895
5059
1377
2425
6591
1178
6136
3570
5609
4945
70
3246
4671
5444
6079
3713
2391
337
3991
4914
1158
4989
103
5207
5243
1109
3060
2009
4846
3649
4772
3723
5347
1898
3069
2948
1527
1364
5164
3556
1462
3287
1567
6875
5222
6888
4536
2420
1827
1604
686
4776
6200
2420
3345
2999
4399
291
2546
5922
317
3053
997
6036
149
5658
3052
4791
791
4168
4721
1842
2597
1903
3767
6360
1594
981
3678
4988
1631
2746
5857
4992
5699
4550
1438
6653
3335
3190
5777
5693
1755
4317
4693
3996
1912
4095
1880
5661
2363
1393
3538
1705
2819
2380
114
2074
3727
2385
6573
2053
4855
2118
828
3614
3005
5230
3464
1118
1159
6583
5213
5639
3629
1101
5416
856
6705
4044
6375
4707
6088
6194
4707
3172
4579
4891
5228
5093
5298
1774
4410
4028
6566
6981
2899
2422
4097
5690
6045
772
5213
3300
4810
5236
4965
2185
5091
4507
2452
3557
467
4749
6760
2225
2017
4983
6843
6495
873
1452
3694
5266
3056
4420
2977
5570
1273
5899
4427
181
505
2445
179
4121
5580
2975
4785
2413
4633
3065
1364
72
137
4991
2073
3649
4287
2895
596
5989
3981
357
5463
2167
2027
1193
3404
2874
2860
2970
3712
5002
5023
4812
1886
4025
4654
2493
1972
3469
6599
1574
1470
3302
3173
4533
5870
982
5842
503
3869
6881
4443
6570
481
1347
1448
3624
4106
4993
2638
5559
6410
839
3635
4622
4801
3001
3790
626
5722
5125
88
1303
5990
4525
6371
4306
1907
971
6333
6395
1280
1558
2257
2408
1608
5001
6826
3548
4312
6850
717
3134
975
3231
4810
3302
3049
5436
5838
5554
3503
6210
81
6679
6047
3177
5911
515
924
4526
1869
2951
3322
4288
2601
6026
3696
148
5638
6273
6066
5489
5619
3019
3857
3598
999
984
1994
5775
604
4521
1280
5566
4325
5650
5526
5541
1228
3740
4925
6586
6380
3824
6190
5060
1104
3846
3733
4642
2447
6771
3667
5371
2541
3337
6806
3400
6159
728
3063
6109
4314
234
3263
6678
5600
3036
2079
1870
2488
3009
419
5379
2297
1529
3626
4606
4803
3918
1820
6030
5594
4719
5176
5548
2431
4429
3865
6257
2557
347
6013
3571
4477
3658
6042
1470
3647
4418
1757
1480
885
1125
5864
509
2805
494
895
913
2228
1655
1800
2044
5641
5504
565
599
5517
4731
5662
4444
365
3131
1079
2292
2057
1077
5644
2051
1709
5143
2669
3517
6681
1966
4674
1372
6718
6443
3972
1865
5896
1981
5965
3944
4707
2746
1285
1096
1403
2406
1162
3759
1244
295
6755
4421
1034
5439
4217
2055
5390
3096
5443
6228
3710
734
3940
3220
5336
3421
4427
539
979
1140
711
5837
4065
2601
189
6716
3165
2628
6775
757
1301
4848
6083
745
876
4788
701
695
1591
4471
5010
1831
4737
1482
6898
977
5262
5207
2705
5755
2505
335
1730
2745
1402
1578
2288
3991
1295
5439
6571
1954
397
5548
5187
149
6211
6327
2301
2760
4643
6962
2015
2898
3231
885
2712
39
3700
4134
2705
5396
21
5139
2747
4159
3463
3488
851
3356
4236
4012
4433
6755
4471
6334
6601
6085
2891
3109
1227
1668
5527
6596
2541
1178
2330
6101
6219
490
4871
716
5968
3339
4917
1860
3084
2123
4470
3152
6930
192
6714
743
37
2450
1679
6074
1526
5580
5367
5706
3077
1665
1342
154
1889
3899
4183
708
4877
822
4610
2207
1002
5795
6204
86
3483
1033
3578
3940
945
4102
2467
4611
931
1836
978
4029
3273
6094
6517
5969
1365
4529
4861
5367
3599
6296
2882
4143
5628
6479
3977
1315
2914
857
4181
3948
1099
437
3800
4538
1091
4483
2908
790
6095
4549
1387
281
6548
2248
6903
2368
865
5538
4927
455
1523
4917
6
3921
307
2273
5993
1786
1541
1160
6285
2452
4400
5315
6275
6669
637
4147
2002
6882
5550
6129
6295
6765
1924
4950
3066
1297
5453
3310
3992
2150
6216
6375
4289
6888
2782
6257
3550
4106
2823
5213
5281
520
5246
4119
1888
6802
2930
5120
1359
2100
4426
2692
5145
5954
1293
787
6435
137
2347
5483
3853
241
4307
2706
4310
4126
1425
5353
4746
1350
3843
1972
2691
2517
569
957
5162
875
2112
3857
2560
5496
6513
3035
1109
3398
2714
300
4612
580
5456
1156
3817
531
5127
825
2128
4376
1473
3094
6644
2138
190
5896
760
1486
6422
5338
1685
247
1184
3320
3689
6889
5614
4752
1792
4268
5792
5164
3994
293
2225
2572
3073
6040
1209
6297
1596
2114
312
2468
3789
2059
5500
1493
4468
6753
1496
368
5350
6359
6441
1369
3390
500
141
680
3325
5040
1442
6368
3409
6914
4993
3817
5840
4084
2805
5013
4255
3360
1956
1168
4571
4892
968
5752
3611
2704
3954
2276
6992
5336
6837
2841
1194
5981
5114
55
2201
958
3301
1187
2733
669
4339
2502
74
2652
3679
962
1907
3925
960
4060
49
4233
343
6005
4105
6472
2626
5498
496
4543
3889
3572
1019
4096
5098
4698
3327
6923
3765
5210
233
2387
5942
2414
2900
1899
6346
4611
429
4390
3247
949
3036
342
1181
1679
5481
3261
2211
919
2833
4879
1352
949
2228
745
3487
5211
2283
4106
3262
864
1243
839
6691
6511
5241
941
1866
2845
1665
2687
3904
5264
2583
96
5989
6242
4721
4218
6666
1141
2679
4821
775
1576
6920
1859
5551
6560
3154
4048
5027
938
4390
3247
5695
3164
1350
1823
565
1163
4443
5244
1868
4679
1015
4866
3988
1867
5684
4845
2137
2505
1911
6420
354
2114
3437
4067
3597
251
1096
3479
6297
3195
6733
5101
3543
2161
2662
724
6709
6562
1143
2497
2248
6728
4199
1560
1942
158
1709
3704
1614
488
1380
2344
788
4879
5437
1989
3357
2418
2943
3277
4003
2856
4054
1222
1077
3610
4309
6808
2119
1902
2273
1369
1425
4285
5827
5535
5774
3374
1281
3968
1164
4844
6923
6301
6498
1506
5141
2413
4259
279
1205
2142
294
2301
3227
3542
5159
131
3312
5735
3326
4546
3244
4137
2530
3692
6288
3554
553
3240
3397
1672
3550
2194
831
191
6784
1600
1441
1174
1043
6320
6334
2756
6854
5805
1569
5344
640
1824
5370
5686
6775
1842
1678
2653
479
567
2841
6141
2147
2839
5219
2398
1499
4239
6780
123
4570
2572
2341
5142
3026
5143
3437
6677
2694
2036
6268
6138
84
5413
2744
48
1518
4171
4385
1433
212
1036
1331
2628
359
4392
5216
6308
148
469
463
748
5219
875
2565
5551
1114
2930
1326
4292
2747
6879
6024
3614
6352
166
5621
6745
2950
6425
6179
6344
5245
2758
2609
3076
1738
4230
936
4967
2750
6922
507
2335
527
240
4917
6278
3361
4204
6950
621
6337
946
185
5945
5814
4639
6741
1158
44
1983
1694
3384
1022
1128
2551
5408
4159
1134
6487
627
742
4664
381
5639
3420
2272
5089
6686
4266
1512
1160
6485
635
3840
147
942
1956
5308
3285
2866
3268
6137
239
6531
4692
4472
5562
420
1084
1091
2024
6828
6334
621
176
6271
5540
5791
2812
1949
1433
4236
865
807
1222
3757
2730
3075
2788
3209
2536
6985
705
6588
1586
157
329
1753
3245
5485
2530
3250
4169
2413
4908
5188
4800
574
307
1951
5404
4533
459
475
1811
5287
5350
4359
1281
3234
6652
3522
811
3679
5216
572
5251
6700
6419
391
6861
6350
3248
4055
2965
4027
4035
3352
2682
6869
3983
2527
707
4091
578
5729
3221
4970
1239
5863
2814
4120
2943
6275
641
4025
4685
116
3030
4994
4949
1837
5021
3875
1080
165
5767
1026
1359
6623
4530
226
5025
961
5671
531
4308
585
1585
6714
2260
6363
1699
2265
170
3176
1038
2882
475
6633
4655
5284
6171
1849
5266
456
6231
3320
4253
350
6533
1220
6970
1472
1520
3473
138
2360
1971
793
667
2973
5097
2823
5566
6489
6879
1861
3127
2230
807
6230
6594
4022
5050
6094
2190
5498
1785
2525
6905
4570
6047
354
936
6492
1894
2220
3809
6271
5389
4988
2783
823
427
3590
345
531
1324
6143
1520
6513
2453
6064
2858
2452
2244
6880
6568
4220
2769
3640
6368
12
6139
3735
464
6776
4168
518
4176
1013
453
454
6058
1890
2534
4837
57
5116
4587
1912
2043
5040
1704
4762
6885
338
1727
1331
6129
4162
6123
4940
6406
4230
6292
622
2717
4834
922
5290
4923
1891
2399
4891
4536
6300
5262
2920
4730
2656
2266
1581
6102
6798
845
2185
957
1827
2934
5683
5879
2265
2509
5621
2079
972
6742
627
3819
517
5551
1581
4190
4936
1784
5975
3155
4400
1366
4722
1424
923
3092
5643
2277
6328
2655
6257
2832
996
2845
5268
5366
3164
481
793
991
2796
2949
1730
5871
2486
5116
4586
2877
1207
1986
2758
3234
267
5387
4103
4503
4768
5517
1764
4779
5600
2884
1189
6944
345
3952
4490
4593
1951
5044
5241
6826
2864
829
5911
4292
1128
4845
5397
4291
2707
6643
676
4510
6344
4273
2500
715
5349
1354
1709
6628
5364
6878
4721
4594
5565
5675
6617
1948
2446
1569
3155
5940
3702
3066
3405
5702
6911
2637
3916
3542
2633
1734
3581
4941
2691
819
2812
1816
1324
5797
1331
1445
4439
4833
2754
5658
4262
4866
4269
3548
2398
6853
6267
2313
5128
5961
1354
962
1007
745
1696
5921
1149
3007
6493
6283
944
5678
3556
297
4634
1732
3736
4905
2534
6778
5347
5908
6646
3618
1130
6060
378
3892
5780
2964
6906
2933
1593
4324
5829
228
1928
5143
6738
3466
1080
4546
4011
5070
6600
3716
3714
6714
346
2925
4012
1357
170
2764
1130
2878
6708
5704
5366
921
2651
6899
1410
3098
3726
2518
2004
2699
4918
1173
917
3027
6450
249
5593
6654
3403
123
3234
2771
3011
1284
5125
6886
2144
6990
5950
3369
2151
6269
2382
1049
1836
6936
106
500
5397
2127
2152
4490
1062
6088
6043
111
4264
2049
4437
3979
770
396
1972
4587
6025
5202
3197
2136
3771
3117
1629
1785
1336
5247
6695
3448
129
5480
1823
415
6843
3712
5157
6053
5861
5154
4478
880
4916
608
5252
6976
1064
2017
2573
5078
4487
6708
4977
1224
3479
6647
2236
4114
4489
3208
3892
2730
609
6288
2205
663
6586
3111
4888
4895
6526
2432
6450
828
4803
5650
3336
2570
3217
55
6737
312
3672
2973
4348
3873
295
3382
2367
3406
4143
3783
4065
2290
4382
1058
4928
2753
3879
6319
1060
341
1526
5886
6917
3118
3137
5946
2591
1205
4555
3410
283
2694
4354
1833
2338
2952
6776
304
1626
5515
6790
4517
4563
5780
5292
4675
4291
159
414
5885
5901
5474
1481
5832
1817
3402
5955
1396
3061
1189
127
2326
4248
6547
4472
1701
5007
4921
4029
5871
1889
1491
3179
6160
2909
606
160
2031
5515
5903
5003
5716
368
6963
3994
2433
6099
3452
3971
29
1036
6973
6147
2103
1781
795
405
2365
632
1791
3347
1344
3359
1380
296
4123
587
2786
3102
441
6580
316
1010
6817
992
6420
5133
1943
6263
2433
3278
6504
2218
6882
523
5609
5787
2154
3655
6644
4248
3872
3397
3872
2354
5785
5586
2899
3642
12
3681
647
1306
4938
1512
15
41
1120
2439
1637
4544
5819
1
3537
2026
4775
3083
2583
2385
4124
5657
3358
1659
5669
6912
1961
932
238
390
5475
140
3553
4069
5108
6977
3773
3263
1154
423
2189
6396
2142
2156
4960
974
4477
913
4529
4605
6319
4082
3621
4175
2079
1102
6709
1991
1831
3313
471
3726
2240
6159
1757
1167
123
4612
6562
580
3223
2031
84
4079
5815
3221
5691
6739
39
6881
5140
2248
5555
1073
6986
5069
4732
2724
4674
3847
264
679
6417
2712
4701
5575
6516
3267
5714
1784
4820
3788
1409
3940
6332
3156
5805
712
536
2722
2308
6600
4828
5422
4809
6387
2574
6934
4569
1369
1465
5923
4751
1216
5590
4150
2638
5486
5105
6068
2267
5617
4430
5577
741
994
3775
1769
3922
4841
2075
2217
1247
2241
1004
5419
5083
5956
500
4640
5809
5361
6933
5640
4368
5793
6852
4406
1256
6634
2153
3607
1187
6147
5878
2641
3950
3062
1073
167
4443
5395
5320
5602
1068
5745
1704
1380
5086
6311
2658
2398
5952
5929
659
4034
3838
4470
1718
3082
5990
4502
280
535
6126
6457
2567
3046
4808
5155
264
4829
3420
2827
2188
4363
6760
6107
2238
3821
350
5378
1659
5068
4994
2348
6631
556
5671
1323
4288
3648
6909
4175
3513
2185
1105
4529
373
6406
2560
2925
4614
732
1217
4693
5569
5406
231
1555
3184
97
1151
5071
1052
2534
6076
3078
6020
6418
6485
307
3966
2627
5360
3063
1377
5408
6677
4269
2509
3083
1770
3488
656
2003
4318
789
4037
3121
4907
2101
4963
2428
5573
163
519
608
1034
140
6175
1266
4413
716
6261
6606
4267
6500
6404
6369
6529
4737
1041
3139
1856
4809
5289
4124
599
5047
315
5031
6195
6166
4218
6971
4244
6489
4058
358
6031
6313
4100
5813
1396
24
4727
4127
5675
2498
4781
6463
760
963
5247
3904
2696
4467
4582
6571
6167
1014
5919
5947
3904
4337
2898
3466
5288
5831
3728
2964
1687
2577
2278
393
1788
459
3530
17
6939
2667
1849
3967
2062
3821
562
1872
670
6690
2291
5501
6596
4800
382
5315
3024
4498
1375
5676
6765
3727
2085
1407
5399
5136
5634
4298
5682
6131
5201
4791
576
6365
603
3685
2886
5284
4902
4693
4181
1067
4907
6725
4328
1710
3474
1810
5926
853
2740
5830
4086
4726
3189
6569
2746
3331
652
3675
4018
226
3424
6855
1885
1291
696
28
5446
1324
5455
6141
4993
6113
5003
40
3057
4895
777
1612
2503
263
1902
5851
345
3512
3884
4935
2204
6725
6815
1449
5871
5662
4963
228
5695
1018
3276
6280
5296
2761
785
5643
5375
336
6286
6618
1033
6030
6653
157
3742
6659
2505
5704
2432
3761
5118
3293
5130
4138
1616
3567
3591
6800
1558
2442
5697
2620
6251
1294
2386
5007
593
4963
2186
5748
4954
5086
1365
710
2700
3097
5696
349
5592
416
5128
4636
2536
6735
2751
6502
4530
1274
181
5143
5022
5949
3623
535
4816
130
3702
5345
4602
3680
3126
2874
457
1800
2881
2188
2065
1443
3312
4994
6616
3272
4869
4606
885
4018
1192
6774
5619
581
3868
3806
6005
1233
2125
6222
4168
1831
3441
3516
6455
2832
5040
3501
1919
805
3809
1924
6648
3513
6178
1709
5613
6739
1483
6011
3920
1808
96
389
5221
6893
2994
1488
6561
1730
6609
1462
5886
5329
1703
6132
1334
2630
971
1281
3618
5801
6081
962
6358
4222
5187
5194
5482
398
662
1375
6183
1406
1932
3760
1964
5181
1545
3586
3429
2156
3948
938
5743
3894
316
2100
2874
3230
6220
2890
3403
6167
861
1177
1597
14
4478
3454
3196
5125
4402
4749
2638
6945
1951
4849
6533
1834
958
4384
1413
6939
5220
6270
1887
3055
1820
530
5920
524
4558
6461
4193
4092
3120
574
1979
5845
5640
4483
703
4218
2179
1987
759
2355
4477
5622
3564
184
3973
6629
2837
1523
3260
3686
1393
4786
1467
4640
4170
4092
6150
5333
2214
1715
6720
3117
5691
319
1372
3679
5350
3916
37
4691
4135
2578
2443
4906
4005
4410
5994
4063
6090
16
1049
1271
1250
5691
3380
4451
4366
6474
2167
191
4095
2137
4423
1778
6553
5489
4646
5254
3470
2589
5763
210
4755
6184
5772
6906
5491
5180
5857
568
6542
894
5814
6188
3470
4205
1733
6887
2662
3546
2925
1701
824
1665
1067
5825
3489
2493
2203
6738
1426
3993
331
4547
1862
3891
84
777
6299
5019
2214
221
2967
2033
3904
2497
2353
5165
1024
655
3896
2920
3549
4653
252
1592
1606
5565
4759
5512
6726
4201
5767
1262
1831
1668
1500
6725
2880
667
6200
59
3453
666
6328
221
1841
4411
5510
3679
6307
729
5687
1152
6674
4426
3416
1377
4429
3091
1888
6926
60
1422
4249
4757
2917
4071
625
6548
5764
5356
5656
6055
3754
146
5253
5350
2744
4196
3577
4957
3120
1119
839
3270
1624
481
1751
6065
957
3367
6830
3419
4808
5910
6668
1508
6975
705
6201
6930
5258
3417
1556
4660
1624
107
3698
313
4271
2706
2632
2270
5948
5550
1525
1462
4404
181
3070
1107
168
373
4543
4531
4214
5227
6155
3911
6682
3262
1217
3221
3481
4677
4955
1493
1221
2335
5643
6944
6290
5129
757
500
5387
1609
1355
2324
1202
3762
2193
252
2107
2296
1902
4099
4243
923
1227
6361
938
3457
739
5728
5826
5388
2935
1823
2035
2250
4813
432
1669
6083
3852
5955
5777
2966
6351
5140
1133
6860
1340
4656
2553
4486
6207
2253
4474
1009
3759
5807
5251
119
4189
4142
3275
6570
1693
3453
4296
3978
3355
6590
5541
3702
3763
1064
1842
2711
1148
4498
3849
3663
3362
818
5504
873
5446
1846
6200
5154
1957
3820
433
3300
6242
621
5064
5596
4480
2756
270
2802
912
3124
5638
2869
6420
151
1906
65
6990
5051
4498
2144
5551
5758
5339
1437
2440
2843
