336
339
9
168
146
184
78
13
245
296
314
40
294
157
218
122
88
17
210
66
160
230
266
31
236
207
338
23
384
170
67
208
319
113
372
171
227
262
69
288
42
60
268
356
45
132
74
184
61
213
8
332
60
181
371
384
166
244
82
74
346
344
144
227
377
386
202
12
377
63
150
47
134
299
14
208
38
144
392
50
295
269
115
262
120
354
48
382
145
119
74
191
127
235
308
69
112
330
366
272
135
72
131
60
61
363
194
335
372
133
327
188
105
238
102
356
118
272
35
124
97
364
224
185
164
138
148
72
361
13
213
26
386
373
242
221
163
398
319
246
157
342
125
361
39
268
197
315
330
100
209
79
138
311
72
317
397
23
36
145
137
303
18
351
382
57
149
36
140
58
247
55
50
168
365
223
229
283
149
222
330
369
303
123
384
12
341
109
141
230
120
35
291
229
233
289
158
265
17
197
125
193
46
88
362
206
378
80
8
64
137
49
24
172
367
388
376
271
395
96
232
108
68
4
139
33
351
342
279
200
346
246
136
281
216
268
263
173
266
177
322
381
342
121
153
153
118
349
52
100
143
231
68
140
108
6
277
216
231
2
76
203
372
201
115
213
362
152
382
168
223
229
73
103
239
185
240
75
184
107
362
271
196
327
3
171
164
254
149
31
38
55
322
117
115
131
33
72
24
238
258
340
270
226
304
147
312
373
386
246
121
114
365
309
239
357
362
365
320
352
47
264
223
59
189
219
27
56
182
184
308
212
104
68
107
202
139
387
6
354
306
95
332
134
273
264
291
196
188
261
163
368
328
280
102
161
145
16
191
332
182
88
21
334
20
189
138
306
158
236
124
66
230
122
327
123
91
333
292
153
174
24
83
353
306
196
96
286
241
137
325
2
85
348
76
142
74
338
47
302
