4594
1441
1642
3451
3443
5255
2947
1555
253
4022
4272
1627
5392
5140
2148
3973
814
4570
99
842
1254
824
26
4472
2401
5609
4809
1674
5045
2830
5953
3186
503
713
4551
4533
5853
120
4840
2739
2834
4332
872
5521
850
5350
2307
3189
2213
125
4180
3022
569
5182
4227
4573
2887
64
5033
3139
5768
3586
2960
2697
1489
4564
2150
5030
5929
3343
3664
3457
2587
5986
346
5299
246
1562
2700
711
1602
2188
3737
1297
1870
2514
929
3577
4101
4817
5670
3683
1374
115
1644
3660
4546
693
1546
354
2729
5471
3277
1728
1693
1307
3531
21
4208
1876
180
4496
1482
4700
4389
10
2650
2234
5207
4432
3165
1375
4068
5388
4253
1395
3721
1055
641
3393
2327
3789
5730
5340
5684
3764
2269
2076
5263
2282
5572
648
3216
2819
3008
2689
4285
4924
4113
2521
89
3511
4085
5055
1782
915
5207
888
1900
1095
303
1548
2770
2139
5608
3562
5433
1698
1822
4824
89
1448
3622
3819
82
517
2472
3343
3380
715
3495
5555
2426
5041
1233
1349
5265
5436
5553
2902
2967
5527
3154
889
239
5375
1214
5485
289
4126
2565
5444
1981
1330
3273
2527
2656
2744
4150
841
1711
2410
5615
5613
2880
3043
2179
3684
2873
3579
719
1567
1280
1060
5773
1853
4305
4111
2794
3817
1054
4235
2997
84
2688
1915
5714
4266
5052
3235
639
3348
1281
5231
5806
5609
446
4688
4657
2625
257
4980
5156
136
2713
3504
4308
4636
5229
2365
3502
4963
5429
2157
514
4283
4086
136
3045
4543
4108
4423
4502
2227
1183
1324
184
4749
5688
4572
1214
1872
3485
1435
2278
3366
424
5746
5436
3145
2454
4383
3407
4318
1019
2665
1344
5470
4706
5277
3558
4786
706
1834
1871
3307
5165
5367
129
3324
1218
5356
1535
4292
5490
4067
5943
4684
5663
1244
3832
1561
2944
5111
2848
2446
1202
4626
2339
2513
2025
4239
4537
3592
4004
4576
3598
5664
5118
5538
5981
2266
5344
3075
5862
2514
4947
802
3212
5742
404
2434
3276
4975
1169
4602
5223
4807
5680
1452
912
1223
4334
2144
5233
5267
4500
1388
8
1509
2438
642
479
1851
4390
5414
4201
1790
5189
3386
5112
5696
5369
4776
2508
161
4106
1020
2534
5901
5527
5068
122
2325
502
1172
4419
2425
2248
1618
3312
3359
4250
4619
3420
3267
2648
1592
1452
476
2140
5185
2673
982
2820
2516
4605
5360
5794
5457
370
3540
5405
2869
4854
3967
3188
721
1411
1277
5315
1639
4219
4786
1374
2721
2760
4055
3466
3325
3729
2783
1339
3113
5209
1412
2616
215
274
5747
5115
3933
4831
4961
4148
3500
1495
3400
5837
378
5668
5811
88
2894
3499
5506
3749
728
583
2393
688
1050
5918
5387
4935
2695
2581
1711
456
3655
2207
2364
313
3684
4048
935
4514
2212
2113
853
772
3763
3980
4079
5133
1628
806
3218
435
1827
1868
4095
750
1811
2166
2534
5523
4671
5113
2889
2810
5079
1113
1088
2753
2633
955
905
2137
1857
5432
2922
3534
2943
5757
3717
5477
3764
4447
3558
350
3480
4477
1740
776
1818
1502
2066
2195
1557
5017
4600
4369
2876
1747
371
5158
1858
4642
829
5759
5352
1840
5562
3503
772
3564
3577
1859
2650
3707
4916
759
650
2876
1332
2626
3973
1096
1715
5085
221
5944
3215
2897
1129
3921
888
5101
2641
5210
2503
1367
5180
1422
1322
522
36
1517
2592
1117
5955
5533
654
5461
3372
4733
635
1296
1464
2410
3134
5282
411
2635
1458
2958
5490
1031
4788
3098
3116
4967
2313
5844
4018
1557
3918
2051
532
1619
4045
470
4242
3065
4904
2473
339
3718
5494
2919
2102
5815
4903
2089
3891
2934
3654
5163
4220
1930
1898
528
3493
4172
1464
4892
5933
842
1769
1487
712
804
2724
2946
3179
67
5768
3066
2468
4697
4903
5465
1075
1860
2562
2339
4232
5533
3469
878
3770
2893
255
1459
4177
4318
105
562
930
3039
176
3842
5141
2722
649
2357
4483
720
1024
4649
3185
5500
2052
3403
2212
1716
450
5063
2272
1747
333
5738
2609
1284
871
5128
1877
2657
575
5546
2308
4538
3383
3999
2284
3186
752
5763
4958
1314
3956
2301
351
3185
2352
2706
4252
2155
5868
919
1165
2541
2697
4755
4052
2387
3062
5843
2947
377
1966
247
3255
5358
2705
5626
356
1655
2301
3600
398
4496
5689
1096
5842
1708
5919
4752
5263
4877
2916
375
1349
5231
5269
813
2984
5807
255
135
2976
1674
4506
2847
368
5088
2659
5369
5248
5783
389
3424
4410
459
4339
1886
5582
3507
2917
938
3490
2495
1133
5740
2618
1325
1797
4044
5583
3387
4582
633
1599
3895
4551
5797
4514
2243
4448
749
1460
1652
4122
2135
5379
3161
1270
4836
71
4936
1942
53
5400
4036
4172
4505
5057
5563
1821
1428
4592
3996
1617
3884
4726
2918
1882
3421
4993
1851
3454
2188
1475
1075
5570
2761
2959
1613
4165
1229
4176
1056
2679
19
5110
1344
676
1843
2622
4332
2513
1385
1340
1012
5874
3013
3768
3720
3941
3835
2914
5644
5487
5546
2131
4824
1648
5018
3170
4651
5317
670
4255
2383
4779
2634
4879
4999
1195
654
2389
1526
3654
1055
3098
553
3758
3751
4744
5956
2862
1731
5624
3051
5879
4075
2022
2678
648
894
894
1144
970
331
2646
3449
4773
1260
3464
5950
5890
3469
5050
3530
2399
5995
811
4399
3288
3767
4396
4957
2728
4665
1784
571
3563
2545
1426
4819
175
1193
410
4502
2823
1943
2907
401
5915
5871
132
1736
992
5668
833
1775
2959
3967
1941
728
3013
2536
2758
5142
3031
5377
901
64
4815
4083
5737
5569
1959
3567
4951
5564
4113
3655
544
284
2640
5749
2871
298
1095
2441
1149
3832
2188
1024
1339
5546
3833
4527
155
868
2367
207
1620
4126
1639
931
1184
1429
5846
1045
5851
5195
5979
814
1306
1006
3017
2372
3926
3670
3740
4349
5892
5592
4890
5346
1554
1800
4951
1039
5952
5323
5268
2247
472
4618
2982
2869
5003
5682
3599
5453
5642
5737
523
4320
2974
2523
56
3230
2580
3506
3602
4518
3288
4948
4107
5593
4381
5078
4964
3229
2071
4511
3035
2478
3509
3927
2481
3566
4590
126
4469
4044
2615
3465
2498
2259
2942
1767
1123
4313
5494
593
4719
3848
2111
2784
660
5370
2065
4409
5444
1213
1925
579
4294
5398
2160
4201
3979
2577
1469
3723
4111
903
4774
5535
647
5096
1071
3957
557
4120
4063
5144
3044
2310
3259
2048
4250
327
2913
2100
5882
4002
4814
2460
3211
2052
4892
3909
3337
2339
3884
734
78
16
284
2416
5308
4166
3268
1434
521
3151
1331
1433
1624
981
4417
151
2160
3253
2577
3163
1131
4448
1974
3166
5181
2028
1006
1198
5775
4344
3854
4827
791
5372
3548
2222
4374
1710
2339
5226
3645
1041
743
858
3149
4040
1957
2730
5530
5097
5622
2834
3035
1740
5504
5325
64
4962
3513
4568
5520
67
5561
5254
623
5072
4154
415
5288
1159
2623
4953
3421
2484
1390
5343
4792
2916
1563
3565
2524
5509
3347
3086
1725
74
5058
2317
665
2075
5441
3767
977
4840
79
306
4904
2110
4843
3639
5863
4723
3196
3354
747
1723
285
5866
60
2044
1751
3860
2826
143
1549
66
2998
3821
2126
945
4394
4745
763
2352
86
4605
614
5300
2360
940
2226
2680
4199
870
157
4914
941
186
5703
5345
222
1717
2701
2259
4921
409
647
5458
58
5114
5962
62
1481
2529
970
2342
499
1011
5376
1728
4754
3644
4308
2408
236
5013
3239
3941
5829
4821
384
1815
5586
1363
1393
3421
2459
4345
5637
3843
4396
2852
504
4376
1657
1512
3699
3965
2651
1872
146
1402
4314
2132
3092
3643
3593
3587
2335
855
5721
4144
509
193
1275
5097
55
135
1302
3825
60
5736
4689
2848
4253
563
2557
4448
1817
906
2946
5144
5296
5189
4725
54
3063
5299
1987
1477
1271
284
5644
5470
5233
1281
5582
5707
562
117
461
759
5903
3093
364
4209
894
5970
3083
1711
4912
3344
3598
254
5790
3319
245
744
863
5062
5805
5999
2932
2071
1330
2917
4945
4893
2335
4078
856
235
308
3165
4819
3918
947
1804
1693
3754
1175
743
2429
2851
465
375
4352
1570
2288
1580
3907
5847
2444
932
2682
1629
5712
2344
1840
3273
3489
3526
5195
4700
2927
4473
4219
3208
1592
20
191
2479
3715
3486
2019
375
1663
2038
3498
2218
4585
3800
3364
3866
5156
776
3005
146
5752
4955
2050
2039
5625
5686
2896
4109
899
1630
331
886
1711
5198
1832
5445
4629
5718
3895
5377
2654
4992
4848
981
1460
4719
905
4356
8
96
5409
826
496
4787
5612
2845
1131
3554
3260
210
4466
4559
4952
5132
2957
413
235
368
511
2261
3820
2756
3376
5993
1190
5061
2581
2932
4995
5496
5357
2032
5530
2296
2266
2370
2929
862
2586
1136
4401
3519
2786
786
2693
4703
5110
1638
1950
4547
215
1389
3383
5636
585
2708
1695
1200
1632
765
5768
3642
487
3323
5387
3457
1564
1581
2262
5375
1131
2001
5908
5016
966
2458
1223
1826
750
3436
5252
3683
3504
4516
5146
3590
1759
3685
2961
1656
5705
2733
2395
3807
5945
3078
3786
1961
3465
440
2286
34
3682
2587
1640
3984
2482
1595
4577
1721
296
2852
3424
2292
5774
2493
2028
605
1492
2193
2366
3825
5909
4920
1617
2745
5512
2996
681
1316
5830
5319
4510
2813
5890
5218
483
3228
330
3865
423
4120
1129
2130
680
5898
5734
5308
5902
5661
300
4475
4907
5217
1271
130
4189
1646
808
4874
5822
2438
5605
3102
1464
4195
896
5513
3576
3600
5314
4455
2734
5764
4020
3865
3134
3641
3498
1572
5142
4346
4957
2473
4940
4058
4467
414
4836
2018
5644
4139
4523
306
1292
2994
5107
4377
1120
4469
683
3328
4015
123
3593
1008
1518
157
3735
2308
5520
5755
4088
265
3833
3068
5861
545
3773
5506
3769
3287
441
92
5013
3533
4445
981
2992
338
1253
2682
3519
5471
2243
5816
3357
4352
3067
787
5767
5376
1947
1332
1687
5357
3892
4986
4826
5978
4601
3793
656
1251
4963
4640
5856
91
1102
188
4070
5922
2644
4074
1498
1939
4532
3346
765
4729
3839
4223
66
3937
1631
5555
3367
2250
4915
4679
3039
3817
3979
2143
1214
3769
1709
2796
4352
2784
4834
5756
966
4157
5713
5996
2078
2350
53
1933
5646
1710
4061
1636
1996
1226
5680
4732
5597
4116
90
2806
4744
4033
4024
2864
5894
3534
4460
3092
1257
288
1133
1847
4582
3512
223
1650
608
2740
5274
4685
5570
4531
4889
2471
841
4577
4434
178
5564
5376
301
4060
3305
5288
5282
5624
253
213
2164
3387
591
5934
5316
1666
4361
4150
2995
5952
3700
1595
5399
5062
3104
3276
2185
891
4253
2248
5801
5867
5784
4497
79
4876
453
256
3439
4155
3302
4370
5288
1077
3653
1823
1513
1586
4404
731
1360
4779
4686
4421
5489
2220
2057
286
239
3317
3931
5812
3722
2858
5350
236
2197
4139
290
2797
1186
5453
5301
3929
1741
3399
5889
2215
1890
4057
1482
3899
2651
1063
5202
1528
5770
5395
3284
1724
4000
2136
2841
5417
4472
4243
938
3843
850
5996
5378
4629
847
5635
5535
4894
438
5189
5958
602
1426
397
1488
555
8
4727
3668
5654
872
1760
3122
2314
191
3081
1769
5770
1910
3130
1974
1436
4444
2276
3131
5354
4075
4175
2711
5318
4553
978
3543
763
2797
4352
4969
3054
2587
3375
2376
675
1358
4373
3145
3996
3393
5499
5425
1132
3867
2531
3345
2554
3188
646
5103
2721
1464
3750
626
2580
759
1602
5129
3855
1063
728
5321
2953
4663
5284
1938
5925
5424
2903
2796
1287
4554
2051
3763
3844
2872
3474
5420
3234
305
1671
2115
1518
1708
2572
3523
4157
1703
1146
161
426
2804
4776
1957
1326
5729
1370
3045
4654
4546
794
4032
1966
4925
5060
20
3043
514
2668
2573
343
4629
1146
171
3525
4442
1621
4126
3219
3515
3454
225
2816
4008
659
720
3283
3724
4068
4423
4339
3512
4610
5560
3525
4319
531
568
4800
3662
2739
1016
3005
3877
4148
3243
4457
2741
3670
536
1852
3608
1809
4158
5892
3464
5503
4206
4699
781
4823
4554
2072
1367
660
265
2481
4196
820
1715
5966
190
2028
4767
4936
5556
1897
3815
2672
964
3553
5812
156
226
2296
3580
2652
5959
158
644
5611
1880
1078
5252
2033
3314
5554
2102
4965
15
2378
89
384
3640
3659
2008
5756
1351
4444
755
2860
3288
1643
1351
4021
5692
3142
111
4730
4873
3910
550
5605
4833
5766
647
5457
1292
3105
3475
5253
1125
3337
1726
5291
5023
3108
2503
5566
2690
4769
3762
450
3142
105
1892
5149
4346
4704
5146
611
3282
3194
2407
5039
2235
3818
3320
5037
4939
2454
5509
5446
3562
982
3222
4306
4855
1756
3407
2961
1193
5757
5514
4757
147
5757
2208
1271
1122
121
131
2394
2806
5550
491
605
523
3415
4667
521
979
3715
2431
2730
3089
1061
2997
2379
3508
3173
1556
5146
5951
820
4605
5435
4881
4077
1885
2024
694
150
5037
3429
969
3702
1478
1553
516
2144
4180
2873
406
494
1798
4743
1743
5225
3326
1560
5451
3972
4027
1948
5337
1513
3249
966
3062
4395
1442
5490
1035
5498
4987
3686
4656
3461
2717
385
1771
4122
5783
4913
5993
4985
957
161
2024
3255
135
5087
1198
4110
3287
4171
4938
1153
2136
4331
1061
4700
2768
3115
1540
3082
3091
1058
1965
5521
116
3008
5492
2857
5079
2644
2641
3354
4280
5386
591
1986
5202
3345
5523
1509
2509
5259
4487
5199
3927
3789
4370
469
5966
2214
502
3338
2359
989
982
3789
4638
675
4882
3776
2250
1767
1809
1459
5116
3288
3145
1503
1428
5093
4189
1550
1584
5888
804
1863
4370
4242
818
5209
269
1688
2917
4733
2300
842
2590
4653
1935
316
890
2259
2323
46
2573
3690
5324
2510
682
977
4977
2206
5648
4878
1541
4575
2436
191
4765
3228
2023
1035
2195
5092
3525
3927
838
3199
1385
4917
1420
2657
5744
3815
165
3229
3577
1665
2717
2241
117
3645
3661
143
2336
1607
718
4619
3964
3784
2524
576
5255
1553
5187
4558
4537
3373
3849
1422
1452
1961
5528
262
1287
4336
1189
3047
4313
1934
5138
4851
5343
1318
3612
2429
1618
4911
2994
1545
1296
121
3075
5858
1525
3821
1890
1018
469
2435
1193
4732
5529
1741
4887
2765
3348
1921
4904
769
1537
2836
3263
2106
4299
4977
1250
2956
5160
3112
114
2044
5795
3380
4566
438
2197
4981
515
2685
2623
1132
2954
3085
1046
2197
2750
4396
3963
894
5120
2015
5718
5414
761
1130
2478
1953
19
4655
1144
2696
1380
5768
5882
5229
2856
4271
1019
3964
4427
5482
297
4701
3360
5796
2134
5557
2848
1270
927
796
5938
5941
4266
5258
1043
5589
2796
1899
4291
2940
1237
2882
1436
3457
169
4537
3903
4466
4075
5046
637
4677
2599
889
3486
5142
1325
4993
2514
1440
2613
5455
1458
5223
5155
3571
2674
3105
2249
3698
2981
1509
771
5705
2461
4971
3827
1499
1005
2723
457
5414
5757
1874
2527
3716
1178
1703
175
2990
1463
3548
3649
5034
1972
872
3668
5173
3257
2113
4824
5995
223
5279
3094
1779
4123
2475
4733
2232
2520
5350
1914
4706
1920
150
451
2916
2342
5515
5696
1950
5603
5648
3974
2866
3404
3149
4833
2547
4204
2602
718
1130
1155
4029
642
3907
4523
3060
843
1892
2194
5103
4513
5261
1097
1956
2471
4890
4744
5078
4404
1110
2395
4143
5465
5722
765
2842
4991
4355
2112
4654
638
3154
5239
4821
2908
4156
656
1819
1456
4738
2432
193
1282
5403
5036
5760
1937
893
2482
2875
304
4154
4995
3150
414
4183
2749
4515
5744
2696
72
979
1117
4567
4461
425
999
1716
5166
1762
4897
3302
5606
3345
865
2144
1118
4399
2899
1999
2841
5343
5431
4191
3005
1968
744
1836
3151
2955
4346
1782
297
3020
671
3822
3530
5934
1334
94
2618
4543
1489
2629
1112
5795
1154
1392
3843
4036
3425
2724
4529
2406
1852
5207
1791
4969
4028
5998
2838
56
4816
177
3974
1630
5560
5675
2258
1032
527
2046
55
4965
2358
5027
5178
3691
5993
5103
5166
19
5329
4385
2062
2052
2005
4999
2973
781
941
3025
3383
5484
5493
3037
5492
156
1339
3009
281
3979
4677
5608
5082
4297
5650
5651
4304
252
395
5937
5411
2289
5989
2025
228
829
1414
5396
5722
945
1409
3144
2887
4732
1680
2750
4837
5738
125
5621
5619
2186
1869
4560
2934
4078
3401
5434
1566
1867
1642
2986
5270
2496
2817
5329
5655
196
1873
3376
778
216
3002
2119
2280
3771
5298
856
2016
1596
5649
4954
5571
4634
5193
4474
2256
376
5936
1307
5031
3004
92
5230
1436
1270
650
1229
2331
3278
75
305
2898
2694
268
3603
767
3327
3408
1551
4694
2839
2860
613
3215
3823
4143
4361
1147
891
4571
3307
3617
1763
3380
305
5081
839
3540
3072
227
3119
4697
2649
4037
3839
1964
2799
1744
1402
4335
3063
5870
3246
1538
2713
362
4845
4545
5907
4635
5804
542
3197
2238
372
3510
999
1152
5205
1715
4782
821
2506
1630
221
4487
5480
1326
3632
447
4481
5698
1188
4057
2053
5286
2827
583
1064
5093
2780
181
5822
4364
1750
2756
5954
4647
4116
2869
870
4346
1116
67
597
2030
498
1805
1892
134
2522
783
279
2060
4827
5501
65
301
1598
2460
675
2766
3510
5772
3621
5066
4841
2917
722
1305
956
1852
3325
1838
78
3923
1938
4989
5163
3707
4520
3815
3904
4006
5170
3075
2974
3261
580
1867
711
4075
931
3680
3766
3716
245
2667
1243
5334
1736
2434
3220
3930
1871
2163
2615
4375
2518
655
1083
500
5286
1158
4471
1159
2916
3355
882
5374
4020
3459
4586
3033
4428
5296
4176
1362
2435
2420
3136
5627
5368
949
2286
4691
3374
4124
236
2260
1045
3401
456
4556
4324
1190
2450
549
2210
2374
1323
1075
1701
5098
553
5594
4225
2048
2616
3290
914
2409
5835
136
1237
805
751
1658
2240
3374
256
4702
306
1197
788
2023
3461
2076
4902
2870
1040
2217
4910
2561
2489
3604
1339
3810
3624
1878
4866
3487
3126
5038
4944
2801
2484
825
3803
1971
2024
3836
855
1929
5523
689
4293
2986
3070
3052
2870
44
4210
1001
3165
1163
2150
1396
3202
4837
4067
3349
4786
5813
3412
5990
2964
3610
1865
2162
4151
4227
315
5755
823
3065
3610
1176
526
2457
5265
282
5975
444
2763
5081
1229
1541
2143
495
738
4951
3351
609
2637
5168
2335
4598
4138
5030
1016
421
4085
525
5500
5503
3569
2242
1900
4646
2787
5222
4229
2793
4972
4058
1249
941
3331
4164
3241
3417
3104
3740
2184
830
3493
821
5451
3697
5832
2843
3301
2823
1099
2437
5855
3084
2908
855
3660
5199
3655
1064
1579
1277
2218
4730
1958
1625
1057
5803
4823
1733
1728
3239
2713
1008
2287
440
988
3004
367
2955
771
4602
395
1424
5816
917
3322
4270
3184
1095
3696
1344
56
748
3636
4832
2062
4849
5213
4095
4061
5064
2261
654
1632
5132
5759
5820
4503
3499
3397
1324
4823
3876
1194
1873
4684
78
2239
4425
1674
2787
3057
5156
17
3576
5183
5120
4543
2730
729
5987
3247
3030
1316
2371
5951
356
2570
3429
559
5697
5918
2672
3205
5032
3933
5533
2638
3005
448
5358
4591
1814
2014
3192
5993
3446
3982
2078
2139
582
5851
2843
1474
4690
2384
1212
1723
4958
1730
1943
2568
4803
2221
3740
2721
234
5366
3975
354
948
624
4287
4499
3092
4283
2222
1493
5225
2198
4573
855
4059
5669
5548
472
705
2302
4267
823
1533
1901
2599
823
3045
2551
4740
4638
863
5051
804
1933
8
5780
3601
777
5713
3164
4013
4440
1750
5227
3283
3783
5116
4061
393
440
1575
2081
677
5401
4789
3245
4537
4335
4426
991
508
146
2953
1839
2727
3313
1564
5104
1352
4487
1249
1157
1670
3685
1585
2032
3554
1647
4077
2197
2727
2611
1431
3806
3294
4499
474
4856
3312
1940
887
5002
232
1215
5038
4213
2244
3061
2229
4199
3480
687
344
410
4895
1923
1693
5801
4688
2386
1250
2291
4201
3951
5894
5432
1690
3050
4785
2736
5344
2010
3712
2539
2156
5050
5521
659
5792
5338
4311
1421
69
3910
570
2991
76
371
4383
1579
5583
4278
976
378
499
3871
5959
1060
349
1522
892
4059
590
1686
1048
4583
748
1350
5158
2092
4094
2902
277
1912
2867
2255
4444
4584
352
2347
3867
794
3764
4557
5001
3629
890
2359
2544
2053
2443
5807
2321
4571
5501
475
3732
5841
379
4217
4241
3379
1730
5579
1252
5241
246
2768
2721
5417
5807
4830
148
649
2051
1003
2051
4242
2849
4859
5282
2224
3607
5060
1907
2038
2801
2653
2760
2510
47
5813
5606
1406
913
1120
2456
2886
3426
2843
5021
2966
2814
97
2655
301
1904
5734
1425
428
2157
896
5764
5496
2247
2726
5958
1071
607
1585
935
562
490
1967
2809
4928
718
3526
1508
1907
3786
3621
5732
5779
4800
1702
4368
4121
1951
2176
4567
815
4065
985
1240
2946
781
2809
590
1049
5658
122
646
2736
4242
587
5535
1437
286
4115
2013
195
3796
2354
1834
837
3689
4291
42
1282
2244
30
2649
3950
4289
4235
195
3138
831
2033
4319
5434
2247
1980
521
172
649
364
1115
4056
5476
5114
5431
3131
4562
5222
1763
3086
1246
3051
4226
3371
3107
4116
4251
3215
2130
1641
2856
1947
639
417
3774
1109
2665
5323
3971
987
5252
5240
5873
743
2085
463
5525
2382
5577
2196
788
291
5442
4531
3964
441
4063
5318
5762
357
4247
5718
1325
1809
4786
5759
1421
3229
4180
5084
4857
1377
2247
3153
5637
3629
5572
5623
3916
2817
269
2577
2832
1928
1898
3918
1291
5439
5134
1544
4928
3508
4085
1833
5123
2218
493
1101
5362
1640
1997
3490
4447
3889
3414
5259
5835
4206
4997
693
4208
983
5634
2929
347
2802
473
976
996
2610
786
3357
3019
4880
5247
3507
3777
5047
3746
1407
4432
3849
4040
385
3384
5759
5557
1788
2535
62
2525
1613
756
5685
4012
5464
3449
1667
4692
93
4186
3685
4497
810
5302
1517
5706
5434
2809
1374
3894
4763
5723
4628
423
1997
2713
4769
1224
247
2350
161
4319
195
2125
607
1551
2697
2398
1968
2318
3098
2883
2397
317
4947
261
1743
5481
225
4528
1715
5596
5587
5527
3117
5697
3499
3910
216
2291
1791
1058
4971
2528
1884
5423
1624
4447
5498
1582
4062
5115
4554
1936
782
1643
3211
1004
4074
3040
3693
5065
3977
4890
2621
1177
4792
711
4478
4914
2954
1417
2073
153
4672
2899
2939
1437
36
1760
701
5902
3903
1056
3809
1752
5099
2399
2232
2592
1346
3524
2688
3961
1317
5427
5035
4419
3513
5135
1387
2578
1003
1424
4009
1862
5492
780
404
1596
4728
1893
1879
2064
2633
2656
5763
2333
3544
829
1804
1907
2491
5448
5712
1060
1114
602
497
747
4916
3372
1252
1705
4814
5482
4194
4333
3195
4160
444
4672
5192
2228
2155
4874
1454
5983
629
2004
3578
2185
5788
2267
473
2768
3728
2429
5149
5733
1477
3444
4477
4291
3183
5804
824
4284
1498
5299
4810
4386
2630
5420
3831
2895
47
1375
4932
3106
170
2993
4453
487
4780
4699
1985
1777
2325
5817
545
5654
3385
642
5496
5543
2911
655
4061
971
5395
250
4915
5927
2022
853
1593
2060
3589
4451
1469
1901
3879
3223
3596
4475
287
3015
2597
1118
4690
4316
5435
1778
834
5209
1641
3453
3945
4310
2463
4793
1906
2504
5947
3458
5312
4558
2419
1453
5490
3578
1263
5426
94
5547
4548
5928
3162
3315
1082
2876
4507
617
111
3870
1508
126
3652
4904
4816
4724
4133
1131
3274
959
3990
2455
1225
2892
5961
3655
3274
4217
3085
3959
1189
5424
512
1348
114
4931
2612
5838
3076
3829
5008
1276
3203
1859
1309
3276
360
526
993
2837
5121
2213
3417
1243
52
4275
4638
222
5984
4578
5482
3168
751
635
3940
5425
360
3692
408
5833
1426
4068
4994
5585
2002
5470
4136
5438
4965
4599
2567
3451
4057
2605
3366
5953
1317
5303
1799
4134
5402
5627
3276
368
5057
4496
198
5636
2019
5329
5560
832
3927
1241
4618
4977
5286
3953
3977
1601
555
2916
5580
2928
4647
4028
3186
3054
5521
3371
1031
2867
5466
3287
1302
3627
4909
3810
3719
1794
3685
4021
3081
3831
3626
5273
2363
4816
4211
3298
2181
2474
4671
2537
1908
3706
367
1316
546
4677
251
2708
1763
3785
341
1514
4267
2118
234
4326
1214
5437
692
3566
1296
2259
1996
5448
2683
1473
797
3797
3118
4108
5044
3801
4578
3052
5668
699
3912
3515
5191
2677
3070
3675
1150
3000
4449
5092
1737
112
3693
1354
4674
4735
2863
1751
1955
4729
3163
746
1544
2124
1033
267
5439
633
602
3033
2396
3827
3817
1219
793
1027
3181
495
3579
3798
203
4570
4863
4660
2488
941
2643
5613
1036
1992
3890
4497
3585
1261
1767
4844
2043
844
5059
3853
4802
1607
1193
5922
3674
17
4086
5170
5076
5496
1694
3686
5261
1707
4337
3797
5876
2633
2189
5178
3785
1849
3517
3076
2817
2720
4591
5162
4518
4274
980
137
1979
5912
5616
1147
2317
2890
5201
166
1189
5081
1564
5998
4491
651
2530
3863
4372
2884
1714
108
3740
5758
4777
1861
3134
3477
3476
3913
5807
1058
3558
1744
1739
1969
4053
2098
4328
4849
3038
2754
5159
3879
5561
4593
5609
4303
4071
1328
3949
3857
919
2470
2823
3996
4185
4409
5549
4609
5754
2989
5803
799
2510
486
1782
598
5179
4060
4669
5834
5409
426
4076
1302
2824
883
4187
506
35
1794
4499
4259
2672
4395
352
5718
4353
196
3393
4377
5236
2410
140
365
3854
1169
1359
2315
4871
4299
2882
3418
5855
4084
5080
2379
5231
3064
3669
3441
3321
1746
4569
2768
3249
2
1945
1425
725
265
4319
223
3592
1236
4840
4849
588
915
1563
5284
1229
4965
2874
1476
1883
2322
352
904
5872
2452
923
5687
1264
4147
5715
122
3245
5468
2840
2192
2074
1437
4314
600
4792
15
5985
238
5036
672
4253
357
2833
2909
5208
2557
458
2473
312
4977
336
1564
1377
1713
3529
1722
758
4999
2986
5774
4016
4439
3027
2051
4967
904
3272
720
1901
4313
3649
4254
2042
2466
55
5095
882
4216
686
108
1459
5564
3202
2706
1819
3569
3738
795
3654
2537
1306
4765
1668
4299
244
1329
1449
3826
1278
5034
3550
53
2767
495
102
1342
5826
2007
299
922
2221
704
3366
2620
636
1020
1021
1310
3542
5753
4694
421
4945
827
314
1039
162
1208
4213
3116
5100
2016
3194
5878
4602
359
5380
1167
4760
3697
5494
4054
1450
825
4068
709
4784
1917
3067
1017
3010
1369
1547
1967
3909
1646
2069
4920
5424
4159
5999
457
3208
712
4324
5809
3942
3164
1400
4615
3147
4537
4857
1472
5994
1706
5794
3594
5443
2729
521
152
5472
5503
1512
4875
3672
937
3321
5161
3138
2168
4090
4108
4435
2006
3631
3034
1544
5392
2359
2892
4239
5668
3927
4701
272
8
3315
1985
4473
4756
3595
1327
1382
14
5378
3229
1120
2368
3577
4806
2748
3352
1050
5259
5844
956
4241
4355
2259
3575
3156
4384
5354
4629
5972
752
3152
2135
4876
4348
4662
467
437
2225
871
2651
2380
3864
1791
1928
3003
5124
2675
5635
1060
2136
3694
31
1805
626
188
4823
4132
3320
2142
4208
1124
2141
2558
202
2224
1248
2269
4152
2956
1362
488
5145
1115
1874
4873
4435
834
70
4106
972
4860
56
3604
5876
4695
5467
4693
2466
2683
1864
5504
5769
1291
5433
143
2278
2852
3106
1443
1625
2946
3287
1116
3230
2370
4349
5140
247
5778
4289
1189
71
5221
4895
2555
270
3042
5633
148
4540
5932
4324
3204
1332
2445
3864
2101
3087
1819
5108
4076
1241
4924
5731
3831
5436
4038
5503
2866
3287
5999
5768
4985
4010
1155
1665
1831
3681
5412
8
1948
202
2172
576
1886
2005
814
3773
2535
5464
4842
5099
5996
444
4559
1738
3997
3591
4410
2266
2472
4454
4381
736
1096
5159
1707
5218
971
4305
4560
2485
2146
1920
286
1008
1793
2001
4914
540
3286
982
3316
2250
5670
342
2509
5041
3187
4340
5795
5379
4298
1531
1024
1212
1416
5251
3297
5350
1501
3346
586
3595
761
194
4663
3496
1074
4058
541
2089
5512
3436
4142
359
5120
4267
5515
5340
1692
103
1333
5903
5947
5863
2188
4800
973
3105
5016
1681
3663
3784
2230
4366
5061
2515
906
3435
3365
4454
4083
4841
4560
4096
4764
757
4284
496
5374
1901
4972
5316
611
4976
993
271
1893
3137
2761
3382
2757
4230
230
1736
5448
5059
5466
1096
3388
5695
3790
5528
4200
1344
3858
1348
5025
4072
4543
3416
5144
3419
1528
4222
5297
2187
302
3608
3023
5874
626
5574
1179
5531
4246
1061
2724
126
3421
2596
2784
198
2241
1572
992
4945
5299
5740
3761
4787
1452
1206
2431
999
5170
2410
3812
947
263
3940
4366
2727
5772
3796
3807
1026
1858
3043
5998
401
3889
1805
3675
2613
2481
5647
959
2736
982
1197
1857
300
3225
1504
5781
2007
2368
139
720
3534
3984
5817
359
709
2729
3877
3316
65
1200
2726
3994
3634
1578
1076
5200
4673
1475
5979
3561
705
1807
571
629
1237
2776
5097
4976
334
3526
3063
216
1967
3148
2618
1100
3663
847
61
415
474
3170
4434
220
1429
1676
5488
4708
3708
2651
4958
4978
2106
5666
2650
2432
5811
222
3142
5139
1521
3910
2383
2816
3370
5441
4396
5074
3450
2529
5728
692
1730
1933
5131
1240
1229
4316
5171
1290
5707
3517
3226
895
3564
708
2573
5191
1546
1887
2649
5217
4067
2294
170
3422
2114
3217
337
269
2377
627
657
166
5357
5060
3670
2690
2478
2013
3938
3959
3826
4028
1077
5410
3821
5976
1113
5853
926
4462
2776
1104
3481
3001
3402
4003
4796
3969
1774
3058
3521
5898
2548
5625
1679
5757
3285
5678
2653
2963
4032
1583
2405
958
2130
1920
3376
3474
2417
4471
3475
4384
2213
5475
2278
2964
1764
5782
941
4516
2168
4051
517
4073
4975
1330
2044
5786
2574
3745
2637
4835
3651
4181
5511
2661
422
3662
890
775
4266
3096
5517
1546
3270
5101
4958
298
5227
4024
5239
2992
4578
85
3017
5812
1108
4133
3048
4240
3364
925
3859
5360
2812
1149
2990
549
5075
5982
4846
1289
5032
1061
4144
1037
3278
3348
1990
3775
1492
2576
5631
3959
3168
5533
3378
2287
4471
3205
4343
5603
2475
2487
178
4366
2242
3196
1853
1204
383
629
1024
5918
5967
2721
4384
3232
3874
1195
5825
3111
4291
3823
2345
2030
790
5725
4067
2335
3358
4422
4685
6
5672
3588
2830
609
5303
150
5415
4596
4524
1064
2293
346
4434
3585
2576
2486
3364
630
404
3318
2828
4988
4297
3801
1768
2666
2897
663
5786
3469
3565
4783
1853
374
5068
158
592
2478
1777
1307
1232
3785
3040
5488
5062
552
5430
3122
5913
2329
1970
4353
4562
4793
1747
747
1243
4969
2271
3275
5778
2894
845
5856
32
1474
319
5816
176
3273
1696
4443
1502
3038
1446
643
2062
4539
564
5561
406
999
4095
5291
2777
5866
3963
3737
4065
5596
1313
1232
5240
588
5855
3838
3955
2285
3228
99
956
3818
3558
5960
5066
1177
1930
858
655
270
159
2319
1998
5366
832
393
1127
3172
5140
4152
16
1257
1068
937
5505
2460
3208
5148
2572
4121
1030
5956
5912
4101
1048
2632
1929
1472
1793
3110
1901
2339
1500
631
181
2169
2776
1454
2862
5226
2628
2969
5627
5603
2819
986
4017
3345
780
1008
2622
1099
2401
2334
4823
3968
5098
413
4589
454
2142
3757
5803
913
4381
582
5887
3044
1740
1230
1970
2178
5517
2115
3750
2413
3243
1543
5851
5888
3695
3692
2238
3416
3586
2549
4990
268
4752
924
4572
110
5845
4818
2526
1930
2951
1985
160
2939
5263
1613
4649
5485
4133
4825
901
4493
3863
5109
4724
5180
4133
3957
318
1890
5404
4093
5201
4544
5854
3753
1289
2334
235
2217
2010
5299
526
4874
5165
5890
3861
527
3973
5169
478
5806
2461
1718
747
5335
2496
426
1250
1599
5508
4543
2244
299
4515
4814
4056
40
4616
3096
2371
983
5811
1007
2021
1349
3112
4685
2467
5817
2906
1138
2397
5591
4368
667
2972
1121
274
3437
3402
4845
2594
4914
1469
1090
3001
490
4241
5884
4637
1698
2929
751
5692
1698
2882
1976
2231
352
5773
3966
2158
3603
5638
1272
1492
5666
3805
4760
1535
730
2593
5461
5326
2654
4924
1590
5527
105
3567
3034
4380
1279
4426
5061
2793
2449
808
4453
1837
4128
3541
2755
723
3113
3165
20
1900
2094
419
5823
4858
5285
4986
2089
4539
1385
3556
2524
5504
1806
1140
1638
2793
51
2530
3422
4496
2080
5386
3217
5262
543
2289
5098
3277
1783
5302
4753
2396
5346
1617
4282
904
4721
5771
5326
1645
4822
1913
7
2041
3022
2390
4628
5769
1666
2411
1164
5155
1074
4526
2720
3535
994
3637
2121
370
5681
5605
4929
4200
900
5739
77
5949
3730
4902
5608
1657
5000
335
651
5510
4189
3479
983
2927
5375
3963
2661
294
5260
5030
3509
914
541
1508
468
3828
3229
4862
4089
4708
1895
5046
3565
2253
3517
1441
2234
1937
533
5260
4300
298
350
2524
1109
3167
496
3334
1741
2671
3297
3143
4358
2716
4372
2226
3197
599
4637
1636
5580
4341
2767
4757
5229
1803
1366
526
873
4363
3072
3217
4671
5034
3877
2153
1200
3501
312
3567
2054
5680
374
3126
5061
5810
1612
2052
3754
3457
1013
4237
3264
413
1344
4685
4401
2428
640
3890
537
4505
3933
5300
1735
3866
3543
5346
1373
4301
1579
2394
4758
5101
4543
741
5175
455
1735
2093
3390
2499
5322
763
4167
4914
1694
2929
4302
1987
1023
1361
5870
3521
2687
5560
2360
989
5880
843
5375
4067
413
5004
5680
2779
1854
5241
4480
5535
682
5345
4957
2212
4543
1748
3878
4135
2493
5238
3959
933
952
4847
5260
4119
4028
690
934
5528
891
776
4172
372
1538
1608
3209
1934
5194
2262
1491
62
3930
3125
3692
3446
5337
3466
961
3264
4977
655
3056
4710
1823
720
5318
3469
5671
581
1190
238
2293
460
4998
674
1326
4579
4724
4874
3669
5695
4661
2073
441
5740
3774
1070
5019
4786
2924
1185
4286
3536
4701
4649
1447
4679
129
2312
1812
2054
4939
100
105
3821
5810
147
1269
1328
4581
1282
883
346
3131
3922
269
5723
2935
3488
2042
1856
618
3295
5688
4686
3251
3523
4821
3610
2865
1837
4807
4280
2138
2270
2940
974
4276
2538
523
5923
