445
288
631
561
593
564
454
35
436
90
90
479
12
6
695
375
130
43
347
181
388
654
211
272
485
204
455
226
301
123
621
545
413
242
691
644
555
259
55
150
670
86
19
25
372
248
542
442
626
353
581
377
134
0
685
461
177
606
294
552
599
343
650
102
194
465
100
275
534
437
314
198
0
80
322
435
420
31
64
429
486
43
299
55
481
656
223
234
261
365
682
385
238
30
187
108
474
106
494
117
545
384
383
612
193
264
399
539
48
290
41
563
442
80
315
359
504
678
96
343
195
420
194
452
47
259
177
3
172
72
518
151
378
550
210
349
489
179
287
63
635
495
281
689
70
369
575
524
492
630
461
288
394
284
503
74
245
460
671
639
495
632
31
632
621
684
203
676
148
96
601
371
158
432
468
485
319
113
247
47
344
288
578
441
142
311
507
226
561
367
591
549
289
269
450
314
391
91
485
296
485
148
690
441
20
498
85
325
111
568
685
68
325
647
607
599
503
264
368
545
179
245
311
191
561
192
49
675
228
553
581
576
418
134
272
23
374
437
537
499
675
127
51
334
78
85
367
513
505
288
666
299
578
510
216
15
3
599
650
447
307
679
391
697
290
362
565
637
379
386
228
537
203
553
196
70
332
80
560
258
672
265
319
424
599
286
374
684
54
201
316
564
73
517
379
488
549
581
220
24
584
63
298
330
528
650
304
479
522
42
584
240
104
143
533
59
605
205
225
162
352
179
176
279
33
542
680
670
123
246
642
252
629
512
611
194
292
535
492
46
109
141
400
634
689
369
287
176
576
31
92
25
372
484
573
251
135
56
211
173
388
262
361
185
225
399
402
122
477
187
163
419
469
310
419
45
603
179
377
217
90
100
364
626
650
689
383
258
189
266
512
687
132
28
439
174
604
207
196
492
373
299
237
310
9
37
539
171
574
30
72
172
380
659
93
187
458
0
606
593
572
571
611
207
463
100
504
152
143
632
349
122
162
566
623
10
421
226
62
286
314
669
243
398
49
94
507
286
200
576
319
104
3
389
520
385
166
555
610
695
618
477
128
427
298
65
159
468
314
501
53
64
535
20
606
326
546
391
454
42
628
382
125
278
468
322
498
513
603
124
75
286
212
156
635
195
535
31
663
103
620
94
280
687
305
8
182
113
558
632
197
75
602
681
496
16
175
475
398
220
7
472
114
150
381
339
528
586
407
172
387
217
182
508
654
630
476
573
261
91
499
547
553
165
586
438
612
65
185
272
376
1
326
314
568
350
354
7
220
220
328
673
37
283
380
265
400
529
261
245
157
627
473
533
274
557
0
68
154
154
637
45
344
695
564
554
491
296
343
148
367
129
8
589
103
656
28
488
106
209
122
323
450
370
649
382
612
41
432
7
377
643
560
506
577
676
554
329
45
553
639
462
60
46
409
445
236
50
303
656
680
492
68
16
658
12
386
370
154
335
119
264
561
616
146
215
668
107
42
18
102
32
79
13
549
322
126
308
409
470
55
666
170
556
212
38
335
328
29
121
617
598
187
294
623
644
186
396
181
573
513
646
472
223
434
533
288
605
630
514
661
587
44
542
55
216
16
240
212
687
