521
425
478
522
353
633
389
563
176
795
648
453
203
768
192
320
183
276
374
641
500
108
294
349
624
780
64
121
541
435
73
457
700
35
158
67
664
336
376
543
400
37
139
750
172
173
584
403
721
229
35
130
655
731
367
276
503
642
36
100
10
662
67
233
365
198
656
432
249
387
350
54
206
291
489
383
136
594
701
278
458
598
596
449
310
190
796
127
254
614
150
257
309
489
187
547
127
260
505
102
71
611
443
619
751
778
391
525
674
418
257
348
390
94
749
370
301
777
338
51
522
270
186
198
256
674
149
458
342
530
381
727
743
69
692
467
150
110
521
621
415
369
730
281
649
591
595
40
663
112
53
772
766
331
530
357
272
309
373
307
599
740
670
696
413
798
139
33
552
387
626
625
707
307
138
738
663
382
714
761
26
711
169
676
190
84
453
371
425
660
639
465
356
301
771
637
781
289
165
265
136
348
103
718
530
61
439
298
245
222
661
343
184
450
339
617
558
571
661
4
335
213
791
696
227
482
334
570
602
514
678
352
249
398
235
792
80
641
356
710
71
165
505
696
181
694
757
551
563
244
486
492
357
394
129
317
312
726
739
291
42
245
83
793
2
428
99
771
480
533
628
168
79
292
25
686
119
533
500
273
559
725
733
703
688
649
642
371
581
382
647
428
223
782
462
201
708
268
274
451
647
652
397
743
275
690
218
110
33
437
757
59
169
592
574
497
276
37
476
495
496
750
286
8
349
513
188
739
5
127
381
716
457
346
498
85
150
513
543
461
406
393
218
698
2
441
268
374
117
690
52
740
732
153
43
397
394
227
546
251
488
572
487
434
170
19
263
582
348
294
301
253
219
133
296
225
384
38
139
257
151
196
558
166
558
660
50
270
616
423
738
166
530
245
53
776
717
268
464
14
266
756
583
562
372
254
516
549
518
105
608
520
253
528
239
554
40
467
697
574
413
512
290
792
37
63
778
260
631
23
560
386
674
192
50
226
516
742
496
89
184
278
399
541
364
360
377
515
368
266
545
50
331
677
452
99
423
109
395
24
748
490
205
310
747
574
114
32
112
467
178
433
539
354
539
310
360
482
209
518
362
556
48
382
310
455
302
285
59
500
508
473
656
344
138
125
454
769
458
736
29
183
748
738
402
193
137
165
437
145
732
294
376
717
682
55
164
91
674
26
70
616
448
603
551
21
651
363
697
126
30
565
620
232
196
575
225
199
508
415
758
41
796
375
768
483
402
47
759
181
262
13
779
380
795
755
756
373
788
757
231
137
83
309
260
409
157
221
460
135
377
312
528
446
599
366
37
672
717
26
596
650
188
618
14
517
82
275
540
620
201
78
372
757
621
178
296
191
218
303
728
310
771
356
135
581
495
286
332
568
670
686
351
685
746
614
371
247
329
688
739
751
270
586
229
55
591
257
347
364
449
489
552
72
191
279
447
16
778
444
247
737
362
766
444
18
211
500
255
582
771
605
749
176
647
702
380
611
253
695
290
277
757
32
352
752
784
133
252
629
714
539
716
237
597
798
238
749
667
296
565
741
4
592
509
197
88
285
639
12
28
294
289
783
441
39
485
323
539
258
1
135
53
751
303
208
353
257
506
114
677
695
89
456
18
188
504
609
453
284
434
135
176
739
347
301
467
627
346
116
324
737
371
570
590
301
34
160
373
637
580
214
631
213
143
581
366
116
611
472
83
462
344
72
348
98
214
35
774
535
3
792
654
504
598
258
56
232
299
399
595
356
272
11
212
724
380
558
62
462
511
222
708
423
757
258
581
598
20
453
630
168
676
611
509
57
238
371
313
53
