6491
9080
7575
6564
7978
6107
7026
6414
3440
4067
4926
8727
2418
8990
8790
7694
2598
2212
5754
6901
4654
3492
6780
9005
3829
8876
2680
1600
2610
4436
3521
4443
3162
8152
1063
7542
8578
9393
9380
434
417
4910
7381
77
4900
1764
4390
7765
9388
7935
6022
2487
9794
3764
3274
3538
6794
3717
1709
4061
4613
5455
4661
3858
9552
3012
1169
8214
3130
224
9262
517
9139
6122
7545
591
2224
9817
7199
5673
4572
4848
3776
9521
4392
6936
3089
3666
9730
6392
6529
7727
6275
4771
3363
3360
3298
1103
4859
6247
247
9757
8676
4158
5802
6762
4253
6670
4442
5873
6436
2446
7609
8186
2698
9478
6580
7187
391
7007
7793
7530
9622
1626
6209
3076
8401
7289
6757
8221
4583
6206
125
108
6762
7854
4330
6258
581
8145
4069
8928
4730
2360
2745
274
7642
6380
5372
7419
1390
5295
4971
6062
4034
6561
7571
9014
6065
6258
859
3939
6204
2078
7742
7233
9747
1530
7560
791
4742
2250
38
4889
8917
1068
8927
491
9876
7524
7089
2786
4986
5909
884
6216
6617
1289
4796
5596
7624
1790
8442
7044
4443
6893
3265
9824
5028
4343
1462
7100
9251
9278
8080
1330
1625
4973
7535
4409
9018
2101
9786
1294
5873
1813
2480
9885
4109
9510
9312
700
3065
8528
1700
7540
8522
4076
1592
3213
3345
744
1657
7301
2208
4416
6408
8301
4265
847
429
6753
6066
5153
6905
8417
1109
3732
1763
2928
4132
7483
772
9944
3514
430
63
9480
2492
5906
7224
8476
622
8624
389
8295
6034
2197
529
2448
6219
4934
4861
5158
1087
3325
6226
9600
923
8020
5586
6854
2529
1645
4556
5542
9805
8171
1117
4948
4933
9105
4628
4657
2238
4197
4718
1238
7243
1729
3488
1517
145
1350
595
4236
7542
301
4282
7856
6503
299
527
3362
2921
2383
1019
9416
6343
5004
6676
3466
9706
1182
7696
783
1687
9899
8952
2084
2866
9943
3353
8649
2416
4563
2004
4088
458
4020
9012
2755
4845
3963
8207
8984
5438
9447
326
3107
5452
6659
8247
7969
5118
1212
6338
9244
7067
4436
3704
1256
9784
4684
4238
6248
6971
1170
6962
9934
7455
1958
8581
9118
6129
2698
2726
5293
5654
8230
7952
1003
8895
6870
9273
5242
5093
1361
7691
3290
1967
1269
6352
2483
9650
1348
4710
3966
4424
213
7074
5376
8217
5225
7617
8036
3430
7739
2313
6372
1061
2163
365
484
8134
2471
6096
7531
6867
8254
9073
7919
9590
2067
149
1723
5909
8418
7827
991
809
1986
1048
2197
8701
8143
555
7467
9553
6435
4042
3746
9501
2320
9619
2562
2563
3180
6495
6855
3517
6042
8
4877
5862
3057
8252
7139
6389
1963
4921
3263
5235
780
9400
8366
3662
6653
6871
7990
6326
4740
1694
6810
2324
5026
7044
1321
4731
8248
8713
3059
7478
1191
4227
4569
3073
6355
4503
3616
8948
1859
5613
9586
9066
7063
551
6113
6752
2070
6250
24
9944
9124
1402
6945
557
7500
5172
1020
8945
9552
1844
4706
3490
4250
9815
2087
4268
9725
6571
1989
7160
3197
611
9019
4001
5368
1767
5634
1639
7439
8216
1495
4317
1461
3952
3609
4861
9731
1336
2129
9691
7094
2915
6409
2534
3478
6616
1211
6411
5779
6653
103
5396
5902
4398
8928
9806
2545
7037
9667
3400
1004
9124
5189
455
1581
9478
6825
3782
5339
3139
7722
2363
9055
1818
7115
6005
7328
841
2409
1457
9610
9119
8585
7724
3178
3411
8083
931
6328
8030
3723
7286
2273
5378
9400
6571
7391
6094
7042
2398
5832
3850
5037
6646
1552
6461
365
4659
5836
1534
9620
9988
4100
1143
4799
8789
740
2341
3002
1973
5071
3612
2699
5061
1553
9416
9074
4220
5231
2686
2346
2776
9389
5072
2108
7744
4828
1296
1857
2260
3821
7884
1298
1798
6375
263
574
7682
2305
7689
1223
135
6044
828
9385
3306
9376
3799
9304
6096
7938
6584
3045
7529
5743
282
1324
3644
8087
3367
4398
4941
9224
5558
5510
8924
38
4117
9993
5559
4916
386
2415
6527
4898
2547
9481
3752
3044
3494
4862
5273
5834
802
7238
6132
5585
4700
6177
5904
5477
6198
1093
673
1489
3073
4707
9401
5973
3332
4613
3544
9587
8373
2646
815
9094
4675
7550
2883
2111
838
8424
9756
8141
3583
2833
685
7016
6969
7759
110
4234
8497
4988
1748
8731
833
1982
6163
1512
3063
8613
8970
8128
1893
256
252
4394
1122
2204
863
4645
7758
250
9421
7310
5490
1483
9032
984
5285
810
7851
2219
700
2487
4667
5771
1961
1452
9372
5460
5812
6909
5424
4479
1447
1249
170
4372
7250
1271
9729
8780
7024
199
3664
129
3409
4375
9082
4708
4518
2086
3082
7611
6459
4969
9385
4725
398
3775
249
1611
6526
2386
7614
3045
3998
6157
4253
9334
6617
9028
3612
6918
8048
9445
6040
3642
3151
1834
486
5985
7773
3943
2705
2461
1714
9606
2322
3628
5251
1212
1982
8947
9928
8663
3689
4230
1711
199
5464
5558
2554
4231
5524
6055
5379
2631
8666
5949
6959
2886
8464
3587
8832
4705
2354
8535
8021
258
5082
8565
2540
6999
2126
1135
6488
2929
4004
4406
5422
3973
4048
8407
9384
4803
4285
4405
4428
7024
9962
4526
1511
6882
1340
3949
1859
8711
178
5116
632
8515
7878
3828
4015
3316
3039
6483
6017
6195
9363
5656
2397
5546
6057
6829
9433
3324
4492
6962
3552
5765
5804
2258
9050
4128
2927
1380
5625
9631
2997
8161
5423
4682
7721
5580
3357
7095
2851
4499
8151
2674
5706
7249
7891
4969
839
2557
1424
4583
2980
2658
2419
811
9556
5452
1596
7636
4156
3484
1367
8859
9503
3304
3279
1757
2263
3554
1357
1027
2591
5475
5870
7392
6254
3364
7458
199
6349
1497
6560
9463
3610
8827
4968
1860
8085
5920
7601
6722
2135
1992
6912
6240
563
1975
8730
9343
7461
8954
2928
5806
2215
5864
6841
1300
9410
1478
239
5433
9776
903
3167
4416
6912
7118
8659
4853
3140
4226
3309
2527
2229
7053
4441
7762
5494
544
6181
5013
5477
4983
7693
395
4414
4916
2398
4479
7642
2539
3949
2609
9637
3194
9136
3751
764
6738
9129
1986
1413
3222
3859
9983
2969
1391
4645
5574
5436
2457
260
4802
8174
3582
2406
9069
9225
6989
3264
4967
2122
39
6240
6276
9405
2853
1991
208
1330
6553
3966
9535
8076
3824
2873
3460
9399
625
745
1198
7417
5285
5644
5610
4481
1955
3295
5417
4652
6054
6691
2288
3879
7101
7901
9862
9231
9039
6632
9165
4084
4264
8245
7072
5484
3653
7058
1701
3027
2648
7145
3086
2560
8056
2767
4978
4308
9081
2957
2292
1611
5059
1291
6333
7876
8945
9592
6122
1757
7609
1767
1268
3352
7411
2707
24
6170
9799
2130
3587
4546
3160
7944
7244
2407
2567
2195
6414
7273
7429
1747
8720
7722
8312
5852
1090
8198
9721
5828
3590
1437
2648
3080
9497
2865
9549
8411
2685
1946
3644
9166
4148
6935
9188
9146
5835
9376
7668
2042
6560
1495
2762
86
5474
7180
9658
5034
1012
4399
5527
9926
7197
5377
5393
6846
5599
2003
1787
4850
5505
4592
9543
3208
3292
9575
7137
6260
5343
2512
5781
3241
3455
4495
8333
4314
4894
3126
9083
9994
5750
6133
992
9713
1250
1197
5479
287
5562
2243
5152
2651
2842
8064
3116
5013
7341
724
5170
6410
9755
6554
5085
5973
5676
5239
6226
8050
8424
9740
7009
3054
1309
6235
8391
1498
1179
7367
541
1551
4319
4692
6306
4459
2154
8637
9632
5049
4382
2084
1757
3135
3556
5348
2048
7585
5293
2626
5789
2514
9347
3186
9711
6491
9435
4918
3025
4804
4794
3249
2601
896
3265
5130
562
5685
8374
5756
4693
1576
5920
8074
7859
6647
2319
5872
7058
3568
885
4292
161
9648
5941
8636
4185
4421
2615
2297
3842
900
7861
7168
95
4215
7829
5545
1911
7214
3250
5281
6913
1798
601
3418
6107
7719
9454
9315
263
9896
1529
1874
3539
2429
7121
7085
6979
1504
946
2968
5853
4670
6478
2296
7633
4232
6094
1414
6563
8793
3507
3440
2886
3576
589
7465
1719
3251
694
9121
4163
1243
7212
6575
7350
7871
1210
4602
4225
2993
3555
9863
2263
9461
8234
9613
4116
3911
1120
1828
8219
731
1274
7772
2266
9264
6351
330
7836
4654
955
7021
8299
7871
3987
4847
3647
42
9910
7719
7400
9706
1195
6507
8388
9869
8413
6930
7629
3080
544
4424
7682
56
2398
1482
3376
931
7763
1185
9773
7101
7169
2396
9746
4615
2721
3430
3762
8465
1863
311
6763
8944
6912
1255
8119
75
4027
9580
7871
6319
4593
452
4189
259
2546
6542
8925
5126
9966
5795
32
2275
8092
2323
7468
4070
7994
857
4051
1961
354
4864
5933
328
9653
3583
8405
1187
7496
7983
2542
4065
6791
4654
5680
1040
2954
332
4019
2539
5539
6067
4118
9413
1840
8595
5309
8370
3427
2907
677
6101
6139
6164
8612
276
7007
6007
1810
2248
7207
9583
5854
9568
2951
6217
8895
6228
8441
9144
760
1815
2374
3445
9830
790
8513
3683
601
4894
9855
1824
7836
6106
8998
9256
211
8713
7121
4404
4385
8366
6782
6032
8291
2593
5813
9002
9357
8867
6133
6037
5006
1903
572
669
9106
5371
8914
822
3172
9886
6291
301
5838
5115
6183
9008
3391
9820
688
313
2439
5338
6752
8133
4850
40
5956
7443
5774
6368
8208
280
667
7605
440
8320
2527
8792
5529
7631
1043
1414
4546
7461
7213
8845
2290
3935
6618
4191
6703
5290
9208
8688
4944
9811
8989
7770
2952
9018
9736
6480
2527
5605
8050
3679
7759
5137
5440
7856
3112
9411
8152
6457
1360
556
4574
212
3323
4347
5818
8568
4642
8188
9607
9075
8211
1726
2490
9225
1030
1443
5229
1430
7415
5456
2439
6719
148
4068
1194
8663
4500
7590
2553
9357
5010
2182
7316
4803
421
3798
1746
2505
4878
3538
2873
6712
5822
1898
4540
9163
7681
7376
2642
1127
7018
7997
2959
9243
7051
3854
6129
9250
5906
3515
8393
4261
1179
6984
3716
3614
9542
7701
6805
6264
102
1920
1649
4034
419
8810
6727
5810
2189
5623
5290
8182
9885
9999
3676
485
7177
1873
7081
3972
5540
7272
1068
7173
3440
1989
3762
1226
9857
2411
3945
6456
1471
5082
3429
86
647
707
95
4484
8047
7131
3946
6456
1764
1307
404
8707
5906
8883
9701
4290
2799
4543
759
4705
164
1841
1841
299
3641
1470
1346
8444
7388
6821
199
3975
3230
2650
7977
3411
9882
2081
3206
6960
7971
1829
8666
4680
3800
5832
5641
4944
5239
2277
5484
1485
635
7793
7462
564
3939
8800
5666
6506
2545
6596
5163
6522
1180
5296
6423
7237
7795
7179
1137
7283
4573
4640
3026
199
6978
8098
6091
7345
4223
1325
5249
9805
4890
7816
421
2377
9123
8934
6367
5205
4195
3499
5654
5442
644
636
3119
4620
2685
1343
7120
132
3608
4194
9344
2502
5745
6407
4173
8490
2141
1661
6649
9686
4517
2362
2113
4768
1709
3380
4123
8656
3142
6735
5948
612
4700
128
7540
8926
7100
640
7687
2696
3590
1709
9208
4520
2395
1387
6275
1550
5460
1735
4919
4826
830
8539
5887
3450
3941
7533
8556
8177
7500
1731
9921
4628
3079
5457
5002
9485
8021
1619
2185
5123
1229
134
5534
4689
1859
1280
9667
4690
295
5008
8210
6270
8603
8992
3539
637
5871
215
1813
7819
4699
5595
2664
3445
728
9811
2901
8527
8811
3083
8331
8055
5727
2641
9527
6244
4222
2364
1743
9801
2060
620
9419
3718
6224
5548
6256
8461
1151
100
9578
8418
2727
6315
4646
1499
7717
6234
2729
6919
6627
9772
8529
107
2530
1633
1382
8775
9151
7922
1915
6760
6549
1230
3783
6438
7760
4867
9947
6893
6137
6537
4416
7514
5971
6840
3070
5835
6080
2986
6859
169
7360
8138
8782
5329
6824
3996
6943
7501
1371
54
6893
4770
3479
8652
4027
9939
6047
5210
1368
2578
3184
3610
3833
8854
3827
4661
1189
2137
846
8678
285
8648
6855
506
1079
1566
262
4148
4582
9274
629
1677
9543
2060
5927
4760
1385
7775
5794
2499
6746
8512
4426
4122
2315
6828
7675
5334
3055
5176
9763
2531
4437
8074
4123
7551
1071
1509
16
8750
8719
7250
3777
2426
333
8073
6679
3031
6775
1823
5948
2917
7686
1929
681
5886
2792
1295
9681
1632
4336
1980
5443
8997
4998
562
4608
1053
2060
3690
1178
1101
6526
4169
5812
6513
8581
5774
8860
9821
3368
3911
9377
3025
4031
1156
6387
634
7494
6531
4422
3797
4923
490
4322
9391
7204
7828
3563
1321
8736
7122
5959
9895
200
4179
4785
9894
865
8462
9690
861
5665
6172
8038
4541
363
2547
2234
5234
937
1516
7888
4492
4085
8102
8036
4119
7044
9428
6767
8533
2639
9521
6237
2126
7007
1508
9453
8574
4789
9150
3924
6557
6324
736
3823
5819
8636
6394
3011
2826
6883
7854
9298
8614
8225
2051
797
143
3576
438
6768
7815
4798
9178
8431
3191
9497
5920
7963
7036
6134
6466
3392
7087
5846
6393
2062
2450
2566
4686
4098
9909
8265
6333
5697
8633
7540
1574
1
8236
1622
5118
4707
1875
9953
2178
9840
8438
1593
9483
3871
2404
3240
413
2305
5367
956
8233
9769
8211
9918
3363
3979
8760
2960
4894
320
200
6226
7314
2835
8050
3808
9072
4011
6555
7964
7852
22
7182
9443
7417
2254
6971
3967
5347
2442
5227
6777
3318
9364
9732
6664
892
2706
391
4410
515
3732
3399
8878
6156
713
2148
2044
3744
5085
9237
9634
7821
5507
2901
7212
1198
443
2676
1518
9417
1409
7566
5697
8514
1602
6920
4456
1341
8267
9190
685
7105
7791
1450
5853
2359
6997
1512
3885
354
9164
2036
4184
2200
5916
1293
3158
207
1563
9491
2026
4739
7928
5251
4872
4227
9527
739
8081
1195
7962
809
6620
3788
632
582
5763
3304
4316
9872
9143
3466
8701
8925
193
1410
5173
3579
9591
4814
1873
3996
2887
388
9396
6943
3810
2187
1496
410
2712
1354
2146
7139
6284
7176
5281
878
5987
2355
578
4240
2335
7516
435
1043
1026
4079
5058
2258
5121
3424
7137
6324
24
4369
1881
1541
9780
80
760
8896
4656
3005
5817
2905
9343
1466
6718
1126
3026
3627
4700
9678
1719
9452
1346
7818
1839
2434
4807
2920
7018
8249
96
6350
5906
157
6027
7787
7888
101
8716
1337
1086
9625
4321
975
9642
2516
8803
1939
8292
1172
92
2829
1477
1630
5663
2758
8364
8383
4808
8639
5861
9502
8033
3790
5672
4109
9054
6371
5212
9069
9175
4601
5974
6369
8799
233
2146
2331
2341
6392
5372
3715
1382
4416
476
6102
8141
9516
9980
7899
8233
2188
7719
4801
6729
8489
2127
8260
5366
9090
7019
8702
3597
6133
3115
186
6568
4058
3978
9540
8680
6233
7327
1916
6320
508
5936
7529
9473
735
4564
682
3934
9891
2962
3351
7211
4482
5195
8583
6903
2268
5153
8379
4643
2976
899
2855
9470
2183
2070
145
8782
8443
5585
5778
5373
5317
7461
8297
4318
3651
5863
831
6458
7879
6380
4261
908
8845
7536
521
5749
8037
8514
904
8796
1038
1455
8269
9878
3284
1946
1575
8781
2768
501
6473
6513
2894
3951
6859
4040
236
4410
1038
35
3646
7575
5293
2878
9854
5569
7151
5539
4608
8402
4152
3789
3588
1430
7231
4660
3525
3370
7947
3833
6782
944
3590
5935
4012
8307
36
2324
7743
7313
6844
8731
4458
1593
7525
744
8042
5714
5564
9719
7923
550
6913
2265
6341
4554
3794
2332
2318
1595
6735
5621
9337
5414
4221
2077
9108
7715
8534
6181
7439
3471
6173
8823
6608
1845
3951
875
8324
7801
2229
8595
8640
9313
5894
4836
965
9360
8170
9809
2146
2639
6793
9109
5059
2314
1121
6509
4647
6197
6566
1728
9152
5785
8116
2748
2468
1375
7777
1102
8800
2872
4814
4060
6987
2070
6923
3027
2344
9643
2122
3417
6550
652
347
1182
9138
2577
5287
4484
6508
5564
7257
9944
9543
6083
6054
5260
3657
3596
2765
4322
8738
9108
4746
5943
6474
5915
6500
7017
1555
4656
8102
6790
3118
6597
8235
1107
441
5087
6786
2358
5830
396
2145
6257
6999
1632
9078
8476
4036
2430
569
6877
7695
7424
8941
3318
6399
9956
7413
1515
841
7459
179
1022
7214
6190
4651
313
1149
6343
1895
9255
4584
1433
7556
112
2148
4245
6937
6416
5978
6395
7415
5938
3946
8961
1452
6382
528
1667
8482
892
9710
6647
8453
1011
7321
9163
6769
5747
9440
94
5657
3723
7271
6631
340
6472
1346
5686
2210
6539
3756
2086
8589
6246
3112
9547
2395
4355
910
1693
6479
5280
2087
5297
6335
6635
8164
1553
4000
2549
9512
391
749
8278
7863
7931
2375
8382
8486
9190
726
5379
2929
5251
5102
2220
8795
4977
4093
3001
3280
9863
1232
4044
2823
5173
7669
2008
1923
6482
4012
308
7353
6375
950
7180
9099
7448
9023
4981
1539
9994
3673
3867
4123
3030
861
8473
6121
1640
6262
6291
425
2484
7497
1155
8914
7206
236
511
874
9732
6376
4980
2085
7778
4441
6561
5273
1266
8930
9634
3085
5750
1597
4998
1056
1203
7440
4880
5525
2420
4892
3223
7948
9912
14
8762
5484
6297
2872
4132
9885
7578
5802
5335
6722
7564
9946
6024
3843
765
3443
9991
8968
1229
1865
5658
9186
5182
5690
6277
8500
648
4624
3240
718
1623
8980
3732
2826
626
732
5995
7631
1176
4885
483
8947
9064
1884
6247
4878
6141
3589
6283
3769
6692
831
6313
1429
6956
2383
6845
3593
2985
7544
5993
2771
1813
4109
2262
95
1636
7821
8968
1317
386
7261
6508
9549
1883
6355
6160
9453
4758
9390
591
9939
2303
2179
4744
4511
4960
5331
4523
2600
7643
7352
8767
9534
4134
9118
1106
4527
6644
3070
6510
1059
7100
9333
6885
8178
5128
1668
729
3174
8861
6849
841
1739
1617
9850
2364
1426
2478
8122
5523
533
7889
2643
5407
5397
6959
331
3359
9199
8597
980
547
349
8699
2531
2018
1224
4004
9827
9252
9467
8244
8098
6589
2147
1247
1848
4439
9955
1802
2519
4410
4021
5488
9230
5867
4538
6147
7464
2478
9009
2925
1346
9817
8198
9249
8602
1607
6194
9011
2435
7782
9889
401
5572
8574
3505
9469
4048
206
1062
3272
8592
2388
9018
6588
6029
7016
9810
790
7594
8294
4268
2478
717
7830
5476
6372
8142
8970
6325
521
5672
5843
9612
4679
7581
6560
8425
1950
2055
5125
6863
2780
1560
340
475
2136
1874
5130
4881
2124
2243
5720
9793
7676
6585
8716
6441
4903
4051
5356
2644
6777
7112
9023
1808
4042
3312
9992
8205
4663
5888
6543
8481
1451
1907
2654
5897
3577
7796
2341
9834
4473
8601
3690
6214
7580
5193
7152
5545
4334
3629
3523
8963
9976
1604
7630
8032
9774
4769
457
451
2971
6367
9874
2657
5543
325
9574
3578
8355
6437
9245
1922
3825
6558
5855
8541
2514
193
6183
1194
3053
1952
8594
1622
3065
4290
4052
9393
7560
1668
743
7838
3312
1498
5217
4467
4070
3218
9393
2961
8937
5177
1589
2477
6681
7991
6908
9645
4786
1270
1939
6526
8377
8480
8174
9458
2865
1046
9700
2775
970
3261
6647
5266
8344
7378
2863
3515
8395
7631
931
1426
1776
7349
2051
5327
3827
8345
4452
183
9199
2795
4249
3643
2180
4945
3402
2042
4724
4163
788
8790
6330
2432
8765
868
6583
5470
1010
8813
490
4846
1391
9570
8715
2557
8105
7724
7093
3158
5420
7905
7198
5158
5213
4723
4340
8232
3723
2866
7141
4526
1798
194
6875
4577
939
3511
7266
5199
460
780
9528
4356
5321
8435
9280
5092
7565
7367
9138
9476
871
1646
7970
5992
3666
4826
8124
5479
1780
7022
8057
7259
6848
5678
2753
4420
9512
9695
1453
8460
1666
3005
9831
6501
2725
652
7297
2399
7505
7350
2702
4213
4393
9154
9537
567
1134
4422
9616
7827
4729
4771
6388
9276
4276
6959
4912
1261
37
1408
2140
7687
5928
5460
4461
4533
3560
8926
6514
5281
9098
1787
4653
111
2535
5154
6924
5719
9204
633
164
9088
2031
5140
761
4904
7239
8281
7532
1088
2232
8911
4130
3812
7170
3013
156
9944
1510
9391
4200
8974
7597
1130
3140
7573
1540
6881
9258
5643
1095
232
7324
7650
6009
7990
9853
2449
8477
4880
5290
5489
3205
7183
6564
7112
6932
4579
8858
8163
4146
1490
5623
8795
9164
4521
2245
4218
7060
6083
7709
296
6540
407
2477
7774
2539
6235
5460
8843
8378
215
1869
3652
8910
5413
3445
1446
3586
6500
4106
3736
5888
699
6387
8412
6508
5594
6102
4916
6524
6860
6826
5649
7080
4794
586
2358
8154
9241
3393
6187
8978
1091
5064
350
4841
3923
4122
451
2064
9386
7793
2364
3829
6158
2127
2692
9472
1554
9690
6694
2592
9841
3076
4795
8445
1060
9334
6047
3626
835
761
4469
4905
8968
9617
2417
5882
9423
4343
7251
6866
9194
6257
9716
2708
6544
1472
5064
6318
9349
6261
484
6691
3141
2304
9961
4176
9162
3111
3326
7613
7678
3088
5372
9443
9162
5692
2978
5268
8764
3743
5993
2875
6231
7680
6962
7217
9780
1769
6620
3609
6055
6043
7873
3513
4252
2514
2672
6325
3856
6496
6133
8554
9549
3913
4020
6467
6109
4955
9829
2843
1839
5799
6090
2161
4870
576
9580
2641
5839
911
1618
308
3659
8865
4563
9238
3179
158
1987
7520
1530
2470
6474
6738
1620
8953
8162
3983
6644
1619
4015
7828
6634
4899
9097
5878
5660
2775
1924
4583
9475
6390
3793
7909
8055
8873
8013
8959
1093
6215
8311
1749
3996
2827
4895
4507
1607
4500
6234
7177
4756
6361
4578
6290
8019
8839
4778
2159
843
3256
6832
7976
5238
1393
3643
2878
2301
6009
2611
4184
9294
8609
4335
280
2137
3445
2074
3928
6074
381
9215
1191
7057
2496
8916
3258
5854
4662
627
5457
5111
9879
4770
583
5244
3542
1940
6901
2465
2276
9977
4948
170
9826
1424
7116
4630
7158
8157
4478
3378
4457
7718
3403
1615
1516
7415
5759
6957
7220
4213
8222
7878
105
592
4025
3559
3494
577
5916
1257
174
9619
9303
1038
8972
558
2423
2871
5012
9806
7264
2242
7084
162
3674
1969
3457
176
1446
4518
2967
887
4987
7130
8416
8076
9296
8077
8776
8806
1416
1527
5931
3653
7414
4573
3764
6828
2651
5568
9842
5807
1011
7791
9001
6184
456
4508
3107
7892
6385
5004
6337
1466
7836
8456
6738
3020
627
753
4894
3046
7837
8512
7727
4707
7620
9419
2237
9438
3230
8596
9045
390
2826
1452
3653
9243
6617
1156
2806
8581
4791
8868
1494
821
7924
244
1554
6819
6660
3447
5197
8565
2207
6408
2239
8705
5221
9277
8972
7017
8898
5464
6031
646
5322
4669
4819
8240
3969
7997
3791
5657
9673
2400
8428
1849
2041
2162
3204
4948
5383
6852
3560
7432
3538
3811
9821
8259
3230
7446
3877
6673
6476
3040
6406
9762
2037
4598
5033
3610
6436
3803
6016
5491
9085
9734
7109
4941
6158
4405
4460
4997
6384
3003
1220
2803
825
9717
9903
7165
1378
9978
8059
8361
4592
8704
9052
5312
3810
1035
7416
7150
6645
2737
9231
7254
5175
585
597
9187
246
3874
1406
8777
4148
64
9141
5961
9850
273
6776
2803
1558
1581
499
166
2882
6540
2071
3347
8978
1553
3847
9840
218
1428
639
8616
3290
9902
5266
3535
7511
1933
2654
2099
8678
6232
8302
7807
4120
684
6540
2473
2461
4
3696
3611
982
3063
3626
2959
5355
1515
2888
9747
5110
7512
292
1004
8490
6904
1854
8886
4883
9226
737
4985
5275
7541
8916
6744
6374
7738
6207
6563
9707
2354
936
701
9824
3750
1161
8536
1441
5134
5808
8059
6204
785
1187
5189
9404
3323
6221
124
9567
6541
5738
8718
7174
5869
4171
7369
6938
2206
9494
3078
709
3547
9821
1807
6116
3821
2009
3297
4119
5868
2498
1421
241
1234
9790
1977
9363
7387
5653
4500
7104
25
4493
6854
7340
8004
2774
149
1814
3502
179
2516
5839
9396
8371
6358
4789
3216
6828
7952
1825
6923
3460
637
5993
7793
9515
3211
5955
4301
5672
7250
3464
2451
1214
7669
4880
444
2378
4609
2095
3388
4860
2354
7979
3583
9152
7077
9097
7842
9976
3208
7844
6623
9111
270
4905
7744
973
5999
3265
6932
5114
8971
1500
5183
8273
5151
5206
683
4635
2560
5817
3837
1508
6469
2159
1171
550
3249
5026
1369
4463
8349
3667
1178
6114
5428
2259
4964
1528
2792
6048
8532
1840
3059
479
3488
986
3192
6579
6916
3708
4839
312
6516
2831
6735
4255
5985
3385
7661
8902
2215
6551
5555
5186
7618
8999
389
5292
576
688
9148
1317
9314
4686
6669
2679
1612
8222
8324
9578
9772
2898
3625
7008
9255
2737
645
2606
4543
2782
8926
5527
5809
467
2046
5302
9770
4475
8994
9127
2570
6681
174
1731
6816
3480
6206
4951
2133
6879
247
2016
9637
9312
3675
2949
4136
7598
6508
7888
1968
1721
184
2346
2858
8168
7970
3954
1574
4561
2305
5882
4996
3335
882
8287
2836
2593
105
4515
8736
7603
2661
1240
5190
3692
4545
4890
3388
3323
5478
2122
9976
9982
5886
1443
1128
5576
9411
6331
2507
638
8022
5368
9779
8271
5356
3868
4274
7838
6963
7150
7729
845
2834
7414
2928
8536
2670
117
2439
8170
4009
6879
8619
4640
5908
7430
1341
217
7141
8500
6812
790
804
4372
7290
3972
9824
2446
3116
4322
2847
4894
2155
6865
8770
8783
5208
2200
1734
649
6301
4081
9479
5219
9278
4196
7743
6951
8478
1805
4957
6754
4717
9948
4368
6596
2111
8410
3474
8330
3176
4947
5714
6261
7364
548
521
1430
7395
8465
2894
649
6513
3747
8950
1883
1284
6957
8723
4890
6254
4922
4829
2488
291
4277
4478
9402
8628
7733
4246
9987
5018
8786
1711
5032
3630
4744
9099
4672
2692
439
1402
4394
7080
9844
6504
9915
8033
6704
3619
6786
2403
3955
5162
6202
9393
5525
1008
2988
1694
1081
8720
7693
6692
246
7771
2379
1310
7619
3181
2016
2448
9806
3213
2977
3670
2713
195
3782
5914
8961
7684
4309
7263
4589
4920
813
2507
5151
5373
4604
769
9354
8740
8461
1852
801
1497
6866
1976
1095
5297
2090
2249
8649
3276
3328
2623
8436
8393
7984
4354
1844
4249
5989
6695
2026
3691
3956
8485
6537
6199
607
2897
3405
4838
9255
3541
8808
6398
2129
319
4250
8396
7027
4437
1085
8522
572
8759
6187
2096
9453
1517
4812
3174
3848
1951
5887
6680
1491
6004
2500
6722
7209
801
2532
8283
318
8195
2718
8062
6076
1224
4287
9314
3646
1000
301
3356
809
1105
7856
2171
6258
6655
1870
1025
560
3051
3601
1985
9055
8634
6311
4899
6350
1703
5109
869
4902
8971
8840
4860
2487
9239
8683
728
1968
1940
1758
5253
6411
2962
7897
5261
7523
3389
3741
9515
882
5342
3171
4571
8460
2094
1651
7118
6626
437
2211
9561
9107
1856
6970
5820
6709
640
448
8128
2876
8495
5316
3930
805
5294
8025
5452
7762
8826
8958
5691
4435
9693
5385
5355
9436
641
2431
9222
8392
5871
1618
7115
10
5830
4216
8563
3756
7895
9972
7296
535
188
7299
6846
3885
8105
501
8363
3254
5499
3925
9299
8149
7628
5399
9683
5286
2953
7901
7359
4870
811
8471
384
2015
1217
1285
4405
8735
1999
9977
8426
2884
8368
3246
4630
3382
1494
6143
5470
3888
770
8245
2967
9260
8207
6465
5401
1163
4313
4914
2622
2014
1547
4404
8122
8789
8310
6022
2581
3329
3821
2597
4404
6071
61
3306
5669
4035
3754
924
6265
4230
7429
3620
8636
4318
1866
7628
3135
4385
3813
82
5511
7910
9956
3343
126
3424
7144
5758
6232
6375
9541
379
5856
6021
3721
1962
8736
8266
1977
4721
1712
4652
2567
8003
4901
494
3040
1674
635
4796
5170
2592
413
6464
3482
2250
6817
3236
7419
7858
8321
485
9563
5759
2116
289
695
2291
5723
45
4167
6625
822
724
7645
7801
8855
9264
7174
1649
1215
7022
8771
6113
9221
6978
2129
4763
2853
8326
4980
4486
3093
8304
5426
950
9778
8943
9660
5369
5113
273
7512
4304
1361
2693
5081
4504
6134
9815
2864
1268
4369
9150
2060
409
2946
8014
2524
4373
8496
3834
3030
157
1927
1978
5344
3458
0
1956
2059
7855
7326
2650
4511
6402
1780
1440
3201
4772
3573
105
9202
2007
2371
701
1969
5691
5305
793
7105
6029
404
419
6389
7164
6492
5095
9751
5673
6096
4931
1448
6618
1871
4700
6209
6971
9171
9003
3240
4963
1016
8584
3791
6926
7163
1377
2039
332
1597
4999
4018
6213
5719
4917
1173
7
71
5005
4540
1022
7176
4737
3031
3294
8000
4699
9634
6720
8450
3818
9299
6391
324
6409
9612
2926
1468
6526
2529
6719
8483
3292
387
6162
3691
4629
2235
7953
9709
8543
4178
4197
3835
9953
1565
5886
4596
6459
5990
1699
8374
6864
2933
5044
7053
1137
670
5145
2889
7014
8867
5066
8366
3643
7114
7081
6950
8134
5082
9999
7473
4625
1823
4306
6236
6760
6749
304
735
144
4816
8810
7025
5249
4466
3792
3110
3602
2022
8037
1304
3824
8498
4415
4547
378
5273
4845
5850
9740
9078
3493
4424
934
1893
7497
737
2217
2395
7173
2775
8109
7142
3336
2376
3986
702
1869
9252
5473
5771
6821
8412
1885
3361
2546
6390
3036
1350
4130
6925
7756
9844
5286
3573
4900
5049
8046
5117
1224
8619
3060
1293
6776
7306
4113
431
7910
1118
383
3146
5394
4255
5485
1401
4739
5364
6728
6330
4884
8531
3660
1714
2745
102
7239
141
7005
351
678
2484
5466
5106
4255
3496
4467
4721
1673
202
7329
1525
3340
3629
3912
5559
6113
3363
2214
4655
1477
6771
4664
8724
2768
4284
3256
674
7084
3636
9078
6986
9588
954
4146
5379
6858
8297
1636
7006
3205
4637
2744
8791
214
9584
4425
2455
1237
3229
1625
2775
4461
5174
682
6047
8256
897
3292
1676
2824
4397
579
7647
3164
9298
4948
1458
251
519
701
3879
359
3661
4366
7625
2033
8792
6424
6611
2798
701
3760
3199
4947
1863
975
6566
5154
2004
9145
3046
2368
6429
681
787
2706
6610
8549
340
3204
4115
7331
4430
2117
460
8824
4766
7378
2088
8408
575
4254
4342
2512
283
7563
3193
3931
334
3304
3689
5268
7046
6695
6711
4697
5207
3322
9693
1593
7212
7161
8980
9578
440
498
15
9721
778
6349
8565
399
1502
7419
76
9164
4783
3195
6625
6738
6027
1496
6852
6673
6432
2851
5263
9146
6370
3160
823
2275
2382
8383
5020
2918
8616
7682
3451
4566
2769
3510
8786
703
2661
7032
963
1272
3184
8837
9266
1720
1649
9189
8664
4962
9190
8710
2506
9135
5975
9537
6068
743
4815
1850
1695
5979
6164
3273
2866
6370
5656
1632
4452
6749
3848
57
8447
7145
3601
3646
7376
6721
6771
1316
4347
8190
8014
3796
3852
6396
3129
2455
200
6697
3153
4030
9298
5693
8798
1084
2937
3505
3538
9824
671
2877
2410
9890
6644
4914
87
7593
6769
7969
966
7847
400
6230
3627
8354
648
1412
2573
2192
6759
9918
6874
3758
4744
2320
1275
9837
8405
5992
8547
5978
86
9620
481
6360
5270
1672
8916
3611
4038
4284
9998
1972
9099
672
9201
6580
4707
7949
9895
751
7541
1770
5054
3871
1942
2951
1311
5026
8328
3690
3583
1969
3261
6163
6335
8749
8441
30
3278
5992
8694
7413
5631
7629
8912
9535
389
9054
5536
8025
4618
3736
2519
320
8783
8117
1136
7592
7774
3053
7176
3755
4283
7642
5513
5249
6553
2727
3057
3801
3593
387
4354
8178
1308
9992
3475
4616
3866
3923
5748
6718
411
1504
9311
1156
7555
2467
6473
9253
4027
9108
9031
7984
7578
2952
6350
8545
4195
2185
2931
6508
823
66
3553
629
3211
8264
9192
8126
4068
8920
2818
6334
3167
9785
4850
1818
4013
5486
4438
1907
8379
2859
7691
4141
4080
8080
9823
9863
2240
2279
1681
907
6238
7542
1605
9315
4606
9538
7875
5734
6679
9680
7951
5950
9720
4313
4836
9095
4306
4729
8618
9063
9682
5172
3526
5284
3410
2518
3024
5334
7637
3733
5024
3099
6049
2342
4082
8080
7210
8488
7881
6067
3960
5936
4255
9378
1738
5602
9849
7231
6804
4090
4393
9123
9908
6180
8126
8491
3347
6718
1847
356
2374
9159
8996
4943
5204
484
6061
5745
9618
5551
7580
7561
6826
6844
5541
2142
4971
570
2902
1829
2089
7298
1849
428
9301
4496
6518
5350
7335
4603
3941
8083
9751
9826
4050
8363
2412
1988
9561
7784
4508
6348
1921
4477
7826
6888
5253
5126
5293
3492
3773
9133
4692
2120
6843
4150
264
9531
8113
7128
8642
1218
4481
5769
8620
2680
492
7012
1612
9164
5467
1241
3850
4994
6732
2146
7218
8215
2628
6158
2821
837
67
1820
5290
2718
9238
9445
2882
4968
2533
9141
9097
6774
9932
3336
936
9455
9799
7118
4680
206
2695
4826
5601
6901
705
3149
7376
8958
6022
3929
7543
8399
5997
6773
1134
5417
4811
8349
6471
1694
9557
3314
7311
428
7341
8037
7281
3450
9976
2043
4228
2638
7376
2110
3813
4521
4181
1777
7327
2576
2654
9725
182
3128
2605
6412
324
7100
8929
2929
6411
6462
9493
1826
8777
8568
2693
5124
7577
4749
7729
8738
8453
3010
106
1801
5753
5282
5610
5906
9396
5890
9168
1484
4584
1714
9112
7542
2688
2540
250
2183
5249
8141
3897
6250
1673
125
7371
2585
596
6637
8344
2484
9854
1835
1451
3006
5155
2597
1173
3381
5985
840
1313
2972
735
4003
5827
9286
1799
6125
9706
241
1662
2528
6836
4941
5621
1808
8273
1080
8792
8812
6831
9895
9523
6688
6452
6499
8821
4340
7611
1341
8460
1413
5381
3519
5792
5870
5472
4769
2524
9811
2358
1621
6518
4601
6508
7807
8720
6837
9675
7124
4487
4384
6908
2911
4489
2291
923
3802
8420
9941
1726
8303
633
1342
527
42
7503
2327
4197
3770
1603
2769
49
7781
4093
4894
916
277
4015
8063
7822
2163
6934
3659
8417
4686
6035
8761
8628
9576
227
9531
7699
1758
6234
7223
6500
577
1983
1859
1941
2774
241
5372
3984
8022
5799
3298
3088
2754
596
6356
8190
3256
8969
1843
6228
139
9189
5094
8482
6289
1000
6170
3903
7710
1941
2275
487
9272
245
6644
7891
3288
5944
4999
6471
4396
1767
9689
6708
219
8597
3493
78
6006
756
7995
6759
7431
7907
5261
3466
4073
2613
8374
4564
3028
7901
4583
2077
1827
9077
2000
5429
7428
30
6055
7993
9067
2242
5640
2228
3667
7061
2089
6450
8035
2314
6008
4912
2360
4002
7795
3199
1924
7423
1124
248
4195
6647
2455
5449
5222
7155
9002
8381
6495
5319
8160
3450
7703
5068
7409
6916
8047
9353
9074
4879
6705
5841
3324
9698
2738
1765
5276
3766
3142
3338
8118
1293
8064
5861
1430
4272
2485
787
101
4065
6684
7733
565
79
8708
6505
5690
7272
7569
7796
4452
7385
8213
1403
1677
4736
1079
6464
827
131
1299
1369
8866
889
9822
4941
8409
3013
676
6776
504
3172
5087
5262
4491
3596
9558
1916
3669
916
6448
8554
9029
9363
6339
9596
1789
3808
6478
3000
997
1464
5855
2898
6075
8527
8497
8114
7556
9885
4982
3160
3476
4554
4717
7174
5462
7908
4384
9659
4680
3420
8077
3039
5639
4962
2687
410
1170
5861
1128
192
5645
8940
61
8599
4357
3906
1438
7833
9546
9036
497
8820
2366
502
4282
8015
7209
3052
2312
2136
54
4741
7758
4968
3822
3177
4701
4455
3983
483
5915
3468
7736
1841
4051
3309
8164
1224
3625
9189
7184
3429
5511
3683
1147
6926
5224
1743
8281
1159
9744
3831
4548
4113
3863
4072
9887
396
2337
2169
4008
7421
8075
6016
3914
9915
2915
5384
3868
1204
3252
3658
1658
9676
3565
6024
7886
7669
4333
4281
8330
8890
6110
9902
4932
7381
5243
8035
9470
3793
879
97
8738
1977
4267
2673
2151
4863
9971
4699
8370
8105
261
5756
6923
38
3239
3062
8634
4671
7389
9857
2639
8840
36
4703
5084
8197
5326
2030
2783
4682
7818
9494
4799
2682
4655
2402
1122
5361
1365
3259
1720
7997
320
2672
1208
8951
6697
5026
9782
5792
1899
3068
3629
4582
4263
8048
8830
710
2453
2956
8709
2731
8456
2123
4517
2964
5356
8103
8544
7572
1278
1868
2756
7539
6216
7625
9221
1314
7863
6144
1635
1308
6411
8365
4120
1159
9355
5859
6592
5306
3123
7505
645
9321
3931
4723
6502
6043
4469
3941
2052
9197
5890
8338
5097
4975
2945
5387
3365
7196
2053
9108
3174
8071
9730
7032
403
3680
8724
4220
6133
310
4444
8577
9427
9863
6088
9747
6440
4755
9182
7423
1747
7247
517
7297
2507
8805
1968
6939
7549
3704
4295
113
8980
1397
8595
8881
723
2309
6102
4865
6161
383
4773
9297
8002
7978
4772
4751
142
6368
236
761
4465
174
6459
7884
9086
4201
1048
9931
817
7738
3697
1836
2863
7322
9859
5085
3436
1705
2693
6068
8633
1815
7202
7012
1303
7813
3713
1706
4093
5974
8274
9687
3361
1968
8312
7641
8007
2511
2317
8289
3572
3336
2854
8057
845
6234
3701
319
3409
4160
6517
2154
7551
3587
7717
1374
2453
1741
8036
6858
8135
2169
261
6142
2744
598
8287
5097
2376
3098
4980
7617
7275
8003
2364
6092
833
6057
5117
5915
9047
5295
5209
6519
7289
2616
9733
5107
7826
2678
353
3073
3074
7661
9672
1121
6458
3847
7350
9507
2759
976
833
6093
5913
5410
7669
3577
3535
3035
8208
8806
1073
2634
8311
6223
234
8408
3283
1560
5728
2595
9292
6516
7584
5814
8512
1396
6107
4068
4175
3866
9527
4884
4422
8475
4467
6246
5607
3187
4540
7604
5089
1475
181
6740
177
9845
5718
25
725
3184
4755
6601
8505
6631
4631
4825
4048
2747
4590
7636
1056
481
1052
2235
8730
9231
2797
7206
7748
9823
3162
4216
8549
1222
1028
1457
7917
4334
2865
1630
3326
3967
4016
507
811
8685
8138
1480
1020
8011
6775
5081
3035
4429
9434
727
9134
9595
3819
1780
8033
2897
2463
6252
2975
6915
5925
486
9949
7822
3775
8458
1651
9274
1259
9373
7416
9628
5389
8904
7625
4343
5484
8615
341
3074
2886
477
200
7541
2640
116
7202
4045
8605
7586
3491
4111
394
9415
4998
9545
2388
2323
8727
6804
2743
7780
4018
8262
4405
7533
9674
8003
7311
6835
3106
900
2130
8353
8859
8832
2561
7051
6923
7926
9754
9247
2550
7661
3832
5847
8060
2211
3813
1179
6063
7793
202
2836
1999
7919
5156
8316
6771
244
4708
3024
4918
4870
5220
935
2300
4640
7569
3660
7200
6690
9721
8263
2844
9041
4754
4987
3283
2287
4741
9992
5150
1093
5893
2560
1089
9677
224
9015
4905
7885
4257
771
8661
5101
6367
6979
4958
3082
8997
2524
9701
5763
1967
5119
9559
8464
4910
2502
47
2738
5144
7549
4520
2901
159
1597
2525
1843
8476
4627
2688
1474
3896
1296
3763
3357
7783
4858
2918
8945
433
4751
8957
6829
4830
1641
7069
6173
1373
13
4196
9216
4834
2686
2418
2196
6250
4062
983
6340
6428
1845
9546
6248
6349
7146
1396
2266
3648
9502
2951
2057
5032
9640
5022
9558
1580
3851
2258
2300
7766
5155
709
6813
5767
8350
3951
6295
7531
4664
5235
1237
7908
6687
2286
3377
7046
3141
955
7896
4382
6212
2485
1958
1903
2588
1162
9440
6283
3479
7817
7665
2379
8861
1400
268
8267
5075
3044
3056
7493
607
165
3001
1528
9831
3341
9555
2693
2743
3550
2106
1285
3840
2453
2029
8666
9278
6663
4513
849
7970
3814
305
2721
2622
5935
9330
419
9456
2516
6853
6733
2581
3985
2198
2813
9567
2941
5922
6110
1665
2431
6373
5946
9431
2010
2881
6605
5282
9255
6298
593
1041
302
7663
2507
267
9776
5683
6658
7577
3427
249
2615
321
4107
7022
5893
8941
9442
9792
6438
5977
2884
925
4608
8715
4249
9542
2939
4782
3599
578
5567
6310
4548
7087
2238
2424
8957
7859
8715
4386
1734
5793
5078
5349
8087
1222
5398
6867
8846
9507
5473
9331
6479
5350
11
3346
4725
1553
8392
99
9267
1436
5824
2311
7420
8469
1406
3736
2731
1238
5764
7071
2320
9055
543
7349
7944
5266
5075
599
2632
190
5731
3730
325
867
5487
462
5570
6981
4714
7656
311
6075
7030
4215
8043
6950
5103
879
3998
623
2321
2500
4934
6249
198
5974
7540
1078
6736
5947
7457
8038
3823
1195
8666
2185
2880
7109
9589
2054
4659
142
5279
6564
8135
3417
8548
6821
4148
6034
6650
3443
9940
1493
1147
4034
5438
5324
8045
4486
401
2373
3999
4701
970
6385
8658
6556
5426
1577
1826
9992
3687
6060
3279
6811
1270
2771
6156
1975
8673
1285
5299
806
5730
8918
3091
7551
3100
7514
936
4885
2874
9480
7798
8313
6936
5401
4033
3360
9994
6896
4763
1120
9788
67
8731
5652
54
1560
3590
126
6172
2939
2733
252
2896
4267
1587
7811
6084
3509
841
8152
3184
4855
7336
2846
7580
8375
3755
3465
4155
4764
6406
2993
2996
3274
278
578
5550
5307
9527
3712
5703
2185
5292
4472
6209
1704
6863
9330
8361
6560
4277
2051
4438
7784
7788
8574
1243
1886
323
6538
4504
1763
9287
8159
8579
2707
5814
4874
1551
4258
8194
9968
9270
1202
6916
783
3161
6945
425
6992
7952
5743
5278
6905
4432
8766
8339
63
5096
5042
4143
840
1703
6007
9649
7471
7215
5186
6941
800
4830
1280
1835
9443
7599
8314
6392
341
988
906
6951
1266
4413
5752
5288
5936
7266
1389
2483
7012
328
7400
1058
839
3932
1358
9320
3603
6938
4844
497
1720
3776
8569
9623
3820
3892
7655
8942
5150
2078
1944
8957
7371
7939
3004
3465
7210
880
8
9184
5330
2703
5827
3247
7435
7065
7739
5056
1201
1272
8821
3284
1093
8328
2704
6601
8399
2121
6106
5464
4126
9843
2157
6206
2671
6503
5442
9476
8908
2078
5189
7821
3899
3025
2392
9643
600
7859
770
2463
1693
1711
1072
2795
5005
1961
3099
8262
6720
7764
6522
5995
5064
6496
1470
8718
2611
141
4987
1309
1737
8288
4007
6846
5093
8257
7547
7946
2609
2095
1030
1846
1081
2033
5297
3034
2498
6858
5277
5969
2548
4823
6457
7435
9185
7768
5647
3570
2170
568
9918
7207
8183
8699
3650
4328
9219
788
2447
7921
8411
4656
7357
7707
9707
8610
5037
2677
265
4636
7290
846
8461
2726
8587
4413
893
3182
9381
9069
6680
2413
6381
1928
7144
242
6234
3150
2714
9293
6697
9938
8346
7402
2346
6641
2279
1735
9240
8336
8917
1220
2166
7570
5586
3975
9349
3475
5392
8552
5202
8947
7345
5312
4412
642
9057
1193
2323
4452
269
9505
8748
2098
8001
4513
8369
4285
6223
6580
1477
4751
2540
6455
8773
144
9796
716
9386
8785
4222
6042
9227
3929
3418
9380
9328
3514
4518
9620
9313
5727
6112
1172
6316
708
6774
6313
3910
8786
8425
2349
3561
3606
5360
7719
8715
9596
4601
2073
1151
5485
4314
1862
6373
7090
5302
8846
444
4404
6219
7559
1224
8098
3815
2217
399
9470
859
2583
1357
2501
5816
2133
1991
2104
3590
186
1772
827
500
4179
3848
1034
2953
6001
2402
1059
8089
1761
4229
8228
2499
5575
780
2722
6199
6262
7414
9187
1301
3405
6874
9273
8000
6241
6100
1115
3314
1075
9004
4081
8185
2590
120
7868
4495
4176
9096
2527
7783
3410
3839
814
7859
5750
3585
3666
4579
1932
2248
2534
5528
5729
913
8994
8198
948
3491
8353
4615
2310
8175
2865
1997
6590
9955
8502
6640
9110
6249
7915
9717
6613
4973
8230
7791
474
1067
39
3647
9314
4006
2189
423
8534
6214
3285
8109
6004
1769
8560
6219
2712
6842
7439
2626
470
2814
1133
4815
4039
5851
5274
5318
8430
819
3200
2459
5190
111
6228
7456
5226
8087
1178
5111
64
4557
3861
7449
1330
1209
1418
4480
1291
2223
6512
895
2923
3325
8502
4353
8247
6736
4640
6222
8480
3318
9104
106
1406
8623
4221
1032
5768
13
4835
2573
3539
1130
134
9166
597
2776
1876
8555
8197
6035
39
4549
3537
8723
2787
7002
234
4254
4754
6050
8000
682
2953
8370
1910
2384
391
2285
8642
8412
1322
1098
5059
9409
9629
4865
3983
1673
2802
3311
2296
7050
1048
4250
6459
933
9177
9950
3045
8391
6211
4933
6049
6898
2305
7205
5298
7830
3413
7651
6250
7881
5524
805
805
2710
3038
1317
6053
1649
6392
2194
58
5913
3160
2577
222
3910
5468
1760
746
689
3816
763
9288
67
9258
1480
7303
3414
8539
6140
2356
39
5285
3632
2908
7197
6555
831
9994
8484
9674
9718
8238
1202
778
9518
2029
218
4928
6358
4367
4207
3604
6840
537
5424
8521
4366
5895
5954
174
6318
8454
4603
7233
1233
1787
6154
5339
3649
7092
7877
4300
4608
697
1530
4035
9094
1853
167
6009
1218
9927
6613
6235
8945
7384
4622
2435
6621
5080
5567
7282
2620
1106
281
9548
9866
9864
8290
4239
4081
2436
9816
433
9988
4429
3350
998
8939
4642
991
5451
1721
6870
1990
2354
5289
9576
5920
2890
8551
3405
9234
7913
5419
764
6756
1609
1423
6454
9319
2237
7026
2353
9106
5743
1510
7024
7496
6391
5491
6800
5078
1754
6062
1168
3880
1612
7525
1870
5227
3731
3409
6442
3885
1162
7726
9674
1905
3294
5110
8378
1102
7929
1753
6173
6023
7672
7945
8740
4277
9467
9426
7258
2705
6633
9159
6250
8798
4606
8407
2957
1698
6530
9695
6948
8949
8230
233
5022
9155
4797
7009
1878
6764
6005
8776
8781
8666
3522
1474
4255
7170
1909
9402
3636
2051
1438
1574
8598
7468
9291
3221
2554
3242
2251
6772
621
8543
3635
7456
4700
7374
6108
4901
5664
6195
4664
9525
3988
8960
3807
5973
1732
8833
9610
9713
1236
4545
1419
3792
9162
9110
2199
3266
105
8471
6289
5750
8731
9341
6469
1399
2906
9959
3357
7318
2555
1064
3187
1812
439
2236
1540
7702
3319
8312
4349
1771
9820
1262
9685
8345
6985
3568
4135
403
1517
6668
4810
4615
7280
7285
3550
1731
5642
9282
1174
8792
8602
2096
3164
4439
2810
3171
4917
1288
397
681
2051
2074
5937
5471
1585
8916
1223
142
5134
1898
347
1501
5401
3100
5618
7258
885
2536
528
210
2857
3807
9876
3149
2583
9380
2016
3544
6742
2577
1880
5994
3775
9556
7622
7048
7009
9319
3496
3188
8625
9853
9719
2751
2801
984
1716
1471
3355
4760
5697
876
2907
5182
9546
5685
9095
5918
3422
2576
4555
9603
8350
9726
1397
3996
7344
588
426
6612
640
5494
1891
9167
452
1782
1399
1537
4187
5546
1782
2409
8401
6164
80
1162
5217
26
9680
1418
3112
2862
8440
2195
8161
3592
1562
982
7331
8783
1536
448
5779
1128
4104
9269
8167
8677
7520
1097
4489
8574
106
9022
2708
3852
7388
583
6686
3490
4070
410
4865
1591
6705
2404
455
3150
3249
775
2194
2199
3654
8447
2630
3230
6069
6018
1188
5824
366
2037
467
6414
7098
6139
7853
7131
4386
1208
6643
4239
111
8420
8030
8174
6665
5452
1908
6707
7390
8178
4066
1861
1778
3204
2716
1404
8349
1146
3646
7757
742
9977
2910
4512
3738
5572
145
9763
7352
1683
2630
7543
5452
4236
563
3640
6822
3261
1194
2906
102
7259
3015
9759
6615
740
5689
5814
2181
8225
4922
8253
4908
6264
1421
3815
6062
6494
4707
5864
5393
7594
8410
589
4963
9620
8371
904
8730
6748
7326
5033
8781
7079
7396
3225
5592
7059
801
2640
4048
3340
6172
182
804
120
4388
2567
6251
3500
2537
1391
6208
1026
4707
5796
2583
7346
6307
5043
6619
1517
1109
1283
7349
1320
2190
4518
3355
4261
2424
7310
467
2414
3063
3420
2930
635
7319
8627
2965
9619
8340
107
7915
6110
1254
2946
7949
6793
8167
9853
347
7843
3170
9868
4373
9060
9033
6875
8418
174
9427
4372
4544
2299
7488
98
5129
6550
3386
1185
2623
4758
6395
4225
8500
9012
5365
7914
3000
8813
9154
761
1519
419
6056
9272
4782
3775
6120
475
5666
7665
356
9735
8158
6632
1835
1581
3791
6828
578
8404
2637
8152
832
8453
6064
262
7366
2800
9708
7091
5593
507
5771
5089
9261
6043
9062
7259
4272
2043
7712
51
2609
6025
5086
7336
1291
8176
839
9955
4706
5536
996
9088
296
6010
5747
2345
8892
215
9550
7950
2640
105
9027
8049
7365
5849
1584
2734
4757
5310
6686
3608
7277
191
8822
895
1541
576
8900
5789
5373
5193
6039
6079
9734
3589
3665
9761
3451
2357
1394
2194
8170
1748
5339
7575
9346
3958
6273
6379
4218
5113
2065
6052
6220
574
394
9329
8012
9569
7211
1679
9561
6323
7178
7979
2095
5449
6846
1506
9047
6125
2074
4324
4796
4306
4359
3622
7370
2630
6012
9943
3940
1408
9053
6715
4818
9048
8157
9587
7814
9238
2401
3709
7353
8050
274
8135
8919
1051
3694
8863
9284
2211
8092
3910
3465
1575
139
9012
8495
9693
7622
837
2695
7862
4757
8224
6947
4402
5843
1288
7813
2899
2712
3275
4338
2218
306
3175
834
4526
8565
2781
7606
7403
6348
2462
5190
1350
7930
2131
5047
4975
4098
601
8518
4015
335
1512
8340
9841
3393
2884
1757
7245
9941
4204
614
9039
9647
2016
2355
4166
3351
4800
6242
857
5997
9744
4359
1860
3130
3111
8725
1568
8900
1799
3942
4720
110
1639
9463
903
2394
9819
9891
2744
1980
6965
3899
5909
9164
8805
6718
5385
5879
4860
171
9121
291
5582
3824
3476
2813
582
7965
6708
5617
8691
4746
9501
8421
4928
7730
4682
8083
5570
3019
4951
9425
3418
3699
272
7502
1370
5833
5577
8027
9829
388
9591
1299
1134
7924
1435
4824
2
9987
3023
3324
8098
6760
3785
3450
7049
6392
7692
415
1164
4601
2206
8327
8783
404
5653
5080
3604
6614
6234
3349
2686
7476
3663
144
228
3640
8428
6752
816
4204
1157
5562
4167
1586
4520
2415
6052
1005
2339
8866
9341
6352
466
3364
375
1105
5382
862
6182
4330
4945
2666
9596
124
2909
1887
2738
1567
9964
695
3428
4907
58
3934
5095
1324
495
1049
694
1766
7442
7377
3546
933
2759
5259
856
2910
3144
8309
2980
6792
5585
5518
8579
1137
7525
7683
2766
4894
1487
4146
2162
723
7699
989
6452
6683
7858
7148
9507
2341
3708
4783
2502
3675
4016
511
4724
2992
2031
5984
2178
4741
5823
4038
662
7448
9819
9008
4251
1033
3672
5029
5342
1594
8642
5833
2820
4211
4932
6508
8542
112
567
4448
8677
5863
402
7142
7312
1657
3247
1811
3061
6597
1743
5524
8859
435
6195
9979
2205
1252
8539
836
4187
2515
9212
8905
1563
1384
6826
4013
6221
6553
9830
7625
5979
4349
496
4626
9039
7567
621
227
8447
2235
4371
7436
4340
7432
5122
7143
7865
4722
9277
5698
6814
2915
5862
5950
3963
8925
1911
627
7922
1734
588
478
8637
961
31
8904
1095
5029
7339
4868
1879
4780
1570
4612
4902
1770
1834
3849
7570
568
9938
613
5771
3740
4914
6702
9322
9351
9168
5538
2146
3546
9183
4018
9310
9062
6594
636
2858
1679
8623
9433
1374
348
8046
8079
2389
365
6192
2900
156
6217
4253
656
7029
4771
6325
749
187
9913
9160
7854
1824
3625
1346
7705
2851
848
4366
9474
7101
5537
6619
6918
7002
6878
6396
4337
8884
789
9160
2028
9835
9162
7154
7238
8738
1405
4228
8222
5011
8936
1284
4394
1794
3672
8473
4887
9422
37
6934
2526
452
5967
5700
7967
5022
7271
4255
7869
2681
6695
2439
6710
9476
7727
8934
8173
8852
2605
3377
1333
5588
8568
9240
4332
7770
5625
8775
1217
437
7047
143
3300
5410
3198
1871
5705
6782
2426
4363
2489
7606
8262
5775
9445
1130
9835
3997
4663
9696
1031
8738
7895
6516
5388
71
8854
6077
4002
3506
8427
4795
1339
6669
9432
3037
2688
7982
4280
3247
4125
7222
6727
2128
997
9318
5438
609
3491
4954
8809
9641
7039
7321
2167
246
8250
9541
3341
2991
5862
5357
136
3477
7316
4274
9133
2599
4283
1303
8350
5220
6866
6401
764
8170
1322
3518
6628
7550
5259
9554
2631
6309
6746
7756
5801
9695
1395
6615
6326
2131
2809
6396
3148
6069
7255
9445
9945
7429
2690
2301
6418
4609
2253
6707
7532
5114
5096
7852
9419
3044
1398
6472
7477
3110
3018
2925
3410
2802
5630
2384
6243
6063
5215
3715
7003
3073
504
5512
3502
5850
3689
2131
5909
5034
7875
8509
6987
7282
5635
1557
8744
183
5113
5825
8727
2849
3237
8578
1877
3699
2061
1749
7929
9461
9420
3670
4555
7436
3482
7232
9090
1964
6948
2287
5757
2660
6840
6694
2925
1895
6560
3179
5134
1099
104
9488
3585
6554
7277
2302
2407
5830
1189
490
2316
266
9861
185
4445
4443
5826
6080
6727
9741
8343
2947
1678
1650
4512
9551
9190
6045
353
1332
3538
7045
3063
1546
391
5589
2264
228
5499
6272
6329
2386
8448
7809
524
5296
6375
7313
8276
1996
1746
5090
6183
3493
7995
6328
2382
6751
9370
3320
4588
2243
1367
376
5993
4898
6684
885
1194
5050
5958
9300
6974
1602
6120
3392
6743
1999
4620
6562
1299
569
2679
8527
3159
3480
5816
6203
6311
9960
8717
3787
7508
1467
3953
8632
2066
7997
2310
47
6437
5411
5163
6438
3784
5245
9898
7017
2793
5563
817
3314
868
6411
506
3111
3274
4960
7753
5678
4606
7134
4834
9291
3037
5922
8165
6058
4007
3279
3975
6039
7246
6611
7278
7770
7978
8488
104
2929
7942
7270
5817
5430
7675
341
9455
8400
8022
7024
6291
2293
6953
6758
7071
4684
8795
9131
726
8032
2364
5595
9445
1041
2954
9854
8948
6085
601
7846
7896
6716
7362
5685
6216
8401
1739
5468
8218
7900
1183
4398
4106
3172
4937
2916
7382
8962
7186
4089
2121
1184
9141
5173
3186
9185
2876
1175
1984
7562
777
2684
4604
3102
3378
3052
83
135
6809
4243
6367
7952
4759
6493
6273
5408
8837
443
7197
8816
6791
8530
8593
1006
1189
9634
8947
810
151
1492
2375
5421
6413
285
9754
3418
3336
6511
5469
4973
2857
895
3073
6464
5299
4161
8892
316
591
9023
9270
9132
5885
8617
803
4076
849
5942
8252
1953
3233
7272
396
5651
7674
9966
4164
3765
7002
3507
9883
4294
1070
6595
1846
1311
1352
8670
7840
2316
332
2773
6614
1560
9911
7746
5170
5216
5405
6948
417
6298
2126
8807
1635
3679
2900
6290
9967
5683
443
250
9968
950
8829
948
3920
8594
8601
4728
4880
2628
1807
2545
5473
7208
139
5664
3506
6542
6492
3281
374
473
3216
9797
9937
9605
3518
1326
2063
1032
1327
3433
2017
9345
6233
4326
3205
7725
9786
323
2016
8665
413
3590
7003
3762
5452
5401
5464
9432
2099
2528
4239
3697
3453
5606
8681
6266
9773
7765
136
3031
5306
7701
2689
3932
5320
2059
9879
2852
4063
5203
501
7166
3770
4185
6904
6840
9791
5104
9271
4068
3798
9301
1872
4423
7575
2830
6560
3840
8020
6620
7518
7046
32
4608
7044
5114
9067
5834
6363
171
5740
6044
3490
9384
6794
8669
6332
7424
9078
2969
4339
9045
8456
710
1772
7551
228
5649
3577
4717
3433
1191
3444
2935
4982
9104
3007
4511
265
5045
3829
9685
3398
3090
9836
7433
4720
8743
8058
7292
6631
6392
9457
9503
9774
5412
953
653
9239
7139
3432
4901
3454
8313
5680
5263
5135
4791
8677
1279
292
3600
137
7575
9199
2537
6934
2567
8736
7418
7560
2288
7924
8673
8260
4391
6059
918
105
5237
8372
8312
1410
6490
5591
6822
6532
7905
5054
1307
6074
9551
2225
6688
7499
997
9533
9445
4581
8262
6048
7451
4760
898
4787
8056
8529
6832
532
1629
4561
3242
1247
2116
6074
3186
6089
3299
6662
9219
5065
1294
6787
6114
4804
281
7791
5379
7731
1930
6252
4408
4306
5261
3536
3348
5431
6209
5115
2686
3405
3376
7718
5185
141
4220
5525
3088
4696
5028
7560
663
4995
5030
1348
6380
9776
8718
5832
6037
8933
1293
3151
8899
6827
6629
2690
2379
6484
8096
4807
4918
9194
2337
2266
6110
545
7810
5574
4649
6664
6588
7359
5986
1905
2757
3215
6130
1050
5028
2204
398
5271
5184
2851
6794
3118
7750
1987
7371
8159
3177
4952
2634
270
7620
2818
4133
606
6251
8961
2623
2732
7312
1664
8456
8085
209
139
1543
9925
4862
4846
8195
2253
9544
827
7825
192
1845
3303
9064
7898
3408
4834
1216
8478
2014
8226
5849
5386
5035
3659
696
4457
7779
5005
5004
6693
3597
2009
1231
9430
9521
3841
8616
5468
8985
2939
9469
7301
9238
482
469
9739
7034
7162
1836
2045
8146
9886
2575
5992
8887
4103
8823
4818
9066
2731
2884
7651
7788
8671
9518
1089
3408
3226
3664
3078
5944
4328
7665
4288
9340
6072
8375
1333
6601
4195
1936
8672
8229
9609
3451
9069
4641
6922
3473
4172
1032
7165
6066
3893
7604
7057
649
6201
2464
4093
5649
7697
4631
3974
4865
5126
699
2301
98
6684
7234
2098
5106
7691
4747
2665
3841
1979
94
5943
1769
5131
530
6089
6859
2462
3240
161
4243
9684
676
9311
6413
5808
108
1896
4657
475
8360
4341
3530
8308
8185
9114
9333
1921
2839
4033
7077
4695
4979
1826
3939
5491
8779
1714
2674
419
7868
2390
3569
4643
6625
6834
5289
7639
4041
2962
6678
9202
2935
6867
5267
9697
7475
9135
878
9544
8222
4292
5018
214
5202
5312
6019
7383
7720
2107
8957
8438
4771
3345
5061
3165
4458
859
1369
9867
51
5224
5267
5152
5227
5741
5552
9912
9682
2742
8287
6609
451
7911
7493
6139
1105
9813
8158
3532
9996
3114
910
3677
8547
8808
5125
5252
4084
877
976
3358
4927
7439
172
7465
680
149
2246
3067
6955
114
1342
4035
5242
6575
3258
4794
8850
323
6823
1621
7100
1649
4090
4922
6783
4623
68
2909
9314
206
4868
1174
5647
9483
7478
9792
9380
817
9849
1712
1283
4936
1775
4416
3209
7614
3485
2743
7723
608
1666
3879
3852
1510
6501
6067
2971
600
6967
6971
5225
657
5223
7701
5113
9119
692
4010
6816
3267
5661
8746
5388
171
6212
8732
6705
8425
5826
599
5150
9664
884
8422
3743
5963
1442
5515
3547
4634
4832
6371
893
4921
5070
3713
976
4367
8410
4586
6563
7968
8293
3229
7724
3071
7379
1933
9320
2340
4652
8588
7505
2678
6639
5813
7913
5429
7271
8502
6291
3990
7781
2857
3921
5916
5612
4317
6695
6815
380
2854
7358
4716
2375
6621
7845
9353
6447
3941
9954
1427
9168
1596
8759
1270
2634
2921
2287
7608
4262
8872
9079
7762
8377
9088
1289
9372
5175
1886
3124
9588
1903
6655
4808
6603
5733
3727
3181
5532
125
2249
5075
2506
402
7129
323
1061
9974
4566
2805
7160
2036
4838
3643
4738
3921
3949
1994
1502
3345
2822
8537
6386
7574
7884
194
5393
1699
421
