607
227
240
594
473
136
47
215
250
529
564
461
369
272
92
98
451
172
402
329
339
98
189
166
434
539
668
548
336
99
5
252
44
226
477
197
478
462
345
13
125
276
243
147
573
412
517
457
110
60
180
422
156
460
298
286
276
462
656
27
463
9
146
21
499
84
464
608
694
445
150
181
56
419
38
15
217
561
174
569
367
48
366
654
306
249
227
240
229
637
290
93
341
67
480
480
406
616
694
289
526
225
690
405
535
548
12
257
97
296
463
600
37
37
512
592
289
121
402
358
431
574
109
315
42
84
365
673
608
562
662
146
498
149
164
495
418
410
189
424
490
453
380
88
628
30
563
565
106
512
637
234
608
149
281
129
244
446
175
416
633
627
672
159
209
247
266
157
625
2
61
533
592
288
633
340
139
352
381
104
184
37
590
411
611
277
486
386
566
579
479
333
524
471
188
90
516
310
438
618
496
170
129
92
390
657
65
236
132
270
341
510
336
266
278
417
659
366
529
551
534
441
161
321
3
320
451
173
238
425
100
115
400
498
128
604
357
660
293
356
482
304
368
199
158
505
272
425
354
53
477
324
68
374
692
683
385
345
232
208
440
601
422
10
131
613
82
522
344
521
153
536
129
51
512
563
161
548
667
281
395
609
407
688
421
271
349
691
238
627
663
465
681
15
266
293
34
531
52
641
472
699
217
517
245
239
540
169
29
641
582
43
181
590
129
592
601
88
540
305
646
304
345
606
194
433
670
502
105
241
512
243
488
240
164
73
186
146
24
662
495
501
42
526
498
197
501
416
495
485
221
533
345
224
529
11
282
652
600
79
661
670
613
662
329
390
472
174
640
50
564
421
59
360
667
578
401
633
183
159
484
682
172
287
435
597
187
230
506
584
148
399
288
118
376
182
219
519
59
331
291
247
369
259
76
414
228
367
378
279
581
674
143
91
320
340
456
77
151
177
657
345
60
570
687
598
631
532
597
1
262
232
683
536
502
224
367
391
383
173
17
350
677
12
193
512
355
274
540
384
638
500
108
291
78
29
611
354
676
620
583
349
444
249
248
697
444
647
119
227
566
204
90
583
94
63
37
448
411
227
435
245
539
568
31
9
479
38
310
580
38
658
562
103
147
687
186
211
477
298
665
69
166
329
57
601
24
20
495
305
332
642
437
608
414
393
37
57
655
699
382
30
542
493
106
643
481
268
513
489
423
326
160
115
555
11
474
164
500
30
29
129
652
639
258
690
680
655
550
305
94
543
465
376
250
662
18
385
103
154
505
539
357
118
485
347
696
685
517
385
297
515
505
49
557
179
410
59
208
541
695
275
123
342
101
373
553
112
570
597
476
624
206
134
140
544
143
659
315
462
590
535
459
388
159
470
473
260
97
105
226
48
212
337
563
128
112
81
315
241
299
630
174
182
0
30
599
248
235
205
46
631
357
630
654
232
544
486
377
680
148
506
474
96
388
400
674
93
636
5
49
546
609
90
567
660
276
225
294
556
80
154
294
609
486
339
279
285
27
170
276
386
505
458
205
196
436
13
184
209
408
32
466
570
527
276
252
75
216
85
145
210
11
374
114
461
365
622
365
316
