784
159
46
464
698
632
192
186
744
864
450
825
278
619
856
108
392
914
349
299
499
232
862
201
953
781
223
790
600
236
7
197
630
519
290
564
828
786
651
570
811
797
660
139
871
43
148
46
126
39
27
759
749
206
389
497
24
255
664
963
636
975
364
595
83
610
159
289
370
123
738
418
826
685
635
805
682
394
639
473
181
800
4
517
517
716
112
946
660
998
434
291
747
668
35
53
465
371
952
361
761
775
23
726
289
772
204
459
954
637
231
658
817
610
771
464
321
735
341
337
874
798
87
937
378
911
368
149
510
518
138
696
686
938
256
706
427
894
530
338
917
601
862
628
581
64
373
597
435
354
271
915
125
276
124
554
117
107
824
561
582
775
753
635
851
72
48
938
532
352
618
13
405
159
570
466
917
494
69
263
280
187
442
426
625
971
52
657
568
286
485
44
524
131
200
382
21
956
675
474
328
781
848
273
912
694
142
906
237
792
609
379
268
884
738
444
683
103
212
3
559
986
565
961
364
869
573
788
256
963
206
478
644
145
255
266
880
257
991
430
722
403
635
996
67
562
628
187
758
252
312
659
46
419
851
662
123
34
425
473
776
369
723
98
116
673
252
83
19
603
623
84
992
122
351
191
161
457
482
29
615
63
611
430
113
519
611
638
588
20
131
570
17
234
952
650
83
967
555
129
43
473
444
143
98
473
490
7
458
653
546
92
185
571
818
935
371
736
329
292
252
193
165
691
847
489
679
90
389
770
31
703
773
15
224
786
444
541
720
961
970
353
503
534
473
740
873
435
994
548
953
254
397
332
787
167
213
724
342
614
799
187
461
425
437
232
833
43
731
24
709
9
892
618
709
678
746
255
371
198
200
357
327
775
518
162
715
459
473
933
760
26
540
168
89
989
975
338
578
621
250
401
36
778
926
12
840
663
728
182
357
499
435
695
320
379
65
301
255
946
333
969
218
346
0
852
398
340
663
367
991
68
301
417
2
152
418
475
20
471
303
712
643
982
293
824
63
765
586
4
363
593
943
251
102
370
200
219
961
141
976
516
397
524
513
934
42
880
213
922
678
993
925
870
832
836
435
738
16
91
901
256
405
419
73
641
298
695
527
505
454
353
536
276
566
41
913
395
281
126
84
143
568
833
67
150
593
793
657
170
847
968
311
726
479
125
264
997
376
875
490
323
280
223
529
53
696
311
498
700
451
453
697
588
8
266
799
467
41
296
187
940
192
728
788
131
157
58
120
420
246
51
84
492
236
569
977
169
285
441
87
765
484
345
169
109
921
354
396
81
78
621
549
60
879
223
606
626
29
631
693
177
543
468
882
929
557
467
306
61
579
605
604
723
991
624
968
888
263
196
367
556
425
38
947
541
977
73
612
384
816
192
835
554
887
344
383
300
585
66
697
213
317
678
14
865
600
875
994
951
390
820
523
569
89
268
625
493
712
210
511
896
549
175
230
89
939
348
735
683
233
321
219
165
992
161
905
468
477
545
306
56
915
750
165
515
400
70
930
678
810
870
621
998
838
291
506
443
445
477
15
929
548
517
322
488
6
976
23
174
272
147
30
877
856
190
312
558
131
389
172
12
458
769
474
142
784
406
618
300
907
181
986
907
172
522
411
259
269
608
646
149
334
920
257
82
227
16
400
183
310
584
769
285
340
543
336
517
583
636
556
544
936
498
12
524
622
955
194
666
407
173
714
140
106
705
886
421
207
736
210
945
692
696
494
587
837
317
246
229
238
731
426
418
768
478
98
88
998
668
162
353
474
715
502
424
137
93
650
464
272
610
833
504
938
372
824
843
751
181
133
933
258
892
273
71
231
919
488
507
847
211
913
547
497
142
894
732
687
453
834
704
338
90
297
377
443
70
857
993
912
748
43
214
582
885
814
787
513
912
632
66
62
473
946
446
832
794
655
692
71
216
768
673
322
476
47
22
580
450
166
217
482
782
276
134
256
186
843
26
331
356
129
744
926
564
840
804
940
652
596
84
718
872
81
471
714
668
839
965
537
637
99
574
203
87
619
360
33
990
437
80
655
169
372
705
548
864
264
194
367
302
986
609
480
513
481
837
928
62
155
698
326
130
420
518
510
124
972
672
864
510
656
72
491
618
15
145
148
8
287
987
471
421
428
174
968
384
716
760
247
783
674
743
630
710
756
395
656
399
891
954
287
237
448
279
450
906
718
901
673
1
479
373
327
14
110
751
963
865
590
388
843
1
893
986
413
581
569
714
467
422
990
795
779
680
704
89
784
927
