1125
3366
3117
1916
2646
3499
2403
1180
813
3068
1281
2122
1433
2892
2407
3723
1895
1047
3011
2012
1288
3237
2560
3354
914
2651
1948
3054
1469
2973
2327
659
2382
68
1703
2629
2512
2968
3432
1416
1917
3626
1521
1906
2493
209
3363
2390
3302
2367
26
1710
3649
1503
3302
2116
109
1293
1427
1597
605
1937
227
3235
988
1434
3934
1581
2193
851
384
1165
2973
1413
1137
1781
3265
489
370
839
2941
1160
658
2808
1235
401
1280
1089
2890
1366
3611
2
2383
1955
1510
1202
1205
1115
2135
839
1181
1649
3694
734
433
3137
643
456
3082
3945
1400
1522
2993
3559
845
1007
483
1072
2291
228
1453
1225
3384
1807
1847
2758
3201
2773
3709
157
3190
1927
2456
1990
3606
2576
2332
817
2668
2302
1882
420
1369
3178
2566
3312
1617
3621
2035
1327
130
2017
3257
1948
590
3450
3449
3022
3866
1631
343
18
1854
97
742
1797
2461
3543
3746
3083
3535
1290
3991
2767
1626
1924
2271
2135
3936
3152
1352
674
2545
1870
2803
3169
416
438
2841
240
243
2406
3976
944
949
1289
555
3618
6
358
808
2369
1074
1986
2307
2364
3902
851
1888
3952
510
2339
1766
990
3940
189
63
1870
3252
1367
3163
1983
2099
3899
3540
425
1181
212
556
3217
245
1202
306
2217
3159
1273
1924
1538
3273
2892
2702
750
2513
306
1361
2198
1952
3811
2335
3221
1612
881
2371
3696
859
981
2301
3826
2683
3124
1931
3975
3310
46
547
1173
2243
1476
3677
3411
1120
1475
3981
2791
3259
2673
3597
3135
1832
3923
2650
715
781
824
3893
597
3409
2598
3306
63
3474
3967
3789
3736
406
271
1216
442
3802
117
3825
2307
3910
3756
256
781
2561
981
1759
1420
2113
1250
2290
132
2874
2817
1845
101
1912
1955
3229
132
2216
2952
3990
151
944
681
268
140
3231
706
38
3590
1983
3514
2028
1238
1575
912
681
3570
2317
1476
3627
1140
2969
2303
2055
466
3956
127
698
2229
3071
3811
875
1784
2752
2928
3692
3647
3607
3806
3487
2289
48
738
2100
1684
1841
3480
880
2468
1010
524
2154
1551
652
741
816
2320
2378
3951
2438
1958
2748
3492
1134
3824
2955
1559
1955
455
2951
668
3839
1624
1435
887
989
924
1890
3231
89
3318
2483
3375
2451
3337
344
3145
2738
883
2237
1703
2117
3946
3171
3104
932
370
2388
3123
2614
1336
3184
210
2252
2669
3718
718
1130
2562
1215
1435
2598
957
3541
3905
3593
1174
1985
350
2226
240
2641
3291
538
1495
1272
1193
1874
754
3391
23
3144
133
473
2196
2313
3815
789
2139
3232
2074
620
1568
3068
1868
218
3797
624
873
138
3929
1460
1019
2666
2462
2665
1631
3358
2389
1754
1957
432
3416
3454
932
901
2932
2394
3351
778
2865
706
3704
1837
960
3680
3928
2952
480
1453
3864
3225
2892
1757
3175
2829
836
3992
440
2714
3671
3330
3646
2348
1578
27
1607
951
1544
194
2323
3371
517
1077
2800
3270
1104
564
2964
2275
1781
996
2741
2704
1037
271
2184
541
3939
3016
20
2256
1763
3052
1906
2582
3776
1412
3940
2964
3330
3047
47
3547
107
3709
1622
538
2469
1118
2452
2957
426
632
630
1204
79
1840
1874
2878
1293
383
3848
292
1229
3230
1812
2930
1264
1917
2573
1280
2648
3468
3294
2143
23
3197
3294
334
2322
3648
1325
1612
785
1486
1613
488
1317
866
538
2037
55
1
2120
3577
969
1210
121
580
2123
2057
2071
2302
413
3061
3444
1881
2108
1689
1467
2950
11
1664
3506
643
1118
3497
2511
1074
614
586
1460
2341
1524
465
1608
2069
364
3526
212
2769
3592
2636
3286
3956
293
2374
2245
2351
718
2742
3
710
1604
1569
1560
3287
774
2318
656
2036
3427
2733
243
2994
601
2356
1500
2842
1352
2469
665
380
2713
395
1822
1764
3173
3107
1414
101
803
1752
1192
369
2801
2278
2290
1002
3229
3872
2436
3059
2577
3629
3499
2976
2138
1005
2232
1837
2515
1626
349
106
1747
1290
643
1619
2191
3920
1323
1085
493
1218
2943
2828
518
3541
468
1730
1847
3460
3487
787
1605
336
2929
852
2218
1025
3120
3121
1312
3851
2291
2845
1449
2636
1593
3172
409
1649
2471
1533
256
2936
1436
1051
2488
3249
1331
131
1255
2045
2933
2007
1425
2169
1816
145
3870
3956
2391
3500
3395
3131
3023
187
3696
1589
2356
2621
213
1066
3918
1160
1842
1024
1107
3650
249
1437
1666
2703
3202
2032
345
197
3307
2027
2676
2203
1354
137
2851
1120
1841
1357
3878
199
92
3083
1032
352
3833
991
2741
2210
2965
571
1624
197
1567
1759
2038
876
2843
577
161
2431
1958
2988
3450
1111
641
2180
646
2482
508
2887
460
3878
1216
3503
392
2450
3352
3765
2095
2032
3325
2319
191
2567
3645
1402
2178
3101
1992
1683
3520
2474
694
3166
2013
3847
2008
1482
1078
1093
1210
236
1491
3739
3505
1128
1514
2007
775
3662
2896
1941
2592
832
2972
2477
7
1778
3162
2215
1850
1130
2153
3530
3440
1383
1234
2258
227
3038
453
3583
1117
3552
881
2826
2179
2999
1088
179
1592
1615
3981
1269
1360
2577
2179
3515
530
2603
531
2380
360
1355
1809
2114
3142
2858
2476
633
3925
2021
40
3810
3867
3943
1882
3159
2633
2211
2239
3273
161
284
3065
1589
1505
2567
1352
1845
2544
3560
2880
18
2436
1050
1612
2999
1390
651
1280
34
2083
995
307
563
71
581
3169
2247
1752
2221
411
3358
820
1434
777
3288
3144
1381
3006
2462
631
1487
3766
1245
2819
954
15
1165
3611
2190
3264
2223
3104
2779
314
1238
2357
1182
2778
445
1220
2044
3720
2070
231
1899
2416
2210
2521
2032
2235
124
890
2659
1192
3663
3000
2479
684
1288
2529
2486
1379
3879
2786
786
1041
527
1466
149
2906
2973
3456
3410
3898
1237
2637
2676
2211
2999
1448
1452
913
2289
3309
1544
3115
3246
2168
3583
280
3884
628
3145
442
3467
3931
875
3628
1441
744
2448
1268
779
257
2099
1701
1534
3514
3194
3061
860
2728
1948
1973
3810
1444
1250
3122
1917
1751
1707
1574
2876
1096
1354
1020
1697
2143
1035
735
3570
885
3731
1213
2060
1946
1252
93
1591
1443
2943
3130
3316
2542
2564
2523
3154
659
1845
3185
2944
2697
1274
3404
3229
1073
1373
3066
748
99
2005
3165
3684
2004
1600
2504
1443
1697
2600
1526
3842
1658
2761
3815
3203
3406
297
1623
2727
1326
2021
1885
1372
2465
2701
2557
3059
3620
6
1258
3664
1051
654
3484
3451
3129
188
3913
3252
2248
2276
1956
707
2069
1818
783
2381
1275
2511
3133
3555
3178
983
2409
1332
2163
2219
12
1698
1396
2217
1151
2770
3867
185
1262
1149
1272
107
2965
1956
259
188
1882
1408
3527
3800
3814
2551
3562
2265
2401
651
3674
621
969
3916
3637
149
1007
1998
3412
2730
910
117
2134
1691
1545
1068
2149
2065
1599
1878
2247
3379
2125
2748
3044
197
2177
196
1070
3435
2967
3810
2577
1676
754
169
345
3858
2392
1882
2683
1069
1738
1085
3969
1111
831
3277
2709
3858
988
910
616
494
754
2650
2912
3495
2804
3000
2492
3210
275
2254
2437
2072
183
1229
3956
4
3933
3083
2810
694
2600
239
2479
850
2629
836
2490
3378
2975
432
218
1392
1563
3551
2639
64
945
3672
232
2970
936
1649
3978
1941
3053
2878
25
399
1488
3589
1478
3465
923
3405
2933
783
1231
3957
1386
3350
2204
1121
2544
2813
1469
302
1157
1654
687
1479
2438
2782
1356
2384
2802
1992
1799
192
2685
696
1190
460
2900
1962
1719
477
1639
1459
3057
1156
1400
3616
2984
1892
2079
1083
1932
173
2423
588
2527
489
1417
2747
3665
463
3602
2227
3482
469
2772
3970
3507
3171
1494
670
3153
1251
3769
1986
3519
980
2456
85
3543
2397
410
1323
3644
3710
2584
2853
2231
3875
3205
1012
908
946
2271
2587
537
387
3313
1970
1835
2863
1826
1127
412
705
2654
3519
397
2858
446
3002
1147
1937
3798
660
3713
166
2428
2663
1098
1271
112
2414
3538
1180
1740
997
3064
1197
809
3372
2498
820
2955
298
3437
2493
619
2382
1198
170
3327
817
842
3810
263
3927
3055
265
1751
1845
2093
3851
2172
2956
917
3410
205
51
2828
504
3760
1459
1867
2966
3749
1739
2007
2458
2931
2548
2680
1847
2509
1375
344
3031
481
2427
2521
1291
2173
946
339
2211
990
563
3786
3288
374
746
1032
1959
153
2699
3484
1721
2372
911
110
477
459
2581
2589
2903
2654
713
3736
2289
1495
130
2645
2223
2
1636
401
449
1321
1318
3621
2706
3323
975
1921
1662
793
2394
1703
3744
3677
3416
1063
2920
2631
1108
3219
76
3813
3985
1438
118
1182
2224
2230
27
2011
1870
1946
2827
2098
3978
3418
2532
209
2468
1450
1889
1828
1921
2402
2224
1122
1035
2517
3681
1338
2646
3404
411
3990
2013
31
1769
1993
1578
687
1617
1498
1780
3010
3780
3661
2211
3260
17
3530
271
1079
1525
877
1414
447
3053
841
3853
2445
3340
2073
766
1757
3655
1445
1839
238
1582
2989
3667
277
3701
2677
1146
1054
177
3853
1684
481
1758
124
434
2397
1468
1417
2381
1172
3771
2693
416
2658
779
3192
1040
698
1590
2950
1133
1119
1961
1150
2352
2204
301
1695
2756
1154
3156
551
2305
732
3087
186
467
1103
861
651
697
2835
61
3114
2346
840
2244
1706
850
1591
1770
974
3321
1479
63
1199
2949
1561
475
460
1014
2336
915
1295
1071
2112
3496
2136
3189
1826
3705
2697
495
2513
888
492
3917
340
1658
260
965
1512
2312
687
793
185
275
373
1685
2366
1989
3441
3252
814
1554
1944
66
2210
2956
106
3099
2057
534
2548
1938
1090
1296
1152
2095
249
3570
634
240
417
3444
31
720
1482
649
1572
900
864
3404
928
3106
1952
2739
3608
3773
3383
2272
3621
1451
3864
3415
1123
3431
378
105
3160
2002
1356
2766
3487
3125
3350
1170
1585
2945
3789
2406
3216
2775
2322
3767
1391
2372
3721
1564
480
3780
2929
681
2011
1128
1316
1888
968
1010
1580
3367
3690
1436
384
1812
2760
1240
3162
37
2457
3314
1495
813
3500
82
3978
2601
2513
2686
765
2384
1606
2556
1765
2664
802
3989
2144
118
696
629
1998
1901
1257
2703
105
1608
3945
2590
2051
1906
3852
3078
1307
194
1580
3224
3483
3365
3578
1684
432
3443
606
3561
327
1540
1997
1912
417
3803
903
823
1907
480
1161
2321
3036
3276
789
2602
3363
1949
3708
2785
525
74
2214
2318
3608
1008
2174
2634
1176
1130
3676
782
2507
3199
1392
52
1690
310
104
2714
1550
3204
3454
3333
301
3910
3873
2337
336
2634
799
966
3522
3335
2860
2839
2935
3438
3889
2309
1510
3480
3795
2960
1061
2750
1215
1101
1279
3016
2992
1698
789
3581
3516
1134
3246
1401
3489
3815
3228
477
3175
123
621
3871
3890
2200
3018
1442
1159
455
1456
33
376
3474
2920
2117
3310
711
2661
2775
1170
1428
2970
3630
3992
3922
3413
3241
520
2047
2908
2905
3498
803
3
2006
2318
3540
3078
2418
3925
85
777
2922
1247
3737
1162
3032
3410
2373
3583
294
3971
1812
2162
3453
261
2292
2550
187
683
1357
3076
1987
827
1218
2711
1294
2738
3504
1408
1600
2734
1843
2758
1494
2427
488
285
1211
3261
1709
770
2329
2583
3077
3089
1932
1046
1816
2500
2706
414
54
3528
3935
1294
476
573
1453
2866
527
1226
3217
3301
1894
1018
3817
3169
2948
1687
3089
2533
2562
2817
3988
961
1740
1003
3328
3265
2530
1619
2290
2580
3870
284
3473
1592
533
874
3126
163
2518
3385
2569
1520
3760
1977
71
2917
1521
1962
1759
2109
1448
1553
2716
55
2988
2036
2524
3065
1877
1880
1792
674
3976
884
2204
1931
817
753
3854
1401
3881
3521
2251
2627
2294
2712
1173
3066
2353
1996
1225
2105
1923
1477
628
3978
1673
2304
3110
2163
2679
3334
383
1531
3417
900
1381
2525
3220
2950
2808
1448
43
2165
252
3056
3933
587
3286
3221
1803
3119
3730
333
951
2609
1473
2577
73
3139
2112
257
1611
81
2835
3349
244
3135
1264
2593
2114
2814
2968
1219
1440
2955
1729
3628
1319
2852
3214
1193
513
872
1536
2190
2024
234
997
2398
1197
2960
3567
1337
3189
3950
2720
2
2942
1115
1345
427
383
1581
306
383
781
1334
2171
1900
2458
2618
385
2092
1175
3019
3061
2638
1915
643
646
2758
2172
445
2391
397
3193
1105
3691
2422
1850
3722
2108
3151
3183
2342
522
880
1878
3113
3089
2307
3992
318
1012
3855
1074
684
2294
451
2546
1072
1607
2460
1975
925
379
3955
667
1644
1622
390
2765
2945
3652
3073
3606
2397
3141
1065
2814
346
2949
773
2311
2374
1194
585
662
574
2567
2176
3314
1286
1485
309
2437
3619
736
254
1823
1078
3080
2214
3354
3733
1502
86
1945
2055
3750
3039
1865
3067
1117
998
3241
2053
2087
908
806
1975
779
3193
3935
2872
2491
3685
1352
324
747
3266
1225
3264
1218
234
2342
3640
3630
416
1690
887
2898
1413
924
577
699
1786
3588
944
1296
845
423
106
3399
738
573
315
2037
447
1444
1524
2141
2164
1821
2400
3082
1861
2805
3775
3128
1909
2782
3009
2892
785
1563
2240
259
534
1243
2970
3048
1119
1244
2506
1375
3535
1201
3778
1663
312
1214
3143
317
2214
3904
3881
451
3148
2697
830
1759
936
2409
410
312
2196
2249
1356
1979
3756
785
2680
2003
3096
1450
1773
247
1045
3997
1186
1662
3908
3513
242
1485
2574
3860
3632
2545
3538
3977
1225
3496
3853
2944
3893
3258
2053
1963
3129
3269
3538
972
3357
662
2441
3252
3909
339
1447
2278
1550
1333
246
3770
998
3027
319
3134
1832
3353
3500
3767
3763
823
1016
3781
2535
310
1558
1316
2075
3302
3963
2863
2589
3827
1897
639
1863
3798
1464
3409
890
3400
227
3589
2234
2833
909
290
1702
926
1230
3063
978
1264
2174
317
291
3505
2844
2905
3750
290
1819
2205
1901
1488
362
2254
1959
3014
574
3296
2107
187
3263
2589
3809
2443
1356
3397
445
2116
1995
2190
3929
1495
3825
3885
3229
686
682
2925
1806
3325
582
2460
3232
1809
1665
70
3641
3173
3533
1464
3908
2067
3229
1734
1487
583
3824
1385
1729
3759
1016
736
2523
3215
3015
3063
3210
3986
2293
1189
1126
3322
3729
3599
3627
1368
1537
3562
465
663
3511
2878
3466
1427
2834
3494
2103
3431
2414
3155
3495
3300
1705
3888
814
2365
2515
3009
2077
1791
3089
772
2532
1471
974
3674
2753
2571
159
3551
163
2562
3441
116
2592
3743
1426
3838
2255
1296
600
3656
3650
326
2962
3715
3812
453
1481
2509
523
1083
882
175
1914
2894
435
2625
1334
3469
3023
3432
1603
2088
560
1824
3994
3932
1808
1780
3049
3430
100
1578
519
729
1830
380
3762
2059
3869
353
295
553
1419
2634
3293
1355
1235
1800
191
2179
420
426
4
1486
1383
3396
1293
397
1441
3340
1914
3373
3333
510
1513
3298
2745
2656
2156
1971
2083
2719
2022
2094
273
1720
3362
2940
3458
2419
2415
2767
1139
2921
1628
760
9
646
1580
470
760
3049
3286
1481
1423
3465
2684
2116
961
1426
1094
736
3088
1645
2011
237
2423
3037
891
771
1716
2342
1339
2551
784
2184
3549
2314
3917
2409
2220
2843
3179
2704
241
2941
2038
1453
3093
1283
3504
2839
1684
2551
3990
1453
1626
2090
2642
3838
3165
5
765
1893
2582
3807
1710
2763
1501
967
132
16
64
1633
3148
3780
1599
3790
175
3440
2984
835
314
3986
1546
2268
1259
613
568
2633
3350
159
2556
454
1457
1524
2228
3017
290
2551
1134
2581
3491
3585
92
1195
15
3914
1844
1120
3372
3860
903
3945
2805
1640
3004
3218
1538
1560
264
3215
3510
579
1900
1002
3781
3351
3690
59
2272
3408
2661
1238
2335
2239
1877
925
1481
2694
3108
1878
1283
2591
2984
1432
1171
572
2621
735
559
2186
926
1055
519
1615
128
2837
716
3122
1164
3736
283
3225
2326
1742
1226
1261
1470
1052
2606
3643
2211
3030
263
1652
1279
3316
1256
3283
835
2021
7
3518
3663
541
1725
2214
1646
3178
3066
3241
1292
2564
2728
663
3477
3139
3226
2705
1004
171
1362
909
2468
3970
3372
950
1791
1218
1226
3793
3040
3721
1660
1786
495
941
939
2348
1256
878
2627
1856
1440
132
2235
2381
2838
375
2018
1998
1586
366
3496
3105
3965
3583
102
2059
2972
3204
1899
3897
202
2895
3364
1601
2000
20
3878
2471
356
2053
3035
3483
3100
3355
679
2720
1901
3696
54
3656
1092
1129
1125
1722
2592
2960
2345
3254
3915
3841
3615
3471
3027
3930
401
1655
649
85
3298
2136
2100
754
3670
2046
2739
1549
3521
1747
1870
2287
3147
2626
2551
865
3100
349
1091
1723
1258
954
3007
922
3452
792
2480
1328
217
2944
1867
3573
466
2662
3950
1915
873
1102
249
2623
2013
811
2796
3899
2835
3810
2239
1433
2050
1998
2968
1986
2011
893
524
821
2035
1720
3637
1011
3023
671
1388
2006
811
1651
2596
1570
3047
3181
3075
1748
2478
2827
1309
2359
2148
3563
2606
2389
843
752
2068
874
2386
2146
2503
3221
475
3474
1878
3752
3271
2586
447
3326
3425
1443
1803
1580
132
1376
292
3376
1001
408
659
1062
2673
193
1626
2266
1131
360
2667
1271
546
1965
3139
3294
3238
1290
1703
2994
3606
148
793
3408
3335
2843
2039
2461
3668
2988
1424
1143
2242
149
1604
2125
653
3272
1559
3786
1909
1369
3217
3821
767
994
2357
1140
2089
2726
604
2327
3566
1905
2957
1009
1522
3358
1020
2712
2411
1651
2396
1134
716
167
1474
2448
2767
1700
3192
3179
861
167
2970
463
3645
581
3536
3612
3736
3655
2857
2297
3589
1589
1392
1027
1334
2833
2286
3074
61
3290
443
1368
3740
2962
674
2034
2088
3641
3857
129
3961
312
954
3330
497
3769
1481
2233
3366
3923
1409
3101
2702
3940
3349
1420
2662
3480
1504
1407
2431
3014
1346
537
357
3545
312
1689
2093
3691
1623
2062
2427
3181
3364
362
3405
1444
1843
3023
1416
3054
1242
3687
1629
195
144
912
631
3062
3048
19
835
2553
2916
149
3004
768
312
3911
1331
1086
797
2136
1368
2925
1422
1099
295
745
3362
771
1169
1595
3750
2842
1606
1652
2166
3761
3804
1071
1944
3746
3647
1817
1270
3441
437
3564
310
2465
2701
791
311
611
3075
953
1290
2376
3762
44
1803
2744
3127
2879
602
1756
3293
796
2746
3797
2795
2760
2566
3055
2758
1096
651
2288
228
737
678
2795
238
2456
1882
1809
3985
1688
1166
2311
3874
1137
1889
850
3371
2782
1451
3151
2935
1663
3537
3519
3093
165
2468
1791
1740
3052
3927
2294
3932
258
795
2280
3212
1542
1530
3176
1718
1484
1964
1130
3435
1053
1400
406
708
2714
2635
1656
2150
3297
622
2804
657
1929
1191
2422
101
2984
1103
360
2066
116
171
1470
3131
2789
393
2027
2725
2809
2937
2998
1570
18
3973
2182
3924
2490
3279
2522
256
1158
2502
566
657
2937
451
2616
2406
2527
2502
3945
1753
1018
2089
1615
3597
793
93
2174
3187
1028
3945
1038
249
693
2652
1416
752
3840
843
859
2232
2675
1515
1803
3690
3224
3533
1801
2785
3063
3505
3517
2758
1464
2696
127
3191
1159
1034
1414
1108
656
2544
184
2182
2026
1200
2560
843
400
2547
2045
1090
3338
1716
631
3855
1514
1943
1292
3372
3827
419
1065
909
2804
3805
3988
142
881
1827
3942
2011
3522
3138
150
604
1909
3349
3824
1274
3983
3066
3013
594
1296
3954
828
886
3221
2101
1222
1306
566
1200
1423
610
3247
3708
2481
3077
2364
3324
1762
541
638
2835
365
2190
2810
3679
3230
753
2145
2454
119
509
490
3771
2272
848
1531
701
1979
2367
2310
2605
2965
1208
1264
2778
1177
1104
77
1642
2430
142
1031
887
3137
3155
3614
1731
3149
3780
1225
3866
470
1013
2394
3907
3558
308
2368
3394
3151
2703
678
3949
3231
3043
1593
713
2193
3139
3430
256
1311
865
642
2369
2069
2716
3971
2229
1538
806
3371
217
200
2000
1030
317
2770
3188
3753
151
3333
959
3898
837
847
2649
2286
2590
3452
3506
1005
2291
3240
907
882
1095
367
1982
2382
1351
479
1867
3405
3464
783
2721
560
2941
3721
261
2777
1010
1570
3905
422
552
875
1388
948
780
3520
2322
2884
3030
2110
3104
1147
2875
2385
3854
2916
1584
1770
3049
720
2940
176
892
1342
2552
3278
2394
1109
485
586
235
3597
3178
2550
1841
2830
969
383
2965
209
3453
675
563
1346
1555
3424
2335
2471
3329
2183
178
2202
3719
3887
2869
2450
2241
1349
904
1408
3910
2593
688
2293
1920
693
1275
481
1224
1566
689
726
1533
765
2073
491
1153
2175
517
1981
3216
920
3707
3951
158
47
448
1938
1228
531
3779
1791
199
75
3396
1409
1501
2922
2975
3601
444
3137
3609
153
73
2415
1126
601
3130
3892
564
744
2929
3715
3063
2130
1237
1237
3794
1344
238
1243
1599
278
3005
1963
379
1269
822
187
2193
449
2235
748
961
2588
1142
3870
1421
3857
1298
2081
2592
1165
3319
3819
539
3688
2944
774
1117
290
1562
2881
847
2216
1372
1734
1737
3029
1694
396
3716
2165
3671
163
2077
3557
1623
3692
2691
1878
669
459
1565
2161
1046
3509
411
3732
3411
2467
2007
731
2565
1161
2695
2521
1592
1600
1699
2725
1129
1119
1709
178
2085
1577
514
2231
2080
95
3003
2957
1839
1430
2016
727
1442
963
2538
3835
3330
723
1395
1998
2466
3832
2589
3247
2917
1213
3419
2633
1708
1530
1056
2044
506
2019
1730
3925
3910
1787
2794
954
2364
582
1020
1826
3665
3067
2141
2401
1824
3288
933
3041
1510
1169
1059
75
118
3872
1639
2917
1146
3744
848
1910
296
949
2387
357
2748
3330
452
3552
375
1246
644
88
1716
1825
3464
2793
771
3160
1601
151
932
3544
173
627
2849
2191
3386
702
1352
3413
1266
1061
1860
2178
2952
1002
2871
26
2557
1475
1078
2947
1358
411
2113
919
2910
1751
701
3733
1724
2707
2736
3537
2033
3563
793
2316
1480
2966
3977
3486
3194
1900
2306
400
1813
1160
554
2598
2024
1416
3947
1337
206
1905
1899
259
2420
3344
1508
403
3272
3131
1439
897
193
3030
3249
3964
549
626
50
3678
987
1200
1301
3681
1294
1827
3849
458
1274
274
1644
3428
2646
2269
1639
2888
1022
2967
842
824
2875
1426
3268
971
3729
1209
2526
2786
3142
1622
917
2297
1386
1492
115
570
2343
2494
1065
779
1990
3462
3147
2183
1755
1155
2184
3178
2511
