275
395
681
623
308
198
200
489
13
119
229
373
699
738
437
732
184
39
343
202
604
728
228
310
191
20
677
111
156
581
191
421
242
627
265
496
740
3
222
481
736
527
782
708
797
675
143
750
605
177
785
585
242
594
526
793
445
410
160
330
337
790
109
152
438
101
190
635
362
48
333
749
578
488
412
409
238
794
515
577
794
305
193
268
656
168
20
10
603
362
355
390
7
328
152
199
708
246
267
482
586
3
154
480
342
52
533
776
722
348
757
712
242
345
396
677
538
717
760
765
574
24
594
533
226
495
771
228
64
27
213
411
551
656
647
751
288
648
59
133
588
28
330
248
746
702
631
778
341
310
480
645
777
343
144
685
294
221
274
68
173
710
385
505
743
458
282
590
645
216
499
356
322
206
741
709
165
692
452
110
227
726
463
535
385
573
579
0
471
8
650
506
304
460
688
784
77
741
534
656
73
56
0
249
87
39
746
226
424
719
471
773
137
34
425
551
42
636
333
260
761
740
781
731
428
225
457
276
349
470
480
362
495
603
584
569
15
634
93
644
727
355
374
611
44
428
51
424
454
649
146
748
240
164
353
379
549
697
558
761
155
560
699
623
316
119
685
790
430
476
579
479
245
580
707
60
14
587
336
495
636
504
600
205
608
60
586
334
321
39
5
531
203
39
363
788
371
607
404
582
88
704
703
134
326
6
323
389
373
689
4
367
590
701
225
665
685
257
586
455
353
769
336
759
785
80
276
589
793
230
33
700
434
666
21
590
47
412
378
688
323
210
564
541
576
44
627
390
475
550
7
90
748
410
83
88
497
767
219
46
337
482
215
716
30
127
618
107
308
188
140
83
606
130
98
109
503
345
112
326
686
671
133
605
323
453
436
586
751
679
515
330
32
37
572
651
65
674
513
16
376
56
92
769
424
150
84
115
343
280
636
143
554
289
614
482
237
184
437
161
367
124
688
118
745
260
498
651
63
600
190
754
639
70
559
78
167
738
302
2
547
605
509
372
628
32
144
606
268
229
795
593
565
626
166
69
17
499
414
354
284
244
453
36
46
248
777
623
317
472
178
239
512
731
373
745
110
334
70
356
516
1
714
686
645
478
426
301
763
134
643
514
284
778
123
59
649
707
526
214
496
238
518
269
465
456
73
163
509
1
300
553
762
320
646
333
739
20
447
319
780
305
167
609
548
79
547
43
595
315
514
473
227
440
205
721
475
246
317
308
101
557
199
737
177
694
50
384
83
550
201
306
200
200
364
658
438
534
193
264
721
564
680
234
57
425
12
335
705
634
725
466
491
101
122
767
270
119
499
349
697
586
653
760
274
31
247
778
471
628
730
517
134
482
229
575
56
501
518
219
392
777
148
208
337
797
201
408
661
23
461
247
634
212
334
198
558
554
620
475
268
124
368
375
55
505
605
523
483
625
31
8
243
53
767
290
540
490
152
256
393
202
548
194
632
695
144
655
289
188
751
763
407
674
201
177
455
236
692
386
670
656
443
106
583
691
122
444
177
223
748
746
494
195
796
371
248
455
23
104
143
619
291
796
222
763
553
104
539
337
589
569
460
583
702
535
263
535
233
594
50
561
552
75
554
440
184
444
543
185
40
5
507
265
45
564
291
347
371
400
374
666
685
354
51
457
493
705
664
181
368
729
549
755
176
86
254
475
413
275
783
576
358
793
426
619
81
630
684
564
586
61
733
285
440
435
566
554
683
61
317
512
274
163
556
345
201
769
176
578
111
458
109
497
373
793
191
646
19
470
539
92
565
738
116
396
178
383
313
95
413
382
763
46
84
390
429
344
54
126
