1435
366
5056
5518
7899
9584
45
4698
1448
8111
6427
8532
3788
9119
6619
3282
8113
5243
8464
1600
7229
1345
1186
9213
5288
4295
9326
929
6894
8953
9707
2414
3088
3105
8807
1283
2021
3873
1552
8087
2206
4623
8303
1784
2551
8078
1647
2304
410
5909
4940
2368
5789
4686
5062
8572
8235
2685
4004
9155
3409
7915
3749
745
6766
4494
9457
6450
1373
7766
2478
9789
2688
3751
9648
811
4178
6222
2056
1179
3614
4898
6748
4612
9070
3673
1591
990
764
6580
9127
7789
5636
5543
7029
6683
3194
9465
2338
32
2136
2996
8396
4561
5872
7098
7920
7890
8928
1909
4457
7881
5299
4344
1030
785
5075
7511
5146
2999
1277
9327
3677
1157
9149
6372
7664
2633
5960
1158
4974
3633
4681
1455
7006
9301
9715
9979
244
5952
245
8708
7831
5948
1467
6954
5437
2410
4705
7787
7827
4747
6755
644
7049
5582
815
6036
8650
4823
5980
7561
4889
8903
3252
6506
1318
4430
3901
3808
7808
3738
3061
3746
6789
4890
8107
1388
5125
8947
1947
1962
8053
2542
4449
1974
2319
6349
5343
5084
5270
1752
9241
7495
3255
5225
8606
1338
3707
3247
865
6301
1561
4675
4981
3313
9400
5589
3415
1666
7698
6849
9829
9528
933
9348
4045
3978
5363
6597
208
2608
1497
2082
5317
6947
5388
3640
8953
8195
6287
8014
212
7172
9265
3071
9464
5446
1268
4434
4275
4064
3768
4024
1939
521
4118
6689
2489
1618
8009
7275
3494
8819
8150
3224
1858
2048
8028
8314
347
8296
5814
4958
6458
8010
3038
1331
4722
7077
8764
9877
8002
9802
4523
842
1466
4128
5437
4376
234
7732
9877
2546
5653
9338
9362
1261
3508
6996
4283
723
9832
6158
4917
8707
295
2356
4466
8130
967
1793
8516
5826
3753
6293
1392
333
8637
6129
5885
7999
3667
546
2363
8014
402
4776
5136
5095
449
3074
2653
7589
9794
9321
8784
1056
3055
6997
3859
3152
5132
1231
6049
5581
9196
4052
6233
6549
9200
6178
3579
8824
2730
5218
7663
4532
7776
7443
7749
2040
6763
8975
8310
2503
5215
8700
9946
2939
1045
7249
5443
2658
3940
1666
3383
9082
1439
6762
1867
8597
5896
5925
7658
2409
7297
4599
1829
1175
1859
636
7076
8469
327
5053
3867
3162
7522
8940
6759
8710
511
3452
3736
1612
9044
2351
2137
9756
2277
6062
5834
1905
8263
8751
3023
8676
9821
4150
1921
1915
4191
8714
5042
7442
3337
3346
9694
420
5808
9388
4445
4710
7742
6858
7748
416
5102
5530
7484
3737
6756
4065
2730
6910
4499
9395
1501
2462
3906
1617
6247
5109
6441
7039
7234
3139
8133
5169
7380
2953
187
6017
1709
5551
2649
3088
141
4437
8856
4423
8419
8676
7934
6968
3296
9695
2592
3430
8313
1067
9140
7901
587
4921
8756
9872
1881
5932
7183
8126
1793
1020
4409
8431
877
85
7475
512
7606
12
4917
2073
1714
9520
4968
5448
4910
1689
1616
2044
5911
8623
2806
111
9265
4617
8324
5568
8699
6961
122
4349
9930
3153
4941
9706
9825
9692
9791
7024
5506
5963
1610
8165
3007
2946
917
4371
8841
5903
5145
3960
4058
1934
558
6746
4910
7212
7134
3236
4155
7942
7915
850
8369
988
7676
1317
1196
2600
3474
6323
919
1589
3529
1166
8859
2398
1291
7423
9718
1413
9278
2671
9046
556
5854
8594
484
4451
7365
7648
2957
4127
8406
7457
4811
9731
3817
5365
2483
1469
9360
2589
2632
3807
6856
8569
4205
9081
428
9279
9991
1552
6436
805
5504
8221
5530
4587
5288
3028
1389
6552
550
3311
3582
4159
1869
4999
3256
9309
554
4175
4829
8322
8729
7132
1387
2330
7926
8021
7677
2695
4865
7635
8366
6157
2876
5797
7784
1481
3230
3731
9274
7055
74
8124
121
6974
9401
8014
4557
2338
8115
4337
1180
9623
7357
2801
9908
3348
6653
5623
4242
4907
3033
3698
320
7564
6253
183
9114
1201
731
6994
5617
5481
8316
7880
5161
4996
53
3515
4189
9912
9093
4105
7234
990
9802
737
7001
7628
3044
2290
6046
9888
1521
1362
7150
1621
936
2857
4501
8485
289
328
9285
6988
8145
8312
6435
2308
8867
8723
4123
7107
1346
5737
6259
9453
6611
8896
1533
4054
8511
1948
6455
4504
8239
8279
9756
6414
8768
3533
189
4315
7461
7670
9658
7962
8044
9105
202
2963
7865
6921
5163
9190
8430
9094
3587
3623
620
5331
6693
3846
1507
6632
8655
1353
5797
484
5215
3385
1593
2536
4294
5046
2556
8866
9557
4408
9890
2821
3540
2595
5513
8433
3106
6533
3982
8869
6614
5728
2089
6814
9379
2703
244
8921
3307
4678
9513
1037
9019
5402
3097
1806
3539
4618
7496
1888
73
9465
3958
7177
9155
7689
8585
9744
3330
9462
6214
7720
1967
6684
8030
7475
525
3557
7205
389
3150
1075
8446
4326
7474
5542
3985
2035
2538
2603
1183
5171
7498
7986
8397
2353
9836
9594
4315
1082
1058
6491
441
9972
6819
1567
9183
2120
2199
2958
922
4110
990
3284
8727
4900
6682
1249
8264
2091
2717
6958
9891
5535
5804
8231
5114
9760
2723
1721
3061
6609
4499
7097
9835
7693
4534
7998
2816
5905
5635
3596
9544
6969
2061
7950
58
4667
9910
9215
4864
7146
144
4501
7114
6088
9460
2507
6482
6796
7804
6906
3146
4844
3674
6931
2449
6390
3772
5867
7893
5169
4983
3987
7075
8731
3296
9987
6250
8270
9658
9283
5517
1924
4889
1638
9382
1603
1797
7763
216
344
7178
657
9854
2748
9420
270
6463
2149
7208
7276
530
8156
8582
9833
5998
9014
9675
1865
5290
4945
5418
9890
8244
6301
7386
9028
9645
7524
883
7699
4257
2615
306
98
4724
2631
9005
7742
5352
2973
8304
9572
1819
6886
8533
2528
1630
9279
6657
5027
9808
5033
8011
1712
4248
8728
2825
9331
5810
8206
6483
9422
3344
2095
4488
9618
7234
960
2751
5750
3985
3329
1334
1431
6885
5397
4150
3820
2854
9066
8760
2453
8943
9321
7728
144
3134
7419
520
7959
8600
3381
1816
6217
5722
5874
3344
1395
427
6332
9160
2939
7341
3847
5823
1913
9010
9946
4655
3155
5531
3594
562
6195
5083
9269
4462
4919
714
296
3323
3252
3637
7502
1814
1208
6947
5333
6750
9803
6099
6654
1979
5777
7457
2449
2478
9039
4999
4651
1283
4807
4992
2917
6564
2401
2952
2898
1768
568
1359
4597
6488
3311
5660
9068
2529
6190
46
6861
8773
8925
1358
8187
9292
1995
8528
4165
9753
2155
4664
3675
4855
4876
7562
5134
4418
5780
857
9795
7377
2136
3073
6052
1969
2250
4145
3779
4334
6768
3039
4028
2602
8541
8255
7446
3744
4910
1871
7909
9330
5715
4378
5327
7358
1847
2108
4808
3359
5326
6996
5309
352
2555
9813
426
5019
411
9303
1320
3568
81
1740
6695
7937
1343
3036
8611
186
318
3761
998
350
2250
8271
3402
4524
3228
6027
5449
7904
2069
6972
2099
3862
8100
4639
8411
6090
2101
5828
2319
683
8711
8966
3329
2670
4967
4808
5559
9998
3198
8539
1580
5264
3108
9036
560
5941
8591
4906
3539
5673
908
7317
7225
5433
2809
7410
5451
8802
5532
9723
6234
9539
8116
9171
7552
1620
9850
9239
4933
2704
1587
5408
7851
2670
4869
1782
2598
8990
1395
2158
3931
606
4471
2115
244
6460
4491
9795
7758
7686
8532
1120
3887
6845
1196
4887
5191
8616
5547
4509
5602
2501
4848
4277
5190
826
5153
7487
160
6538
5325
1259
5846
1251
4586
8202
5896
2019
1601
2805
7719
3755
1730
5591
9154
4636
7204
9397
4618
7390
4637
8510
6449
7616
1819
2462
3731
8153
8829
6812
8640
5885
3185
6323
1174
6075
3194
3598
6039
3475
6285
9069
7388
4565
1288
6852
4486
6421
4256
1362
8540
5002
3334
2079
4198
8101
1462
2318
7493
8063
9835
3506
4589
6875
2882
4221
9744
5867
2633
9923
647
431
2756
3982
4064
7384
60
8091
3583
4602
7956
2017
4482
3136
1433
7938
1334
105
6229
8793
7599
7120
6241
5459
5832
2073
7861
7851
535
2215
7133
3454
876
3851
1849
5117
6662
2391
3569
8208
8018
6161
6323
4199
1313
9219
9915
2028
3236
4111
637
6964
8823
7535
9970
8885
1623
9882
2861
7314
673
2003
1913
2049
6601
3804
9137
4285
1476
9928
5483
4919
1954
429
5426
7719
3515
6232
2478
2433
3525
7771
3362
1379
7503
1233
7874
267
6637
547
7647
9413
2385
6355
785
5313
9554
6613
2880
1379
5068
3997
8734
2772
6100
7011
372
4678
2453
8819
5544
5157
4972
2705
4680
5385
4684
1770
2198
5080
4863
9686
4303
3416
3018
8298
6777
9554
6588
3930
2697
994
3859
1835
5311
7083
2715
8501
1598
3016
787
9848
3132
332
4157
4134
1890
6731
4146
6062
3072
514
2880
121
6145
4081
3026
4749
1254
1513
2058
271
6321
1647
9901
2309
8864
9136
2427
2410
8276
9872
8473
9626
206
7851
9805
9885
1029
7740
3894
9505
1478
7787
3973
2175
3848
9169
7131
7344
9706
3368
3041
9769
6252
4126
4286
7681
3287
3784
4809
9763
4314
6018
8267
4750
2786
852
1215
4938
2916
6353
8073
7126
3290
5769
1505
6861
4953
1534
1579
294
3339
1796
8260
4090
9773
3378
8506
8785
3287
885
3592
9269
8771
4691
925
4888
7340
6748
9560
9938
5492
797
7634
3666
4610
2303
9608
7413
4231
8396
9972
8853
27
2897
7143
6873
2649
479
9925
9930
804
1036
4700
5333
1572
5831
978
6620
9648
5160
9147
5240
489
9589
5188
6985
9249
5889
4895
9245
3911
1534
7083
2095
3776
6708
703
2023
4292
7194
1427
7216
8962
9729
1626
1750
9984
7681
7488
7918
4019
2570
733
1632
9095
8940
6723
6623
4667
6146
2777
2841
5453
4681
3956
1849
5438
2047
7135
6778
2961
6023
7063
1974
4565
9321
6326
5613
1340
7317
7258
5089
6311
7416
8448
238
3841
3607
4818
1351
5477
4504
1163
475
9548
3713
35
407
2743
7304
1948
5797
5269
2025
9175
1282
4481
2262
5699
1357
9228
4888
3971
362
7442
2964
9595
8151
1244
4201
6951
806
8225
9078
2408
3049
4025
3913
2124
6140
7136
737
1048
2844
5588
3653
565
7366
4219
4845
9941
8666
8627
2318
6144
9229
1639
2260
8991
8782
7019
7127
8820
3408
6453
7200
8996
1814
9848
6517
4835
5326
2622
1184
6474
1620
705
6430
4503
3831
7686
7619
9185
648
6406
2890
1813
5726
5050
2746
9026
5111
5699
4501
63
8489
3380
9306
4772
6567
8796
7738
5163
9039
9524
1927
7780
7824
2625
8216
3423
3736
7254
7258
5658
8443
6169
833
2167
7473
4640
3084
4136
4134
2008
9526
8762
9045
6626
1416
4363
4958
5466
8827
9498
3556
4038
8620
2554
9556
2967
8265
6402
4367
4191
2408
4132
7048
3871
4486
7320
9465
139
7628
7332
7728
5565
8206
7274
6119
6099
1678
1934
1105
8374
6989
4754
9472
6216
4017
4352
4228
9033
7042
8036
4798
4805
6383
6948
3106
6973
9470
2796
9515
7233
2288
1290
6600
3831
34
7795
1108
267
9152
8944
5316
7140
7076
2761
681
7390
6764
572
293
8888
6074
1497
1098
2364
7493
2861
7438
3415
4492
7337
7979
6501
5339
8655
7955
3786
5142
185
2272
3711
306
293
5817
6887
2499
7009
5713
1564
6048
7871
6426
2587
4083
7589
1495
2969
3516
9524
6015
3184
8101
3170
8060
2651
7728
8790
7059
9146
4077
7776
1999
3185
7752
2306
2550
4259
5039
2783
1645
9767
304
4831
6343
3348
7745
2572
6600
8143
154
4252
6489
4301
6316
4907
3236
6807
4821
3620
766
9962
6619
8011
8276
4839
6694
3563
3774
8766
8459
3047
4017
4849
7330
3791
7425
1224
4969
6449
9475
9489
3633
1257
9520
6802
134
6311
4309
7325
205
4636
9527
2222
4294
6608
4213
7236
5376
2162
278
3162
2779
2429
2961
7360
3849
4644
1451
1195
1966
9082
5338
9125
6343
7168
3080
5730
2279
4876
7236
4481
2827
6162
2179
2668
6383
8434
2580
8364
5130
2189
3344
795
5061
3317
9936
919
6361
3217
905
2112
4741
7833
8418
2303
8511
6532
3190
9426
7346
2380
5173
9224
5381
5195
165
9014
9645
1780
5701
5619
9016
2016
7490
6582
4618
6275
5955
8794
8054
4314
2799
9004
2354
6564
3855
7569
8316
6682
6813
3990
251
5964
7515
3909
4942
5866
6417
1744
6113
4891
3198
6126
2639
46
8847
5071
977
8235
6078
6206
4979
6644
8066
7170
9320
7917
1332
9936
756
9749
2130
337
3735
3424
4236
748
4042
4819
2603
1312
18
3996
2241
5567
9089
2299
76
2010
3547
288
3509
5717
7478
1458
7653
1527
8843
1673
2822
9009
4122
5802
839
2152
3914
9965
8026
7777
3053
395
6696
1496
2785
1017
2964
9116
7955
6492
7404
2058
5935
2440
9835
9301
7218
7673
6892
7615
2352
1677
2057
7287
8754
8796
5266
9823
7719
9044
4442
3352
4891
3670
538
2636
8101
7127
6377
9112
9274
8900
419
7428
7375
7957
4181
4305
7595
700
3739
2574
4587
5307
6353
1670
1647
7983
1958
5401
7570
6572
3631
1813
1848
7766
568
7505
1408
9754
4740
2007
7896
9479
9525
3484
559
9149
7431
7037
7173
8576
7175
6711
271
6936
7330
546
7927
376
1848
7195
513
1080
2639
2269
5688
8210
4883
3275
8518
9078
7147
7597
4690
1658
3447
3381
372
978
2661
9437
4468
5575
7715
5982
9169
279
5871
1375
8989
8794
4331
7144
6469
4412
9292
4898
7167
6011
8881
2606
6908
7855
7552
1166
861
9440
6972
1684
2529
4345
9827
3237
1436
3944
6196
2489
20
2974
3278
8450
4805
8953
6019
8774
8260
2043
7739
1194
8817
8151
5477
2589
4229
856
1672
6975
5451
9182
5352
5004
6779
4374
180
9913
9937
404
3724
5626
6381
7216
9360
4669
5731
4026
580
4279
2498
9451
4496
88
8914
8218
9299
5517
2342
343
9975
7363
5026
5975
3279
4451
4598
2957
478
1086
9735
4434
6385
6918
7823
6400
4844
6326
7403
4720
3379
3135
6835
8926
4382
9648
3302
8774
6416
7634
4787
9262
4945
493
8420
112
1462
4154
5093
6306
1378
7159
6771
7667
983
9968
207
1348
6245
7312
673
352
8147
3363
4441
9738
3323
7495
2993
7666
7086
1343
2607
8723
1737
9251
3671
1804
8848
7960
6220
9465
8471
2887
9191
1421
8368
3149
1440
2526
7758
4575
9225
845
1032
2679
8491
625
1977
431
6791
8751
2292
8233
911
488
4996
408
9885
8815
9490
8671
3393
1365
9248
372
4728
8995
3218
7537
9831
8339
6572
2871
343
8908
5862
2175
8331
104
2589
1726
637
1043
4099
7443
9062
8210
8934
3313
3308
334
2478
2500
3397
364
4464
610
1242
7034
9504
9215
2519
232
3299
4540
9711
7728
434
2590
5789
9107
7482
8807
7509
6994
5345
3779
7272
4630
1811
6960
4550
8476
1930
2682
8286
2208
5580
6243
2129
6133
782
4252
7445
207
423
6691
3958
5069
6719
2297
1286
6022
1846
1053
1220
815
6801
346
1291
342
9215
1051
17
7790
3689
8167
1184
8487
4696
8284
5970
9689
1457
3452
2565
9757
4923
6110
8174
8424
1153
6931
2777
1365
5331
8135
1711
542
7175
5535
2544
7463
7965
9205
976
3207
2080
3228
8286
5619
6920
4034
9151
3753
6508
6130
8730
262
804
8067
1996
5620
733
9793
9099
4724
646
3030
2472
3908
728
7092
6382
2156
706
7921
8455
5307
8785
4176
9949
1753
639
8968
8141
1481
9619
3667
5224
6686
262
4469
660
5670
950
8487
6144
5110
7443
8175
8404
9588
6774
2558
4006
3131
8418
3109
1449
7423
7314
8613
8224
6781
4946
7122
7569
3182
2346
8435
6132
6264
5701
4280
8394
8593
480
4088
139
5345
6718
7367
2408
6850
1271
2080
8863
6983
1729
4245
8124
3830
1351
976
8764
7555
245
9908
7821
955
8038
4389
4082
3322
4981
3169
5715
8185
1359
3033
6464
2551
7802
656
390
707
4063
9471
2123
5044
9330
563
3843
9781
9634
6036
932
1759
604
3554
5879
3397
5162
206
2933
4486
1033
3650
4593
3075
9432
7758
3813
1870
1404
4192
2308
1690
1728
7535
9918
1669
3306
8661
8802
8031
3785
5030
7949
2389
4827
9441
5537
7727
6074
6914
8658
9090
4838
8113
7529
466
5950
1947
6587
1560
2408
3050
4452
7484
7040
4212
3325
9439
6973
8349
1421
9912
2655
7178
2411
7241
4549
5763
8161
4685
8027
8884
5644
96
7232
449
9904
3707
4725
4531
2648
6042
6962
4290
2236
5660
2259
9473
3739
263
4351
9921
2280
4789
6921
867
1713
8063
367
3982
4713
5316
560
2969
4840
5493
1371
7045
5416
5377
5026
8298
8352
6680
8381
6909
1518
3679
6203
5739
61
8111
1076
8036
6518
1353
8441
358
7219
3898
3917
9301
3727
6055
2301
8420
7193
342
378
1667
1031
4072
968
9958
3526
5782
5583
4589
8544
807
702
5397
1271
7532
591
410
8669
6233
8789
7687
9686
9504
8931
4988
5957
3003
7926
8347
9060
8341
242
1711
1487
7653
8411
5753
6447
9416
9386
3464
3140
1083
3519
4548
5404
1090
8261
5960
4064
104
6321
7129
62
4307
9188
4375
513
1667
752
6672
5612
407
3303
1867
9670
1131
1183
1239
3342
738
3106
8337
9456
2652
3362
8444
5680
3525
4282
3280
6323
7338
8767
4177
3150
9144
8149
2235
6726
7779
78
2039
3382
2768
3341
8221
8302
79
4681
2022
5064
8360
205
8252
6311
2753
2316
9504
7624
6601
5458
9400
603
5860
6133
5187
2874
5428
9130
6410
199
880
2404
2629
4581
4771
5848
823
1149
5972
9740
6072
8417
766
8925
1597
2508
7179
3056
8789
6040
6210
3072
4274
7258
5257
2758
3298
5816
7497
3511
6250
6490
733
9159
8046
5022
1750
2603
8335
1077
9759
9420
4993
1820
9415
6696
6776
2581
9040
7138
5583
2979
1923
5977
8388
1525
1326
631
3267
121
7404
5840
8462
6130
7455
5594
3750
8404
3004
4139
3032
1148
6418
4174
4295
3869
6953
4224
4305
6549
9427
8071
6785
9214
5154
9777
2449
1600
630
1866
5274
4451
3824
7912
714
3763
3529
1601
6336
3260
248
8396
3414
805
5172
2629
4364
8937
8694
4889
3661
8352
5353
5457
6176
3052
3409
2988
4654
8271
9862
7845
2234
7706
1515
5156
898
8497
1423
9232
8657
8970
4832
9026
7998
6980
2310
2645
9508
2963
35
5593
4943
7354
3253
6630
7136
5362
1398
5774
5581
3894
1440
2107
6904
6081
432
3880
6714
4847
7558
3900
1068
6321
5542
8001
5762
5580
7918
6098
9589
5345
7268
1010
9195
3110
1772
6650
1716
7475
3635
122
3364
6442
4859
1665
5320
2797
7155
2584
5639
7603
6465
7688
3590
2549
7759
9884
1560
1667
8048
2177
9713
8308
1485
4969
6117
5914
1745
3087
4801
7060
2957
2597
5541
317
1560
4906
9085
5026
567
5895
2379
1744
1301
4712
6899
923
9551
6632
4403
12
4303
757
6988
6034
9538
6866
5841
3305
9112
4587
4747
1336
7832
9475
2134
2116
7326
8730
8460
7266
5250
8235
364
2762
9957
9281
9639
3047
1130
9465
8951
6107
2527
9698
9931
3023
8215
5201
3763
8711
6918
7857
5461
276
3816
3512
6346
452
7374
8629
9833
9092
1830
790
1661
8261
4006
5286
917
1932
4644
7746
5416
6612
6197
4108
2226
2334
9808
8985
3776
4296
3886
2086
6724
8780
9217
1336
7301
7199
7086
832
2231
6634
2472
108
7282
1029
5818
2987
3713
8863
8401
1289
650
4026
8916
344
6437
1060
4673
2624
6442
9584
3845
1789
7836
5315
6663
9638
8652
1738
4497
4558
8091
3032
1308
4595
1327
558
6760
8788
769
6435
3189
4128
8721
675
9856
8457
9239
4036
7885
3128
167
7811
7134
4378
7616
1293
1709
5767
161
8506
8540
4579
1304
8035
6486
5325
105
2388
9089
6054
8551
5261
8435
6316
6322
4210
8174
4788
1197
9251
186
4453
5418
885
3933
4273
2325
3263
3705
4287
9626
2129
6226
9299
9523
207
810
4768
6034
5083
6108
5268
184
1568
5185
4481
240
667
8610
171
7242
548
4778
7005
6535
8427
2151
2678
7230
7725
7214
3346
2362
1285
4632
7379
96
991
7516
1582
7344
2200
6954
8882
919
7521
2305
3106
9790
8098
5246
3012
5220
4860
7475
1426
243
1767
5471
9438
7857
4170
5823
2675
4677
5544
193
2582
8499
567
4768
8859
4438
125
9649
2804
3513
8659
4233
932
7667
4107
5385
6082
8780
7550
119
7561
6208
3790
5962
3132
1231
7098
4625
9383
1263
2832
3489
8929
3919
4492
1642
4797
7464
7263
8788
6223
9794
8779
7355
8076
4800
9370
8052
5354
2937
8639
4523
534
6196
2916
6843
2437
5999
2610
3321
2674
4684
7168
7821
4198
7465
3202
3645
2214
2442
9090
6072
5238
8485
44
9692
6507
9994
5188
4389
7279
4909
3618
2387
1869
9858
9277
7110
6667
3347
3158
697
2840
2560
7835
6920
3611
1988
4060
3375
7803
352
5498
5360
3069
8279
9595
288
8424
870
5131
912
8917
205
8668
3971
2321
1693
2206
3488
4756
8688
4041
550
9052
4016
4375
8214
9155
7237
735
8130
7520
7487
1180
7985
553
812
3276
2587
4454
4166
2484
2759
5568
4124
8705
5455
1640
8428
6393
1660
1652
2266
9008
52
6964
7471
3814
9820
8275
9456
5246
6188
7113
4298
4778
702
8493
4423
3026
1297
6920
1824
19
8064
436
6735
2532
8699
3556
5664
8419
5647
7741
5108
4894
3079
1458
5937
4798
2142
9965
8073
9102
3551
681
7268
7433
5659
9485
9581
2465
7830
7539
6423
1100
7711
3558
7610
6233
6042
538
3198
5601
2812
5573
3906
4424
3282
3675
4474
1938
3199
1047
2243
9810
5968
8837
6579
9022
9485
654
2258
8718
3566
5706
8879
8404
7159
2761
7809
2037
3858
7293
4075
9669
6200
9727
7594
1697
4011
2370
4334
838
451
7269
2723
3775
4947
9489
2203
1339
8855
8562
985
669
1005
2851
4428
3149
3660
3890
7159
2460
2085
515
3241
5605
8725
336
1902
6782
1493
6845
7377
6046
4462
3641
7244
9160
2556
1873
7678
6022
9774
2463
5383
7105
8150
1152
4643
188
7299
1300
9473
8161
8873
6430
5486
8947
4826
2330
8451
4754
6755
1374
1768
493
4469
3129
6627
2306
4127
1321
8673
4945
2389
409
3776
3999
7007
8327
2198
774
2959
4787
4130
5801
6608
2707
5549
7188
9368
7651
8988
1138
7163
9450
7941
2585
9564
8344
1692
3297
5839
7404
7337
2658
3168
7474
6999
5322
5434
8537
8027
9421
2469
8675
1951
7591
7647
997
6698
4365
6726
8462
3214
6386
3983
9525
7614
6405
6246
651
4554
488
338
9039
3321
347
2612
3200
9281
295
6764
3021
1349
1158
2136
5576
9196
847
6026
5594
8778
1489
757
8864
4717
3925
2276
6914
7654
2405
6055
3092
9778
5131
9115
4854
6949
9138
324
6550
8146
9577
889
7782
72
2870
9645
3943
9500
6663
8741
2724
6479
9235
8603
2204
1997
3727
2222
8151
4289
4861
1588
1801
856
7663
7261
4165
5409
329
5621
89
8685
597
4053
6407
5144
5967
8102
2307
8532
336
9492
2312
3439
2009
2683
5814
3265
6613
8305
6902
7588
4273
1520
4750
2895
2200
653
5919
3793
502
2794
4507
4967
1950
6468
901
9738
8567
4042
8129
8344
7153
7403
2266
4797
4133
1914
1474
2685
6907
9937
1396
9921
5717
7663
1685
9692
1065
9968
8249
4697
1676
967
2242
9459
457
2282
1284
6976
6288
5274
6036
5387
7340
3614
6046
5581
253
1131
4245
2967
7588
3458
4485
4702
1197
4806
596
9843
5510
2536
2343
6190
926
8609
5090
7830
4585
7371
8615
1552
6208
4460
5264
2818
8261
2976
1943
9315
5156
4323
546
5057
4613
9352
492
46
2413
4216
9006
759
9300
2922
4221
226
2226
875
3741
9876
4179
8539
436
6237
8490
9956
137
1745
1889
791
2810
9747
4974
5125
141
6767
3985
2598
1998
8117
7657
9114
728
8077
8487
394
4479
7675
2459
7834
4841
4065
202
9725
3277
4171
2113
1301
2451
3371
5171
7349
9387
3745
1454
8421
5482
6743
7740
946
3535
2103
4534
4751
8516
4041
2162
8764
8640
2716
4125
7537
6441
9968
6195
5847
9479
3214
987
227
5955
1717
272
4000
1374
5426
1386
7320
494
2763
924
910
5091
1704
5862
8571
2184
3854
8586
3124
885
4921
8443
3492
6258
8902
5282
123
7301
5258
507
1843
7324
1827
4748
1482
215
4281
5317
417
8476
4575
1250
9808
9822
4364
2350
3219
5191
4657
1346
2597
2162
7879
5403
7800
6694
6102
7002
8095
9933
7604
6388
1208
5587
440
9962
1544
4217
5354
4131
8084
4040
1881
2341
8346
2515
424
4802
443
1414
8006
5359
1749
3307
3736
6784
8944
7131
981
9695
4181
6977
5519
5708
4678
1690
9321
5790
9198
793
7065
9640
1622
3223
1435
7879
3713
5911
5903
391
4325
6616
3088
9380
9895
3619
4290
1534
8641
8388
8231
4598
4114
2950
2526
1974
5826
6519
233
7085
3536
219
9322
7368
8859
9388
9305
9340
4169
3182
3796
6575
4471
6577
7092
2006
6366
2560
5160
7897
2526
934
2288
6307
5194
16
8103
9830
7759
813
7038
7499
3778
35
7393
1719
8022
9323
7657
2761
3190
7324
9229
8271
2037
5333
3605
9465
3551
5012
7581
5061
5436
1492
883
9545
1729
6915
3101
3664
7442
5425
7674
4939
9416
2852
659
2265
4411
4873
8573
6497
5116
9541
7710
8076
1378
8185
4521
8912
5071
1684
5048
7094
5805
9874
1013
3245
875
1186
4469
6792
5470
9830
9617
7090
8166
2099
7122
1602
6286
9480
1465
8841
3183
892
8313
2440
9826
4000
6322
7983
2672
7411
8378
9920
8440
9620
8585
6338
11
7586
6753
2786
6904
3680
4280
3283
1791
1988
916
2566
4372
9326
7522
4741
2579
6454
9715
2793
2266
5934
7172
1611
5431
2839
3880
7063
1806
5215
8724
7213
5591
3447
2903
7249
8499
6611
6771
6307
7849
4603
2044
5001
3409
4783
9500
8856
2235
5575
4929
9777
5597
2263
4740
2519
3208
482
71
7487
998
6758
1386
4881
7858
5637
905
6459
9699
8388
9062
9621
9302
2972
878
3903
7320
8349
3275
422
7181
50
774
2565
8943
7520
230
4264
6055
393
4522
6668
3329
2157
8702
2995
815
0
1613
8084
973
7302
3108
2750
5596
5850
3007
7932
9949
6430
9074
6212
5979
285
3094
1162
7397
3740
5982
786
1399
7503
7636
7187
7845
7593
5749
2742
772
6859
5110
2542
4020
7965
7378
6673
6877
3898
5313
3892
3188
9605
7302
7190
4139
186
4261
2963
6915
2832
3743
3096
14
1402
8315
6070
2053
5628
4931
4943
1891
3595
24
5502
4860
1005
9683
1859
8046
1216
522
6044
7842
7431
2283
2319
9903
4638
759
5011
4636
3774
6510
6815
7055
3068
67
5306
8790
5116
7307
4802
2209
6932
9624
9128
4202
395
8012
7240
419
6512
1213
3270
123
4566
9524
6068
2364
9357
8593
9568
7524
812
9278
8042
6349
6058
2910
4643
1387
6989
370
193
5714
6761
1800
3648
690
3498
241
8179
4976
9501
6765
8375
1826
616
8326
9416
2902
5082
7013
7260
207
9181
7828
7118
6110
6280
1825
1078
5193
5489
1820
4627
8538
6160
6654
3082
9671
3342
7510
1736
649
4364
721
2403
5067
9280
3316
1855
5297
9691
5353
3421
1010
7366
8308
8958
724
9050
177
6165
9283
4350
4252
1850
269
8347
2557
8586
2013
9148
9998
6460
3122
2897
9306
271
6363
1347
5795
7839
929
50
6544
3078
8129
537
8498
7759
2084
9331
2513
2725
1821
2055
7863
8650
1263
655
761
1365
9384
6119
2718
6642
1502
128
8493
4125
8789
9700
5079
4089
4538
9092
1854
7243
8590
1341
689
4500
6994
1833
4917
9371
3724
8401
5697
2264
3188
160
5654
5085
9709
1043
7353
2048
915
2461
4927
5315
2541
5463
2228
6084
8719
740
4071
8671
7360
6451
837
2466
466
7118
9329
1721
7859
1087
7853
3016
7455
8897
984
2327
4368
6084
6004
8455
7555
7339
4562
4899
56
7920
8365
1618
9798
8296
4735
6344
7336
8720
4868
3804
6040
1222
953
9557
1015
2661
128
8989
4054
8984
8900
6071
9220
8383
5443
2861
4132
7199
7884
8306
7641
6516
4566
1783
1617
6210
635
7529
3148
2265
1120
1399
5640
343
8562
8897
4235
9383
7966
4988
7451
9207
6716
7922
5741
6087
9625
9366
600
3181
2704
2181
8021
6630
1621
6328
9766
4247
6238
1270
5024
5025
4542
9894
8214
4435
2606
3667
4035
3018
5658
1640
6548
3155
5814
8538
6671
2896
2843
4309
6100
3129
5554
782
5743
3786
8780
9944
71
9627
7148
403
9974
6973
1617
4734
8853
2367
7043
8637
1044
4672
3689
5270
6163
5423
1653
9525
959
9983
2765
3039
3484
9350
6887
5523
9980
2581
6848
4956
4825
1681
441
1348
2245
384
9742
9539
347
3151
1668
69
5057
5216
6735
2377
9869
3697
6045
5637
8753
2647
8834
7687
580
5130
2161
2167
2767
9449
7556
3864
2336
9775
617
7021
1886
9277
9097
1496
7914
6023
53
461
3871
5851
6159
2182
2598
795
546
6560
7320
3660
7727
2114
3920
1127
9574
7645
2876
157
8221
1935
8800
2919
8656
7394
5431
1051
6261
369
7320
4842
3402
2763
4881
8919
8702
9184
2
9074
3865
9944
7144
274
6872
5027
4740
9586
8953
1707
9720
9362
4447
8837
9853
2654
466
599
6452
5387
6807
2131
631
6750
4600
2338
1275
2503
8591
7564
6645
8186
5924
9555
3542
7918
1504
9455
148
9246
6478
2772
8294
318
8109
9376
7147
327
7492
6144
2680
9011
8563
6082
4540
4197
8993
4741
4770
8911
568
877
7427
8151
9465
6435
8325
4035
1548
1209
211
9953
6105
5915
7802
5699
4332
433
14
7640
1177
8673
5031
2310
2092
8353
5387
9475
5499
2202
9289
611
794
2776
6767
3900
5723
6942
7929
2133
144
182
9271
2557
8446
9526
3081
4104
1984
798
3226
7939
2421
8430
5766
5321
2791
6325
9448
5326
7961
8612
1061
1800
7740
7616
4799
1358
222
2983
6183
1513
2127
1450
6002
6631
7425
568
9830
382
2092
3547
8770
2669
7596
9435
5848
5710
6552
2945
1815
5336
1423
8631
2489
2017
3776
4666
7669
657
8182
881
7186
2610
382
3800
9338
7123
9799
4741
9814
4347
2613
7531
8316
2090
7666
1789
8737
4235
2450
9258
412
3126
3249
4486
7033
2691
2971
5978
3783
9001
5575
690
7295
3428
5921
3476
6913
9764
9619
2672
9868
8722
303
9795
4282
1278
6699
8854
9734
6787
890
483
8731
380
7267
2295
3146
7489
3376
6915
7111
4185
9542
4941
1809
9011
299
9939
7612
6240
281
879
7357
8295
9629
9670
7009
7564
7948
9515
2698
2027
3236
2193
2759
2846
2762
8781
3935
5598
3621
6697
2666
2487
4709
7029
8060
4580
817
6841
4623
2825
2333
645
7420
3727
5268
6633
533
4201
6616
720
6786
6550
5139
6263
8390
2352
2024
4812
1293
3409
9403
3362
9045
3429
7930
8096
8613
9946
9127
6777
9070
6771
1571
8022
5037
9261
4472
7951
8106
7353
195
3338
3393
6584
9596
5162
2202
5973
7219
6632
1975
9115
8073
1567
8666
1751
6904
8945
9104
2185
6016
7735
2397
2644
3839
4454
3349
6037
4652
1037
3620
1888
3729
5595
4876
6277
8034
8845
9897
5682
8510
2965
2050
2082
8385
7526
1310
1667
3827
588
7007
5813
1617
9545
2848
6399
3766
3113
6791
2011
3669
9239
8183
625
9814
6056
4294
6162
7739
4325
7285
7035
1629
3463
3985
9593
8472
3947
7364
75
9151
5109
585
5939
846
6608
8939
1175
6554
7619
4136
180
1687
4096
3543
2386
1766
9846
7187
7266
4472
3510
7987
7395
3876
5730
9400
8485
8993
2225
3298
2197
4017
4336
8751
3382
5082
3474
673
6369
3713
7416
8107
2595
3845
220
7016
661
1526
6039
472
2697
5904
7235
2743
8608
3208
1930
5532
9576
8017
4653
4139
3331
8331
1665
3831
8179
8266
9267
9512
8289
3598
9180
5972
7148
5572
160
6909
6623
7080
193
3496
6763
4005
3920
4613
6628
2107
9379
8048
8744
1212
3746
6418
4921
4691
6028
644
9644
4641
4134
4322
4218
6021
3939
1048
5556
3992
2016
4860
6403
2866
5334
9863
1437
12
6306
8369
3588
6435
4369
8648
3624
5525
7125
829
7565
8892
1845
3067
2119
9156
6320
2436
7122
6139
226
2602
8830
6564
6911
551
1767
2263
4444
2234
2242
7417
2813
495
6948
9059
6329
7129
4125
4529
7753
6286
3857
874
2064
8815
7271
327
5845
6691
6459
4162
8475
2079
1934
2301
4753
1460
4109
7787
5045
8965
2431
5759
500
3251
7431
3743
2509
1878
458
4548
547
2634
5482
4961
2593
1573
6545
6702
6103
6625
8698
4480
4979
3130
6056
5494
4443
4165
7386
546
6103
9002
6454
5155
9132
7584
9458
9483
3010
2132
4979
3393
1639
7718
7308
2294
7116
5936
5704
8620
2893
9315
6770
2359
8030
3503
65
8500
7649
4207
9778
8337
3509
511
7389
680
4136
2812
8602
7803
1740
9478
9660
3405
4952
6612
4907
795
5061
644
9520
2502
9593
6253
7337
1821
1857
3443
9452
6091
8102
6694
4280
298
3282
2344
1639
6675
4188
5145
6944
9428
5952
5841
2906
876
6842
3337
8138
3686
8192
8278
317
2319
3423
4323
2401
1221
1806
409
8237
1567
7167
7214
1682
6435
4308
3704
2185
4424
5934
4876
4523
1337
8064
9640
8351
5185
8994
5801
3566
121
1297
3113
7603
1836
1508
2824
1567
6228
2730
9494
7417
6323
3039
4443
8818
7599
6894
8547
4645
7994
3327
8634
2445
2253
1473
3023
1122
545
2083
2152
5771
5194
7725
6514
6151
4849
5180
2834
4055
6044
6858
1101
1779
9292
7163
6705
2861
82
4515
878
2
4398
2358
3125
1964
1222
536
1867
4308
8656
1347
7785
9253
5709
3734
8596
2332
3489
8810
8964
5004
1619
2160
547
7855
7133
1574
4691
3590
6208
6921
188
8369
7320
3909
6658
1578
9207
9943
5903
2907
3713
3859
9986
992
1796
8513
9187
791
6417
2162
4273
6004
9675
7377
4107
241
3355
2517
8263
9939
9662
883
6034
5655
5164
240
5797
3867
1893
8276
4320
2570
9273
4889
2405
79
7828
179
5188
6667
8597
2810
4063
33
2506
9426
3337
7166
7370
5932
2928
2630
6558
3253
6403
5993
9021
7852
3441
2933
6450
8241
9729
4741
2188
5145
7176
9767
5522
8638
4394
8972
7441
3955
112
8744
2643
2053
6786
4553
7886
8269
8641
8388
7862
1667
9683
1514
3199
7484
5564
7098
6804
148
5718
4033
6381
4390
381
4700
6465
9591
5722
2350
5000
7603
1785
9565
1402
4992
8089
5558
698
6479
4639
1185
1065
9313
8663
4255
1080
6037
3145
4927
9214
3951
4660
2929
2881
421
9881
5282
3061
9171
7783
2694
6526
7854
3246
3507
7844
3413
4162
1433
946
6964
2942
6816
5915
6531
6370
5403
3530
1979
6411
6504
8115
6296
862
9417
6044
761
3665
6156
7138
4308
1157
1014
1561
6711
9299
5247
8899
7066
3554
6919
4236
8176
9779
2759
5888
9181
169
1265
2650
5377
6856
1673
8762
7889
4921
1261
1441
6199
3255
9120
1564
3616
649
5892
3019
963
8156
6869
6141
3362
2060
2371
5866
5960
5552
6760
6284
8307
3231
9288
6315
1419
4386
3541
7284
6944
712
8610
69
562
3184
3920
343
473
9606
532
8936
7925
9309
8345
7493
9072
4853
3250
7169
2400
8265
712
3604
3049
8857
2545
5218
6798
495
8002
1206
9176
7103
4059
443
7871
928
528
9960
3797
7873
6377
8566
2258
1034
9791
8287
7050
464
3510
8068
9307
6436
1498
2490
5667
2985
4418
8947
7694
1841
9458
6565
8460
9731
2940
665
193
9258
5910
5554
3846
7085
4295
183
7182
5702
5178
4431
7907
3986
3653
392
7918
5332
8884
6660
8053
3206
4318
6449
9678
925
3513
8051
4994
2903
7418
2144
4765
4
4836
1992
3826
2430
6786
7839
1100
9191
5808
2345
3886
6718
1858
7409
6876
4717
7672
4565
9411
8785
74
4465
3939
6231
5741
486
1277
2384
1752
8583
5463
5633
608
2480
3820
937
2222
6996
5232
6463
1715
5473
529
2200
9650
9650
2778
4258
5963
2817
6369
3424
424
471
3408
6627
2128
5889
3025
193
426
5792
3410
5076
1835
9358
7815
8802
9296
6520
175
8420
9191
9324
5935
1525
7944
9536
8059
5977
9569
7052
6963
7271
2286
7238
8042
5365
1832
120
6833
9470
9204
4064
6658
2659
8060
7844
233
1595
4443
383
7932
8440
8946
6861
6876
5032
1400
2415
1572
836
4286
8667
2461
7193
2847
1779
6356
96
6199
9712
7491
284
5531
2203
2524
5040
6022
215
2965
9178
9348
3839
4892
7744
7670
9592
8044
3157
198
5458
9080
360
5269
2640
3188
1594
4416
5089
5171
7082
7393
2731
3674
1038
7266
2340
9940
8560
4764
6572
31
531
9661
8602
2851
3840
9304
3601
7203
7441
9431
7438
1036
1578
9675
4065
2058
4559
9636
7222
3850
8581
9644
783
714
7177
8877
7359
4461
9879
7747
6854
8154
2473
6636
500
7332
6028
3356
7628
9829
9744
2141
1079
4867
8876
3700
5633
4004
5355
7695
8564
8510
9975
5498
9631
3511
9136
8801
4514
6939
5385
4735
7689
6844
9248
1604
6130
7732
472
7510
4205
8710
7029
3631
5216
898
6355
1124
8420
4871
8210
5365
7263
8018
7362
6592
1774
4629
3944
6960
7055
7555
1066
9747
8729
9800
4109
2554
3048
4630
312
9049
7561
2218
5300
8590
4126
8188
3442
718
9166
5381
7449
3627
7580
3611
299
5778
5891
4552
6068
4272
4891
6217
8446
6085
4634
6770
3651
5441
8842
3519
1008
5162
3506
5653
2753
320
3956
7654
3839
2456
1539
1747
1956
7236
2495
301
5015
4579
9167
516
1912
9733
5017
3856
2873
3767
2896
6734
2262
1117
9147
5698
6003
9229
6094
7611
4785
7368
9976
3348
9485
8932
5096
4182
7829
2708
1708
4603
1816
9433
6375
7629
857
5713
4622
1853
446
3102
7440
4240
3915
5234
9264
996
455
7062
7328
4960
8216
1306
3628
5481
560
7479
6208
5568
8355
4656
9430
4057
9459
6774
9264
455
8058
2730
3022
6003
131
9854
1581
9772
4070
9173
940
7784
7982
9945
2572
7304
4665
5579
9460
9849
7803
8308
3038
3575
7823
2298
2162
4012
8171
1503
1740
3110
5679
660
7212
1319
5450
7354
411
1510
4329
2185
6405
1043
893
3033
6311
3703
4904
6430
1045
2649
7220
8881
7208
3869
7135
6216
9779
1608
1398
7000
7953
4415
3181
4705
7197
2316
5833
3864
3486
7474
2746
8210
9452
5016
8969
683
2787
7121
8841
1255
6643
8861
6285
1472
7489
5704
7718
6222
1199
8912
2679
9460
1826
8852
3207
2535
9397
487
1186
9706
4234
4468
1341
2020
1896
3100
3476
7011
7814
1946
6354
7146
6690
2504
6875
3446
3966
619
1001
9342
5239
1368
7602
7433
308
2586
5714
4281
8072
7260
714
8581
7779
2944
9269
3684
8011
3138
9747
5269
9106
9367
1988
8748
1029
463
5362
6135
2337
7033
7019
8110
6882
4454
8058
5545
9833
5285
5809
6411
1177
494
6725
5132
2782
2186
630
3301
698
4543
8634
9748
6973
8394
517
9952
2433
8053
8486
8182
7744
1608
6817
6257
2370
363
3460
1801
278
9706
1721
3058
4236
3761
919
5749
6285
6950
1317
5003
5640
6231
1117
3670
8810
7576
6360
7610
1753
1935
731
3976
9805
139
2094
9180
7004
894
8853
6236
2000
6139
2829
6625
7703
5514
1076
9266
694
2665
1573
8395
8123
973
2607
9725
8670
2358
8450
1791
1122
3824
9621
3714
1518
9813
5942
50
6371
9536
1743
2200
2250
1101
9585
4092
572
7389
3872
9960
1996
4661
8539
8440
3252
565
9590
4717
5099
294
7894
8049
8912
8717
504
3141
9494
5468
7310
9751
4732
712
1239
1823
2792
1701
3498
8007
2895
8749
9039
4091
6467
5151
3434
4550
7898
2820
421
8620
3111
6637
5800
3542
7079
2281
1016
2232
8058
4499
4537
9759
4139
1735
2385
8582
3374
6949
5483
9527
1846
5902
1413
4270
4032
588
5206
1769
2511
1262
5759
8796
3604
3056
6605
7042
4986
5337
696
1646
6444
3070
1804
6142
8004
5700
3617
8641
864
8530
1449
1679
7618
1077
8917
3607
1045
7710
8820
9398
2776
1110
2345
8515
8680
5905
2376
5368
5614
1152
5566
2714
801
5569
186
7321
8106
7905
4011
8339
6947
7441
2599
1843
3706
1606
1141
3208
680
4442
9063
2528
3848
9857
6280
627
3462
3990
4510
5611
6230
899
6092
7105
8350
6175
1495
9427
6993
5906
3651
4113
9721
8324
4857
5400
1600
5220
7495
406
4491
6773
6292
2907
4420
6834
9646
3776
2994
6817
5458
2018
8999
5318
7415
7991
5526
6382
4968
7185
2879
6892
8252
2208
216
1569
9364
7777
8105
7316
8672
1156
8884
9665
9454
9068
2560
9133
4064
6480
7409
2216
6089
414
6741
4667
2020
2911
8157
2049
384
1446
8982
1250
4332
817
2803
7563
2907
3890
5193
3513
8628
4104
9110
1123
6585
246
2191
9352
162
3733
1221
8222
1190
5
5107
425
1013
9902
4807
6284
2148
1430
4554
8058
2149
3787
5934
1413
2259
3279
2467
8648
8919
4356
9110
2992
1642
3341
8646
9684
7624
4196
7380
7030
8845
4602
8966
1490
9743
3433
2152
99
2631
8085
9409
7701
2845
513
5021
6309
3039
2765
5820
9300
5453
2445
8886
5034
5156
9077
1209
3128
6694
4497
1665
390
6067
5681
4258
2139
3782
9138
4341
7002
8237
3095
9181
73
1590
3622
1989
1806
467
8319
9640
8162
7466
6647
7596
6567
4876
4723
9323
5750
256
9520
1024
4480
3835
3119
6891
967
4653
7421
9920
4549
3787
4417
3154
1658
3045
6511
3320
6163
2068
9865
1562
181
1746
6965
3482
5018
3877
6138
7553
9714
3593
4404
8613
2458
7449
2343
6980
6986
7002
9504
6399
8888
8805
3942
246
7243
126
7840
1132
6442
5909
9072
2535
5010
6377
5997
2102
2038
7716
6382
8799
3601
4855
4290
5476
2967
754
797
8369
3881
7136
5037
8725
4376
9293
5211
3771
7953
3317
7644
6388
1702
1611
9127
6722
5821
3250
7809
451
193
2700
9060
6264
6310
7788
4014
4337
7131
1338
3782
4440
2488
4898
6761
2566
6311
6953
6898
1669
127
4110
409
8788
3018
6073
3730
5904
5369
5635
182
4101
5438
5089
927
7201
3670
6814
1900
3809
9754
2995
5828
1899
8602
9750
9432
8935
6858
9293
1889
1050
8761
8173
2457
9744
252
9139
6437
7237
7482
9918
9328
9169
9104
8583
7475
8366
517
1791
4319
5527
6295
6595
7805
8974
5364
9102
7549
5370
2197
1772
6588
8060
1797
2518
7249
8252
223
3166
3685
5509
3909
5241
4322
9177
3101
3684
3188
3938
2646
7828
9069
6167
280
4558
2389
8071
1097
5455
6542
1172
2988
6250
9461
8559
725
6172
5940
7277
3399
9821
7221
8883
366
4470
4017
9459
3672
6281
311
7986
2477
6545
9384
7109
1200
4551
9726
3640
654
2270
1805
5546
2420
4172
8066
2233
4877
6613
3016
3029
5640
2421
2105
5364
9704
2122
2849
97
7429
828
2159
5746
5535
1562
421
9797
4611
6930
7822
5461
5047
269
7551
8031
3791
5237
7062
1147
3794
1459
6367
6394
6694
2105
2230
3691
7799
1049
9942
57
6887
1792
7776
8501
8752
8963
7319
1451
3541
9508
1352
5379
9990
2609
9864
5495
3106
8921
7413
2700
8679
3356
2446
6559
7269
2126
6943
493
5872
2295
9812
3503
980
2522
7486
2816
531
224
2084
4716
4922
1472
7905
5670
6386
478
6859
1286
9314
5133
9412
9710
4769
802
9385
4904
9337
2327
6952
9038
3511
5608
5550
5413
1423
8621
6014
9590
8989
9300
5694
9418
8278
4763
6300
4642
1597
4727
3997
8369
6849
5012
7702
7606
6307
5130
3556
1913
1366
5512
1333
5185
959
3119
2665
336
8652
622
7699
2188
9249
3813
4442
3803
5661
4472
445
8330
7947
5362
19
1786
5829
8979
3775
8760
1618
6008
9378
9879
3952
2934
171
2235
5757
1794
3513
5973
6319
9408
4434
7910
5268
6870
6092
8690
5731
4939
4456
6723
385
5986
5454
6999
3600
4109
5060
6743
7138
4032
8104
3220
8619
8148
7485
5680
9460
5524
8866
3414
4412
7159
3117
8536
9769
3930
3911
2051
7324
3113
2369
7025
2179
9882
6229
3899
2184
8759
6887
6664
6950
6438
794
2710
6203
8102
6959
7796
7897
6808
1832
6809
3767
5768
3130
5157
6949
1126
8641
2051
5277
181
1821
9559
3428
9168
650
3865
1535
2740
7406
7310
1283
718
4732
9072
5572
5297
5253
2954
5967
5380
670
2385
4484
9702
3196
8434
2347
4975
3868
9428
5736
596
3263
8010
1256
1926
803
7224
4235
4872
909
2206
8748
539
4977
1558
7339
4600
6356
9254
8811
6410
441
6083
3159
4581
9336
5026
1840
23
1101
4828
7378
5721
5852
3245
8229
7009
7202
1849
5998
7032
9510
7756
245
8627
3951
5772
1682
1008
3391
878
1985
2959
8957
417
4020
2090
8433
4730
2392
3299
1896
61
351
280
2519
8774
1628
2229
5019
4753
2078
9095
7711
2188
8371
8296
616
118
1982
3820
6186
4740
1652
8007
2382
8192
5103
4121
8427
5806
8277
3863
7920
2301
1939
2486
1716
6006
5427
5750
5588
8725
7726
7674
5435
3473
1322
5600
4993
681
3507
9185
9818
4476
3784
8838
8911
6389
8461
9732
4122
4530
7182
231
8890
1519
9955
743
1047
2228
1358
4392
7583
872
4545
4932
3007
6160
5821
9181
1453
952
4262
8114
1618
4140
674
3840
2101
8659
1760
4866
4082
1993
6357
9126
9386
728
2977
1197
8516
2834
3488
3375
1601
1630
7261
4713
9070
5292
8321
3572
5330
9174
9945
2739
9286
854
3750
6121
3908
1646
6621
6756
8680
3496
5134
4938
8132
5818
8194
926
5664
8981
1086
271
6302
6747
2725
638
6924
3962
505
6426
4914
7833
2962
5465
6395
6494
7223
485
9392
7210
9160
8400
9232
2226
8191
2262
4268
9275
6091
1150
7374
5040
5932
6748
1594
547
1229
7862
5565
1470
490
1073
4754
1572
4595
9063
6419
2794
9113
7223
7485
2123
5638
9482
3692
9308
7993
6445
1621
3229
2862
5136
7219
6873
3196
7225
4200
3930
7224
9510
5493
4171
7384
4909
8934
5500
7585
482
4980
4524
5681
5621
2350
5430
1129
3700
738
9082
8130
3572
7140
2054
8609
6136
9473
2609
549
4380
398
2837
3292
1361
2873
710
5061
2036
3073
9219
5521
3837
610
9752
2419
1569
7288
4221
470
805
4053
2383
2862
3856
5565
1465
6086
2715
2206
607
5417
5335
9246
1446
4460
9323
5756
2515
8616
5497
2409
8415
2629
5356
5615
3715
9394
6657
4767
4374
1538
5966
7705
720
1328
8243
6500
9050
7939
7756
2317
37
3052
3632
8396
7603
2124
6105
1363
7862
4355
5536
4256
9587
4035
4676
3585
577
8435
551
1575
2404
2431
85
1731
9265
4333
8306
4892
4014
3546
9455
9075
1224
7347
3769
3230
1215
9264
2558
1777
1202
7066
1100
1963
2210
1822
6328
7931
7862
6681
9320
7395
4043
2883
2974
2453
2501
1192
2993
7563
4567
3537
4105
2307
4155
8930
9767
3974
5694
1484
1743
1642
523
1906
67
5005
9586
7097
7581
9778
789
2793
7048
392
5007
6864
4764
1253
8818
1990
5956
5971
8443
139
8157
3553
8499
8588
2526
1562
2501
5828
2255
626
6455
7887
951
8812
6167
9626
6470
7832
2675
5878
9867
2570
6469
8476
1139
4295
4921
2474
1631
8553
2685
8027
320
113
3684
7157
2274
6059
5894
7308
1570
6941
3864
580
5101
9786
8035
9811
5239
6659
9012
7077
2213
4845
9199
9033
5719
3534
3793
8953
8117
3888
209
3719
2805
296
5889
2498
9687
8432
6327
4840
7709
7520
610
6550
4026
1004
2828
9194
3973
6935
1259
3049
7386
7301
2419
141
45
5982
3404
6902
1644
734
235
5458
9089
8729
2399
3879
6688
8396
2154
7724
5507
3710
7163
5928
848
8518
8900
9650
9763
5046
5133
2935
2221
7397
372
794
713
4123
6142
6614
7831
3349
1839
1647
8119
5576
9218
4391
3219
8434
9989
9772
6617
4572
2293
3198
548
219
1361
4751
406
1030
7789
5331
9588
658
7254
7638
2222
2009
892
1741
1705
7466
5025
8836
315
1481
5101
4295
5443
2967
6204
7500
466
7580
2340
4238
682
6129
998
8884
113
8554
7616
4400
4177
1072
5277
9252
4272
9677
3114
414
7351
4129
1270
5540
4738
9809
1685
8874
8163
1791
6001
6913
7187
9508
3982
8857
9941
426
7239
6775
5288
9591
7514
2226
6938
2211
4861
1831
5716
4186
284
8189
9958
2413
3345
211
6159
3795
6254
6277
5976
6093
4713
1645
7854
5784
5028
6902
9083
3019
9545
1579
304
5727
783
9358
1985
5230
6891
8901
6605
5333
7093
991
8312
5555
3798
453
6951
3828
731
9867
4855
5911
7481
6997
2106
6250
3197
1606
1455
6503
1886
3508
4413
1464
2258
7128
7563
4071
2633
529
9471
9872
1546
5288
642
3127
6361
9086
5229
3974
6833
2321
8946
8271
9267
733
3064
2240
331
2048
3188
8196
1196
7846
4065
4022
3944
4515
9485
240
9373
1167
8015
289
7167
9083
3736
2973
8590
8754
517
6063
7572
3418
9694
8794
6221
9770
5182
9101
5411
7317
6640
6484
5125
8901
7186
2555
2244
435
8617
6558
8170
7939
8545
3963
7863
6620
9742
8377
8505
1620
5796
3010
8439
2283
8159
6556
762
7278
1152
4501
313
732
8901
7916
5663
8069
4868
1053
4155
2334
8147
5076
7460
2016
583
6067
791
257
4616
3102
7871
4778
5053
1460
5887
487
6137
7000
3550
6622
7137
557
4352
6711
5448
6592
3005
410
298
1583
5185
6549
3953
5720
3248
5980
359
9900
3635
7803
9657
2610
7586
2632
52
6375
1024
4323
1424
7171
5662
3823
6261
3368
6989
6746
621
6180
7988
9928
9704
5813
7993
5118
2038
6524
6896
2378
8869
7562
7182
688
2807
3143
2552
8640
8142
4129
6829
5107
7287
3585
9276
5091
3121
5562
6740
9802
3240
7067
4774
3363
5123
7700
4520
8813
2726
6229
6937
2862
4580
641
557
3124
8564
5105
3108
4855
4559
5654
9771
5002
7844
9718
8702
5600
8312
8952
2584
8283
8237
6010
9273
1743
942
2687
1666
133
7332
7655
5648
8524
5304
5830
6211
9258
9430
7142
538
945
9546
5384
1293
4524
473
6950
727
9672
4927
196
8062
192
2352
3621
9823
6928
3213
8074
7627
9147
9830
725
8696
8920
2006
8796
2981
1335
559
3560
1855
1826
1731
269
3705
7454
9548
7012
9083
449
6009
4820
6105
5917
5973
1776
782
2138
37
3546
966
8211
5454
4388
629
3366
8129
4615
919
9615
8644
6925
2293
8430
1727
7272
7696
5540
9903
7894
4462
8141
3034
460
9134
391
6336
8735
6489
2066
5530
977
3047
8591
1729
2776
2363
4314
9918
363
2173
2228
1306
6822
4386
5321
3057
5534
745
6961
6215
6654
4996
4242
1703
2238
6369
6098
2148
533
4613
2506
3102
3589
4964
7046
4420
261
863
2313
8608
4957
1882
8685
8819
7450
9208
5912
1293
8785
7014
5530
4825
6640
1602
5139
2403
6432
5462
8881
4295
4807
8932
2151
1511
5194
6063
9578
6025
6159
6483
4805
6443
6688
659
6956
5540
8540
9741
61
9704
1607
2732
3650
519
2562
8938
6275
2578
7077
6752
6361
4315
4281
5147
6733
5497
5266
2380
5279
2853
7513
6845
35
1732
8952
603
6917
8128
8751
6404
3741
7701
2164
5903
6958
1302
774
3250
2072
1881
1938
9267
7261
7894
3758
3295
6273
1079
7635
3153
3706
9100
9641
2016
8567
4078
1786
4791
3725
2653
6184
6466
9325
265
1610
418
6241
6233
257
8525
7333
1932
7642
6389
5234
4490
6780
3315
901
4629
5936
6160
1263
4097
2865
944
2613
2430
9833
9355
3080
9310
8523
9273
5231
167
9983
6394
1168
8550
5975
3999
6173
9934
2417
7976
4539
7388
2005
4523
2622
9176
4574
3037
7729
2922
1733
7185
8386
2230
2473
6330
6297
9670
4763
4543
8776
4003
518
1258
4814
5504
7516
9164
8790
1235
699
3105
5629
4352
7630
7163
2945
963
9968
1662
8020
8410
1243
1415
1664
7277
2142
2746
9156
4379
4942
9046
4989
898
8691
2599
7424
2539
2947
4584
2227
9519
7228
9011
7051
9642
9051
4343
3616
5003
7434
6613
3149
2756
949
1479
7460
1621
9405
2236
7855
9599
7670
6484
2960
6903
5099
5285
7193
2426
5938
2104
8856
4999
7481
9139
4682
9470
911
9700
6065
6291
8224
3062
6544
4302
7032
2739
67
7938
1753
4791
5083
2152
6616
220
6407
4775
6705
1287
7582
6850
8219
7215
9801
9295
293
6325
9982
2335
8880
4500
4758
8383
6791
6983
9440
250
4136
1505
2607
6889
790
1725
4974
696
3032
146
3652
5797
9225
8370
835
4840
4370
8928
1610
202
4245
4140
1802
1859
1088
9533
7509
4676
7393
2425
818
797
3273
1460
1565
4701
4217
4194
5468
2900
4393
651
6285
6166
4232
5946
1547
1758
2893
7345
4095
3020
7868
6205
50
1917
4020
1026
640
4469
8101
8643
8169
3916
9502
9520
2
8226
4309
2476
2376
4880
1920
5289
9124
4349
7392
9923
8330
3385
8654
7782
604
7433
7390
8124
1147
7792
8879
5943
8269
9847
5892
9815
3754
2361
4733
4697
1968
5389
4846
5949
9799
1344
5025
5394
8735
4078
6840
3648
1877
3261
682
9889
6757
8935
6415
5628
8857
4226
5111
1184
1983
1933
7524
2858
5336
1337
6776
1923
205
9457
4536
7626
8716
1528
9232
3625
7025
894
8209
7029
3824
7822
3221
6039
5134
4039
9491
1699
1503
8533
9934
4994
3689
7963
5016
5008
3224
2976
1636
1459
5979
8835
7944
198
3692
6779
9265
7682
7037
1744
3457
936
9310
3040
2131
109
2203
991
9503
1650
8209
7918
3145
1327
3457
2198
8660
1372
8269
9585
3812
8796
3968
4198
8449
4742
7755
9471
2775
849
2761
5304
1626
5867
6691
4263
6311
5654
8368
5202
710
5439
1524
1857
8876
6429
2282
6833
8429
371
7932
6546
3614
2034
7519
7502
4119
9310
924
7895
9239
3642
6664
1707
5411
6162
4597
7558
823
4358
1201
3701
6557
8878
1772
2322
6266
5663
9848
9457
69
88
4249
7494
4116
6921
8955
1168
1023
3697
435
8150
9621
3105
8670
413
5069
1187
9781
7907
2453
3057
9090
8907
1238
9235
4140
1781
6153
665
5454
6857
8786
8048
7975
6448
7147
5717
4730
8191
4988
6804
2853
3777
4725
9691
6254
1824
6254
5440
3146
5248
7670
5499
775
600
2519
4337
3033
9038
5723
5935
5698
4429
1128
4479
6522
2358
6086
2906
207
8656
3506
7466
5173
493
4315
1659
8814
9883
6137
493
7621
6563
445
920
1653
7089
1828
4301
9974
6497
2965
1157
6263
1122
6346
9129
4423
3162
3099
7437
2125
6486
7845
7065
9576
6908
6810
837
2337
3935
8034
3024
4093
3790
8816
61
3262
9161
7487
2171
6072
8913
2603
9312
465
7148
9612
6033
5698
5921
6012
6272
1386
2470
3546
9123
5410
7651
5159
9421
923
6866
6094
4539
131
2502
6721
1645
9543
3237
2526
2590
6274
9924
880
6866
4612
9117
3762
2780
2526
5647
2334
9
2825
227
4772
684
230
4230
582
8135
3200
2631
1184
4626
414
2767
7285
3596
1684
9192
5492
3979
2649
5468
9257
1649
116
7947
3840
429
2047
5608
1029
6155
5182
7633
695
9865
8073
1945
1547
6503
3828
9107
3324
2251
9952
6045
4207
8238
2570
3607
3269
9686
6753
526
9530
5504
2421
5002
8283
9817
1355
1744
8725
4474
4413
6597
1959
9646
2318
2784
7913
7874
8955
5753
3430
5976
4413
8180
2709
6951
3339
3221
1366
8994
2909
5455
6103
8147
4923
2077
9382
276
6963
6795
7457
810
970
7346
6601
5135
9306
6126
6661
8570
2169
6718
8771
8589
2442
6408
3049
2331
6845
8406
9850
3332
7745
8337
7924
7822
5114
5848
3910
2850
8829
9485
3886
7696
8409
5660
9696
8015
7488
4489
7379
2613
3586
4037
9750
655
474
2460
9264
7103
9698
7663
7701
1647
5234
2345
4740
2086
182
7104
3965
9702
6141
5993
7472
4254
7037
1912
5041
3523
6516
7203
1095
7862
6602
6402
3923
1298
6722
4406
2110
533
6495
9427
3628
4505
2580
5595
2204
9981
2259
1736
6225
7076
7654
3909
6475
7354
3356
6569
1630
6367
9036
9010
8869
4081
6021
7082
399
4138
3318
8921
9111
1603
2761
3142
8129
1811
2426
1419
5760
825
5829
3812
6821
8914
9213
8467
1970
2183
9129
4932
9341
5654
8762
4824
4672
8779
4791
3760
5245
2346
6553
2424
2462
4268
8179
9405
2026
2228
4152
5597
7028
8717
2768
2169
7326
8610
4054
3849
635
9481
4361
92
6705
1469
3154
3066
8029
1446
229
7529
9857
2503
6224
9000
2152
292
9488
5724
2459
5950
1491
484
9100
141
745
2731
3663
9672
2051
4185
9064
3140
8142
5942
8831
7623
2377
6925
4592
8968
7089
1096
3167
2037
4958
8942
7065
9711
4614
3237
6422
6598
6527
566
5963
1885
8178
5292
3420
1690
939
1384
8878
5276
701
8533
6474
8889
962
3363
7293
9683
944
2498
8572
5591
3815
1372
5765
5218
6327
815
7185
9183
7183
4085
22
6513
672
7794
1497
4378
7280
3610
4176
6262
490
6541
9846
4407
7650
9936
7319
4845
7590
7081
4699
5794
9761
2087
6080
8639
921
3755
9055
6239
6632
9623
4689
5454
6023
1537
2395
5997
2118
8691
3300
4117
6249
6435
743
6388
6989
5834
7555
9673
7352
9588
6432
6601
2109
5475
3677
7820
1823
6223
8805
4615
8077
3342
5888
5990
572
9164
2597
1606
4754
5479
7660
6972
334
2154
2241
1478
2758
724
3014
4508
7048
4500
3296
8337
4498
580
8369
7356
7276
175
3558
5854
4035
5775
7814
3167
481
4663
4187
8522
936
9322
2989
4897
6206
1383
3065
9166
8561
7698
3729
3800
6987
9199
6334
1662
5825
5149
9408
9731
2966
8829
4390
4518
9229
1038
2072
2892
8955
599
3969
6077
4843
1712
7659
200
4475
9981
1283
4627
6723
4151
2891
3315
7510
5385
5998
3236
2129
1812
398
6661
1536
288
1929
3748
6224
175
5658
4417
8383
9119
4764
7170
1711
5933
9769
4515
2986
7472
9969
2375
1520
5817
134
2463
5835
9653
8532
3014
6611
9532
6846
5431
6926
4873
8483
1483
3727
5046
6912
5907
2063
8564
2207
1422
3433
7828
7661
7895
4639
5285
7737
5167
6123
490
6423
3090
1648
4231
2421
8776
5070
24
1445
3547
9252
9790
2297
3904
2095
9175
3837
9380
2625
2777
2782
9044
3853
7034
1081
7385
191
9695
158
2782
3193
1392
5042
559
1223
7684
3332
400
3124
9326
4695
7575
981
2099
5502
487
8932
5366
4983
3210
3671
9666
9246
2922
2446
1572
1186
9484
9612
7523
3476
5225
2573
1037
5931
6826
166
4015
7365
5824
7081
800
9736
8398
9879
9002
5959
4387
1760
6759
4576
471
3655
4356
5394
7634
1473
9252
3899
2100
3020
2884
976
4868
5467
2038
3430
8520
223
8092
7260
9725
1074
467
636
2420
9725
5514
8455
921
1738
5597
