3361
2434
3329
3547
1051
4156
1223
2474
1053
5103
1319
334
1004
2389
2702
825
3686
5684
4585
2579
4056
2036
3390
218
2109
4354
5912
3315
547
3293
2290
877
4923
4925
1215
966
653
2115
2244
264
1350
4124
5683
1515
687
4927
997
1422
2875
5158
2866
5840
140
5369
4272
3881
3715
965
1798
4806
5906
5788
924
4880
2608
3174
2257
2958
1400
2934
41
4609
3694
1287
5777
3309
3680
2917
2895
2792
2404
1896
5915
2907
2996
3466
4996
2053
4994
1258
2320
447
2266
4361
1460
5610
3523
1938
1308
996
5729
5143
4328
234
1306
5094
500
2840
5586
3082
1234
5147
1894
4878
1525
5159
802
3068
3533
4756
3711
1908
5498
2179
77
5208
3342
2911
184
3828
2740
5727
2410
5451
3079
1736
3021
4172
497
1534
4795
4883
5089
3659
2900
2316
4647
649
1595
1955
1231
4889
4637
4263
5095
4550
5007
2349
2751
4515
1012
2336
4092
5249
4856
3190
665
733
2187
2093
4955
3254
1101
5637
4783
572
706
951
3907
2148
979
5619
990
5192
497
5992
652
4155
5190
3307
2457
5386
1994
42
1353
270
2463
4555
4866
1726
4825
2606
2024
1810
1101
4433
691
2994
3125
4162
110
4860
254
5359
4494
229
3438
761
5453
4327
5221
4247
850
5784
5199
3847
5119
1595
562
1071
2087
3552
747
2978
793
3558
1599
430
5294
577
3073
3890
971
1495
1007
3036
5875
4644
3673
1296
29
3101
848
517
5133
3297
3158
3034
3553
3884
1287
1142
3914
2485
1699
3053
5013
3735
2744
5102
3509
4413
5672
3481
4063
4406
1772
62
3858
105
517
5185
5377
5602
1818
1369
4638
5593
4451
1656
2228
2580
4945
532
2481
3411
5879
548
2846
1753
5865
3703
1677
5098
1376
5997
5534
880
1144
937
3614
5800
1190
5230
3932
4537
4952
5607
5369
900
1867
5859
892
519
2755
2765
5983
1116
3003
633
3177
1647
1177
4091
937
3676
4557
1681
1963
3350
2262
5025
4986
5509
5553
5725
1443
5223
2671
818
1362
5687
2593
3777
4396
2650
3875
2788
1000
3526
1746
114
2906
2077
4763
5470
1388
3031
5634
1354
3883
2415
5755
2985
4780
3876
4473
2817
4362
3903
321
2255
5166
2644
5914
2709
4441
2897
5075
3279
624
3891
3504
4963
5380
3592
355
5094
4748
4048
3155
1915
5378
5965
508
2390
1304
5257
4723
2543
3669
2470
5443
930
4191
704
2713
4163
3958
5727
4936
208
4219
2681
4170
1966
5100
4388
4884
3573
861
2809
4469
3768
2051
516
4315
828
4144
2120
450
842
3735
4367
425
3599
1595
4415
1538
2656
296
1401
2006
4571
5213
3482
1171
1145
2757
1684
2820
5456
5633
1031
107
597
1075
777
4941
5470
2794
2837
1530
3366
1157
3839
4967
1385
4565
2997
234
4255
1171
4498
3217
1270
523
28
4880
5463
996
3133
5685
2171
957
3422
298
583
3366
2351
3302
2962
152
2692
2848
1959
1922
474
5825
2390
2193
407
20
1828
475
1310
4285
3795
2136
3218
1636
2957
2637
5714
4013
2826
5814
1443
4245
561
4320
1515
3290
474
4880
4857
5863
4354
4419
5683
5659
5304
515
1191
2549
3204
5203
3219
5774
4071
4440
1392
5843
2622
5507
904
1774
4672
3823
120
1536
807
4787
5297
4189
5083
37
2585
3347
1833
2796
3182
1624
2067
1616
3130
352
1570
3536
2578
3608
1862
3823
1545
1570
1310
76
274
3597
834
1996
3027
1616
2045
22
1332
4323
1609
1515
4662
3001
339
5552
3056
2606
237
5658
5
4265
1602
2037
4242
1135
5572
1201
3075
4276
385
5705
5125
110
52
5569
5014
1496
1096
5691
5561
3759
3591
646
2677
5757
3665
1093
2173
191
1688
1095
2106
357
200
4711
2645
934
3556
3522
241
2510
2796
3121
1492
4181
3578
866
2054
3420
4731
4327
5459
1671
1099
1179
603
3554
2217
2732
2536
161
3146
3930
5103
664
4937
1530
4527
2291
1756
1847
455
3155
2385
3606
2244
4118
2200
5652
3896
1473
3002
4382
3702
2621
7
3260
4890
1340
2798
428
5526
2086
3173
3623
2054
1540
4648
4354
2517
1000
1502
4162
3161
1463
5847
2060
4089
5525
2065
1513
1710
5083
5258
4883
423
4102
3296
3791
4535
3471
3604
2919
1946
963
4157
5346
4149
5119
2089
5138
346
490
5518
1721
2667
991
2447
2921
838
2469
2522
4327
1022
3581
2782
5291
3898
5351
4058
5543
1303
1760
1072
689
1497
2252
2760
3935
814
2381
3681
4830
931
3390
98
5647
1680
5614
2399
159
175
4844
279
161
2219
2603
4378
3194
3122
3762
632
4536
5212
1331
4405
3120
3350
5301
1832
3379
1607
2033
5314
5500
4436
5942
4652
3992
1854
5337
5706
851
329
5260
2412
555
5752
841
5282
3667
5524
4476
511
646
3596
2939
4663
5990
3318
5122
3730
1168
1955
2303
4418
1854
5200
3927
5665
3193
1512
4051
4708
3544
5544
4971
1452
649
4107
4044
3595
4827
5859
2729
2259
2006
2713
172
1642
4216
4252
5255
3930
5132
2085
1484
4565
2345
5355
1781
1797
2676
2850
2624
5697
419
3919
3675
1324
928
214
1608
5464
2469
2948
557
1848
4634
937
1579
1555
2361
205
984
2388
1722
4867
1499
4685
608
491
3220
2556
2687
2321
293
3414
952
290
705
3248
3458
2751
528
1901
535
1595
4028
2418
440
4494
3787
1205
1566
4412
3289
4259
542
4720
2577
240
1544
4225
3655
4361
685
3191
85
5654
3498
5478
1393
5068
1157
2713
1832
1055
3955
1643
825
1860
1059
5838
4384
1556
2939
1982
4557
252
333
607
5424
50
4085
4611
1876
4178
5426
1417
1845
5126
3198
2927
3039
2564
2956
4520
5781
4241
5341
1864
954
3955
399
2812
2847
3556
2195
3222
218
1267
5785
2230
1327
2853
842
4613
1166
3593
4322
4267
5288
1768
1800
2656
2319
2763
5419
5567
2250
711
4506
5095
5553
3443
3504
3739
4171
2650
4299
1209
2946
2924
2168
3112
5392
4703
1852
5354
4632
2819
1777
3201
5955
5490
5099
4830
981
2534
4838
4548
4715
5717
3134
1147
1428
3464
1882
5185
1369
1897
3222
347
2330
5066
892
5481
1127
2787
2847
391
5975
1027
4099
5631
5065
3256
2892
1596
517
5657
2017
4106
237
496
157
2153
2277
5893
1746
1521
1260
5078
4650
5631
4278
1043
3723
2157
2296
3621
214
4511
1280
4607
4445
3274
638
1180
5710
1823
418
5512
3425
5189
3395
5179
3226
261
1977
5088
5770
351
2665
4403
5689
5977
1418
2201
4040
1416
3512
5434
3414
1799
4725
4329
2225
1156
631
4148
2311
4810
4466
5206
1256
4217
114
2106
2777
706
2820
5003
5768
2318
2706
3622
2343
1535
4538
5329
2391
2510
3979
2565
3395
2690
2027
3158
2069
866
2855
2675
2185
3266
247
2249
1404
4186
2493
4066
3120
2661
971
4427
5823
1604
4222
2915
1289
4594
1482
3790
4045
1091
99
4298
1280
5477
262
1321
3484
4921
4338
4237
2696
187
2470
4307
5280
4220
4824
2933
4833
2849
1695
5587
3747
916
1870
5756
3299
4728
382
4774
2236
5659
2183
877
1874
1860
602
952
3259
4667
1821
3719
2425
296
4580
345
5656
4835
5080
5354
4657
602
4535
1465
1593
4466
3241
647
841
1045
4938
4827
2714
3434
4824
2195
4268
2354
2843
3653
5844
5901
859
4692
5136
1629
5443
1662
2712
3651
3121
1410
1043
4150
4470
3407
243
5330
1824
2215
2046
2908
2737
802
4682
788
5740
3903
3860
1987
3436
2565
956
3428
1953
1688
417
5791
2936
2312
1285
3280
2613
1283
5196
5510
1504
4058
2599
1960
3689
5056
2839
2482
2089
2495
2928
2509
5815
421
988
1500
3779
1244
4568
4274
930
2712
3775
1538
135
249
433
1550
1306
5600
2016
3937
824
3869
3655
2376
2503
2263
5208
3626
4260
1637
2816
1385
3947
554
2984
2001
4242
574
5707
2317
2707
2166
3167
201
5924
2438
5506
1313
5844
3181
1938
2184
5860
3630
4713
2102
2607
1023
2692
25
568
3290
2110
4396
287
5649
5325
2901
2463
1182
1705
4039
1655
2136
980
1032
3747
5282
4635
5773
1414
3070
1032
4034
502
5887
4944
3430
2068
2684
1072
5778
2647
1584
1903
5338
2388
2366
4655
5420
1372
3553
5606
54
5346
3138
4100
628
4423
2787
5504
3031
628
3608
1283
881
1859
2837
1920
5948
4747
5298
4511
2410
2278
4812
4133
3223
4112
4805
2914
2075
4894
699
3318
5036
1961
1222
2128
2497
4630
27
4421
1457
1011
3550
5498
1225
896
4532
1966
4524
103
982
2310
3989
3913
626
1510
2776
1319
1483
1337
1030
3626
2400
2574
383
3551
90
5231
130
1570
3183
1550
4864
4070
2116
4975
2287
5007
4848
3468
2314
588
1755
4761
5830
3364
4469
2021
5631
780
2499
2153
5728
2178
836
3040
3154
1193
1313
947
5036
5425
3587
2800
1800
5794
5439
4262
4870
1653
1532
256
1226
4095
5846
2315
5441
4939
1882
4550
577
4835
2833
1909
5038
3323
2378
3538
1032
5178
5680
977
274
4581
3979
3630
5470
1802
1106
1989
4595
998
2718
2397
1
915
3065
338
5867
5218
3685
973
1683
4432
2074
3443
5843
5576
3943
647
871
3094
4666
3772
3193
1699
2778
4347
5060
3442
529
302
4490
1365
2104
2247
2913
5997
2170
95
920
2572
5626
4527
391
2265
3457
2884
628
2047
4799
3587
5714
1170
1011
1561
724
2207
3973
3789
5472
3599
3169
2853
2542
5816
5550
1682
3279
3008
3420
5929
699
4383
4077
1246
4338
4415
506
4143
1860
5779
3878
2026
5885
817
719
4124
5880
3037
208
5079
3508
3924
692
5744
5908
2482
5862
2930
527
4400
2996
5842
872
5997
2321
2160
1433
2216
2633
5590
2184
1543
2543
5920
1612
2664
4531
5353
5864
2977
2655
1534
5525
4837
1120
304
5951
5558
4754
4828
2294
5634
4388
3327
4964
4444
2299
1944
5358
2727
5987
2574
4948
3185
5919
874
178
5082
1857
5027
4921
1967
5622
3236
5544
119
1129
3084
5011
2170
5239
1138
3974
2457
4466
3539
1683
4014
1759
3050
5511
3905
1499
5562
3130
3875
26
5883
501
1611
3024
2686
2206
2235
3944
1055
2351
990
4113
3782
4710
4000
5321
5834
4133
474
4162
1667
4088
2584
2289
4538
838
1801
2293
2447
4241
3347
1604
4599
4824
5712
913
464
156
2985
3690
2738
3888
3709
1230
1443
3961
5517
220
3495
2997
1288
5478
467
1800
526
1924
3420
3409
3859
1349
3201
2923
3555
81
4034
3359
2412
3738
3787
3303
2556
256
800
3213
1848
4547
2375
4434
4598
3907
4669
3643
4583
3476
2102
2566
4468
3582
3077
1994
132
3952
1155
3404
3320
4004
2080
1582
5268
5694
5635
4162
5434
1998
5088
2460
1027
3653
2549
5589
2813
1172
3760
1564
3724
5167
1633
4887
350
1361
3831
4087
240
1673
4986
2713
582
2210
3061
2473
2475
1905
4654
161
3909
5367
1123
2720
4899
3654
2322
2214
4935
2289
3061
2682
3290
3500
5976
5630
3568
3138
4472
523
2121
5973
3562
5398
1745
5087
3157
2820
5461
1255
5774
1530
4466
4656
5598
3100
4316
5004
4226
5079
5863
3166
14
5755
1190
141
4046
832
2878
3156
2523
1833
3958
38
3959
2518
3341
591
2325
3411
1447
1637
4567
1390
597
4413
2134
5590
2321
3291
3544
207
1139
3969
1441
5810
2947
3816
4024
5952
2220
781
3700
3207
3640
4946
5524
4046
1965
581
5864
3290
4612
4014
3871
1059
5507
5410
5933
3329
2454
741
1145
432
2510
1340
3825
5026
2325
4032
1674
2611
765
2783
5415
696
821
1596
517
3409
4407
5799
242
3309
4881
3031
2504
3549
1246
4931
3769
2929
4288
640
616
3806
1916
3461
1266
2657
833
1898
615
5725
3478
1199
1097
4160
1696
2249
2208
388
2878
455
5031
2577
833
546
2486
1919
4922
2723
2397
4425
1090
5327
138
4430
528
3869
1848
2977
1339
3609
4596
5233
1660
4961
1276
5106
5182
796
375
4506
4437
986
3467
2072
472
2773
703
3950
509
1159
3117
5759
3440
4535
1123
819
1023
5659
1431
5800
3141
1505
4181
355
241
1208
3494
5140
2418
617
382
1128
3986
4899
2754
4695
2715
468
2245
2253
4314
5411
4302
534
2847
5418
4535
5522
2094
3378
3988
3737
453
2150
1789
4424
3418
5673
138
2489
4961
3060
2715
4641
4039
136
881
4130
3198
1537
1964
2945
1349
5483
2770
4178
2610
5630
4921
751
4543
5413
1825
2952
2463
333
4337
4612
5739
4281
5340
2789
3006
3634
3264
3754
1721
3339
4475
3310
2339
5410
58
2573
5121
1666
5839
3159
5278
1734
4590
4669
3031
1033
2708
553
2086
5737
2341
2698
472
1449
5456
1356
2061
5269
1489
5526
3484
4769
116
5469
4192
4058
2096
4902
4564
5150
568
1065
3814
5255
441
1105
4938
4962
4160
2063
5134
5998
972
5790
5781
1632
955
1362
4131
2964
5332
1866
5268
5293
5264
1620
3785
2077
853
2895
4736
3345
3568
5388
4894
4772
2591
750
2396
4612
2665
5056
2172
1153
523
4918
2646
4017
1887
3147
4515
2080
2698
2297
2165
613
1715
1560
1601
592
3275
1261
4426
3776
3774
1412
1915
3057
596
4249
4977
34
3699
287
3603
3748
3765
3443
15
3871
1826
5435
3714
2719
650
5416
5171
2507
4433
1995
1964
3398
5031
4548
470
5278
3763
1621
1297
4850
5931
1477
1197
2993
1011
4976
167
237
4479
5836
1811
5295
5975
2390
3891
1172
454
3451
2017
4836
3023
3507
5039
5635
2781
2743
4504
5409
1348
2803
2034
2028
3961
1542
5731
4165
4379
5255
5005
3680
4285
4018
2696
4613
1394
3520
4906
3683
1155
4213
5573
340
3999
978
4957
5052
608
2186
5956
4331
4070
5618
2084
4354
1570
4386
153
4642
2385
5928
4201
2079
771
3132
4288
3876
807
2125
1148
3281
2197
3210
3266
3951
4279
5213
4507
2147
5125
3874
1118
97
1595
3622
331
3384
2986
267
673
3211
840
3511
2653
2624
36
763
833
1009
4522
2593
2636
5984
4911
1039
3947
2312
3354
265
2076
3854
3791
3779
1994
2295
1737
4403
2106
5602
5044
1925
4945
3814
5044
1304
3840
134
885
4886
861
3009
4176
1889
1519
3143
2822
3048
965
5108
332
57
84
4449
3907
2672
4636
1072
5667
414
3701
3653
3220
4389
4795
4901
2537
671
3731
134
3785
3135
3833
4837
3051
239
2712
199
5757
4280
1973
1783
17
4368
2616
702
5765
4446
4311
5009
5102
4729
5489
5508
4400
3214
5796
4381
491
1536
476
4243
662
4682
5705
3732
3409
1312
651
3590
4426
1524
3165
5589
4910
5764
2075
1915
1529
2048
5105
2958
2684
5801
2977
2084
5594
3909
1232
4817
2895
3087
2366
2545
5325
284
4305
2145
853
296
4653
1959
4798
1215
1330
1618
2485
2471
4801
1483
5330
5915
3644
2491
5282
1970
826
3735
1270
3310
5843
3159
4968
4513
5326
980
1925
904
3285
4447
5355
4172
1553
3966
3312
2926
440
1217
5100
4671
4767
4403
3221
5314
4669
5020
1301
137
4799
4259
1466
3803
913
481
2185
1368
95
4897
1440
2291
5641
1571
503
2478
2268
4767
2930
4820
2755
4983
3638
3327
5065
3254
4213
2890
4025
3876
4792
5952
5972
2123
856
195
1950
500
312
5257
1526
3739
2787
4129
5104
5521
334
275
1617
4511
3913
1286
118
4376
5207
4779
4050
4472
4471
5414
3490
5193
3823
2540
4990
36
3076
2248
5598
4804
2617
920
3814
4006
3729
1717
2048
4764
3810
2304
549
3489
5800
2535
2359
5896
3635
3878
1054
4861
3535
3387
4685
4317
3166
3666
1760
673
948
5519
5844
2500
926
4986
3011
3366
751
835
2075
3034
1705
5335
3386
4138
4565
1196
1289
4602
3647
3830
3457
3578
5344
4252
5870
1268
537
3668
2255
1574
3130
5979
2758
5642
5980
1
4066
672
3809
5121
4903
1581
5718
2430
5479
1692
3457
4296
2511
4547
93
686
2848
1409
351
814
1465
5268
1045
440
5918
3847
2202
1056
3222
1064
1512
1202
4790
5015
138
1568
3798
618
3997
4919
1405
5693
4547
3056
1311
2663
2035
1138
1263
5529
4080
1748
1057
287
2596
2336
2785
4152
5769
4100
1498
4835
3621
2082
1060
1279
4255
86
3901
1381
306
1112
5458
3905
5133
2071
1627
2266
2692
5318
4737
5299
5479
1539
4892
1690
2220
2962
1661
4734
2987
3624
1540
990
455
2579
4943
1901
5124
1287
2400
913
2185
2611
5514
3322
5204
3954
4888
4144
612
4894
234
5445
2071
4399
5549
4009
2288
2704
2373
1084
1172
211
89
527
3202
779
5003
4308
1629
4566
291
1587
3815
4766
2936
190
3179
5717
282
5724
1991
4414
4014
5218
324
4555
1527
3216
1652
1680
142
1063
2071
3366
3405
5864
2794
1580
5533
1032
2637
2296
5994
639
5758
4731
3168
2736
2695
2147
405
3235
5041
2170
3363
2094
1508
747
1007
4722
5036
4133
2843
2242
569
5096
1940
2382
147
1932
5129
5981
296
3376
4905
3625
2228
3552
1655
5876
5564
4097
2125
5129
1863
2790
1530
61
3241
2756
5402
4229
5341
2354
3456
1
2110
5194
898
2613
2834
1165
1617
4200
1460
3363
3044
5877
4172
2320
560
5215
237
3762
582
1554
5419
1350
4745
5028
3127
474
2858
1595
1849
4893
1042
3256
2905
3027
4491
2080
697
4117
5499
3196
1283
3013
3454
4598
3770
703
1408
3956
687
5354
1812
5793
4723
1678
1251
3286
4660
5136
1892
264
4406
2985
2324
2939
4047
3253
5971
1573
1422
5942
331
2477
5417
937
941
4017
2626
4736
3466
3703
3142
1694
282
3404
1602
3362
3133
3688
2274
5099
1212
3362
791
1738
507
2463
3923
3572
3709
358
3764
3606
2324
3935
4268
435
4851
5642
3257
2041
4514
2989
1349
5266
3742
2261
2844
1414
1098
1820
1845
2238
1446
3099
3600
5427
4218
4471
5130
3477
463
2168
3552
5288
186
3975
3949
1032
3254
1461
2865
2765
4893
872
5825
4009
4290
4416
4629
175
4638
5768
579
3134
342
5689
5957
842
4165
1688
3224
1372
2571
2735
4756
2591
178
2840
1203
299
4568
246
528
3136
4046
3326
4798
2280
5228
4051
818
1391
4686
1888
3742
1230
4463
3677
154
4850
1921
2052
193
4236
5510
5262
5813
2433
1871
631
3712
2626
126
2448
665
2742
5993
5747
5023
2786
3294
5344
3637
1611
461
150
442
2019
3895
2494
1124
607
2177
3601
4008
5529
565
1914
4424
3729
2549
1334
2841
1918
3484
5016
5216
1235
2483
1193
5465
2044
2701
1853
4580
4327
3520
4336
5196
1424
2609
2543
4709
3989
778
4339
3138
2472
3498
1607
3712
3059
1481
1083
4146
2661
3590
5634
2105
2538
4944
5702
4976
4458
2189
876
2050
4024
474
1089
5592
4746
3728
4787
195
1368
2223
1036
1954
5565
4458
5449
4401
187
3182
2426
3582
3963
2128
178
2057
2001
5762
3437
3543
4030
4002
849
3107
5456
3024
2637
5746
1636
3513
5071
5153
4908
485
2194
5341
1707
585
964
4703
1148
89
2581
2434
5379
5662
3931
5698
5403
1440
3859
5411
5887
2944
3842
2667
3524
3717
4265
5149
5619
1297
4167
1379
4965
4462
5224
5255
5223
5979
667
4926
5308
5389
306
1474
3954
5940
3218
3482
1628
5403
1082
5544
4479
5467
5793
5262
5097
4557
2504
958
4827
2266
4430
3965
839
3105
5090
5427
1764
2483
4131
386
5166
2095
1092
5953
1739
5717
2427
4372
3176
937
2200
2665
3010
1319
323
3441
1889
1453
2910
489
4463
3721
2426
756
2390
1999
3173
4967
951
2647
4400
208
1894
3682
4975
3476
4547
3095
1802
2404
3284
4846
1201
2699
845
3687
3692
4022
482
5160
4896
5633
5171
4882
2397
5882
4470
1039
292
676
947
218
1894
907
5032
2730
5032
1406
2573
1948
5699
4126
3362
972
3847
1137
612
5553
2272
3571
1966
3954
1920
3595
92
3001
5580
1333
4235
2962
547
4401
3885
687
5497
5623
1688
3260
3426
5044
4382
5242
3945
2390
1511
4234
2048
2401
1626
3831
4114
795
4859
912
4276
5786
2046
1377
3787
1416
2905
3918
1783
736
3592
3963
5820
3080
4122
3883
2849
2746
2649
5843
3441
2545
4055
4745
1999
1180
2083
4670
2439
1922
699
5974
4512
4803
5756
1200
1053
3143
997
1846
755
4821
505
739
2020
306
5074
5003
5273
1220
4547
92
2863
4161
4150
4335
57
5721
981
5115
5811
4765
1028
3446
38
4266
4922
1417
743
3398
5185
1343
2571
1558
3363
393
1493
969
5124
721
575
4245
3775
649
1719
924
4953
4096
1088
5786
5265
4288
5290
2942
3769
1703
3916
5571
78
2191
3422
3657
1810
2828
355
3253
4795
4834
3235
1474
2501
2545
230
2034
1714
446
508
1349
4210
4911
1498
2324
381
5058
3680
5499
3677
5722
229
2913
2713
5096
2643
5269
1660
3362
1200
3174
3333
3634
1377
783
5863
4398
2643
1070
5504
3327
2420
960
4694
672
4139
2299
5789
389
2584
790
4326
4069
3398
4041
4082
1366
3181
3229
1284
116
4676
1999
372
3341
1684
1190
5295
4492
4616
1422
5724
1199
2945
2465
3017
5640
4245
3922
5652
3837
4967
5
1799
5772
5618
1406
5546
4174
3262
5444
5692
1270
118
3218
156
1847
4224
1978
2273
4495
5499
4646
4410
1300
3975
5757
1104
378
4798
4574
5447
4014
929
5195
275
225
4237
5045
5848
5796
5612
4272
3945
2493
5751
1331
4466
468
5001
4511
5617
5212
3839
4809
79
3841
3116
2838
3805
778
5017
1602
2553
4491
1817
1869
1792
3707
4075
82
4749
1740
5561
3540
2608
3676
3421
760
2922
247
467
682
2404
2855
4713
4109
1215
5769
4642
2578
358
4717
5579
4867
3007
2858
1781
2461
1777
667
161
4792
2768
1530
3721
2421
5011
3960
2699
1779
5287
4566
1105
2429
396
1938
139
4195
5581
5746
47
1108
445
3206
4966
5461
1997
3325
2135
3888
58
5175
4577
3532
5635
210
5618
5157
2520
2772
3045
5176
5853
4915
4152
270
974
1956
5003
1970
1646
2398
4804
384
3992
5418
1248
4875
1702
4138
5876
2683
5999
5491
2210
1042
4730
3928
5286
1754
2657
5284
3840
4749
418
2979
2540
4191
5455
2078
5005
5212
2533
4738
4376
5578
1913
2556
2636
2458
1342
883
4768
3985
2276
1249
2117
1725
5658
2111
4186
5927
5700
3165
5631
1700
983
347
3457
2614
3441
102
3523
3621
3974
4802
2318
2870
2006
5249
63
2742
570
957
5759
2342
205
2856
3696
3026
2087
5021
5970
3311
1555
3522
5254
529
707
5117
1610
4070
2330
4496
275
2035
199
210
3385
3945
1089
2491
3244
1523
2606
3468
5140
2606
1822
3113
4118
4837
4788
1076
5618
3176
3332
3144
2649
345
5031
3678
3740
836
1084
447
416
3064
1466
2950
1342
1717
288
1169
5223
5572
2829
4756
276
1341
219
3898
2427
2282
2533
1434
4189
2150
2730
2098
5421
144
3898
3010
5019
802
5517
5239
3439
5673
2243
5618
5169
5824
454
1956
2644
3933
1115
5353
1315
216
5576
2367
2227
1252
1487
3281
3481
3451
4120
2868
2037
5866
5901
2173
4699
1430
1599
5292
5570
2233
4679
1290
2918
3101
2598
4971
984
5316
5629
4799
693
1425
2153
5371
5011
4615
1030
1566
3352
1437
212
147
2309
5882
2583
787
3648
2994
4168
3700
5615
1053
3305
5665
1024
5952
4358
2983
3142
251
4951
362
5101
1934
162
242
4910
2105
1501
1669
2959
4350
1345
3810
3090
4741
2794
5159
5485
3436
4011
5184
1353
3257
2798
1917
5860
4877
1465
2254
5938
3815
4012
797
2656
802
583
2841
5497
5356
1673
5338
4657
2628
18
1718
5375
5566
1066
1887
311
3927
3755
3926
5621
2320
2617
4976
4150
2537
2547
3411
5744
171
129
3422
4882
385
1580
3379
2006
2276
2717
4977
3107
1874
1053
530
32
5547
3708
1453
5330
3095
5086
5849
3894
3255
3055
176
4570
4566
2343
3595
4245
5452
4137
4927
4487
1216
1861
5748
1499
678
5085
5198
2106
1388
389
698
4937
4669
4788
2711
3362
4785
5703
494
2480
913
404
5567
915
2986
5307
4521
4980
5630
5161
4806
3715
4161
1862
625
4908
3590
4831
3669
4264
3143
3406
2531
4735
3531
2549
4415
4602
4599
4073
4760
1639
180
4587
5058
2103
5656
3042
2994
1553
724
2004
869
4025
4505
5060
2781
3019
3608
4005
1689
4417
1589
5292
784
2005
2055
2067
5770
1680
3743
170
3995
5664
2690
24
4173
1032
5732
1408
4633
385
243
415
5265
3518
13
4401
4877
4590
3151
5331
544
3179
2156
4227
3270
1407
3158
5747
3196
4550
4107
3645
4844
2702
3679
2736
3924
1099
2114
5001
4162
5831
718
4973
2110
1926
3264
4514
756
744
4704
4014
5692
1624
462
2023
936
1473
3211
5945
5754
4337
321
4102
3791
3077
4416
3847
1307
643
487
2241
562
3143
3771
499
1152
1701
3030
3612
1111
5613
2607
2633
5443
2365
5393
172
1131
5488
155
2136
3381
1124
2085
1401
3574
762
5113
2976
1078
4678
2869
5596
316
3686
3564
2196
3403
2207
4755
593
2520
5746
4831
5193
4055
4814
2072
294
3169
4719
3226
1157
2852
5877
1593
3353
727
2175
1774
4272
169
2326
4242
2414
4693
454
3493
2501
4211
231
5244
3142
398
1274
1957
4593
29
2591
2808
3513
3905
1219
4940
3507
5242
5366
5842
5100
1558
1770
2002
2442
663
2952
4145
2187
2416
5261
3324
5370
2892
1250
3747
5600
3659
2793
2836
5030
5417
195
883
5065
3484
4734
4788
4151
1355
5340
2005
101
2902
3423
1674
2371
358
3056
294
423
4257
3647
1442
2438
745
2084
5502
1361
4003
3540
4754
2524
79
1103
2079
5834
4057
4950
4374
900
5370
4235
4292
4232
3099
3792
2810
4030
3416
3041
2117
3302
2189
1326
5326
1693
2448
880
2720
5295
5866
5389
2032
3894
5667
663
3166
4992
1241
1486
3448
3183
4797
3126
3525
3849
314
4179
1493
5088
5074
1329
5122
3884
3287
5312
1010
484
5475
1788
3436
4092
37
4970
4325
3177
681
3359
3302
3583
5618
4651
5484
395
3350
930
1371
3068
262
4123
2864
3404
1385
3058
722
3565
2308
5160
5587
5391
328
4250
1113
3102
2887
2911
5459
2472
1828
5690
4394
843
5799
2880
2983
157
2378
2899
1643
1366
2452
4445
5102
3111
3711
3657
1943
5918
5719
5003
5653
2785
1473
5343
216
3928
3973
2126
2207
1175
2346
1310
1311
3593
3869
3281
3388
2520
3566
253
2967
521
3607
2604
3076
2565
4505
4649
1191
4593
2180
1003
5963
4847
1571
2975
1950
509
4306
5949
2780
2123
3214
477
3063
123
535
5698
1184
5601
292
164
2868
5754
67
3868
3686
3545
5355
1864
709
2203
2112
2190
4618
3564
2658
3645
4688
3731
2179
1423
4432
936
5443
4716
2183
1510
3578
1528
4023
1868
4753
4635
1815
2205
2781
5729
1928
4087
4793
4104
2981
4209
2542
4823
4341
3005
5538
4959
5137
157
4715
3849
2076
33
5614
3902
4724
2959
1545
278
1156
3388
1257
4456
1027
5030
5048
960
3597
5492
726
1998
1483
4949
1987
3435
3233
5813
4855
4935
2549
3886
2846
4254
5895
1275
5427
5849
2801
4792
2392
5712
1772
4085
5871
733
956
1881
2729
3324
2713
867
4152
478
5132
4460
4482
1645
4322
5625
5893
2298
4384
3004
1329
2114
675
2793
4391
2911
3170
2902
3132
1386
819
3068
1785
1982
5878
3963
2851
1929
290
778
1858
4268
2026
3659
3424
2817
1052
1116
4703
2043
774
1274
4407
2777
4117
3392
5100
741
123
14
3960
2233
5900
5557
3242
4689
4101
398
3162
3179
762
4426
1687
4523
3483
5252
4672
4379
1346
2563
203
336
5739
300
3925
3064
1952
4084
5191
5583
3344
2642
3153
4368
5788
179
133
2344
1582
2119
307
2775
1766
889
1037
368
882
93
5462
2336
5721
5681
299
2203
2260
5286
750
5809
1081
2712
5419
304
1270
4632
794
3763
1414
4923
3296
5144
3619
3899
3537
2256
745
5883
4390
2879
691
2648
1286
5091
1380
2795
1397
1985
2099
1275
38
3179
5396
4432
4046
749
3759
2274
215
2791
5296
4752
5741
2757
5850
5180
2937
4298
1272
1875
423
5836
546
3099
1526
4520
3896
821
3227
3638
1374
1329
5938
4087
228
3745
3475
3755
2977
4118
5917
4815
4268
1638
5425
1619
374
5888
702
3146
4775
5142
1572
4938
5027
680
4583
3300
2281
4226
1298
1309
40
5179
725
2523
5582
4606
2141
4187
527
4598
2255
175
3950
1795
5713
2838
2475
5625
468
4963
921
167
1873
1071
4731
2341
5407
1241
5290
918
4430
1196
5717
5133
5956
4442
358
4700
2178
5668
1501
360
5906
4459
4395
968
3263
4865
3885
5020
1104
3097
947
283
5378
861
5980
1716
993
4365
2064
294
259
5429
4026
5499
4882
2264
415
3311
1268
5001
4191
2511
4505
3464
5591
1868
3376
5001
3825
4110
437
4432
2217
4597
5323
3401
1948
2475
3218
2852
2815
5734
4069
2653
4665
4553
4772
5481
5502
5818
4169
2061
1546
5454
3304
1961
5206
369
5111
5554
4697
5698
5560
3949
3150
5274
1744
1206
5710
797
3765
672
2330
1145
4056
2168
360
1339
2828
1922
2983
3810
1123
2805
4048
715
4948
4226
4651
4555
4698
127
3675
1627
5772
3315
199
4749
3380
1930
6
941
735
4583
2342
1843
5456
5225
1193
3461
3089
886
2061
858
167
85
3399
985
192
4136
4923
655
3292
918
4010
3919
2933
2390
4840
4243
2733
1831
2936
1233
643
4781
4007
4762
1809
5781
5106
2540
2212
4474
4805
2278
1641
5824
3154
459
817
1246
4057
5104
209
4137
346
4816
920
5467
4500
1152
1053
482
3769
3612
1285
1748
2784
5119
4494
752
3190
1138
1531
5728
3443
4316
461
5228
4629
103
186
2104
3067
3507
2156
5261
3871
756
3784
5364
1024
3607
5082
5694
923
1714
3274
3602
358
2424
3997
1838
2682
1340
714
4606
1626
2717
4006
3307
4004
608
2463
1658
4658
5020
1346
773
3357
4190
3018
263
1904
3100
1350
5921
1124
3111
5269
4314
2029
2345
1792
387
4272
4222
1092
3128
2319
5680
842
482
5747
4170
2069
1065
4213
574
5256
2663
1337
34
3873
1800
1511
5572
3542
5229
727
78
2826
560
2904
1910
2908
5474
5598
3084
5069
1760
246
5126
3980
4036
3831
1257
1087
1368
4598
3693
4208
2005
5573
3971
3730
1433
2282
4675
1886
4567
568
989
4110
5689
4380
225
3925
2192
2806
5931
3674
1452
5906
1766
5807
1479
82
5009
1970
5339
298
5742
4719
2836
1431
4679
5280
2544
5069
92
5010
5027
171
5655
4757
5240
3197
2769
4480
5041
2766
1245
4654
1967
4968
1538
2969
3981
4810
4630
1137
1543
3380
357
5609
3336
610
1905
3999
4097
1683
1795
5718
805
5701
3872
5714
1713
5486
712
4671
5065
2313
4887
13
5853
3228
1614
5964
3019
3618
3484
577
4559
1369
1365
2114
2837
1594
1877
4788
5918
1553
3838
5694
2976
3160
5100
5065
1592
4916
1706
5862
780
3531
4062
3036
3547
3073
719
1533
1333
14
519
3748
4375
4957
4595
878
3086
5283
5159
2658
125
3034
2302
3661
2858
4282
3103
4590
1970
5603
5004
5147
157
4905
2868
2159
2940
2684
2888
4225
5439
1986
4523
2673
1587
788
2818
2593
1448
3410
187
2477
2529
4132
5033
473
1125
478
5965
5126
5538
4526
5089
4849
513
3797
2335
2680
5476
4384
1438
5690
4220
5315
4412
5081
3288
3265
2471
2574
3767
249
3957
2410
2062
4464
3651
5413
1925
3608
1770
5733
956
3178
5998
1580
1916
5861
5105
861
3784
4434
2597
3277
4017
4131
4110
3347
4537
3672
2085
4171
5535
1822
4985
1581
4889
4645
495
132
752
5036
2363
126
4053
4843
3447
207
1681
4124
1888
322
2426
1862
2528
829
386
1400
4997
4288
3930
4895
3569
3514
2947
980
1771
4264
3605
773
706
2283
2248
686
4770
917
512
164
1999
3855
5094
1006
4446
2826
4417
1088
4371
896
2115
3237
5653
3590
511
4280
4958
161
4377
4095
5647
305
5110
1061
2752
4895
4594
1091
5652
1470
3761
1162
747
929
4509
2847
4945
2905
1438
51
1731
553
4615
1854
3874
5208
2909
3160
5537
2018
99
3171
4665
5580
3696
2984
4907
4850
2898
5437
5413
158
924
16
4510
5815
2203
2643
1595
1332
70
20
5716
4059
1108
4455
4689
2331
1095
162
3389
2162
1958
1909
5517
2460
456
3492
4906
5945
444
3314
41
5289
1622
1355
3180
4150
2324
5183
5362
3726
5838
550
297
2764
4588
2404
4180
2626
145
4827
5303
4645
5285
1303
4015
3141
2129
3642
1055
5512
5780
5397
5669
786
3426
5423
2715
4690
1403
1221
2153
1308
5146
4478
3703
3966
292
5066
5424
914
4624
775
4755
2783
5590
1439
4675
4508
1696
4289
3822
3619
1309
538
2043
4429
5460
880
5564
3167
4086
5931
5827
4193
3500
4528
241
3031
3887
4011
2826
2142
3543
4713
2612
1492
3835
4464
2733
2676
871
1131
892
5021
3244
1445
480
719
1473
1297
4982
865
2839
4036
3510
1777
922
784
1100
2329
1459
3325
676
1658
1610
5462
1550
3752
5801
5518
3266
5314
1292
2941
2925
5564
3781
4059
2841
4075
236
935
3242
828
2995
5460
2677
4257
3527
5777
4875
4153
2978
2515
2947
4139
574
2002
1542
879
1556
1085
3812
1993
898
1850
3956
4515
3915
1630
1000
4773
2825
4565
1391
5140
1885
2367
532
2756
4055
4904
243
5627
865
2097
4124
5108
4965
1648
128
1404
3951
5057
3496
5021
4526
2823
3797
2053
2964
1092
5683
3570
1932
3056
3014
1132
4139
1769
454
2831
5983
4696
2487
4291
5684
1676
4913
1946
2661
2901
2927
5877
1584
1054
5667
3139
5826
2712
854
455
1778
3424
4972
709
1242
4988
2246
2314
3775
119
2273
5525
2113
1478
2284
2869
5278
1990
2888
2416
3714
5477
5048
4380
2889
1977
1495
3678
3156
2384
4568
5262
5722
4662
4777
211
1062
3101
273
3040
4222
3468
4664
2506
3108
118
2694
2821
693
4757
3411
922
5294
1491
1806
3639
719
3461
2153
5955
3384
5492
3825
2956
3583
4666
1788
1007
5092
4182
1483
1683
3020
2667
431
3107
3897
2571
2648
2022
1883
2699
552
4173
447
2292
3509
232
5093
5750
1134
5237
2480
3720
2629
2518
5895
5824
2043
1950
4376
2251
5641
5656
2796
842
1210
4147
3926
5578
4054
5582
4213
4446
873
3740
2584
907
1907
3876
3505
3584
4552
1000
5218
4800
1143
544
2356
4701
4808
3555
3223
3906
4415
4337
1396
5085
5293
2255
5150
631
1045
543
3094
3025
4860
1564
5102
158
3529
4703
3861
2855
4653
4705
5057
2879
5196
5294
5851
787
5241
5602
3604
2941
48
451
4758
5478
5452
2970
4581
3909
4841
5855
5300
1097
3332
2112
1907
5310
926
125
4630
4223
3295
2803
2786
2249
2311
548
4624
3848
128
1136
5044
2913
496
1938
2007
4810
1307
2456
3056
5897
2757
5040
3937
3096
676
