2792
1642
1121
1682
2690
1095
903
1808
1405
2108
758
1114
116
405
673
1824
2353
2641
1544
2430
1521
1051
1927
1420
103
430
1085
1216
2416
2793
718
651
355
546
2533
729
699
2526
66
2450
1786
2239
676
381
579
2775
1067
517
1356
1657
132
1491
351
1815
546
2170
2603
1469
1293
2202
2700
1636
1986
989
2787
627
1999
2613
1547
2344
793
1270
978
1445
2068
256
1391
1413
390
2300
2334
2813
1056
2087
1510
551
202
1725
1420
1898
1930
2653
101
1086
985
2299
2013
1379
1098
2075
1687
2201
1192
2128
2351
153
2947
2468
668
43
2918
2162
2220
1865
1712
271
739
48
644
1983
2068
727
336
1748
2410
2576
2879
1353
2467
2404
875
1477
2
2123
859
1307
2135
2129
1836
1023
805
2772
2919
1050
2785
2161
1823
1030
1962
750
1693
1773
2280
634
1138
1835
1645
1625
736
2893
955
1428
461
25
169
173
2869
2261
2094
2592
1003
739
64
1524
2220
2498
416
649
2073
1696
2190
860
519
2275
589
2798
1244
1447
1579
611
1559
953
1920
1869
2981
1227
32
2393
1812
2408
1182
2713
605
127
2950
113
619
1276
647
2237
1451
1825
2692
1543
2415
1173
942
327
2010
171
2392
2522
2666
139
2678
2277
1389
2997
1322
2291
738
1041
2572
1594
1046
2428
2134
2756
2391
2573
241
49
2160
1078
728
2898
1281
598
103
2904
778
1107
343
651
1708
788
1713
439
1612
2661
2860
1136
1469
1876
189
334
2080
2112
2098
227
51
2313
2331
442
892
810
141
274
1120
2915
732
2839
933
2955
2117
770
112
2035
1453
1590
1059
814
873
612
1039
4
1244
2809
2010
2014
2326
402
2980
2756
2295
2618
188
2129
1096
1890
2682
2832
9
927
993
264
701
794
1691
1755
2887
896
2520
156
2615
2402
501
1255
948
2783
2093
2738
528
1548
2367
1073
1915
1838
2819
256
2148
2319
570
1057
2883
716
1505
1197
180
631
2905
1871
121
1600
2135
2300
1040
2190
1347
727
99
2668
1167
657
554
134
1646
853
801
1394
302
2346
871
2868
1259
2801
101
1178
138
2462
1358
2518
2295
2092
2081
2874
1443
953
1432
1717
157
1665
1485
1492
1132
2814
1896
1204
2150
804
1455
1771
2504
2619
811
2118
2363
2197
1738
1893
1775
464
2406
2539
1735
1294
2794
2506
2168
263
2204
67
2815
1096
2756
2178
1582
1189
1119
1848
83
2866
1656
2275
2438
2303
948
1416
1260
2730
1992
1697
388
206
1826
689
2526
2504
168
171
1427
1651
1176
2307
2541
994
2534
1076
1427
402
2387
913
1689
2466
664
503
314
2587
1543
1175
1331
281
874
2970
2198
2532
1059
2309
1231
2776
63
2843
1615
1503
1736
122
1842
2073
1565
1221
1831
2834
1280
1721
2468
466
2628
2516
2507
570
1832
2775
2557
2385
2877
2852
329
62
88
2226
2408
2896
1444
413
1129
433
2831
2627
1100
2
879
2554
1661
2536
1721
628
1695
260
1334
2068
1939
1448
1059
1971
2604
1604
1779
2803
1159
1761
2195
861
2156
1805
177
1709
1707
2733
1546
883
198
601
2935
1925
2041
264
1939
1247
1808
445
820
1981
2382
177
2651
2207
2045
2952
482
2627
46
552
1121
2689
22
2203
28
2599
1020
1277
2101
757
139
1449
2713
2355
576
1191
2962
550
2698
528
2489
1025
184
1074
1253
1784
115
494
388
2600
2402
271
517
2019
1844
2637
128
1247
1350
463
27
966
1992
1488
1561
136
1030
2144
1145
124
968
611
1809
358
198
6
620
930
788
405
1295
470
310
666
2548
1774
472
2361
49
1585
2453
1111
2753
817
1778
672
2684
2720
2805
1231
757
1294
1231
1760
1096
190
436
1353
1654
1080
2499
440
998
1690
2262
2382
2850
351
736
257
2355
401
2405
991
1730
595
147
2734
2924
2567
1811
2472
1257
2463
252
2652
1522
1343
332
728
476
2359
1187
1210
1701
2278
1671
1582
1930
2665
46
722
811
1644
451
1789
1267
2183
232
1829
2543
130
956
1152
27
2731
409
1315
987
2516
1388
2998
2893
2266
1530
1240
2033
2735
2740
1374
521
1385
1943
1247
2603
932
771
460
1184
2682
541
2995
1048
91
2026
2490
860
2791
1139
2320
1200
1384
1768
775
171
1213
354
518
2028
2361
1522
2115
1835
355
119
2678
2689
990
2543
432
2300
1672
710
10
1667
983
1020
554
2971
1335
1694
304
1396
937
2515
912
923
438
1729
368
1316
2033
499
1104
1307
90
842
633
448
990
302
1374
2101
60
2486
2439
116
1467
2275
197
2810
2854
2342
1416
915
226
841
1403
128
2534
697
2985
2860
1849
78
89
1414
578
2620
661
2347
760
377
2633
340
1282
1515
654
1768
2801
1285
2766
1990
841
1182
1497
1993
2894
1031
414
1959
1724
983
2886
1072
2310
2061
1883
48
2856
2632
982
1089
609
1246
2541
312
1439
1168
1923
1761
2758
2902
2897
2082
2732
1236
1146
2186
939
600
2485
2172
1610
2231
611
1612
1589
1148
488
244
2312
980
1943
1995
1011
2136
1502
2571
319
2360
2185
1109
1079
1161
434
1459
2713
1315
966
2010
596
2889
1786
283
1852
733
748
2076
2680
1143
918
359
2101
994
1254
2942
2155
1292
2001
858
1173
584
485
207
2182
1914
2430
2125
2111
1574
1584
2734
2293
1909
2099
1495
2279
2581
2917
2612
2373
107
2889
2429
2772
312
2165
1775
518
2574
2521
1888
142
53
1851
2227
1017
2670
1272
1828
392
274
1165
160
306
1216
2723
1652
966
363
1073
1425
2078
1812
2723
2369
536
768
545
313
2238
1640
2850
2338
2037
1521
1239
973
754
2352
2540
403
1992
2388
849
678
199
2391
95
1112
574
2170
309
2558
313
1085
2730
2616
1085
2888
605
904
8
1656
297
2940
519
2281
1292
2970
1439
1452
582
1271
2228
2470
815
2059
544
2837
2649
229
1427
1912
1029
1863
1040
1106
2433
773
1481
2954
1759
1160
2041
2226
641
585
2463
1961
1448
2604
2666
1567
1339
2459
1376
1101
2148
1651
17
2007
2263
2767
552
695
1141
416
481
1055
2037
166
2581
1139
2833
1885
1083
2664
942
2022
2962
1069
1797
1209
1217
621
2422
2908
1559
1573
1453
1787
902
2480
941
2516
2337
1645
1992
1429
911
2657
632
2581
664
399
712
1539
812
1449
1732
2487
91
1825
1591
195
1999
2472
2796
934
2141
2034
2732
933
1067
1117
2021
398
2163
2492
195
354
629
2612
2752
158
2524
2314
504
1415
974
478
768
943
1087
849
1396
536
847
2102
2007
2692
2111
1768
2077
2895
2308
1176
1581
2162
2282
2177
138
1556
2793
2147
2201
1342
1765
1975
2500
2308
911
389
2221
2483
697
24
1806
1891
1623
699
429
1619
969
2395
750
1684
1869
48
112
1027
505
1888
2329
2230
2542
1234
341
1625
2576
1004
1890
1829
2586
1386
375
687
1590
2684
2651
1913
50
1266
1049
335
606
2558
585
1919
314
2702
450
2318
381
2629
2188
595
1992
1798
1314
2835
1336
556
1612
2624
1474
1656
1355
2918
49
615
2997
2940
1852
1671
2216
187
1987
2719
2739
255
2479
2112
1112
1646
865
1284
2966
2929
2282
2122
1299
1735
1418
2570
2151
241
781
603
1523
1509
319
2870
2864
890
1984
1031
933
1132
339
248
2352
29
0
1986
749
673
90
2633
468
1388
1434
250
1469
1058
818
900
231
2538
2398
1424
749
1656
772
326
2930
773
2404
181
2812
1366
571
2927
307
1950
738
111
1901
233
851
2144
2730
2390
1371
2699
1578
255
627
2548
1687
2640
2304
1906
1453
2778
2539
2577
2045
2563
1859
2430
1281
420
2958
630
2618
1359
2735
1483
2925
2282
1785
2196
484
1964
1529
2992
656
2683
985
863
2820
368
1713
461
517
1312
376
1588
1582
479
233
2045
337
1307
761
1290
1439
1754
2004
1579
2456
1562
2615
139
1709
1411
2856
1326
570
1450
225
1249
586
325
1836
622
875
2190
1121
1675
353
2550
1730
2134
1606
407
167
527
1063
2077
1141
114
162
1778
1794
2887
211
1350
1580
1296
805
2344
2495
2702
2493
2707
1157
1992
419
2343
2839
594
1114
2002
314
854
15
2179
645
17
1710
2379
767
1356
1031
697
2749
2078
856
2553
425
1866
1060
2832
334
642
393
2174
2088
1848
2175
2136
1224
965
1828
352
2637
2600
53
620
2030
1716
2719
713
2388
110
2188
1673
1397
986
1080
1920
2003
1881
1243
2846
155
2217
993
2034
17
2249
1813
2396
624
2447
2925
1549
759
345
2542
6
2191
692
63
2409
1850
1364
892
2575
2038
408
2593
1775
1486
2633
1678
1824
2897
423
1546
843
1683
448
816
2744
778
1310
2311
2052
2820
1308
517
2212
1852
1293
2203
2224
1091
16
587
1447
387
2084
2805
1250
270
2324
1258
2288
237
232
2312
134
2468
2456
1580
1392
2675
2340
1270
2265
264
845
846
1195
512
682
2852
2171
1308
1696
1965
372
1528
1434
2874
806
2511
1128
386
43
1506
2831
919
2926
1839
2261
126
2776
1926
2855
48
2960
2735
545
622
174
1303
2065
2265
2565
1018
1528
1079
1027
1650
1710
594
1190
709
249
626
852
629
746
1963
2295
2416
260
601
883
1264
345
2735
2757
2453
651
1632
2091
222
1812
2196
2114
55
2227
2284
2319
813
2644
1665
14
1700
818
2807
432
953
787
2671
965
956
2872
2177
782
1740
631
2496
2485
95
1416
608
2819
2833
448
1203
2278
2465
1261
1712
2941
2092
807
629
2530
2865
1559
2163
2931
27
1759
176
2252
2837
838
851
308
511
950
1671
2
1263
299
962
2141
1179
1834
1384
2149
283
2171
2688
1785
1163
2933
2240
2134
2038
2637
2772
2720
1934
1586
2370
440
2528
2288
337
1475
1381
192
2344
906
1410
392
483
1579
2857
36
1527
1476
1192
2360
967
2383
1096
1184
335
310
2824
2103
2374
268
503
841
1777
1102
1849
205
2409
1996
1409
2082
550
1696
292
1284
2982
1458
2310
627
1166
2149
206
1865
2625
1618
2748
38
2782
2135
131
994
539
1435
1018
2158
1728
608
1268
2943
2791
822
1743
503
2839
2416
450
610
791
901
1103
1963
2495
726
2624
257
2419
2591
2029
521
1921
907
2052
2433
1769
2144
282
1125
780
2476
941
1794
29
1075
164
1173
229
222
830
639
1675
218
1471
312
1335
2522
721
2860
2031
1513
2647
2710
1147
2064
557
160
1507
776
2523
1988
2433
1013
1784
2490
1801
1240
796
1999
2989
2015
1069
838
1532
578
331
302
1362
2741
2607
2935
1315
1573
1126
1233
1465
1273
595
940
102
2991
370
2414
2331
1983
754
644
614
2112
1994
248
2122
2293
564
235
2408
1860
2974
1048
2732
1179
2621
173
659
1367
372
2030
2351
1978
2411
1632
1261
1512
2427
2911
1118
2799
2581
284
409
752
1938
1646
1010
2134
85
2003
811
1466
1741
2956
384
2848
1087
2923
529
1130
456
1417
2289
2496
95
144
2100
2160
1921
2586
421
2855
2590
1045
1612
1444
753
2627
1295
2741
1542
1890
872
1385
2099
1492
164
289
1073
908
2427
1523
1876
166
2155
2781
1829
1809
2815
1379
2009
1037
661
749
2562
1107
1629
2711
2331
1877
166
2710
1633
930
2578
2636
1517
934
1546
2153
1038
2140
1196
2750
1748
2481
1568
2103
703
711
1227
1364
686
2634
2114
1507
2971
1954
2136
638
499
726
458
925
412
785
1088
1600
1447
2364
126
68
660
976
1337
2063
1245
46
2669
1216
771
2477
426
2096
2524
1534
744
2775
1447
2063
2863
541
2318
1427
225
870
217
2339
459
385
1580
2307
494
2773
2374
307
140
1289
482
2912
2286
206
1083
2799
2355
2562
1849
1549
2626
2476
1672
526
2008
2760
2887
288
941
2406
2038
1403
881
539
1440
375
1196
1651
2448
546
1179
56
72
1109
1231
1884
13
2657
1423
592
2790
1035
1565
2727
620
2490
1678
1930
2931
2145
1179
2888
2133
573
2613
2337
2432
2012
1573
2999
2294
912
450
2914
1771
1495
2155
2390
452
2904
2884
2228
2306
828
189
1690
1749
2943
1766
2543
2077
1122
1159
1823
1436
2470
11
2415
1336
86
1685
174
1732
2641
35
2793
438
1339
367
1465
1051
624
2781
250
2679
124
2518
1107
1609
18
986
2637
490
2654
877
393
214
961
736
1387
147
2041
104
1885
1014
1554
2020
2905
150
789
2207
1511
2640
1556
942
2111
2673
2183
2548
1580
106
2526
992
2598
1085
339
2056
97
2510
1066
2927
95
1013
1137
858
1063
336
710
2568
504
1158
602
2847
1798
326
1464
428
1255
1765
737
250
651
2350
1015
708
1326
2987
1988
2621
860
1610
662
212
1095
388
657
2886
232
1759
90
2955
960
2170
2932
1539
873
2777
2457
2089
686
150
573
2645
2995
2343
282
1328
2347
680
1676
104
2132
1757
1401
2908
1
1105
1447
1649
932
837
1401
474
61
2072
2143
286
1340
2596
1434
755
1959
1761
121
1641
1632
955
770
2066
1438
2807
128
2221
2231
2363
2078
1121
583
923
2173
2543
2175
1143
336
1584
2277
2313
1993
2725
1147
2117
415
1582
383
1242
799
1002
1967
445
2596
37
2054
204
1261
2624
487
824
737
1753
1573
907
1217
1819
701
1737
658
473
2290
284
757
2260
2770
2639
2237
2749
513
1988
949
859
610
1153
107
837
2901
1580
2709
172
2578
1768
2350
1568
1209
2472
1933
667
1171
103
2499
2442
744
1866
791
2335
2726
2846
2719
956
1154
2795
2597
1874
855
1914
660
1839
1296
2539
1701
1550
963
1150
642
2400
301
1499
2246
1793
2380
870
1024
526
1076
626
514
33
217
206
1906
1207
654
572
1212
1697
393
174
1449
2766
1883
2492
1433
2826
2615
2360
249
2327
997
1635
1912
522
2764
104
60
1353
1738
2310
2180
576
2169
1547
481
170
649
659
110
509
347
1824
2577
1710
161
2563
1381
2876
2744
649
149
1432
1239
2962
815
1634
2407
282
2747
1239
2862
258
2935
254
2041
785
960
106
806
507
2215
2561
484
1612
2853
2876
1215
198
1709
343
523
2221
309
2240
2733
676
2935
2476
1209
1185
562
2349
2483
1963
96
2040
2677
2364
2892
258
482
2137
163
1019
21
1886
972
1130
1249
2534
76
56
157
2112
122
578
1035
2726
236
1469
446
2927
780
2726
2630
2476
1771
505
1290
1440
353
2407
1800
1320
2182
285
515
2946
2007
1935
82
1714
432
147
2945
2022
482
1626
2558
2923
1746
2177
1547
2402
2190
1518
1787
1194
860
1359
2770
1649
1689
2699
53
1469
1259
276
2163
2620
1916
2004
287
1075
1667
1868
1995
2828
2945
284
2866
728
1796
1828
2258
1668
1651
2425
221
1321
1183
1828
2547
1451
210
476
45
547
1424
1236
56
2576
1030
422
2859
808
2147
1703
1279
508
2809
668
2307
673
1048
2050
2569
1995
624
748
873
1356
800
181
1119
762
2584
2893
1587
2871
2327
1904
1917
194
122
1898
1011
2730
1042
2287
2393
1403
1713
1151
1988
1825
2136
2998
1483
849
2824
2194
1738
319
2051
1389
2972
1570
958
2075
2828
2692
1590
413
2384
2358
1299
876
2443
2064
1061
681
1550
477
2130
1248
922
1821
2698
2758
1956
1004
383
1807
1829
2056
140
410
925
79
312
1713
2012
79
783
1943
2229
2936
286
1382
2607
2372
577
929
1032
614
2690
2628
2441
120
72
1836
520
1422
2674
840
1446
2568
1086
2886
622
190
1179
307
1902
2171
2895
1218
366
1572
2774
86
1098
746
2328
2027
533
1978
1341
2150
2204
1886
975
2524
68
613
2620
152
1729
973
1631
1598
108
2617
2482
1445
991
973
2322
2482
808
1886
1807
1735
465
39
1103
994
1192
1702
1790
2321
1536
1853
1203
300
1842
284
2450
147
2057
1947
449
742
2313
2829
1562
2780
1667
41
1436
538
1400
690
1646
1861
1367
1038
881
2243
2389
524
1689
716
1464
2526
1008
2014
1368
2590
935
2294
2899
2253
1322
10
1859
1679
1798
226
925
242
1345
2976
1905
1076
1958
813
2745
172
2140
1642
2072
337
2794
2816
2329
2664
2506
2791
2753
2393
2831
587
690
1432
1556
1629
2469
1017
290
1382
2986
2820
173
934
1823
1705
2196
50
99
2085
2899
2283
430
1106
1631
939
2095
676
2701
1883
2873
1160
47
728
867
1495
1476
1189
1123
2840
2731
2105
2102
476
1516
1168
1150
75
1779
1880
608
164
465
706
25
505
2313
400
582
249
652
1046
1524
879
770
2761
338
2727
1814
2140
1753
1361
516
913
1028
398
2545
2604
2330
1831
855
2587
1422
1406
2164
2714
463
884
526
2588
2753
889
93
2539
1215
561
2973
1720
2402
2084
1350
1902
1155
478
625
1945
225
1421
2882
2588
2448
1330
773
112
302
526
574
2240
107
941
2529
1577
2516
1096
1650
2168
2924
1516
2115
1691
2352
1808
88
2889
