448
22
172
491
475
418
331
384
222
479
196
107
199
283
22
144
152
310
195
191
232
73
261
8
218
70
193
222
4
390
63
75
202
165
58
66
181
269
346
256
27
414
336
244
285
190
233
218
393
344
196
66
261
110
482
174
424
48
7
8
468
61
343
21
330
166
370
331
231
82
94
477
63
284
119
312
52
185
478
415
57
453
183
185
285
245
120
360
11
251
348
462
479
301
13
39
483
461
251
45
285
102
185
192
298
193
149
446
420
67
127
387
283
154
222
107
378
496
473
165
406
79
150
272
313
367
362
334
473
358
449
80
138
481
363
124
286
17
408
438
288
61
9
298
365
448
229
448
112
155
275
158
289
264
73
231
277
58
234
269
236
80
269
40
431
22
22
231
1
368
179
304
65
346
484
184
135
405
123
269
408
59
419
323
124
206
332
226
312
127
73
438
128
281
422
322
143
214
433
215
417
334
203
361
79
279
71
296
299
42
308
409
434
279
369
79
195
349
7
42
361
357
246
439
470
8
104
381
16
204
464
137
412
39
418
240
45
104
28
423
326
304
105
496
142
452
254
104
307
345
211
121
477
88
175
197
364
493
192
238
107
381
138
421
25
15
136
173
288
280
66
101
333
201
325
143
463
286
44
368
394
442
439
309
492
230
423
375
232
100
182
187
227
172
496
270
348
358
307
125
387
247
448
337
279
195
373
444
474
92
151
92
226
308
43
237
13
193
409
423
153
149
396
194
294
302
95
374
97
344
170
171
376
138
100
249
112
228
64
17
126
314
337
8
146
135
72
98
213
485
123
31
331
232
329
454
297
250
453
71
325
365
374
339
248
353
404
187
16
378
358
434
153
6
161
35
90
495
82
119
48
467
211
76
222
17
358
232
403
221
199
458
447
50
261
197
250
303
221
188
255
135
312
377
388
373
6
122
442
141
391
460
13
114
482
102
318
453
401
459
482
446
197
102
38
181
211
106
452
393
131
24
86
453
385
144
102
73
298
146
422
483
274
129
405
299
152
101
116
438
141
275
479
238
187
253
60
7
283
401
255
370
210
350
299
443
285
66
409
146
491
324
407
370
456
355
80
170
133
96
274
361
283
368
45
25
57
157
348
312
85
262
351
339
218
480
392
112
261
484
