104
298
821
597
131
767
30
347
199
127
153
554
249
578
157
670
939
502
822
50
910
764
358
334
281
342
877
860
890
903
588
607
784
983
280
392
947
577
625
150
452
274
546
673
222
184
691
123
222
965
729
180
222
215
640
785
436
342
935
361
82
657
569
515
63
669
356
654
643
139
538
295
127
380
77
921
930
139
144
396
681
376
88
356
566
133
321
925
321
638
85
664
44
890
727
205
255
552
702
141
557
272
501
770
910
688
383
389
131
615
447
644
560
562
638
574
443
568
422
244
323
955
227
654
971
630
778
159
854
493
345
39
245
214
741
219
340
147
67
314
154
600
350
294
671
7
159
557
96
869
971
988
477
208
334
671
132
456
349
991
351
528
825
936
792
832
623
206
20
751
637
956
581
210
319
352
130
875
247
830
369
576
883
432
661
986
753
183
211
486
389
448
917
372
770
38
721
425
799
719
916
683
577
398
8
920
967
389
917
684
91
637
116
629
564
300
614
508
24
473
194
3
878
374
654
501
513
195
429
214
305
315
599
185
252
757
566
456
210
514
84
955
254
845
50
416
824
380
236
355
751
466
392
138
724
206
693
408
665
243
312
100
353
77
585
661
721
141
540
964
116
561
860
174
628
699
626
708
948
940
699
617
747
157
639
680
722
954
277
136
87
284
261
181
178
753
918
627
852
649
85
849
912
24
455
128
986
19
757
567
484
921
846
525
343
591
100
466
589
488
52
401
293
487
376
198
993
299
954
176
50
902
286
819
851
737
234
734
938
432
290
188
347
869
819
544
863
388
386
530
594
947
861
936
73
683
862
659
122
359
280
352
222
904
74
199
993
122
121
531
131
111
539
238
374
190
77
848
615
576
973
325
594
638
460
9
191
578
803
256
57
857
894
741
660
658
838
87
270
830
665
971
206
244
572
450
705
711
240
961
452
862
866
287
812
56
965
630
297
705
810
433
753
118
215
814
512
897
486
79
285
369
804
307
9
954
810
925
320
692
624
470
385
914
165
635
482
794
580
237
525
652
680
649
975
800
599
228
687
321
845
317
44
584
944
919
838
310
656
449
887
209
945
275
179
730
105
175
42
833
61
58
46
830
920
630
695
309
747
597
308
357
687
964
413
717
559
73
716
427
267
307
577
683
127
493
404
64
763
566
158
410
499
840
960
900
47
418
189
720
253
277
588
322
513
664
461
150
38
240
700
422
999
511
843
780
871
191
658
361
246
595
290
320
748
435
448
361
992
771
189
645
706
382
193
395
775
260
935
70
538
533
924
347
767
577
753
410
675
358
0
464
535
36
436
406
980
40
897
987
40
947
322
689
94
711
865
518
268
661
321
113
70
366
735
270
367
372
695
792
272
716
203
50
345
443
6
818
405
122
55
475
114
543
73
654
773
473
103
580
740
912
165
939
365
118
905
914
301
862
993
618
866
592
166
195
529
486
765
112
148
286
454
896
3
371
918
402
323
586
175
300
540
351
560
776
621
474
375
812
386
106
426
644
133
83
309
902
427
271
901
234
149
599
451
52
286
380
389
991
669
886
70
32
664
151
782
660
16
429
44
183
756
731
775
666
382
12
260
120
530
851
746
173
164
617
241
636
680
379
553
235
453
968
119
565
955
420
674
772
652
260
636
328
583
439
676
577
7
44
928
661
210
134
983
558
501
817
605
955
309
647
479
185
664
996
342
22
354
386
65
987
428
458
851
635
126
144
628
860
573
889
332
480
296
804
561
440
148
186
513
854
688
443
931
622
459
207
632
761
536
317
56
821
987
683
54
620
518
747
725
870
597
262
540
582
584
169
92
327
878
704
355
689
821
755
65
588
360
620
656
655
362
537
448
182
847
444
896
766
626
76
345
741
673
328
996
803
437
256
788
991
669
448
6
368
177
850
229
225
828
135
898
975
67
162
352
866
643
568
365
341
303
199
405
828
478
322
433
922
507
431
165
340
478
582
943
94
664
518
170
591
908
317
122
587
504
171
923
325
915
572
938
887
192
352
277
544
985
721
230
376
119
777
706
547
493
213
792
655
597
353
773
492
834
689
213
456
829
34
980
12
955
171
98
918
850
979
556
859
156
464
359
337
309
833
0
350
143
249
559
585
853
440
74
699
372
704
494
473
997
537
712
345
246
465
793
543
17
332
24
363
733
835
73
872
232
212
411
323
958
655
120
510
123
80
45
712
404
461
481
579
836
413
251
426
266
955
539
701
32
958
875
875
550
711
639
362
469
511
887
845
528
226
221
675
356
555
714
976
