2732
7878
1463
642
2036
5843
5810
1073
2447
5967
542
5171
401
5498
925
7733
1668
6455
3333
4107
2894
3292
4875
5203
478
3626
4622
1402
1746
1110
1534
6616
7401
1158
4839
1719
6880
5783
3358
2481
1963
3803
710
7863
1105
4000
7359
7726
2212
43
7725
1203
1820
7876
3424
7872
6736
1579
3237
2022
1424
2600
3112
186
161
5888
2564
332
4502
196
3881
7250
5703
4355
809
6180
4849
1759
6047
4641
4906
125
2556
3695
2943
3478
6127
6751
4268
1195
2096
6382
118
2965
4458
5799
6377
378
451
871
2474
7196
2121
569
3128
5451
6202
6047
643
7419
2352
690
5544
4976
4775
3680
4297
5653
6253
5717
454
3052
4581
6133
282
2400
2999
7749
1876
6775
6039
7721
2031
6883
1137
1096
4177
4919
5678
972
4061
1015
3238
6981
7349
3016
5026
6829
2255
6342
5260
6
4466
3125
1654
5536
1614
6543
4227
6006
5942
5243
4278
6008
1083
6687
7381
1188
5286
3916
7929
4173
1233
4120
4341
5246
4386
201
1633
4920
7909
4269
5570
6166
5
6215
535
5074
1895
2916
7746
6880
804
3083
1809
2232
2529
4626
1961
2737
6476
3469
3342
3273
6388
3234
7569
65
4869
4920
4951
869
2719
6862
7617
7145
1427
360
3133
1711
1914
4835
3369
4390
2609
3562
1951
5708
3828
4993
4065
7315
2966
1599
4578
5794
5914
5657
1903
5426
1330
88
1657
4505
6929
7404
4671
1636
367
7067
7452
2652
2649
6354
2474
5931
3953
5212
402
7321
6345
2544
690
3119
1752
4132
809
7228
4887
6720
1666
3317
6779
1582
7866
4343
4303
5005
175
4201
3181
5924
1704
7613
3609
5235
4475
3605
6137
4133
6815
7426
6773
3939
399
4199
2471
5506
7446
3452
255
2204
3517
175
694
4924
79
7780
7149
6259
4614
6365
6882
7047
4820
4853
717
3211
207
5831
2973
7946
2745
6252
1034
7325
3755
6048
983
5020
4830
2630
5542
6001
5398
5250
4983
72
4716
5508
5567
803
1142
3429
1761
1545
4949
7465
7947
2270
1114
2981
7024
5326
4757
6970
1437
7651
956
4863
314
7671
3701
6781
6560
2371
6657
2835
5777
3989
5828
7994
728
3488
7797
3299
1342
3821
3998
7549
2854
6576
2192
594
7046
373
6503
913
2434
3065
373
6694
7847
6678
5390
2117
1344
6742
368
3462
152
3432
7180
1835
7566
7983
4469
3645
3726
3896
3940
1235
3377
3716
7078
5428
4915
3268
419
2644
4685
1507
2763
5819
7855
5053
4446
1987
4636
1453
7192
3904
545
5059
1080
2170
4083
1941
108
5525
7908
7916
3739
4178
2562
4640
7246
6510
7052
702
2044
3880
5842
5093
7920
4512
6888
7216
3865
1179
2694
4749
6126
2851
5759
2220
7932
6155
4892
6164
333
7825
2901
4687
4278
6364
3115
6918
7358
7844
1573
7655
550
1136
6117
3522
7706
635
3557
7539
2866
6832
5716
1658
3493
1045
3655
4007
1611
132
5854
1008
4684
979
2420
37
2859
5397
1538
6586
4009
826
1809
3651
4247
6353
3737
6335
1979
622
6459
5643
5278
6823
2008
3768
1073
4728
1612
4278
5785
326
4811
6063
6174
5505
1430
4848
5803
866
4569
3074
7683
5844
6628
2007
1345
2543
3076
3360
3977
3231
509
2619
4113
995
7399
650
5766
2609
675
6367
3356
6200
7672
7891
5877
3709
845
3638
4525
3175
3781
3168
1408
406
51
742
7001
2285
6072
7785
7415
3504
7168
2120
638
1161
1237
1717
2264
2149
1822
3749
134
1787
121
2465
7239
6317
5744
442
3811
4295
2970
3737
6612
1636
5201
2356
1618
431
7627
3421
6202
327
855
4853
7514
764
566
189
3035
886
7572
1933
6347
4982
4897
2717
1543
1460
4305
5952
7106
7910
6508
6769
6388
4002
7442
2566
7777
2010
527
7169
5188
1607
4887
6406
5016
2849
3358
7142
7428
4618
1814
2777
5921
4810
4358
1611
7913
7157
6980
909
5181
4905
2383
812
6546
6580
5835
735
5370
3986
5273
4505
3403
6099
3730
7423
5806
2395
2273
1204
3141
1796
1466
6031
3450
5598
7675
2094
481
6998
6749
740
6985
3764
1494
7566
548
3326
7439
7491
2064
7034
1213
6057
6785
1809
2079
6756
2061
2255
1362
2794
1300
2887
468
4594
5898
4180
7891
3979
5027
250
3825
1865
1178
7850
6807
1690
4701
3940
4403
3574
7384
5303
5519
5429
2716
7268
1871
1786
3052
865
2951
2957
1060
2553
1591
4295
2823
6352
5028
4646
4195
5636
7571
193
1827
7600
1701
2005
753
7498
714
4221
5
3244
3107
0
6031
560
2040
2436
5309
6260
3923
6497
3113
6781
951
6097
4131
7671
1408
1859
5014
2842
3224
6222
1049
7465
5011
6723
5588
5268
5160
7131
6669
1598
2765
4623
718
6169
6190
1991
3701
6700
1481
2538
24
950
2217
1172
5074
429
1852
38
3567
3679
1939
7158
4976
6138
1143
7847
187
4647
2658
5268
418
6224
3041
2406
7694
514
3588
2437
2759
5358
6910
4203
7459
6282
6688
1108
74
7445
5613
1362
4450
4983
6233
7165
4891
2694
4515
5127
1816
2277
716
4653
7288
3143
3634
4169
2369
17
1038
260
6441
670
4806
1962
960
6492
1200
1814
4605
5331
4837
6796
2083
2118
6397
2277
7951
4018
6508
6117
545
883
3576
6632
197
6534
2198
6267
2653
3497
6177
520
716
5343
7478
2793
5602
4368
1070
2077
2847
4812
3001
3352
2918
560
4307
4980
2944
2145
486
4038
1097
2102
1020
4684
2811
7538
2399
5570
7572
2862
720
7379
5671
3029
3296
4077
6141
3145
3565
6765
5285
868
3516
5049
5983
7257
1968
7917
4449
3832
6629
5613
6916
2320
6252
4506
3214
2606
931
5152
796
1668
175
5163
3244
1062
7513
3193
7109
4973
194
2571
5955
2750
3140
5045
3843
7141
7335
5973
167
6042
1661
480
1222
998
3867
3352
5427
5471
3188
2906
1832
5967
6931
7507
7184
7091
5364
2899
2094
7711
6336
3321
2221
7359
484
5582
6724
5176
1229
6190
7237
1068
4738
97
4035
925
7133
777
3550
7849
4839
5107
3309
6899
1103
5967
1478
1442
5191
61
5804
6467
7100
445
1622
138
5808
4169
1176
1782
3637
5119
305
6162
5767
6709
6192
5783
7943
497
7875
2927
528
3249
6045
2644
632
4388
515
5591
1125
636
6836
1341
1353
3099
1715
4740
5563
3690
3890
1347
5939
7177
221
559
1762
2976
7807
7418
3372
5908
3861
5717
3
7830
2094
5526
673
3541
2555
373
2145
5075
1465
625
2683
6165
5687
3152
91
7924
4294
5507
988
3153
509
7847
806
6950
3366
4648
6560
951
6729
6656
3028
7527
1682
350
5535
5286
4449
7137
7185
200
1199
1731
6055
3569
7448
2003
4194
6765
5129
1754
1347
1244
4806
4895
1702
1610
6680
839
1720
1565
786
4884
4887
743
5183
5902
261
6428
5802
1791
711
4445
7946
3927
2464
6387
1415
624
4517
5079
621
940
445
5997
5356
827
3703
209
2825
3129
2888
266
5797
2676
1503
4764
6056
6859
6631
6074
5194
5105
2713
1111
6590
6929
4346
6045
1915
2828
4728
3383
1704
7390
1885
3209
611
222
5806
5119
878
2788
5859
6019
1846
6597
5506
4936
2690
5561
474
708
4788
7198
7513
2618
703
1173
7562
6325
7974
2314
5871
4753
1644
3794
4023
4722
4702
3757
4829
3544
7289
5802
93
6283
1593
5098
722
5232
6271
2428
1265
4990
7710
2152
5468
4426
6146
2887
5796
1150
3837
7439
6046
6248
4143
3309
7648
7534
1426
2955
7065
2272
1824
5297
3466
7654
673
1671
101
472
6740
5305
2688
6509
6393
1523
6774
778
505
844
1051
7996
6067
4095
5145
577
3364
5139
2219
5505
7282
5213
6710
1754
4949
5020
511
3032
547
2562
3469
6404
2422
7442
7836
5907
4412
5988
4987
7872
1370
1798
3267
3572
3773
765
2676
864
320
489
5677
4909
6323
4806
6920
7819
6734
5006
912
2086
7026
6972
3423
503
5848
3948
2905
5431
2328
2463
5247
1326
5016
7834
2160
6761
6479
3693
7938
2121
7541
1425
2105
6008
6281
1707
482
3767
3326
429
1615
5779
7363
5596
3056
4982
2670
2156
1289
2266
3972
5127
789
7896
1703
5228
759
7007
2653
1524
5529
3008
4921
817
7204
2917
3688
3439
282
3746
7514
5916
3667
6308
5962
4228
3346
2053
5484
5172
1347
7234
6386
4864
1939
2436
7036
161
1644
5850
3290
54
5772
3464
6910
3755
321
1273
4867
3447
1027
5455
2516
3647
3949
3099
58
4056
1561
4328
262
3114
2456
5106
2199
4719
6795
6388
393
2523
6050
3551
1211
6102
5550
166
58
421
6756
3254
3087
5798
5360
5891
2337
1978
2355
4222
7561
2685
5915
5603
1457
688
2846
2030
7783
7544
1811
3885
1668
4351
7213
4273
4595
3257
7828
5854
4960
897
3106
866
2175
4641
5239
2306
7222
1841
4921
1744
2024
4182
875
6073
3487
6124
553
5179
5013
1534
1597
4787
1887
818
3169
1300
1399
6274
978
7540
3620
3429
1934
6464
3592
7756
2154
6672
7558
6023
4753
2966
5326
5512
1437
751
7366
6080
2379
6556
2582
4902
5087
4618
3920
7382
1427
6221
7547
406
2685
2347
1915
4979
2300
4245
1374
1674
7454
305
7237
226
5970
7250
6765
5047
5700
5961
4761
7442
2459
1621
5150
2323
459
5685
7178
5969
6167
31
2354
792
1767
3657
535
1233
3393
2276
6772
6911
2919
3880
3815
2533
3661
970
4089
3462
5110
7627
4620
388
4458
6186
864
5098
7830
506
3458
2949
1664
206
5841
6317
6820
7696
6446
1377
4720
1841
2879
1936
1433
3130
1184
884
5592
1217
2024
3545
2885
7288
3219
4220
4686
7072
2961
2510
3412
5467
7722
6040
354
5918
5516
3640
74
197
819
6665
2334
3328
3187
7009
5320
171
3877
4147
5319
5756
3884
5909
582
3669
547
4125
3547
1978
676
6308
7321
7388
4023
7468
2770
5588
7638
286
5932
6571
3482
7532
4574
2838
4483
1237
5960
4863
1640
135
813
6206
7289
4318
3790
7975
1518
3978
4835
2876
5647
4495
6968
323
4958
999
4003
1395
5476
7554
4510
3080
3607
493
3717
6518
1445
1616
6125
7097
2463
7442
1566
4171
1669
343
1007
4975
938
681
3389
7915
324
4724
7751
3602
722
5931
6505
4479
2282
6601
4915
5406
6686
1010
4902
2084
1098
7288
2058
415
7293
2361
4847
4135
1858
1509
6846
3828
4362
5469
3386
3786
1527
2167
1561
2831
1351
6494
6009
5693
91
7638
2689
1522
3619
3422
5333
2660
3689
366
6645
2419
2614
1376
3379
2007
2084
6763
4879
5496
7746
4170
5488
2717
2845
7227
3649
6012
7857
5731
7782
3503
1580
5134
4058
2312
91
5205
3687
7803
4468
6105
3712
6650
1534
1323
2046
5598
161
974
2805
4736
3718
2324
4979
872
5098
5028
21
5085
2437
669
2117
3227
2577
3413
4819
1891
3833
3003
6383
2604
4127
3162
1089
7607
1802
5246
2149
5120
4651
6513
6214
7504
394
4062
1558
1968
7186
5911
3879
7544
3445
4338
2281
581
7165
6734
1792
3336
1457
2163
7361
7867
6624
7320
5258
7344
204
4862
7035
194
5302
6457
1365
108
7171
6094
2733
1464
2888
184
7436
399
6391
709
3814
5615
613
2718
2678
3644
2359
5219
5426
5421
3881
3892
4528
743
250
6605
1749
3815
695
393
3509
5784
4003
5447
3341
4804
7680
5290
5592
7399
7229
7546
4753
3807
4540
3880
4358
2560
6783
1518
2390
5445
6830
6997
6279
481
7
3216
3590
371
6562
7622
7996
5591
3424
7021
649
7640
2224
6290
2271
2372
6845
885
2622
1881
1912
3472
903
7003
6589
4280
3840
7047
2148
2461
5539
673
4391
684
3043
4842
2027
4371
5500
5806
877
4900
6069
2809
6922
6995
7221
1578
2666
6489
7167
6303
3211
1659
5196
1232
6438
5733
4
2744
1215
176
5528
1389
6670
6723
2431
3473
6405
1109
4042
2337
6014
1360
5158
7530
3971
7121
5934
2652
5689
3276
1515
7351
6441
2701
6377
5666
3308
1561
886
5594
4531
2675
2938
5959
7601
2490
4014
555
7333
2224
4538
5747
7495
3861
5167
7472
14
2098
3678
3743
4764
3249
5651
6436
7367
2601
1969
3222
6789
6968
4907
6835
3187
5513
5533
7860
5890
7606
389
6460
4159
4743
1377
2602
2045
3863
293
7629
6880
6295
7129
887
5001
1644
6797
2282
7577
2932
5818
6768
3364
2278
3703
519
3316
2455
2132
6392
183
1817
7511
4488
7494
6014
1232
2952
530
7034
1883
3719
7149
3047
4338
2984
242
1697
5292
7438
4435
2769
7190
3507
5565
4744
2541
6168
6890
2945
7157
407
7426
6089
4728
2836
1903
6650
4318
18
6780
5986
6118
5090
3688
2307
1599
5365
3085
1268
6533
1043
744
6693
3099
7652
197
6720
7841
3756
1032
5546
2258
7764
3929
3752
3197
3043
7341
3615
350
6604
6126
5940
1817
6496
3207
4050
7122
3556
5197
1737
1963
2045
1229
6419
2715
392
4718
1331
5607
3270
2499
5559
3328
3316
112
2716
1082
6841
1973
464
3172
4537
4444
1490
7368
3399
699
6838
5248
2679
1767
2052
7411
7504
7797
7680
7019
6369
7982
2629
5076
363
206
2251
7188
4027
3577
1159
65
2075
1851
4657
4931
478
4218
2081
3784
7066
7099
595
4189
6707
4493
4810
6000
401
3733
1680
4895
4403
5495
6298
7164
3549
4447
2378
7072
4973
2473
7695
6888
204
5619
6504
1617
2175
5692
4933
6764
7197
1465
910
5118
2651
3764
6781
5942
643
6433
2726
331
5316
4799
1559
6834
2530
3687
2266
2489
5070
1653
6423
4675
6160
80
2582
608
6496
5399
6435
5704
4821
7785
4362
6197
6709
5841
770
5850
7467
3789
2918
5251
2454
7481
3614
970
1597
1949
1116
115
2145
2512
6338
7269
6507
5383
4450
3718
1669
6589
5341
1713
5893
4673
6316
2326
1475
407
509
2095
3275
1100
7605
155
6510
7194
7892
1817
4403
691
5943
482
811
4589
5750
2786
4770
2827
2413
6357
6833
6820
6680
5755
113
5555
6808
2871
394
1722
6162
1226
745
1875
2359
38
208
3604
1182
2162
6279
5406
76
5338
1072
963
2582
6287
7416
1937
2462
4194
6506
255
5817
5560
6429
819
1009
875
7054
5422
3238
3134
3016
7637
5071
122
2111
6813
7966
4905
509
3537
6594
5742
5748
5507
5446
1663
7602
5453
982
3585
6706
770
5922
5375
6478
7863
4955
2502
2770
5991
4571
927
2925
3143
1569
7209
4417
3943
1657
3667
5913
4289
4731
7668
1338
3490
2602
7239
274
5938
5564
4550
2701
2018
2553
1761
2951
624
5756
7003
2076
7642
2774
4610
7194
4957
6482
265
3160
4200
4564
963
864
7522
987
5502
5575
149
6629
7994
1630
4661
7474
709
6657
5457
96
4596
1292
4437
3509
7872
7086
569
1532
5818
4373
970
198
4396
6409
3155
2513
1998
6485
6888
6855
6946
7135
1422
6749
7148
3097
5386
5404
6225
656
5829
7805
2956
5986
6360
1836
6983
2829
1210
2991
2140
4450
4099
7072
2983
7576
5852
918
7559
5820
7942
4770
4978
262
7491
2037
4018
3208
7844
6879
768
3519
3056
1458
6523
6284
3886
2117
2629
7804
7632
7188
827
5251
5756
4805
4750
2952
5624
6086
3715
5594
2609
2577
1347
1792
6823
5457
6879
5997
1657
1055
4901
1810
3592
2725
3672
4878
907
2339
2894
3393
4463
1808
5867
2302
1256
4696
7221
478
1945
324
4949
5937
6620
7736
6185
7440
4206
2325
2568
1998
5690
7423
2771
525
1728
3576
244
6956
3682
4011
2806
606
5067
6789
4801
6998
4412
3902
3696
6622
5301
2998
1873
2247
3900
634
1016
1083
2701
293
4160
110
5278
5539
416
5619
5517
3217
3109
5611
4904
4736
7889
1688
3609
5273
5008
3280
3244
5274
6739
7308
4863
1022
1676
6176
1221
2235
7556
709
2038
229
5020
5010
3351
7728
5598
1034
3489
4179
5375
6222
2705
4743
6899
243
1547
7278
7277
750
2283
6609
1650
3436
6570
7554
4313
5694
5674
3296
7777
3826
5663
5689
110
5437
3545
3274
1250
6740
3506
4001
2836
601
2576
1188
1200
434
2135
426
6251
3126
1646
7366
929
3265
7341
1637
972
2535
1248
6157
2467
3205
1146
1157
3917
2483
7578
3476
1408
3285
2290
7841
4795
6353
5530
2297
2972
4251
5104
2800
3806
6763
4457
3742
5299
5393
1785
1227
6394
3871
3163
805
6237
3012
7485
173
3146
5240
7180
5363
1676
3475
6039
182
7045
2105
6114
3053
7818
1136
3722
6499
6363
3346
6223
2493
3262
2717
4227
5527
1591
5608
2830
1165
2085
5617
6363
4822
4987
4561
3363
5450
2074
1488
7828
900
6536
5845
3613
4706
208
6390
4377
5225
4662
5358
213
5830
3796
2284
1600
815
3349
4872
4462
1064
2509
7632
5705
5218
2740
5121
596
4861
3710
5138
3741
1838
664
6185
6975
1724
5440
4401
5009
5605
2881
771
2415
4125
3466
1
1507
4406
2026
2562
7599
3611
7723
39
3897
246
5000
1356
2899
1906
2060
3802
1447
5850
2824
5434
5052
2336
1136
5476
4071
6074
3282
405
6160
7911
7156
1119
3167
2576
6602
282
452
3657
1361
2232
6305
54
1035
1591
1556
5899
3735
2671
2084
3179
492
6539
1735
5554
1266
7508
6093
5518
3133
2857
1389
4296
1318
2059
2475
5217
5768
6165
6946
2839
7508
4169
6579
7687
3602
389
5450
556
4085
3604
1418
7365
6489
4192
4885
981
5467
5701
7673
2628
6101
6210
7802
6307
6388
6345
2168
7501
4536
5302
7037
3368
5704
4316
4837
5643
2544
5562
1258
5818
632
6540
1483
1548
7842
2750
2265
2862
3711
315
6174
6080
4398
4260
7018
1949
882
477
7291
7224
1455
129
6728
7329
3265
2869
6634
2407
2297
1178
6376
4760
181
6940
4317
4644
6299
7720
1736
3616
2034
2938
6384
1318
4573
7764
5554
6425
3956
2506
5417
6214
4992
2362
6072
614
5459
4314
7286
960
6530
2154
3703
1771
4225
2120
2419
753
4441
5474
470
3151
6792
4421
5411
5914
2165
4308
5638
6779
2126
7125
5684
7067
6656
1830
6401
474
658
4301
2750
6072
223
7213
4940
278
4718
5971
5890
7959
3439
1008
5942
3425
7509
6178
364
1664
5066
2154
2841
6057
3731
7938
4370
4187
3266
7432
7190
4193
5330
6227
7604
6900
3234
4711
5722
6334
2641
6467
1468
4602
4658
4631
1117
3127
4012
6418
5565
1595
4465
6810
2016
7172
2393
7189
5622
5674
3738
7716
4140
4192
1894
4016
5134
1753
482
2012
2455
2695
446
602
3543
2942
4661
3866
6719
4920
867
4828
5132
5489
4478
998
5582
1715
2802
2898
20
6700
5725
2047
6198
3899
4900
5416
4863
6281
432
3025
6517
276
7881
5533
5893
2055
7821
765
7568
6789
6220
7939
3916
5253
5251
6292
1880
1047
436
3580
4897
7493
6174
796
2858
6293
6046
446
5947
7146
2210
5513
2856
5642
646
6096
1980
3898
2701
4548
5059
901
6525
4106
49
2332
2647
5672
7410
343
7729
6488
7055
7641
7986
3903
3321
2386
4714
2359
1910
5919
779
584
1509
4108
3592
758
2799
2233
5321
948
5132
3034
264
6262
4079
1560
4555
3044
5008
3029
5822
7082
1620
1229
2348
684
7258
4503
282
3287
3940
6347
4032
7827
3488
2750
7589
7125
338
7209
5142
7120
7073
3752
1090
971
187
6942
2037
2510
37
6645
1583
6262
3746
3587
1056
2600
7295
6664
6659
2978
7289
4564
3604
621
3596
6917
3631
4463
602
6446
3463
2780
1460
1812
6783
5837
4807
6098
1448
5417
6630
3228
3736
4351
6575
1952
5923
7862
157
4360
1657
6812
362
2652
1948
5338
95
645
3324
2376
1529
3885
1712
1501
3769
5761
915
1343
5577
408
2681
5625
646
5805
2381
5323
878
4424
5577
4762
1319
1788
6928
3976
4778
457
7723
4126
6346
5985
606
4262
3301
5384
7334
3414
2534
6612
338
934
7924
6292
1211
4803
2106
5069
1506
1180
1300
4960
6180
7193
3475
5767
6876
6315
1069
7806
2965
2878
3076
3774
4202
5964
6609
7140
7677
7947
7277
113
2320
454
3964
6187
4739
6986
7734
6048
3946
4342
403
3018
6602
1718
7570
7822
3761
4169
6887
7327
6703
7485
1663
6719
4852
1341
3185
7206
5831
321
2882
4795
3617
5475
2005
895
5988
7762
7341
4361
5691
671
4257
1004
4559
3061
1435
6004
7202
422
12
7567
460
7520
6064
2633
1488
6206
5945
6064
4955
442
1627
4566
728
705
6579
5749
1266
6239
3028
3885
1575
601
5360
5544
262
2330
2144
414
6341
1413
4112
5172
1857
1961
7754
4928
1618
2578
925
2664
6410
7548
6698
4840
203
2211
6730
2033
6018
3766
2335
4591
1028
7978
5686
5731
2819
362
5974
815
4396
7595
5416
6897
7393
1758
6594
1606
7822
3327
6354
7024
2986
2187
7267
5330
716
7374
5071
3736
1895
5082
4802
7091
7908
531
5542
386
2011
2856
688
7820
4717
6812
4615
3498
4736
5506
4492
7874
2456
3463
2698
3374
1935
7721
7867
1914
5553
5190
501
6284
7414
7503
3184
1119
5340
4059
4660
4391
1761
6168
6115
5593
154
5916
2144
643
4083
538
5211
3478
2948
303
6203
6916
1675
6812
4966
2564
7564
5711
48
6835
834
2906
4317
596
7936
2117
6997
3000
5929
7358
1763
121
7112
5359
3049
3808
2189
7720
2980
4838
229
1339
7512
2648
1845
6951
6680
2003
178
6892
6260
1839
2975
6206
6399
761
4068
2836
6459
152
3208
7839
4964
1232
2571
4824
1110
4197
1955
3314
5723
3095
4241
5679
3669
6988
7838
6863
6852
4428
887
3170
181
2406
4962
7935
264
815
6940
7373
7516
5930
7633
5630
4761
7363
5431
2780
5017
3126
2440
3835
5555
5645
3034
3087
7206
6406
7644
3478
6623
2834
5615
2037
7527
698
1439
6369
6380
4637
1596
6772
5099
6868
6553
864
4790
3958
4000
3775
5351
3063
5136
2440
4961
4651
1429
1054
1663
617
5507
2370
7197
7114
3310
2921
1983
2129
5416
7401
2081
7716
3672
6221
3611
1145
7859
1543
5681
844
5338
6597
6069
4556
5264
5852
4825
342
86
2657
6549
2776
485
4055
561
1944
6024
3138
2160
2829
4115
2906
6617
4395
1603
7963
6179
4284
5620
3257
3260
6186
2041
7345
2678
4633
4380
3515
2382
2929
3186
4316
2267
5305
1369
3159
4112
1311
976
5315
5677
5268
7860
5560
6216
7444
4819
3491
1588
1987
495
441
1931
243
6289
6792
2334
3330
6598
2345
1845
608
59
466
5
2479
6128
2056
6765
7427
924
6129
7852
3016
4318
2504
36
2883
2330
7081
3587
1329
6328
1356
6100
1227
4981
7118
5921
7339
5540
7595
6594
1353
6725
2249
5127
7582
3136
1709
7677
169
1343
7568
5153
1679
7077
4044
5279
797
4014
4273
3525
5930
5988
4853
1225
6616
6843
2695
3699
249
6538
132
2984
5261
7846
3459
4821
4009
1757
4043
564
6772
3084
1508
5374
1548
2525
6730
7917
2438
5345
7102
877
5137
5382
504
5278
443
501
375
7048
846
3211
4664
5724
7763
2225
6405
419
7286
2458
3172
7814
2185
216
3057
7416
6307
2588
3590
6468
7329
2120
2390
6638
1996
2611
3929
5257
1115
3704
7585
2261
5199
6715
5196
6866
2428
378
4434
2213
2088
5707
2750
4902
5196
4023
4026
6596
4407
5875
386
7126
2194
4279
1019
2495
5822
6462
6429
4668
602
344
7690
3597
672
5487
1667
5181
6639
3540
5424
2832
5475
1925
6172
5065
2400
1726
1412
1557
366
3064
324
5847
702
66
626
145
1803
7931
1222
4075
6748
2026
4342
7331
7718
6586
6881
5522
3342
1557
1825
3927
4427
219
67
2402
3946
3135
6355
3551
3563
3966
4432
252
1737
5885
1982
7577
3671
1087
2587
4748
4614
6848
6505
3661
5379
5424
7210
3845
3645
207
7082
3182
4292
5345
886
6758
7693
1423
7402
2134
7314
5658
616
3065
6614
6012
1381
3980
3398
5661
1245
1937
1275
7214
6823
3711
92
2278
5347
457
5281
4951
5903
649
1650
5932
6905
1865
4461
897
15
5934
1095
415
7698
322
5642
7187
4713
4060
1148
2985
7122
686
7072
3082
6899
43
2198
815
1423
7763
2141
4929
6548
1628
5753
7631
16
5374
3568
3243
260
5020
4206
3298
4945
2634
328
1301
15
895
7773
4600
1533
5848
6553
1063
3090
1222
1043
2592
4530
214
5782
2209
1084
988
5181
1055
1408
7803
4151
3232
1806
1746
363
7542
5161
1350
3061
4952
1947
3944
5453
1374
5090
515
4809
2969
6984
3525
7097
396
4368
3591
4144
459
140
4283
34
3951
6220
1009
3625
3379
2865
3206
3490
7599
3167
233
6068
5806
1680
5003
1584
7662
2566
4899
788
7027
6617
6811
298
136
6126
730
2574
6163
200
3119
4748
4500
7480
6999
7079
5946
4912
7211
6199
98
2422
6633
2922
2541
1780
5341
811
6908
6187
2795
607
1482
3208
2492
4236
5927
7247
6339
4308
3853
4468
6379
1376
33
4681
31
4056
711
2768
117
7950
930
7858
2871
4730
1703
1545
400
544
3933
7768
6032
7822
2291
5338
4252
1153
1853
5431
4021
551
7181
6739
4643
4096
4522
2689
7037
6622
7152
3862
4888
11
6723
3095
1482
393
7089
6292
3098
4852
2788
3150
4614
2884
2944
1811
623
5615
1631
875
2277
6123
230
4011
3403
2065
4548
1766
423
6109
6151
1795
1352
3154
4442
5866
7252
4154
6047
6744
4589
907
229
2899
1088
7206
7814
2679
3370
7224
3168
1390
3654
5187
2798
7998
5591
2551
3330
508
3279
4922
2593
2398
2938
4039
6907
174
1930
3314
2181
2011
1727
970
4533
3306
7667
3927
3865
1417
5503
7298
6805
5060
397
5716
1911
785
6908
6999
5240
837
745
6296
658
5481
4769
1038
1016
3368
7519
7957
6263
2783
6467
7635
743
5527
6866
955
1165
79
6628
2480
3153
1073
3374
3329
5782
7975
2220
5971
2491
391
3563
5724
238
5674
6832
395
616
4890
3401
5190
265
1065
1262
7691
912
5855
2898
5752
3894
6667
5324
4774
2024
7610
4317
1519
2592
454
4061
5840
6431
7429
4231
1386
6409
6371
2397
6883
6876
4298
6393
2921
5006
1661
626
6871
5955
4
5287
1456
2856
1602
5227
7111
4847
1442
6989
7489
5351
4464
194
243
7478
5956
5361
4005
1078
2648
3611
440
2026
955
2534
6627
3740
415
2949
6745
6484
3596
3589
4871
7543
6519
1077
4281
1337
6830
4147
7900
5952
1706
2575
4574
4375
775
6047
1842
5579
463
1055
2607
5542
6642
1794
3416
5125
6098
921
2166
216
6651
4575
738
2294
1584
5407
5855
6491
7648
6466
6819
4351
5880
441
4534
7251
2770
1603
628
7898
6346
2715
941
7330
6897
6978
4971
4959
7643
1636
5907
7522
3923
5929
2916
6715
2415
5787
7773
6888
1406
2223
763
824
2653
5490
672
1536
809
977
1231
6393
5390
4677
276
7029
574
153
4609
6588
3838
4249
5138
3079
3610
7705
4210
1240
1657
7775
7575
372
7435
3758
4168
62
1951
4976
5438
6514
7056
5055
2856
250
7135
6416
329
4400
3421
4796
4861
433
3903
3884
409
2970
2836
4641
2287
6498
2514
414
177
3988
6732
2802
2541
807
7680
1573
118
827
1740
1215
4195
7731
7041
3567
625
5033
7632
3103
4356
82
5345
4882
6218
112
3267
5302
5760
6638
3389
7436
4815
3291
1859
368
6286
1798
2245
7175
3691
5938
5665
3973
483
5750
4216
4121
5038
3956
29
3381
5689
1011
3882
1341
2443
2780
3757
5259
2249
7630
3328
5021
533
1566
2614
5020
2320
6318
6257
6281
5568
6760
4305
7750
2381
7000
3911
447
5094
2788
6791
5427
6593
4712
988
419
3135
4402
6869
6613
7661
4951
1373
197
7911
4528
104
3945
2007
5172
3274
6368
5083
2483
7650
3958
7109
3117
6259
4630
635
461
5395
4685
7039
3909
1980
4214
1097
1159
4671
4040
4752
3997
7321
1208
1321
1765
7070
2060
774
3437
3730
6334
5791
3047
1623
1161
3885
3273
3200
6227
1363
7235
7939
2870
4696
3422
4557
5356
5135
7790
6768
7639
2200
6707
2040
171
4607
5778
2139
377
2625
2347
5198
3096
7471
151
5364
1074
3500
5759
3889
2024
1872
6172
2269
2659
4911
5766
1045
5881
500
4027
6763
311
1062
4335
5885
6993
589
4810
7267
3939
6702
6019
5954
6499
5297
1687
6333
1062
3364
2277
2636
4939
3672
4009
6949
3208
3753
3219
7574
2511
7643
6659
4276
2524
352
420
7981
6046
1399
4706
4410
3967
2606
9
5809
2130
3400
5883
7863
3288
2105
6286
2387
687
2702
4096
29
4312
7337
7447
1429
2531
2410
4442
4432
3961
6698
613
5004
7174
4641
6189
6437
1793
7783
6481
7201
345
664
2392
3109
3070
5648
6413
6155
6280
4181
5428
4619
584
5396
3368
1686
6058
68
1234
4673
6915
4647
3656
4126
4029
5679
3648
2215
4892
1789
7791
1300
5548
2692
3330
524
713
5772
7800
4343
7371
5203
5978
946
972
1486
920
3548
2903
3597
4226
4109
1262
6588
6495
6759
1336
7749
3693
4996
2245
1299
6326
975
6143
7282
3148
5487
432
4626
1569
3549
1770
2411
7301
6166
4055
250
4604
6444
3485
3817
7547
5240
2477
2956
1023
7402
1833
4552
2635
6273
6960
3918
188
4181
5575
197
4682
7569
5221
7494
1757
5247
987
7425
1673
5372
3870
7804
2344
6410
2098
5308
2515
7044
3829
3836
7549
1516
390
4314
7019
929
1872
7761
404
6444
4151
6561
2513
1145
3869
2443
4608
6562
6417
4536
7099
103
3861
2938
3632
6586
458
7338
7965
439
6074
6831
2475
4977
2498
96
35
2920
6298
4673
7633
1174
194
554
6964
3624
5451
6
3678
4554
5312
1078
7663
7835
4527
6485
2664
4352
6551
7767
7918
3348
1327
7754
1886
1853
1105
2047
4039
6490
577
3458
776
728
3742
6852
7303
5156
4324
2202
715
7419
1052
4190
7287
6493
4385
6003
5924
4575
591
7015
281
480
6217
6641
170
340
551
7065
1642
6268
3067
7671
7054
5302
4862
7763
287
3952
6364
300
1179
5560
7193
6612
6953
5935
862
7544
2872
93
4260
5118
1587
7902
3196
2695
5602
3385
3064
1363
7520
5009
5754
3204
7285
3508
1111
3771
719
1552
5927
4639
4706
4742
3819
4988
2265
2711
2843
1799
4151
4412
844
2624
6415
2322
7611
2800
6492
2289
249
3026
3838
6109
2546
4430
7122
7253
3483
1184
3372
2889
6072
343
2804
2537
6727
4730
3418
5081
460
3461
7479
2944
7930
6801
6849
576
6587
7313
2539
2048
3484
4984
4631
1764
2072
6009
3001
3486
4928
6950
4553
990
323
3002
7844
1317
7392
7858
4928
4471
4645
4821
1290
6703
1122
6165
3678
1708
2479
2958
6498
4265
3671
6123
6272
6955
6560
6440
7230
6355
5112
5873
4923
7315
2750
938
584
7486
6697
584
6816
4151
6745
1436
5957
7691
440
7728
6457
5019
4621
1930
7191
5106
6237
909
5132
4021
766
7167
3316
5176
3513
3942
2197
4845
1819
4491
2034
2423
3929
6688
3085
3165
4381
829
1341
6297
433
1030
2599
2000
3399
1641
2460
925
6434
452
2383
6470
741
4003
1265
7760
2998
6055
4971
7151
5519
1794
2807
3093
225
6878
2012
1707
4772
4445
7684
29
3456
4667
2043
4944
6033
912
4294
1775
7899
5491
7646
4323
5002
7288
7816
4129
1379
2329
914
1757
5773
1074
5163
4124
3062
6886
4192
4007
7011
4768
2607
4123
2776
1716
1418
4381
928
2915
6377
7404
3258
7997
12
3983
4832
4129
2764
6893
5813
6688
3485
7355
4362
512
3939
7311
6029
4124
877
5588
3342
5673
146
215
7663
2003
4838
7549
2664
6213
7321
7831
245
7176
3437
7758
284
6211
5651
5305
222
2976
2080
142
7674
5456
5361
6132
5144
5796
1240
502
5849
3484
5185
4052
6072
573
5734
4980
29
3611
4458
6902
6206
6775
1750
1444
370
3201
2159
1160
3220
5118
3888
5656
3536
4
7209
3789
6605
7331
6516
2834
503
5854
527
5975
616
6999
6363
4228
7986
1928
3184
4171
5771
2221
859
22
2006
3968
2421
7776
1290
5852
5985
3616
3009
899
865
4511
7647
4731
22
4523
157
3347
7122
7268
4465
2883
3419
2675
5276
49
6399
5531
3023
2000
1615
359
1275
7395
3513
7171
2228
5408
1734
5671
2369
6127
3884
6382
962
81
1809
517
894
3422
5981
7742
200
3622
2618
2756
5710
5305
4203
5353
3070
5443
5894
5916
3669
2767
5839
566
198
5100
1779
4979
2755
4781
222
5181
4586
5321
3193
5540
1551
7139
6083
5547
6946
5541
4555
1212
1341
3909
4039
6075
13
1706
2388
2679
1242
3175
2891
1085
3636
869
6396
2695
6140
3040
6154
2002
3916
5640
163
5837
3076
6727
7386
1389
434
7394
1890
4637
5789
4537
3689
7763
174
5160
4430
7934
3324
2832
3137
1883
3123
6448
4918
871
1183
5996
2566
3631
155
2672
3362
2883
4240
4334
7924
2505
7020
1603
5460
3885
3681
312
3171
3958
87
5731
4360
1908
7216
3182
1157
7190
2805
5871
6389
3224
4706
1015
5988
601
3466
1319
1419
4426
936
2363
7206
578
3332
1386
4532
2415
7551
2534
1034
7848
2107
5886
2389
7774
4201
6563
2090
4784
4144
7048
4235
2525
5879
4578
6585
2707
207
6479
625
7143
192
4627
644
1054
6447
445
1046
1960
6952
5864
3315
3180
7118
4573
841
7358
5660
2198
3334
430
6743
542
7119
5050
5906
4564
2905
1955
157
5645
5480
2269
5067
4505
4258
6623
4767
7134
3535
1435
6931
4193
176
7752
1348
5924
760
5210
4029
553
7659
2579
3614
3412
146
243
1960
5870
6744
6155
1128
2118
5829
1904
2494
6386
84
2122
5898
6835
1138
7052
5170
7030
5462
7870
977
439
5432
3189
447
7681
175
7973
6585
6160
1322
7309
7661
2071
2186
5712
5925
4316
3803
6884
2829
2113
4910
5475
7458
3871
7188
1087
7674
1163
4153
5267
7914
3642
2266
7188
6551
4161
2596
4326
2972
1076
3307
6091
3221
1840
1475
3766
6790
885
4287
4030
108
6955
7940
6638
413
6917
648
7609
1246
6595
7213
1226
5249
977
5364
3898
6713
3085
991
2395
508
3814
6760
6513
1555
5152
3991
1409
7041
2484
6148
6017
2254
1747
3561
5998
3119
5963
1123
6397
7443
1411
3397
105
6348
6304
921
1003
7960
7114
4852
5704
588
9
2293
2436
4636
1673
7706
6964
7945
7612
1918
6513
6695
2334
2099
7720
1290
5460
3960
3471
1677
3502
1751
1714
5502
6860
6238
363
5161
924
5751
6128
3199
4545
5414
3015
7459
1167
927
4692
4434
4531
5186
7699
7340
1648
4020
6432
5155
3972
3739
4979
6143
2281
5173
618
6923
4407
406
6975
1184
614
3900
3737
6155
7153
3728
5758
3678
87
636
613
5712
6972
5731
5993
5201
1196
4482
6490
1007
6015
2337
5230
3550
6551
4213
3477
5415
7686
7893
7274
3504
5325
791
6469
7780
3007
3719
2861
5182
7237
6403
7403
2103
186
5430
5817
3082
3318
4271
602
6049
2856
4893
323
7966
1181
6633
247
5511
2333
7920
7216
2254
2996
7836
5497
956
718
2846
537
3834
6332
906
6185
7036
3027
142
6023
6858
4851
144
3491
236
1637
5540
5558
5170
7710
2023
4947
5341
1632
7674
3350
3182
5504
2974
313
1096
1794
1577
6789
2436
7392
2019
5733
1618
7530
7424
3541
582
135
505
7738
3526
5913
6089
460
6479
7167
3841
2414
3551
628
2376
2015
771
2068
819
6536
3837
5375
5437
3125
913
5270
3619
97
3756
4771
1631
3113
882
3797
6590
7971
355
5224
6944
1096
425
5283
1548
844
3904
6587
1069
3535
4034
853
2285
171
6286
1385
3117
2605
5140
4418
3742
1185
1408
929
5439
7175
961
7106
3827
2274
5173
4214
4990
4014
7795
1455
1244
6449
7156
7770
5374
1834
5982
1895
2594
4582
239
5540
3533
3698
6978
6087
3560
4587
5185
3978
1589
5233
1064
4337
4460
6074
4274
1703
2038
6659
290
7750
3205
608
4271
4086
206
1397
5197
1644
5220
5437
6484
7124
2482
2951
1679
5770
3477
3393
7332
2113
4436
3053
5595
7302
2109
2544
3020
3551
733
6217
7593
5773
6875
2655
549
3569
3569
4467
832
715
1160
7796
945
3101
239
177
6831
4014
7929
3049
4059
682
6448
6270
4237
6119
1017
5000
5369
5954
70
2246
7486
168
7345
6576
395
49
6908
1256
5486
2534
1442
4686
4155
3811
1113
4914
2325
2648
4007
7013
4252
41
6750
4520
5491
501
6518
4998
684
5812
1669
1022
2707
4218
5405
1112
6996
6168
5826
2968
7625
2849
5062
3472
804
5002
7235
4240
5877
6507
7733
1913
2585
7906
5297
3056
3392
1879
1606
430
7897
7769
367
371
284
7015
5425
4826
755
5004
7127
7944
1990
5089
2056
5950
1442
7094
4418
911
261
1036
5557
6123
7368
3449
1470
409
3817
1326
7550
6723
6132
3861
1559
235
6670
5204
1411
7868
5470
4207
464
4283
4377
1034
7996
6940
4840
6667
7785
6961
1271
3742
7165
1917
5276
2962
7000
4007
4322
1505
2611
394
2098
7949
1810
4649
6749
3237
1125
3648
7368
2407
4417
5813
5109
2879
437
3310
3562
5294
524
124
4352
3654
4447
2484
3977
6545
3540
6431
5343
4178
7031
2887
646
163
2675
7218
189
317
3308
3563
6950
2710
3772
891
2063
5669
6921
4791
4444
1
3712
2163
5715
1319
240
6868
708
7898
7877
3971
7507
4197
7199
7934
4323
4732
974
6600
4129
2561
749
4097
3114
3170
4888
80
730
1119
4683
3580
1330
4265
2072
2970
6117
6118
5124
6817
6271
81
7423
537
1139
3199
5375
3442
6463
7356
632
6193
7806
84
1146
6149
3018
6126
6246
2424
5963
2514
6030
2433
3425
2634
4584
2230
4778
5991
2223
1566
2288
1435
1943
7397
690
2115
2347
4200
781
5128
3076
2416
4807
4955
4648
6397
3512
2973
5564
3895
3094
7585
3559
7433
2139
2697
7493
7306
1493
1421
2053
1232
330
6170
4384
4137
4549
918
5302
6628
4162
4354
7559
4362
4785
889
3658
7339
1386
3925
6574
4434
2158
113
7146
666
2966
1160
1219
474
6171
7484
3034
1915
897
179
175
299
1184
5660
1462
6122
1488
4815
4052
2882
6576
1939
7670
2324
6227
2617
4110
6220
3145
1381
1132
6966
4549
7149
2741
3306
3632
1561
5570
6691
7689
4234
215
3630
1718
504
3390
6910
3180
980
3455
3740
3128
5388
2239
1851
5864
877
1587
4778
3160
3426
4223
1058
2908
4442
3631
6527
7239
1352
3792
908
4310
4036
7276
7607
7677
5647
6881
5795
7371
947
1565
668
4412
6345
3000
1318
6427
1044
5358
366
6866
843
5944
7586
3792
2228
1221
1372
7317
4908
7002
3257
861
2947
7747
4744
5030
580
3252
4062
5024
7058
2946
3207
2865
1133
5815
279
2402
1876
4181
7262
4585
4613
5802
1529
6419
2080
6476
3589
6414
6377
5106
559
7184
6060
303
7655
6952
4411
2316
6323
159
2579
7616
2784
3274
6621
7374
7507
1647
3984
1212
7805
1810
7667
6059
3757
1243
3456
1112
6719
4517
7653
3182
3378
4133
1060
6405
1304
7221
602
7867
6118
4668
4060
5997
1707
6844
4221
7699
6622
2296
2284
7797
4560
256
954
1102
2368
5210
250
7420
4237
4175
3841
1440
2886
2895
4173
5720
3357
1281
7810
3990
571
5420
1295
2077
3693
3707
6064
4504
7995
2736
1740
407
7129
1960
4286
5478
3767
7046
7857
4172
755
4159
7588
6557
2670
7746
4813
4540
7740
6530
89
4337
5685
2529
2130
611
3176
3962
90
5938
2864
2059
6228
5107
3678
5758
3106
7241
3989
6034
1288
6044
2549
4331
2159
3577
3440
3698
2950
4550
2872
618
6851
5984
345
4753
4168
6419
7587
3758
4832
3765
4543
5245
1064
4127
2978
2677
6986
7945
6944
3059
6757
1473
6552
452
3849
2824
5966
6036
6238
1161
3222
4398
996
1335
1771
46
1556
6658
5919
715
294
3637
5741
7035
1580
6319
5994
5954
4379
1851
5018
4315
1002
3215
799
6209
2323
3166
3276
6746
4215
4442
3544
7105
6814
2122
3566
5358
5148
4483
5922
4164
527
5446
6845
5496
7364
6646
3641
2905
3001
3892
5896
5759
5501
3801
1102
2708
1460
6159
2032
4730
1207
2444
1860
1496
7704
4396
5224
2181
6915
746
6062
2959
5119
187
2549
2855
3028
392
2899
6125
2695
838
7982
3988
193
6643
5290
6706
7310
3950
3964
7719
1600
5108
158
2151
3060
7027
923
1573
1260
5324
330
2333
5916
6314
3095
1086
3456
6522
1340
6067
5098
1478
2256
909
5722
3441
5558
1615
5253
5137
2038
3861
1336
1636
4904
5729
2518
1777
6732
6467
7421
6589
4407
1637
7943
4710
6568
5232
172
223
6713
607
7685
4104
2161
1438
5675
1129
4982
3358
2046
5195
671
5368
258
563
2344
5819
1379
3836
1919
6740
5465
1807
5627
1113
4390
1986
2860
6898
2301
2955
5773
5860
957
5599
6742
635
4634
172
6958
2644
6237
623
446
7940
5377
7986
3361
6312
895
38
4087
395
7844
985
7705
4013
7325
1811
5863
3830
7829
4627
7804
5047
5301
4193
7107
4568
1034
2064
4451
2212
645
146
406
6382
7707
2039
4311
670
6925
5188
6650
6683
1026
3628
5141
4951
5519
1966
6044
370
2521
6218
6219
3083
530
161
5436
1322
6431
5224
408
3203
6042
4680
7658
104
5299
6934
3535
2895
49
3370
714
7930
4439
6366
4980
5577
2721
7909
3472
3288
6893
4997
4029
1686
4855
1842
3076
7972
6525
1737
337
1317
5953
6822
3519
936
1965
4642
5132
7919
976
4652
4140
5404
3847
6787
953
375
1975
3597
6535
30
4022
7831
4438
3146
6537
4906
5664
5817
6344
7686
6867
7165
1118
7934
5785
4001
5037
5103
6418
6643
5774
5598
1699
4019
1333
7661
4392
150
627
1402
4037
4919
1174
7573
6618
3675
3563
3035
2965
1119
1188
3955
6241
7233
852
6757
1531
7495
214
2898
3942
3919
3214
1300
3125
2613
3719
2674
2693
794
316
7872
5581
4951
626
465
6478
2366
1410
6106
3748
201
5621
1701
2559
7138
7944
1838
6763
462
6862
5726
1290
6711
53
737
7908
340
3936
6310
3029
3511
6708
4467
5221
1203
1839
3810
4149
5479
242
6140
916
5356
3039
2992
7473
3287
1629
559
107
3243
2872
6888
5700
1438
7846
3547
4917
1478
485
540
4315
96
2687
7910
6671
4989
7279
3354
7635
2122
7262
2387
359
762
2118
5990
2940
6226
7160
7739
896
5328
6904
7810
1752
1145
518
4821
1836
1278
1848
1896
4187
3786
2
6575
1104
363
3608
3533
7660
4186
3434
2548
7843
3561
1358
7325
3299
6856
4860
4837
2350
243
5618
4803
7624
3260
760
5666
7180
112
5694
7583
7066
6569
4833
2593
7083
2288
5452
6607
6085
7564
2299
3826
201
939
1691
2281
170
6828
6606
6851
2552
1479
4042
6333
4442
7770
1889
1687
2139
208
3035
2453
3099
6896
5695
4943
3430
2688
1137
3829
5985
5267
7989
5411
96
4726
593
3357
6805
5555
6609
2279
2660
4160
6692
5828
2066
6344
1828
4745
6747
2195
3059
1948
1378
3028
6209
6862
7299
527
3817
3859
3076
2533
6267
5850
4139
5885
2965
653
7017
465
5866
7847
7476
4946
6308
1580
5490
4921
7846
522
721
4587
1386
2506
1331
7368
2442
2931
3527
1169
1626
3323
4211
2419
3250
7978
1517
2036
1289
6030
4265
4345
5372
4053
2797
3890
2159
1354
1472
4194
3530
6319
3328
1806
7589
1459
3667
3970
2878
7888
6966
954
7591
6403
4977
564
1149
2025
2347
7120
7250
6387
5209
160
6188
3718
2770
5714
4199
2930
7871
1911
53
3468
7086
6767
2246
7209
3397
4659
962
6074
4435
7167
4787
895
2370
6554
4864
2153
2281
4675
4052
4369
1534
2490
1566
2062
5673
7400
4913
2038
6387
3307
3787
565
5917
2946
6450
3267
5453
466
506
5189
4835
6867
3620
962
3051
922
1377
2368
5675
4675
6196
186
3291
4090
4853
3073
7220
2599
3249
6957
2977
5236
2799
4861
4306
3259
846
6674
3568
5201
841
7493
3947
7466
925
1184
4782
2407
4801
7488
3124
5379
1364
6277
5940
2837
1237
819
3128
2242
3531
2600
1292
5955
6405
1402
7505
5711
1340
172
4337
5733
20
3917
5612
56
3201
6702
3921
1782
2951
2558
3913
7927
4121
4612
7374
4735
7971
3639
505
5040
4580
6333
6392
6863
6898
5503
1438
7024
7073
6757
1364
6785
703
4915
7853
1649
7670
7487
5272
3707
5333
7438
1070
5715
3368
6603
5803
4011
6083
5283
954
5218
6750
703
425
7754
3738
5215
6012
7636
226
2448
1181
5722
4076
6218
1009
7113
7455
6824
581
5034
5583
5828
39
1803
7843
4014
3409
462
2328
329
7105
4045
6238
7875
6692
7913
160
1711
4720
1262
7969
6977
2897
6436
3778
2149
7867
1205
352
6268
5278
7606
2522
7476
1016
6163
7152
5058
2500
2460
2631
5503
5200
358
137
1821
5804
735
3305
7428
7294
5938
3780
3277
6323
4051
1955
6681
2768
167
6557
3407
5030
1043
345
7410
4900
3552
241
5851
3654
1096
947
4567
172
3808
1921
5855
453
5473
1112
3888
170
5524
3373
6535
1479
1434
1203
1339
5748
7317
442
1398
6306
1079
2737
4113
5744
1573
2828
7756
861
3527
1728
1575
7960
7471
747
5343
6516
2979
4626
6344
2487
6793
2
3459
6929
7470
7255
7773
2602
7602
3291
2820
3348
6932
7174
3431
6688
6422
2851
2793
6988
1676
6868
2881
2778
3527
6252
7985
764
2456
2938
5984
1899
6979
6245
6998
1494
898
1523
5908
4343
2034
2212
3790
1154
4126
6907
2246
1336
1767
5468
5062
2008
5325
5072
4218
1268
5596
4326
679
2209
4917
3317
12
7432
5048
5884
6676
7385
4619
746
2868
5280
7562
1401
1447
624
4811
7156
3652
507
6604
4314
3512
5443
3260
7835
998
4203
2850
4159
88
3111
4590
6438
6944
1938
4698
1194
7439
1183
1341
160
1233
487
6700
894
2404
5600
2701
2966
5299
7598
6713
768
5907
979
6221
5591
4505
2243
78
1433
5781
2323
438
6450
2480
5711
7327
1746
5661
1770
267
5754
6207
144
7310
5079
4567
792
3289
1157
1832
5909
35
7732
6378
1292
7093
6248
2022
6655
5523
90
7668
1128
7042
5436
591
7681
4858
5210
6354
1280
4074
4636
6930
673
1891
2216
5463
1691
1378
7588
2743
116
125
7513
4753
7984
5352
7667
4963
7269
2788
5413
713
1642
3014
6121
5779
3438
5216
485
7297
420
3406
4137
4701
732
1502
1493
4853
6445
4125
6872
884
2639
7866
7059
1949
1157
7002
6619
5411
439
6647
5917
3111
542
6645
5212
4302
1176
387
5783
3326
6683
938
7622
1590
6022
374
1794
583
5011
6461
2692
7475
3689
4688
1413
7841
1614
2878
4293
7481
3322
1728
1512
6114
2758
3332
5690
4821
5763
1241
6675
2718
936
4147
86
5359
7651
5020
6227
1185
7440
6968
1037
584
7751
3443
6869
5553
6928
329
1813
7099
4146
5809
6569
3663
2152
6695
2087
3773
3445
7636
2751
4660
2319
2589
5630
7838
6134
517
7085
