330
579
288
426
219
226
84
341
87
507
11
197
590
130
411
311
351
112
21
272
92
128
59
517
76
211
593
163
146
81
348
105
66
149
71
112
28
283
100
3
569
272
271
193
514
230
270
53
129
131
333
198
303
53
255
328
580
436
134
206
316
444
11
377
351
189
353
330
481
56
244
448
328
33
279
503
509
44
579
525
241
405
395
434
256
456
252
395
299
313
387
587
439
570
590
127
155
575
84
156
424
46
328
248
17
320
264
281
313
599
149
286
379
468
235
248
221
54
96
396
30
16
146
80
502
7
528
575
309
502
2
491
27
265
589
238
183
555
230
157
555
428
320
250
132
90
521
380
352
594
86
485
280
595
343
176
77
456
318
564
431
408
544
250
240
324
278
599
599
148
141
310
224
238
281
486
192
244
81
402
447
240
435
387
334
111
376
343
536
8
106
75
493
40
290
453
489
219
351
151
412
536
592
416
178
265
443
485
466
374
22
175
300
301
42
593
204
552
127
49
579
252
466
192
308
553
260
440
52
10
348
569
43
59
237
535
591
498
594
28
271
388
597
486
437
429
239
572
573
66
457
562
394
439
426
183
104
88
121
263
364
54
218
34
55
281
46
496
41
388
170
215
19
410
178
402
573
26
126
0
5
329
282
279
185
485
212
19
228
490
415
382
260
483
572
53
37
150
168
13
582
588
568
433
352
475
528
409
79
458
332
184
593
281
334
586
196
507
286
480
260
489
40
170
106
572
190
103
184
22
230
308
368
117
135
359
69
573
469
598
33
497
204
73
501
198
96
433
583
316
19
116
550
490
48
526
153
277
317
148
453
68
246
248
101
107
395
333
380
67
99
550
334
138
114
7
412
76
182
111
94
85
295
337
379
25
469
397
524
187
532
536
15
126
282
93
72
579
129
374
225
136
471
163
81
513
218
341
227
406
530
72
245
121
503
211
257
394
17
61
545
169
95
110
595
71
119
575
452
545
187
15
577
489
309
235
496
91
561
80
205
514
593
64
361
572
150
591
300
41
137
66
499
403
586
59
485
2
8
370
111
535
575
371
472
539
176
32
582
355
450
124
551
130
454
316
340
179
192
545
375
449
553
582
166
430
386
330
552
540
507
267
180
475
153
456
505
0
158
56
279
78
209
524
564
187
271
158
107
314
106
581
255
248
181
598
598
437
506
417
536
241
290
52
47
513
316
544
208
317
265
62
231
455
259
245
121
393
6
28
290
371
527
446
56
161
1
359
271
189
582
529
74
470
10
363
107
444
435
199
466
398
525
119
226
266
91
411
473
225
136
593
510
188
67
353
356
223
200
164
229
217
451
233
274
541
351
171
334
360
93
459
579
415
592
69
500
284
381
81
