16
665
584
137
567
517
219
729
796
506
645
673
38
714
71
543
539
300
449
228
238
541
274
193
486
672
618
94
135
582
653
234
736
265
550
364
368
530
677
119
597
666
631
573
210
494
608
762
541
331
312
465
738
73
287
469
343
437
286
701
670
790
764
378
688
208
729
389
684
167
203
305
28
763
434
448
704
722
378
402
505
212
77
24
532
464
434
742
272
635
550
518
622
472
469
265
245
691
309
409
127
616
576
107
228
161
172
304
257
316
584
10
68
427
757
155
406
468
254
376
389
345
182
381
45
146
717
699
483
438
750
588
670
729
280
679
386
527
471
783
10
591
734
102
241
146
388
30
286
155
728
208
265
689
481
422
302
423
55
722
77
604
24
770
636
414
360
203
74
74
392
482
720
590
113
266
630
400
589
7
798
583
275
49
177
167
797
292
581
698
167
692
712
138
167
542
620
571
771
474
559
277
211
397
293
767
180
218
4
327
710
632
652
126
99
319
753
0
253
764
326
593
722
196
712
547
302
262
292
532
62
312
614
436
684
659
159
229
540
507
18
347
450
246
123
67
381
351
444
383
148
498
198
495
588
359
160
492
451
476
119
557
364
778
515
653
359
666
625
228
444
240
722
305
52
485
63
153
788
499
231
361
695
234
791
184
199
736
357
8
568
612
218
171
545
243
601
737
760
580
719
384
744
318
89
461
690
617
173
678
29
450
102
226
443
72
591
560
794
115
171
444
483
420
447
656
146
375
797
567
499
694
366
28
501
647
474
146
334
774
279
653
171
781
364
77
402
111
737
762
598
68
709
427
406
62
603
65
19
635
259
688
587
403
736
798
727
209
331
580
573
287
403
178
51
250
302
590
17
772
513
700
689
120
200
762
166
120
67
98
22
674
94
787
406
193
795
649
384
448
381
8
307
601
755
536
744
108
736
426
780
651
163
697
447
338
136
524
711
212
714
24
625
48
483
610
422
738
177
513
742
118
327
34
644
152
141
37
94
583
789
485
87
231
220
117
82
374
24
518
557
342
260
517
568
649
581
129
144
219
792
74
605
569
763
469
516
415
533
156
394
79
322
386
38
286
158
404
672
8
717
171
492
100
325
14
542
722
345
789
41
240
772
296
568
108
494
358
7
20
349
193
351
713
698
422
748
402
223
794
701
685
571
480
216
160
34
280
759
14
755
65
611
229
39
767
491
627
243
632
97
441
122
88
497
56
435
660
575
424
82
651
60
328
405
105
357
143
589
101
88
481
231
682
115
125
182
83
459
243
223
16
613
243
545
325
565
512
127
593
17
580
75
267
721
29
144
713
6
437
28
155
372
687
648
436
13
349
230
616
587
303
38
209
553
70
421
108
383
550
562
224
88
74
574
191
209
561
640
676
593
470
546
764
95
381
523
450
517
585
297
419
735
11
347
448
64
117
441
49
481
685
257
390
550
669
383
361
80
135
88
351
568
437
307
366
430
174
739
632
175
5
789
294
764
716
435
320
637
166
19
184
689
601
32
742
432
674
771
334
768
515
429
30
624
87
579
371
245
230
550
732
158
436
445
278
278
116
354
406
277
443
647
69
195
271
355
453
651
381
220
562
759
233
786
420
494
480
742
785
775
266
197
47
200
60
22
119
543
233
155
453
156
89
647
540
106
529
381
230
713
146
768
505
425
158
444
86
164
308
432
267
216
157
503
151
191
255
402
333
621
143
275
786
518
707
776
737
762
741
515
206
479
580
578
744
328
165
799
183
327
631
310
260
636
355
718
216
345
322
294
445
436
232
414
769
615
671
703
280
712
655
648
193
512
536
278
193
747
322
