1128
6836
2381
7502
260
3252
6070
5288
2799
7560
6777
4429
5479
5462
5108
5461
759
2707
2772
5783
1318
7213
2899
7839
4672
2571
6289
2301
6014
6572
3022
2618
3668
5100
2370
486
1112
421
985
6477
6986
5618
6542
4360
452
4047
6051
1135
3903
7772
4346
1964
2751
4480
7508
7403
1500
5738
5347
4397
751
3891
525
5884
213
3488
6016
7673
4835
4355
364
1873
1830
5376
5346
1934
3157
5869
3719
1033
7446
5331
6836
2493
6121
5842
366
6456
3445
1889
7357
2603
7021
4018
1899
5280
3359
2547
410
2314
25
3313
6402
1720
4600
4439
327
3428
3406
1493
2995
1768
4975
4572
6293
7440
5144
1605
5941
4810
3453
7121
3122
506
4846
2891
4347
6890
6309
970
5990
2079
1646
531
1968
5575
371
2459
3794
4494
2659
7465
4860
6031
1023
986
4080
2663
3201
3134
6206
934
2985
4896
664
5023
7269
548
5521
159
6172
3784
1846
5690
3287
1037
1673
3904
7756
7407
7894
4303
1609
4559
117
6210
7353
5618
3931
327
3734
6178
7516
6863
2028
4914
5569
3806
3142
7775
4993
3586
5111
466
3936
5024
7686
7298
2785
7402
4023
2167
3945
6956
1330
6185
242
1990
979
5383
1064
3316
6541
3347
3428
5129
4475
6058
578
5755
7557
4322
2593
7575
7787
3980
2614
1173
5361
4696
5581
1350
359
216
3422
4330
276
2205
5192
6942
5247
5693
6124
1714
4953
3575
3625
5913
4682
6381
1263
6585
4566
3535
6594
1635
556
3033
5325
7260
3979
5362
1888
2650
529
1269
2312
1226
5410
909
4554
4750
6769
7802
3068
4229
4206
1776
2303
2562
2316
4574
7516
7390
6254
5964
186
1192
1645
7965
4601
6651
4296
1012
2479
5417
2025
4019
3261
6803
5200
1695
2253
2650
6494
3039
4330
1456
2944
5027
2555
3208
2742
7074
2909
2604
2559
4795
5916
2540
7331
2557
5454
7540
733
3202
2189
6071
7906
1654
2831
2184
5330
6966
4836
5575
5434
7187
7243
7032
7428
6005
7856
4655
3004
4636
3974
7912
7231
4738
637
4211
7682
3357
7968
7180
4860
2944
1999
7944
6897
6945
7380
5868
1565
6965
6243
5272
3001
440
2674
2145
7468
7753
3315
4348
6737
6321
5355
21
993
7556
4080
4479
4413
6688
4099
6727
3995
1618
3079
3361
1354
1177
2526
4868
867
898
6175
4945
14
1394
2677
7470
3310
3842
2263
4018
5866
2948
1823
6969
4953
6692
2058
4950
3849
7530
5323
4072
6124
3356
6860
197
7840
5697
7938
5396
6490
384
3755
5239
6894
3686
3303
2469
7997
7622
3312
5077
5115
1018
7224
6294
5595
6088
3166
508
2458
3617
6028
7412
1573
2499
5167
4729
2856
253
6420
927
1909
6034
6556
6669
4876
3703
2076
3272
4685
4151
1107
4266
823
5751
5576
689
6940
659
4352
7219
2083
6566
4569
2799
6073
5225
2758
3071
726
307
1960
5355
2728
1182
4101
7639
542
842
3687
1948
146
7931
595
5043
4819
7646
7461
7629
1934
41
3397
3329
6105
3423
7368
6557
2333
5427
2853
4445
6621
5124
4433
7034
4135
2375
1786
1497
7829
6595
3997
6692
2048
6965
4421
7478
2947
1107
2209
2480
2791
1518
6848
1129
944
7344
5611
3202
67
7237
351
5975
5042
5207
3621
6161
3622
7857
2576
3992
4776
5829
5203
3174
2892
6025
1468
6583
2298
827
81
4764
2778
1861
4869
2159
7899
2685
4055
4577
1825
2499
2888
2479
265
2381
3063
5747
7962
4096
6170
5655
6217
4788
6363
2212
5480
5082
5709
440
749
2810
5193
3670
4955
6484
2601
5528
5519
424
1376
4031
6569
4306
1205
1451
3413
1101
7450
4518
5685
1368
5357
2586
6381
7861
1802
2019
7882
2702
3851
5247
6608
2931
4189
4834
7902
7486
1024
7079
5120
2456
27
864
7761
4180
1017
6094
3851
5945
100
108
7341
2909
7260
5926
4743
4844
2164
551
869
712
7754
5328
214
5194
2849
836
6744
6439
4445
7456
4129
4911
6938
520
844
5102
4776
6236
735
1269
4199
5002
3381
1011
2940
1022
6604
6972
877
52
1773
2668
3423
6765
3892
2341
4905
4031
4923
4531
84
1479
3175
1297
7729
699
4878
6405
4823
2138
1476
3174
7544
2436
7233
7038
3295
6822
4208
1674
7497
5837
4950
5598
285
3420
7261
5221
3848
4505
573
4038
2169
3233
6406
5859
3062
508
396
7099
7130
7115
111
5615
108
1374
7173
2146
5212
4130
1063
7865
4700
1271
2069
4354
5400
96
5959
3696
3668
5652
6929
4804
1057
6129
1201
6024
252
7888
824
4022
6787
1523
1427
4725
3093
4635
7990
7107
5892
7735
804
2670
3449
7798
1948
3836
3493
7613
1955
1706
5152
7476
4395
3921
1696
1851
2525
4261
5271
6779
7304
2520
5032
3095
5221
3740
7304
2688
5190
2245
4014
5992
1371
7500
1462
1998
1633
5360
2264
3512
5288
2934
5823
4223
4543
3730
2057
1796
4094
670
6362
6208
6959
4551
6365
7097
6425
2375
6872
4817
1835
4236
6955
633
3970
6392
5605
7810
7959
4418
579
5012
2440
3577
6278
887
4225
1001
4080
5647
7111
5334
7450
421
6433
4965
5557
5088
6435
7514
1947
7378
7448
1148
3793
2030
7691
3349
5596
5080
6002
6230
7356
7829
5432
1943
2506
6433
3622
1979
1769
4192
3821
6706
7404
2924
4306
2264
7812
1485
182
1402
1572
2246
4481
2809
1779
5388
2923
3464
4461
210
5542
3280
3799
3263
4971
1394
2717
1409
4640
4844
265
4347
1699
2325
5090
986
886
834
3999
3205
4295
331
3398
4595
282
3176
230
7446
2773
3636
877
4661
424
4884
1383
5015
1495
4593
5460
7323
4901
1312
1956
5477
6686
1827
1105
7347
7234
4361
5145
2893
6409
6000
7831
3675
6487
5099
4605
592
1278
7550
752
5572
5802
5318
3072
5920
2733
4022
131
6899
6888
380
3213
3681
2706
6274
5069
3322
2152
720
3655
6377
2161
206
7593
5763
1453
1319
2829
1599
1626
2122
5386
1861
994
6218
6647
1951
2468
3813
3582
3852
221
3554
6040
4915
4467
5651
6762
3829
3230
7930
6140
6427
2739
72
3602
4462
2702
449
7081
2470
6108
3963
6991
7738
3395
6020
5023
5654
750
2915
2776
6955
7800
7159
4122
544
5364
5053
7420
7206
5975
6765
3212
169
6467
5443
7332
3042
48
1179
1957
7561
1145
4277
2323
1128
2817
601
205
4747
3776
3092
7079
7508
6830
7200
486
5611
6794
5025
3223
5202
3463
4300
2060
1366
1428
3170
6068
6497
1094
2778
6102
3757
741
6813
2026
3027
7376
1195
5652
1793
2061
731
5054
1802
5489
7295
6032
3544
680
5542
4943
1404
5730
5179
7759
4710
3291
970
7830
816
6468
5219
5967
5268
3603
1431
7847
574
6372
6111
4040
445
7434
2780
1136
3347
1655
5754
3565
7339
7875
6253
5431
7594
3676
4765
6890
4062
2635
1822
4830
3027
607
5592
6693
196
7992
262
6752
3439
497
3482
6846
65
5867
5437
3986
3377
7027
1139
4688
7529
143
4253
1381
3486
4714
2712
3888
1856
793
2883
4128
7629
5449
5343
3115
3713
7048
7823
4071
1320
3500
2750
1097
3859
1827
7071
6841
6185
25
6032
206
1109
2944
5528
3051
2397
7871
7823
4533
6931
6713
2589
5296
868
1336
5658
4725
7245
4086
3029
7442
5934
2824
2608
7934
6199
231
4392
4599
3326
7965
5043
5498
1715
4041
1218
30
3947
398
3110
6990
2584
798
3791
929
90
222
7919
6744
5102
4023
1980
4723
3652
1593
1557
816
7343
43
3772
1377
4406
2355
3266
937
7815
2910
6976
5779
6795
5133
6721
2574
6229
957
1213
4041
948
6449
896
3623
7335
5118
6762
1631
3568
499
3023
1075
1601
6051
3582
7627
4627
4304
6623
3630
2390
4213
3958
5980
5955
3952
4
5834
2573
1866
6348
3130
5685
420
3827
1847
1341
6145
192
6314
3380
3050
5700
6748
2160
4418
1811
1481
2330
1510
3824
6557
6627
3584
1031
7438
5077
2089
275
597
6980
312
7264
3082
99
1836
6123
5851
5810
1393
6245
4328
7893
594
3734
7934
2433
7228
5278
3311
7055
7019
7639
2443
1459
4084
4375
3837
6598
557
7890
2627
5183
5052
5724
3019
5568
2299
11
1959
3660
7237
5115
3629
1687
4000
7659
1326
3830
3399
1540
1809
7606
5906
4602
5259
7816
6852
2187
3580
3225
6257
7077
1769
5760
522
1700
2002
6481
5959
1465
5552
15
7471
1126
77
1918
2055
4005
7487
405
1173
745
7042
5330
5967
4732
3761
2728
3237
5959
609
6804
6760
1200
1178
6861
1045
7902
499
2842
1282
7704
5897
3517
7140
715
6364
6605
3579
6250
4486
5921
5914
5360
4568
936
5398
4865
7122
22
7371
1198
6591
3705
326
4247
5099
2858
7378
3691
2050
30
1570
7691
1159
4700
5976
7949
1581
1033
2608
1373
5333
5087
3148
5373
1573
764
1884
2476
5185
4631
681
2853
2793
2765
3775
7102
4079
5594
7157
7729
2707
6819
7898
4152
2237
2863
4670
5649
5142
2934
5530
929
3075
3218
4765
2549
1599
2706
211
2403
4115
7854
628
3471
7221
3988
2631
1226
1083
4640
7217
7060
6202
4523
94
7042
2559
7291
2763
5819
5353
4504
5997
5276
2977
5822
1537
6267
7544
4526
3057
1353
6427
927
544
4177
3189
1682
1490
6045
6690
3779
635
695
2059
187
2851
2317
3170
7106
306
4142
2683
4594
3549
5937
2246
5095
1517
5364
3941
5587
3945
1666
5358
1326
6048
5326
3518
2698
5013
1180
6136
3076
5639
4223
3673
2903
219
381
4473
3466
6312
3790
3809
4810
4959
3843
3907
210
5077
2500
2458
4166
5615
3570
6559
5600
1513
5035
7461
7361
2307
7787
850
4969
5128
6800
2042
4034
188
6774
6809
5206
865
832
5293
482
2470
184
686
2754
5613
7694
3499
1931
439
6333
7298
7991
2991
2571
3836
6779
7119
7087
5123
629
7475
5516
3456
705
5048
4316
3797
3307
7312
6824
1332
1662
7334
1587
1050
2555
4648
7223
7148
4710
7670
3207
7468
2554
4709
5843
5720
5436
1776
5066
6687
3756
6523
3802
5441
7896
6789
531
4162
6924
1771
1833
3850
2532
5779
7576
4892
5826
7547
4386
1265
3610
7902
5620
3504
3498
3328
4583
5581
2759
2327
4257
3963
1363
2390
7900
6415
7563
3926
3007
563
2941
931
4648
3715
2582
5921
4235
6087
2521
5978
1396
5517
3948
2021
2216
227
461
1651
3625
2670
7138
7097
3097
7210
5741
886
2678
5951
4958
416
1220
5372
6274
2607
5640
3122
6106
1221
2608
5872
3782
2744
7376
214
4768
5246
5383
1368
7654
3508
5056
1105
1039
331
1300
4225
5310
911
1869
293
1620
6357
1222
50
5216
577
3182
2285
1330
1009
3435
5673
5645
906
3483
4126
5114
477
6389
4835
2041
1845
1870
6665
1043
1343
5176
7827
5707
7766
5637
1877
7922
7019
681
168
6362
4750
829
1287
930
7195
6624
7241
7664
7619
2488
4411
3006
5686
4246
665
2699
2474
3319
2281
1329
5835
1063
4021
4694
4671
577
4579
2044
6356
7377
7922
7284
6345
6874
3411
1008
1462
115
5282
4277
2968
2892
575
6703
3197
7886
5005
2142
2440
1185
6023
2671
4834
5895
6522
1190
5374
7397
35
5686
4614
5218
4517
3955
3559
2088
5414
7902
5942
7240
4104
6368
1277
7738
6079
6546
3367
5825
4436
249
5443
3501
2805
4175
3320
1530
5366
4476
2502
5270
5800
4324
3956
5248
2516
5337
7196
5004
3029
4081
3663
67
4303
7219
486
4903
6800
7211
6374
6676
4673
1437
6479
385
7560
7702
7425
4326
958
7645
5708
7736
7752
6089
3474
4176
5012
4844
6427
681
4466
5613
949
72
1676
4788
5638
3958
4420
894
7728
2793
7720
2448
6943
5313
2708
1864
2610
7534
1253
4750
3907
1646
6805
3306
3861
1652
2744
7664
281
4900
6802
2838
541
1723
4307
486
914
2636
3632
782
5752
3237
478
7381
7784
6736
2733
104
765
6709
4608
6547
7904
6941
6117
5003
6767
7313
6997
2599
3146
4065
6601
4975
6074
2688
2934
397
125
3981
615
3232
6194
5164
3319
1328
7581
3859
1191
3067
7704
4769
5538
3822
7575
1704
7178
5615
1942
7627
4670
3671
353
6659
6827
4285
1983
380
5964
6766
3516
6748
7679
6584
4242
5475
4229
5029
4084
1453
5398
7878
5110
1109
7199
3557
732
4532
6041
1372
4221
2503
71
7043
2835
3822
7052
7812
4770
4753
6822
1804
6915
733
7179
1498
7181
2540
3998
3193
1502
4483
4494
6282
1931
4852
780
6075
2082
1572
1510
3924
2072
7591
2181
5360
212
6535
6079
3144
4630
7332
4890
1067
2246
3573
6302
522
6805
301
22
175
2322
3064
7075
2894
2699
7332
3964
5620
5981
7837
7685
2716
5403
6929
4747
2593
2135
1458
5850
6477
4688
7321
4668
7503
2040
5896
3022
715
1312
1032
1024
5452
6274
7345
1960
2645
7659
1288
7364
3221
1283
2
7178
1784
6330
3047
686
6170
1233
2194
6832
5270
7170
277
6750
7293
1421
57
2669
2082
4705
7074
880
1746
7715
5201
4531
5282
3101
4
5559
7200
1030
4536
457
5995
1450
5071
4481
799
6902
5452
340
6504
3426
3642
4567
7672
7867
877
1681
7187
7436
7456
2299
6471
1576
3965
5142
3898
6103
2812
5161
4700
731
7907
790
3131
3421
2859
5720
4980
4345
6275
1627
5767
7011
7085
2808
68
7604
7367
1612
5986
6101
4900
4532
1007
4422
4377
5222
737
6412
6420
6191
6602
2293
2470
1093
3050
3465
3617
6152
5214
6223
7580
6618
3703
3896
979
5975
2278
2733
5291
5619
3603
1072
6548
7663
6348
4913
456
4280
5978
6384
7536
476
2992
7945
5733
5545
2941
1057
5843
1060
3488
3435
762
3875
1531
3992
7566
4616
4193
2393
5887
4506
5801
3538
2003
7745
4836
540
3950
5406
4971
7479
6388
2309
6033
2187
5
2648
119
1241
7271
1217
7871
3459
3202
5515
2393
372
2052
2973
7865
6189
1060
6165
5161
4717
4036
4861
122
3772
1648
2285
214
2453
708
4477
7601
1710
2474
804
1502
3493
1919
7858
4030
5449
2135
1702
5651
3585
7063
2093
882
7069
6529
248
7063
2359
141
7224
402
7301
4786
1401
5664
2815
3204
7256
3989
6887
2615
5346
4980
313
5953
1419
1505
1265
3294
5384
6317
1908
1517
3273
81
3164
3768
1046
502
6947
7569
69
2481
5867
4503
4694
1676
2215
4440
427
5247
170
3920
7271
3710
6794
2064
4577
2668
5616
7802
5317
7661
7487
2857
6279
6809
7327
6381
2309
5772
6373
2867
7417
2970
4129
1988
4823
2976
2755
7076
5193
4661
170
474
2693
2176
971
3024
1415
2915
1402
6672
2736
2005
1624
7342
6011
6286
3738
581
5208
3547
3953
5017
7335
3153
1115
5596
7826
2910
1094
1292
6535
6267
4892
1145
6737
4350
1136
3044
5010
4363
6787
3779
3743
7530
1586
5474
4408
757
3392
547
2594
4392
4092
5414
2531
6747
719
6787
730
6731
548
4276
2168
2388
4404
2512
7903
1979
5485
7602
3605
423
3454
1144
7908
4208
3841
7463
3986
2256
774
4140
4408
6711
5880
4286
4226
6970
1711
5279
6914
5163
7569
4416
2416
6275
549
7876
386
6972
950
605
3684
828
7072
7059
597
5739
1786
3619
4958
2597
6816
6788
6319
2059
6811
69
3223
5812
623
3345
5023
2050
5634
5333
6212
7823
5156
184
2192
7557
127
6729
3988
1292
4700
4855
1284
735
6351
6521
1519
4024
3521
7246
1625
3626
6424
2974
4151
2253
6981
5120
6086
4883
7977
725
8
4857
7397
4561
4124
7706
6460
1562
5944
2461
2407
648
2758
6031
5686
13
1369
3659
6878
7662
3339
1814
4899
5999
6196
3847
4451
7629
73
4707
6204
357
5646
5383
2715
7346
4921
4350
3746
7156
6821
2419
4661
7723
7023
64
5026
6210
7921
5348
1066
3273
7769
1364
752
4827
1829
2344
7165
7647
317
3126
4462
7209
1260
3644
3835
5568
5053
6198
4836
1275
3054
4496
2618
6468
1619
374
3399
5438
3274
1991
5915
2755
151
7335
3828
6342
7900
179
4681
3928
886
2000
5363
6470
886
3484
2168
5855
2170
1414
6902
275
296
3578
3497
1206
7110
3764
3097
2788
5177
7030
3170
7743
2265
6037
225
6868
7789
1709
1272
3612
7944
2228
7359
6878
7935
2476
5064
4017
4165
5362
12
4512
5990
6644
2614
7974
6876
6592
6348
408
7569
5495
374
4642
3506
7648
7341
2665
2412
3097
1281
5200
3719
3816
6918
2839
3739
5807
7452
4317
1650
2622
1562
3142
1020
4290
7319
6263
3369
1820
5460
7486
3239
5965
4489
3855
2296
2957
139
617
3310
6459
1622
856
6086
6446
5565
3603
7711
5417
3819
1157
5461
7789
7317
4393
2367
1769
2174
7822
2305
6093
1446
5498
6286
3964
5136
939
1533
32
1775
3768
4615
7959
7404
6231
5019
6730
6550
6391
4574
4063
4903
461
7810
6532
6063
877
2818
1836
2528
3534
4279
7575
4725
3248
5530
1225
3583
1177
4503
7004
973
5754
5450
2865
119
4913
5336
7042
6151
4584
6509
4627
6149
2778
4109
4615
4766
6838
1113
3471
6960
668
2081
6269
5237
3076
2784
1911
393
5502
3416
3847
2585
6676
139
1742
3178
395
6099
4313
2243
1033
2847
4492
4537
7120
7626
4474
6741
6568
5849
7703
2595
5595
7057
4293
3930
730
6771
1290
6371
765
405
3555
2311
2216
4510
1713
1082
777
3358
4050
2558
317
4424
6667
6326
5714
3981
3169
6920
2983
6869
6471
941
1008
732
4273
3544
406
5800
4550
4032
891
1507
6325
5900
667
5529
6623
6874
1934
14
3634
5869
4714
1149
341
369
7365
1065
831
6955
792
1122
3427
2817
958
1111
4870
6883
3100
7954
1008
853
732
1684
2432
1563
1681
781
6042
640
3199
5752
7996
7682
5938
6929
4783
5149
3020
2100
601
4594
6749
3539
1071
7124
5098
5524
7367
5680
720
7109
2571
1750
4098
3069
6218
4520
4335
7312
5992
3229
1599
1710
694
7795
5883
2392
1245
1519
3724
3520
947
7250
5339
5437
752
6682
2392
296
4922
6001
215
342
6300
7799
3668
3313
5013
1703
7383
2293
7565
1384
7922
773
2786
4594
6312
6631
3041
2331
1704
6947
6417
5245
2486
755
4072
1798
6379
1639
289
4380
5331
5400
997
2667
6836
2566
6118
1996
5550
6929
4683
83
7806
6480
5573
4405
2140
6610
4929
7764
2437
5039
6646
4905
915
2185
7518
6797
2503
2084
321
5412
4649
6623
3884
3046
3206
7375
6593
1227
6937
7735
6696
1939
2052
7077
7843
751
7549
6892
4544
2383
2438
377
2983
265
3668
5716
5651
2147
1809
7797
478
1725
3581
7168
4020
5150
3440
991
1578
2457
3642
1979
5991
6875
3755
7127
1920
5716
5806
2441
6306
1408
4496
2581
6312
3921
7391
4007
2125
379
7533
6701
2107
5788
5940
3087
1922
7557
1619
1420
3428
6313
566
7922
5389
1441
3925
5561
223
7001
1683
7165
7276
2011
6406
6807
6717
4726
6358
2775
3855
3018
2174
6559
5149
1011
7600
4063
6040
3664
6037
5864
6196
6511
2482
2735
5724
5462
1702
4001
6278
6832
6992
2461
1824
5715
781
6483
6826
42
7327
3767
7005
4
3113
3873
905
2104
6550
5892
1212
4594
4442
7753
3166
3295
3408
4999
5338
3633
5891
6689
7287
6095
1544
445
3909
3932
5192
2012
2290
7907
7132
6043
956
5660
1297
3653
3521
2141
7499
2194
434
416
517
5441
5030
7597
7542
6157
1866
7140
2255
4687
2807
1385
2401
7664
5916
2604
924
1480
6170
211
51
792
1967
3975
2587
4384
2953
7704
1585
4126
956
5006
1659
2917
7119
5709
4614
3030
7345
3172
7663
7101
6281
690
5374
74
2411
3509
4397
2026
934
624
966
6913
3770
4664
2410
3975
3239
2972
3118
3772
3360
5679
5983
3593
4446
308
2214
6581
1746
3876
7879
3520
7026
1758
1283
4383
7285
556
2270
7701
5658
237
6651
4971
5025
4901
4835
4300
3997
350
6820
255
4833
120
7446
5505
7576
4244
7481
3966
2993
6489
3386
1708
2487
3681
468
7364
4734
5572
6867
3166
6713
767
2740
3433
6889
2176
1897
6980
5488
1936
5049
2235
7300
5021
6787
3489
3710
675
4578
262
7762
4215
2604
6741
4121
4464
2645
5069
7179
2482
3505
3162
5192
3608
3287
4815
3093
829
3233
4098
548
231
3407
3589
4939
7313
3531
6524
727
6548
2375
3232
890
5681
3395
1295
7327
6269
7018
4237
1950
2282
2972
5467
2763
7854
6599
6706
4713
5713
6894
4508
1596
6744
7500
3952
5500
3337
2513
3944
2661
4315
2955
480
4140
7740
4768
6189
396
3134
440
792
3389
159
1911
7286
2374
4979
3304
677
3818
112
245
6373
2302
662
3026
2320
3930
4025
1466
5624
2030
3116
4690
4699
7468
5900
1705
5381
2339
3878
7585
771
4652
5894
1063
2175
7037
4509
3869
7741
6619
4558
7449
6705
7020
5653
903
2938
874
20
6890
4927
3124
7484
6143
2021
5886
5396
898
746
5865
4073
2250
7969
5870
7571
3407
6282
3699
1631
716
1101
1856
606
447
4435
2763
3913
7950
2817
3247
6095
7812
3986
6843
4221
5944
3152
3047
6601
7118
3887
3810
6395
2647
2502
6726
5625
3924
4651
4013
6381
2008
617
221
1045
1355
6368
2719
5990
138
378
6381
6814
2540
6790
4169
7397
5856
5746
4906
7071
6514
7273
7185
4369
3948
2567
4795
6573
6681
4021
4079
1020
5797
102
887
1062
3168
2541
299
673
2593
3128
7784
5364
7175
493
2912
7271
5915
3551
1163
4873
7121
2285
4220
861
6125
1207
4878
4002
5059
2046
4029
5438
6103
5975
5905
70
4130
1996
6260
2541
5430
4816
3045
2694
3129
2652
7237
6519
781
4202
1487
2556
4304
4109
7013
7381
6911
3947
709
3598
2357
4057
3162
5353
7442
401
1007
7209
6519
5970
1534
5821
4589
6804
4775
6536
2981
7975
700
4617
2266
1447
2809
2860
466
5790
6353
3884
7236
6134
3171
7907
3668
2137
2700
879
4474
2599
1557
7619
2624
2899
5837
839
42
5851
5810
365
879
4642
6281
2002
3430
4715
7053
2252
5692
3828
1220
2326
2849
429
2412
2901
2947
1619
789
134
7283
4526
3272
6855
2211
7779
4581
1598
6160
5878
1099
490
6333
3553
7471
4740
3093
7241
6288
4561
7602
3875
3969
263
5947
7203
4133
5337
5351
2012
3833
1441
4705
377
6795
2794
580
1942
3081
6551
645
4860
5492
6962
7600
4919
7412
3797
3787
1174
6660
6191
2839
3391
5261
3827
1204
2476
6225
2851
6308
2758
6782
5749
6120
7516
2915
607
7878
704
4606
4612
1132
510
7987
1083
2606
4474
2266
2232
4140
4069
5167
729
1423
6043
1389
7119
1010
3357
6772
5799
5021
4134
5030
3892
4588
7468
3410
1115
5006
7668
6664
4475
5545
2514
7052
3318
3675
3388
869
5921
2332
10
4629
5380
1087
6605
2978
3790
7447
6089
1811
4888
950
3920
1527
1236
5265
6908
3358
2450
895
6088
6891
238
3424
4491
7809
7578
730
7571
155
3396
2815
4826
6072
4195
7179
4520
7987
3043
5833
644
7152
7019
4372
5912
1011
4807
6459
4384
3659
4023
6974
6862
3883
2451
2165
2622
5016
6489
5264
5137
2494
149
2809
7336
5918
6892
790
3391
1250
68
298
1699
210
3987
27
7505
4638
6403
7502
557
667
2879
1582
7964
6219
285
3532
3070
4245
7272
4065
3979
6931
520
174
1289
4810
4944
4100
4199
3253
6757
3744
7802
7290
2566
1326
4881
446
4539
7022
7926
1108
1758
5108
964
4432
5248
6857
2528
1338
3898
175
789
7518
7698
3778
7568
1473
6086
6522
7605
46
6520
909
4443
1837
4149
1522
1387
4309
2723
2495
3856
3385
4359
6964
2395
6462
7089
4496
631
3597
1861
1505
3011
4003
6246
2522
6609
1285
7616
2780
5755
6865
4082
1687
6749
1200
5911
970
2098
3816
2928
3622
5902
1934
5039
7504
693
6873
3234
1158
2775
1937
2042
7129
7657
5861
7096
856
33
3292
6579
4493
5646
4068
7496
2849
1937
1991
3742
4058
2172
1915
2324
389
4677
1752
2634
2031
3494
2148
2889
7373
3285
4554
4368
6075
1051
7146
6012
2273
3668
5449
4051
7922
7874
169
5485
3662
1997
5620
7295
7880
2203
5010
6277
7425
1480
1242
7307
563
1346
3876
793
5066
7684
381
2809
2860
1325
2804
4390
90
1660
785
531
1582
7403
3685
1364
516
2725
6077
7405
4917
5604
6128
950
1279
6059
6424
1063
6976
6237
1757
7750
1505
1081
2157
2858
2320
4659
6984
2602
7269
6575
7095
7912
6950
2076
2780
4403
5542
2731
933
5725
2184
1579
7002
7707
4577
5379
3350
1746
507
2891
6867
7172
5238
839
5662
598
266
2624
105
6141
4135
7873
6015
7493
7165
3627
1234
5886
600
4469
4592
2627
4963
1412
4052
7592
6285
3683
3161
703
1096
2655
3338
1927
1582
1474
5844
6834
6014
5994
4509
5714
3461
2373
3629
7519
2584
2539
1290
7079
4093
279
7011
5074
6058
3651
7394
7249
4965
3808
1124
7587
3210
7087
7685
6724
683
7487
6292
5874
7570
6339
742
5917
5345
5455
1990
5226
91
4463
1290
7908
3963
5284
5120
4416
6594
3068
456
6219
3662
3789
2427
3762
1382
5069
4809
5037
5138
5009
5601
7369
2087
5280
1737
82
4513
5300
6285
5593
4328
3084
1236
1767
7861
5425
2318
1790
3022
4163
1801
1672
3437
7422
3491
4255
1535
4815
7514
7224
1480
7501
4607
4461
1699
4118
6665
3941
6823
4807
7622
2017
3622
1239
5036
5862
4687
2448
3598
7107
6387
6571
2730
6526
3941
712
7903
7967
4602
6215
1404
4120
1327
7558
7475
6031
5802
2167
4460
7818
7257
6556
886
4150
4407
7074
88
6868
5421
4760
1926
1281
3797
4298
623
3104
2393
1086
6003
7014
7226
6666
4722
1345
4653
5008
7040
5862
927
4888
1012
5878
986
1096
1247
1676
2239
7874
7066
5285
4019
154
4729
6508
4631
2035
4764
5602
559
1333
7203
2791
6884
300
3905
6631
356
7936
4842
6244
6503
13
4262
2715
7821
2270
5768
4182
4131
3979
4343
2190
2437
5356
2091
5690
1885
249
2612
6328
4937
64
1012
7767
7835
2689
7149
447
2362
7529
949
6845
421
1002
2630
303
5848
4339
114
5320
2759
1553
4275
897
7943
5218
7073
1181
4492
4529
2556
2390
1421
1843
2921
1641
4100
7197
506
3515
6673
3616
102
3687
7678
2370
2264
7461
2205
6618
2722
5784
7182
5800
338
4084
3037
7055
5853
4809
1608
6639
760
6641
6238
5603
5574
1938
2434
916
3884
4817
7951
7672
6720
7124
7766
3179
3167
1905
706
1320
669
6904
5661
4196
5080
4889
4011
1479
2341
2164
564
2311
2028
2940
6175
4963
6224
4614
7034
2490
6278
7540
3287
3461
583
6072
7120
503
7904
4359
3178
1968
1447
2845
7575
408
6216
294
4693
4958
4029
3792
5749
6029
2396
7915
4150
1544
394
7801
1424
5282
3725
5400
2316
5852
2304
7817
3280
3068
7071
1244
953
902
4930
5178
7329
2714
2599
7182
5440
42
2664
6673
3374
789
459
1394
7238
6181
312
4510
3942
1378
2501
4785
3476
2321
6893
185
571
7692
7456
4130
7251
2879
1012
6404
6174
5436
7865
3270
3534
3196
2281
365
7172
4275
5246
6981
5811
5134
7198
2474
5603
6220
7026
3507
2834
2166
5012
3068
4660
7421
7207
719
2523
1774
5888
687
1907
7956
3585
832
6948
2666
647
5654
5402
2811
3065
5656
2785
6552
4545
7056
5545
2549
2903
7507
7529
6881
7353
3719
4064
7521
2743
1750
1527
7720
3434
1518
6595
5556
5061
5426
1638
4295
6403
5184
4885
2688
3008
7519
7028
6167
7268
133
2269
2162
5498
259
5439
7526
4126
1870
291
2829
3029
6507
3594
7232
55
2614
1715
433
839
6222
5496
3368
3875
1057
1304
5976
22
4559
2064
413
4427
3453
6114
4373
4573
7097
5687
1496
2633
6149
5984
6357
773
3074
4856
5898
4970
1850
3430
3487
1228
4042
5119
7712
1450
1578
7944
7573
7937
5915
1752
6912
5819
4780
6108
307
709
5992
5493
3467
7806
6559
5948
3021
970
1296
4261
6043
1159
2544
577
3794
1368
1241
2653
4932
4444
2514
1864
2637
4163
759
4210
4948
6263
5829
176
4832
373
4420
5405
7508
4607
849
3930
6280
2986
3911
373
838
914
6602
5735
2398
110
1647
5112
5734
7550
1611
637
3730
6241
727
1
7084
7875
3325
7362
1840
7475
2113
1682
1350
7634
4815
3231
3420
551
4509
7244
223
2640
7484
4413
727
5459
1
7986
797
2579
1738
4043
7033
6174
7023
682
3484
2851
6791
949
3894
2625
7060
2362
2549
5754
5324
4014
220
3654
709
5902
1147
964
4924
1319
3793
5707
6145
2160
186
5919
5059
6805
7702
2496
3316
1743
5945
2716
4888
1710
7688
2532
7279
1656
6454
2299
1981
555
7323
7179
5811
6559
1262
7986
4859
4744
4959
4186
4133
2775
5396
4455
1833
6399
3581
2825
1304
3541
1238
4081
6820
1104
6329
6047
3016
6256
1693
6298
4565
6844
3759
5306
1563
3491
2123
1951
4784
516
4439
4420
2912
6793
508
3437
5297
2606
1346
5566
5137
1696
1799
2278
3358
6848
5212
5048
2834
1862
5244
666
4298
3
2986
790
7153
4991
4070
3406
4301
2752
523
6540
3686
4524
4808
1528
6350
1670
5369
1634
850
4180
673
1151
699
5025
5190
1969
1537
798
7978
383
5453
6884
1505
5412
2025
3285
5332
4675
1799
1248
6672
2104
7211
2786
2635
4489
7157
6314
3126
5435
2895
4693
4984
3777
5103
4440
4620
4175
457
4893
7288
6926
3285
132
1512
2472
7160
3530
6440
578
5522
6023
7099
2762
355
3089
1626
3237
7834
1662
1676
1867
7100
1671
4830
879
1325
7753
6464
6038
991
3109
3388
5385
1940
838
723
3878
1233
5826
2998
4112
6625
2266
2910
1798
5058
7452
7496
2769
1585
6312
1745
3415
13
6415
4009
1229
7466
6743
4407
1034
1077
6555
1161
2550
5503
5711
5878
1633
3240
3489
4115
5616
5225
1724
4046
7410
3389
5478
2730
7569
1517
713
6999
3491
7031
3663
5805
5856
7962
2470
4485
4014
5761
7651
500
6617
3273
1667
1765
2142
5297
5516
2706
4070
4317
146
7071
2960
3463
7189
7827
3303
1667
7304
3507
5747
1260
3756
7549
4011
5360
5915
3134
6792
1398
801
3024
4212
3815
1413
7348
97
608
3301
1480
823
3506
6463
165
7461
4756
4748
87
4761
7462
4998
4986
1290
6114
5963
7661
1522
929
218
2294
4250
2056
505
3634
3405
4301
4793
7287
4718
1257
2385
3720
2278
2844
5544
1268
3253
3224
2543
139
1962
4171
4138
7998
7277
396
7502
4754
7738
5473
2822
1984
5416
7339
5456
5165
4967
4271
5252
6209
1097
2817
565
2342
5239
591
7408
6367
2500
4871
5921
3650
4510
4902
3925
4692
7648
5598
1498
6975
7557
4387
2499
5234
1656
275
72
2325
1031
1984
6410
7912
949
539
3379
1399
6510
6270
1532
5052
5717
533
5576
7953
122
5994
3246
6800
4647
973
3220
6601
4761
6684
7222
1183
3340
4276
7430
4991
943
244
4462
3774
4599
2603
6321
7502
3984
1054
4911
1501
3693
5239
3527
3275
1152
204
3863
2693
4486
587
4190
6275
6074
5440
2691
1242
5417
4995
2223
7358
2277
5761
5397
1752
1427
5541
7953
6400
1504
6498
3566
4632
5328
6303
4162
2052
4599
5632
5940
649
384
6158
7646
2497
4522
2562
3341
7672
4627
2419
1573
3751
4461
89
5922
587
4365
7293
3513
5472
3810
6143
7452
3199
4866
3
3229
849
5984
7034
1706
4463
3866
6088
1270
1816
6831
3799
3897
3214
2318
2808
5773
2765
5193
4593
1913
1769
3688
2215
3531
1027
7962
1577
350
3943
2695
406
4476
1541
4481
4397
28
6090
2968
5359
1164
7451
1868
3251
5290
3950
925
4870
2764
5701
2431
3452
2688
2951
2858
7128
6957
6460
2381
5011
792
1636
6242
7116
5891
1333
7325
3789
2543
5360
6462
3382
5443
1439
6662
5769
645
2413
1094
2129
516
5217
5522
2799
3032
3705
6229
6722
1282
735
2238
1266
5037
3338
5144
5658
4054
2164
6648
5712
1287
5043
4047
4818
6718
7799
3935
1678
813
6623
6347
2125
2587
56
7
1214
4008
2962
6126
2843
3757
6209
1650
3322
5442
5741
45
2418
3033
7062
4311
7592
583
4777
4689
6837
675
7223
7453
5621
327
1368
5233
4271
7220
3611
7584
6684
4562
6568
952
6294
6100
6773
2219
222
7098
1185
4133
1290
2928
240
3260
3913
1492
3044
2438
1812
3413
6196
3588
7732
2422
2476
5243
3370
1138
224
2915
7166
3322
6158
7481
7463
4506
2511
5551
7955
7289
4538
3011
7573
3775
7318
1133
3305
401
2361
6642
100
3127
2817
1046
3516
7903
7214
5742
3313
6075
2395
532
1496
2501
855
3251
4418
4450
5860
833
4685
5220
2379
6029
4167
1450
3866
4974
6906
6178
3580
1051
5784
6191
2227
473
7940
7782
7796
79
7034
5041
4639
5173
7773
6806
7129
5611
5468
3986
6984
5670
5439
7135
3178
1925
6676
469
6802
3010
1584
6637
1985
3651
1444
6880
6621
7504
5054
2926
4304
6240
5817
4282
4160
7756
7170
338
742
869
1063
2637
4301
6113
3486
6541
1769
880
1968
4196
6674
4844
5249
7443
156
6127
956
4078
7571
2048
1823
667
6616
5861
4384
4025
2515
1244
5435
7197
1939
6436
6297
4087
5642
54
1182
1363
1054
4305
719
7356
7981
4595
7838
5179
736
2147
1428
4925
938
4075
7258
2066
1374
3428
2404
1617
2795
4969
5819
794
7541
4973
5093
3764
1488
7465
6322
2068
7899
2670
5990
2431
7799
3608
4286
3526
1507
6691
5281
625
4086
3991
2341
6007
567
6303
3194
6056
3100
1336
6775
1453
5918
5637
6399
3624
4149
3647
6671
6133
3765
2953
1320
7186
6085
2721
339
5979
4471
2099
7830
1773
6985
6343
5361
2669
7735
7771
5653
4193
3067
4492
354
3067
419
6381
2075
2423
5132
3322
7529
5850
6848
2727
2504
5721
4522
7633
2706
2140
1138
5142
4646
1623
4089
3520
3829
5592
3186
668
105
4448
5019
4329
5618
4520
4248
2796
7022
5893
4330
3041
1587
5285
6352
3275
3004
1593
5626
44
6063
3949
2278
4241
6663
978
218
2309
1315
1693
6268
5798
5610
201
2193
1748
7449
3927
3920
6213
2410
7350
5410
885
5474
5053
7097
2043
1976
6228
2762
4855
2845
2227
5416
6056
940
1730
4031
218
7920
480
2409
2108
4236
7872
7344
2895
6859
3053
7585
7995
2565
5614
5833
4028
3178
5060
6735
6009
878
592
5934
309
1681
7121
3853
7390
2698
7563
7164
3715
4751
2500
6029
1891
3396
7145
2189
6432
1277
4429
2270
6291
370
6417
1906
5945
1918
7070
4710
6858
6355
6607
2488
1962
3071
6764
3175
3897
4435
2706
6246
4229
4597
174
700
4447
5956
3880
59
11
7267
7708
1882
2129
5605
5251
1521
176
6547
1712
7825
2610
2268
7479
7486
4059
1114
7016
139
3259
6653
3961
6928
4771
854
321
7177
3828
5954
2465
2318
2834
2417
6717
4715
4216
3346
168
283
3750
3933
4830
7910
7157
3068
4714
6740
3210
7319
5992
1740
3881
7674
6565
6094
7969
997
4962
4554
229
4081
4152
5659
1787
474
5397
419
3085
3181
484
5315
5854
6799
6283
4087
5206
4327
5454
1869
7486
5161
3216
1472
6535
832
4730
1845
6724
7959
5108
6353
4984
1477
4241
7029
7178
1299
1735
4951
6997
5418
7451
2110
3356
2974
7259
90
2778
2129
4037
1917
3320
5189
6150
1658
5272
2626
5532
7897
4622
5344
6812
1267
6383
3058
2192
4144
1921
5007
1400
7451
6482
2238
3761
351
4388
6205
2164
2529
517
3502
5045
6393
3965
1823
3563
6862
6113
1908
1263
1164
5573
3955
7998
7429
1807
7980
7641
6817
2470
1987
3148
6403
7944
7836
1611
5243
1723
33
7479
3617
3739
5363
3520
7572
1874
6123
4773
6543
4774
3915
3480
6948
2605
7814
3645
6617
91
6696
2640
6684
3644
6755
1445
1123
1661
7032
6539
1700
2212
6526
5450
7086
224
5202
4556
6819
3323
4700
1368
5842
171
6969
6329
5877
7880
6538
2109
6468
793
2904
7449
7284
3911
1571
3818
1359
6131
646
2646
6641
3427
2888
4497
3612
5463
7937
6524
2873
7098
7910
1959
1388
3892
1332
4407
6930
4124
2998
6755
6746
6987
2930
7256
5245
2700
4470
7997
347
4719
3450
1361
2355
2493
6002
5743
383
2117
1907
3315
1450
5653
5951
7671
2287
516
1775
1655
1871
4780
252
6355
6190
1782
5161
5746
5579
1678
593
4610
6427
1461
648
6046
3520
5044
1073
4873
5931
3630
7516
1175
2571
5967
3993
2539
1072
4961
4190
4187
1985
61
6352
6448
6614
2846
4209
1353
6323
6417
7463
158
7074
1864
4005
1570
3180
2510
5496
6210
51
2646
3248
7947
3439
1708
2409
5224
7491
3725
6389
3592
7291
4434
3623
7710
869
7110
3967
3202
1289
153
6381
5045
5958
302
6020
1602
586
335
6012
4479
877
7936
5860
2803
2347
7217
7906
4114
2364
1868
7528
4387
7826
4463
373
2690
4526
2548
5253
5250
3808
2859
1879
3434
409
4969
7513
5216
6254
57
6961
7972
1259
2481
298
499
1298
4192
121
1739
47
3428
6316
1230
3161
3864
7214
1088
967
490
1657
5291
7052
5834
2008
1570
3568
7678
2328
6178
7469
5394
5707
6804
4547
2413
4856
4463
3192
2688
6050
1402
4848
7319
6771
6191
3876
6546
2629
5627
4994
5357
4557
7586
6177
3130
2213
512
5407
2865
6965
2346
410
4638
2813
7987
3207
7352
6529
6538
4082
2322
5584
7937
1810
3626
5491
3880
3272
2527
687
4248
5044
3520
695
7052
3508
1088
5682
5097
4091
133
6628
4702
3081
7775
4795
6182
5068
1366
2297
4842
3987
1692
312
5508
7339
6433
3871
3935
792
3718
5408
7354
6386
1705
7274
2251
6489
6943
5874
7552
3606
4607
5146
3680
1807
155
7867
4561
6182
5322
3220
4402
4784
7649
7758
5672
7949
3392
3947
5367
6633
3976
331
5382
6094
1450
1371
5829
6563
1179
7642
4394
2565
6691
4361
6998
7232
4757
4719
1815
3881
3161
5382
1670
4060
7589
1605
4689
6158
74
3083
5907
7950
107
1573
4959
2781
4296
2300
3868
4454
504
414
1034
6811
1653
807
1379
3182
7825
6540
2460
3881
3207
2243
3466
5227
2093
530
6754
1792
5765
2035
281
475
1010
1953
1258
7858
327
1219
7862
7095
7611
2673
6149
1070
3897
3623
1066
5743
5588
2309
6341
5690
5400
1728
5091
3122
2683
2665
3200
6904
6387
344
6764
4325
353
7093
1418
2979
3306
1570
2549
7657
2151
3912
5630
2641
5298
1277
4241
599
6689
5903
3190
4528
1679
1648
4275
6340
1941
6205
7950
1290
3928
4269
1263
4991
2108
3987
6628
3587
2359
5007
3903
7696
6976
4119
7834
2839
5414
1885
6331
2361
4284
6366
7570
2975
3826
4935
4895
1526
3327
7171
6832
1610
4538
3813
1800
510
1608
7663
3868
2534
1776
7677
1911
1345
3467
7441
6525
6486
6679
6460
5708
2985
1514
3173
4990
538
4803
6969
1931
987
60
495
4684
3340
6875
310
5914
53
2056
4094
7253
6047
7706
7520
576
911
4362
4331
4298
7968
6665
5388
5799
7932
1453
7833
3933
7415
4614
4474
6427
4616
527
4020
2883
6692
2433
724
1545
5176
3265
3060
1267
5635
4985
3693
2240
4175
1091
5977
3109
6986
7682
5507
7474
2949
907
3182
6932
6408
1665
1342
5107
7247
4415
775
2107
2534
1517
7345
1657
7772
3958
1157
1371
935
16
4182
4762
852
6138
6158
2099
1705
6724
6740
1488
2841
1160
6551
4038
5282
7222
2490
3640
455
6285
860
2328
1573
38
6914
6797
7157
4778
6052
1201
7325
2148
2961
2801
2290
6961
1279
536
3471
7828
4403
5669
7435
6566
3337
2392
4441
5739
3233
4556
1537
7999
1958
4030
247
7471
892
3179
213
6628
2053
7256
3770
4985
1553
299
1854
6126
6752
4279
1873
182
6484
7701
1071
2923
1144
7597
1282
5090
3751
4116
6356
2136
2650
207
1518
5515
3986
2806
786
3109
2462
6068
5202
6547
4041
2475
7372
3701
2980
6772
3842
1710
3756
4996
1882
858
2327
2730
6575
3743
3072
2293
657
7644
6572
1458
1568
4991
3000
2066
960
1139
6177
7914
889
6774
6128
789
622
7624
7104
4276
4152
2751
877
3926
5407
5112
411
562
820
3368
7328
6417
782
3792
5263
3977
5023
719
4770
4131
5106
2833
259
2654
6403
4581
1975
2125
7354
6573
6695
5147
5254
2286
5261
2735
7891
136
6903
6122
6631
6719
2811
6285
734
119
2808
760
5504
4286
7940
2765
7356
388
4983
3763
6404
4390
4179
7415
6468
3751
3919
5708
1920
6015
7871
4403
1673
3470
5985
3766
5083
2153
3078
462
1110
5269
4570
7716
1175
210
5010
5236
1139
7054
4850
1550
6543
1723
7161
4471
6303
2106
4585
7468
6521
7798
4022
710
1557
2958
2059
5177
6564
6826
499
6518
3209
5359
4075
625
1144
6925
4225
2045
6954
4405
1384
3858
1722
1576
156
4977
3167
2475
4268
3870
5702
5911
2473
7436
1164
3980
6249
7639
1365
6278
7736
3755
7244
4168
5276
2306
4279
1524
900
1994
7157
636
1292
4900
6871
7155
1391
4041
7193
4925
7882
4743
1212
1701
2377
3817
3073
4173
3632
5941
2883
5888
5192
6095
4786
1444
1572
2043
3688
971
5071
3840
5929
5160
3476
3688
2684
1374
4456
4131
1376
308
1400
4043
5549
6245
4555
6786
7305
6164
7764
7735
3971
4125
5335
1352
6607
7751
6069
513
5982
3413
3990
5635
7194
4348
4465
1536
6331
7790
6203
6755
777
1493
6442
7884
5294
4699
6500
1465
7479
7910
3721
4288
4135
1313
409
6776
56
949
6724
5560
3375
5272
1293
3831
1946
7100
4698
6227
5609
3239
5658
6061
423
5154
5459
817
7251
5003
3335
3507
607
4230
66
2101
5188
2896
67
1093
4288
1459
4740
643
2669
4886
1960
3841
3071
7916
2049
7363
1242
1549
6843
6053
3726
7713
2984
2140
4400
6392
2408
3924
4438
2295
4404
7801
6446
5870
6279
5778
4220
1861
6763
967
5806
2067
2652
5763
3805
2257
5146
3316
3554
2019
4816
431
1491
5718
2524
5169
5593
5096
7355
7169
4911
2432
2322
4145
7545
5950
6875
1858
4798
2925
3050
5095
7876
3029
4891
162
6151
4589
6171
5963
7893
2030
335
6768
2377
963
6820
7381
2594
1949
628
2652
7871
162
4626
1280
5177
3077
3058
3259
5533
7985
4152
7432
580
3807
3163
1603
7185
7431
502
6188
6535
3250
1515
4234
2181
1582
7156
2668
7454
2139
4551
6218
7001
7459
7845
1483
5314
1543
2496
3680
5099
1492
2375
2893
1155
4468
5263
1288
2832
7776
5023
5050
6284
7731
6680
4258
1754
6106
3327
2009
7459
5224
489
3760
4497
646
4802
7861
3944
1160
4153
2709
2556
2394
5644
667
4499
5465
4971
4630
5655
2174
6220
7257
3959
1013
5642
7324
6684
3148
7610
3072
5828
1030
4301
6320
7484
1616
5979
3811
7998
5643
1874
6654
2532
4872
7802
2773
5960
1362
7460
6994
123
484
6575
5358
3358
2299
7094
7517
5728
2054
793
1415
6100
6907
6502
2160
2350
5123
3173
4344
5146
5205
2173
958
6776
3424
5766
288
4728
1058
6188
7774
2703
5334
7228
6237
3027
7050
5262
4039
3705
3534
3856
3663
40
5193
4011
2898
5881
7973
4435
3801
6606
5546
4080
4987
972
3433
5604
3424
7990
6798
7481
5472
2023
6617
360
2569
812
6054
4680
1535
1980
6312
5714
7358
7700
1460
589
6268
435
2169
3290
2730
111
7054
4126
6040
4979
4772
4871
2104
7830
3675
5885
3578
7512
4272
1703
5399
1339
6099
5271
4202
3516
3990
2259
1016
6061
386
2049
2000
2032
3844
1006
5390
3665
4869
1147
1145
4929
6679
3044
6156
3947
1802
1326
7570
2805
5407
4077
1322
149
532
4847
6826
1869
6302
7817
4960
4293
3445
7931
5620
5187
6729
7490
1129
6857
7634
5179
1026
395
4485
7983
2945
6987
3106
7167
2955
1875
5930
4589
6567
6414
2478
388
4325
6404
7619
5542
859
1840
5778
752
7370
896
5644
779
1440
4969
634
6866
2903
3876
1714
2843
7675
6408
3366
293
2888
4741
1238
732
3313
3130
1829
6155
3965
1332
3146
2590
2252
1604
989
5971
696
7484
657
1853
3479
1350
1857
501
3356
5600
6179
6429
4189
4727
6873
7634
2735
2143
7526
2734
2797
6829
3005
5046
3736
498
7669
3879
3672
6036
6170
2584
673
2250
4893
3916
1265
819
5739
3798
6133
1236
3546
7401
6219
5357
3520
7419
547
7094
30
7638
894
3835
3322
6203
7640
1873
7754
4019
995
4596
6284
1843
5417
2686
7603
1963
6162
390
5243
491
966
4435
1501
5810
5354
7164
1567
6869
1543
2205
6147
457
2249
5560
4703
6797
4899
5797
2381
7030
2959
3639
2296
3672
5555
3309
1367
6798
2464
1490
5622
6247
5683
178
4784
2733
7454
7225
4601
6611
7105
6377
4760
7866
5234
7991
2481
2656
5020
1283
7488
2342
5699
4723
1122
3196
7141
2539
4429
1579
3068
5162
6049
6334
6625
836
1878
1806
7562
5240
7700
1193
1524
3373
5857
2398
2396
1998
7540
3432
5478
766
6505
5621
3489
5818
2638
6737
1698
842
1754
7988
268
6756
1149
36
5170
669
2707
3336
5139
2956
498
6667
4804
6462
2018
2473
6443
3215
4716
6361
3623
1515
5131
23
4621
2465
4031
397
1934
5857
6273
4573
4276
4178
7249
2574
1995
466
2795
7376
2140
4555
3928
621
1685
6830
6176
3855
6660
6415
669
2216
3074
541
6570
1794
4332
5372
4027
7395
7181
6081
4038
5084
4504
3529
3807
4718
1552
6263
2786
6426
2250
1224
7625
3524
3658
7124
4190
4483
267
1571
6474
6087
7515
4521
907
5223
1314
3360
580
4231
1795
128
7086
483
2586
7710
492
1082
1446
2078
1725
281
6720
1622
5131
386
6857
2049
5472
6970
5859
3805
632
5420
6165
2402
2929
3261
6226
2398
95
4077
3283
2546
4092
4262
161
6755
5116
3877
47
5917
4287
1090
7715
5963
7520
2461
2933
6219
5355
231
2032
6226
3499
1226
406
1948
3744
5942
5793
5645
6927
2633
4451
4969
1332
2971
7439
4205
5075
6755
5584
3080
7532
2569
6615
3385
5645
5128
2866
3654
4097
6783
7256
6166
7782
6549
4673
4396
605
1543
6194
1920
7706
1808
5270
3836
2715
6963
1480
5328
1653
2344
2414
1906
5961
353
4415
7413
6230
5815
356
2757
3880
5878
2812
3133
3759
706
6266
5861
3114
4132
2857
7179
5826
7861
5008
2492
6835
2149
561
1247
2661
1768
4651
6959
5977
4159
1087
7187
5631
2591
5551
7068
5604
895
4290
7578
2312
7235
6373
6747
2701
3136
2028
6081
524
1835
2550
6335
4162
2659
3053
816
872
2200
2156
2516
1120
854
444
6183
5323
1010
6007
1248
503
6223
5902
4675
2934
4814
6950
4963
714
1552
5788
3256
828
6696
3562
3993
5708
5218
1825
3798
7618
2987
470
7028
6243
1563
7258
1413
127
230
225
7908
5927
3802
5699
5963
7549
4693
1633
2897
4835
4871
4384
1602
2325
992
3153
476
5715
