998
347
892
897
981
489
598
329
390
87
953
586
197
573
542
171
165
771
951
527
362
300
455
228
876
263
726
543
560
955
986
297
24
86
353
848
834
490
3
77
758
597
836
677
912
27
599
766
358
370
366
112
980
98
317
765
931
207
159
838
152
444
329
820
224
894
122
976
441
842
124
199
900
388
212
78
303
925
444
61
183
775
243
555
210
105
330
471
906
754
119
270
646
811
222
981
74
686
931
108
759
709
589
997
694
312
788
985
389
895
331
502
268
680
153
750
953
845
841
502
503
461
569
881
805
357
31
817
419
307
655
994
680
359
362
843
583
190
513
745
7
349
999
410
385
150
908
59
629
602
621
935
501
51
49
996
51
525
111
811
542
225
555
196
504
612
991
460
451
890
366
940
665
395
468
807
755
448
209
975
281
197
980
93
464
82
20
827
394
423
834
64
552
859
842
87
850
41
561
524
318
968
472
725
127
358
694
896
965
144
828
895
938
0
137
700
589
540
902
114
775
215
756
11
955
606
825
392
499
153
426
704
797
691
114
711
436
208
817
370
475
35
872
357
796
737
816
905
407
813
410
117
46
633
921
424
957
141
860
697
967
16
583
651
851
808
961
688
430
903
625
904
642
356
233
646
235
227
341
111
874
651
477
344
299
305
589
500
185
14
749
831
954
346
653
137
373
459
81
58
39
574
834
302
716
848
284
150
675
26
468
699
75
543
226
391
9
316
116
522
844
867
843
486
935
219
550
511
5
831
924
882
676
441
360
537
255
419
701
601
431
490
608
256
197
48
421
294
470
228
130
375
352
472
928
945
628
231
775
225
249
609
161
172
464
524
759
789
447
305
423
202
117
552
679
275
180
936
788
328
516
879
155
982
651
763
232
710
483
115
333
329
996
868
770
548
441
316
179
732
551
237
799
399
926
158
916
79
396
764
928
283
823
800
659
779
49
541
760
928
225
393
786
525
755
598
875
854
121
11
256
124
202
755
624
883
937
482
795
680
482
792
640
457
741
355
998
43
732
845
492
962
601
607
20
49
9
296
657
78
925
999
282
689
943
9
607
481
121
791
976
571
256
967
821
728
168
749
632
561
122
165
567
290
993
928
597
0
506
625
944
824
616
315
21
838
255
681
727
806
481
385
55
979
317
446
910
170
197
616
869
146
590
250
925
362
67
936
235
862
90
539
531
904
600
595
389
511
720
536
77
207
614
548
932
524
786
400
485
84
152
266
178
377
373
136
804
503
700
491
56
520
406
531
887
777
695
643
247
201
381
441
541
942
980
860
452
931
205
194
230
946
573
909
505
18
385
626
461
125
0
62
74
57
904
836
471
297
602
959
829
871
42
713
250
424
247
342
433
492
633
848
182
520
192
655
151
706
104
357
470
384
242
203
748
406
559
732
368
818
549
772
460
582
908
292
400
161
346
85
552
290
314
982
920
306
836
83
960
620
590
436
51
636
503
792
9
130
44
812
549
914
444
381
312
712
614
477
620
173
418
124
797
417
597
991
401
332
158
766
697
597
757
244
503
557
203
760
591
57
629
883
323
43
930
709
166
428
196
609
810
816
651
913
180
357
429
351
437
153
418
650
628
520
723
937
335
839
162
231
593
752
365
419
61
178
580
466
144
796
858
956
885
725
305
216
618
715
870
396
407
679
723
517
183
505
579
871
894
70
48
161
467
370
392
993
240
443
174
215
44
92
973
785
881
170
744
307
417
55
940
144
380
552
327
945
980
13
889
193
753
781
448
787
185
116
419
32
503
58
708
353
228
928
768
701
483
114
355
655
46
84
372
792
351
234
744
988
880
752
26
76
76
922
336
407
934
841
625
965
295
427
658
698
878
45
528
571
743
800
311
201
398
6
105
439
356
303
859
257
408
916
577
635
146
127
746
147
536
21
966
924
683
161
507
528
748
631
903
665
576
345
328
820
275
105
519
642
648
740
203
644
783
999
778
491
399
617
907
346
738
101
310
480
512
82
588
150
284
769
683
209
211
498
266
868
842
722
43
669
631
77
350
810
88
565
778
256
336
989
582
816
640
692
638
830
578
745
241
47
296
599
7
847
355
405
672
893
296
181
976
299
380
246
590
189
753
777
444
125
401
109
512
193
998
255
465
714
836
873
526
217
350
605
760
888
965
551
631
555
383
573
578
89
108
635
840
123
700
783
612
935
501
558
774
801
544
41
811
543
98
984
902
888
488
80
0
856
140
700
331
658
205
662
949
939
379
728
312
559
519
132
158
322
216
876
826
909
890
942
