1440
397
343
386
374
840
1715
40
1225
555
1900
1384
223
1929
968
1207
1100
958
562
53
1788
1068
159
1224
1068
628
635
1748
242
1469
2
1417
1549
1204
442
440
1830
689
990
1331
470
529
1669
1745
610
981
1777
1386
562
727
1988
1061
927
1828
1819
1964
1450
1290
1151
760
1081
1311
1601
1727
460
1707
1218
262
334
132
1637
500
1607
884
764
1718
1150
889
1806
1704
588
408
1259
1366
508
15
1622
1632
1742
1766
337
147
1834
433
1463
1690
626
1973
338
912
1969
740
845
640
1503
343
547
1867
1318
1847
294
373
463
1223
812
125
838
82
1684
1415
844
1981
502
1256
1018
1240
1001
893
787
838
158
793
1747
1430
1241
1081
900
1486
687
1461
1903
1907
507
1285
1007
440
1643
1437
1297
816
1640
279
487
1089
115
1164
12
1607
1114
1566
739
1458
969
1237
712
1038
1310
484
1768
845
101
1335
1676
1795
1170
1515
1039
1133
1005
1802
1505
1918
1142
962
1445
488
282
161
357
36
783
352
853
318
137
520
629
1695
1791
1397
1471
440
1703
1526
993
25
846
1117
1285
427
788
105
635
512
1604
270
264
805
177
110
1815
256
459
1638
1566
1980
1889
263
668
1886
1153
16
1647
1524
331
1733
1794
1817
1571
1149
1267
39
1237
1693
818
1433
627
1341
1285
956
1610
996
120
898
1507
982
914
1762
1461
134
1700
415
1863
1304
1994
1395
3
552
643
1720
23
1649
1870
596
277
171
1994
1102
633
788
832
1665
683
713
1596
124
1738
1842
1333
627
953
344
1854
54
102
723
1029
315
357
1428
57
1322
763
1483
1609
262
294
822
728
1875
874
1111
1164
680
918
1281
1221
627
1941
1007
1099
819
961
1521
640
1286
610
1908
804
783
1827
1484
167
563
86
1552
330
1489
190
1026
943
924
105
1866
126
1878
1249
751
1593
74
376
625
199
1014
1089
1189
813
195
1806
1070
1179
1971
1299
725
194
1062
281
468
19
1017
751
436
1331
1948
1723
1521
202
1117
430
1447
251
1894
854
1388
142
1856
1645
1034
425
99
1934
534
173
1467
1208
2
1085
1416
1211
1579
1641
1762
831
848
1736
1767
723
768
1268
1395
531
942
1903
939
1508
1508
1268
1366
1401
1361
1704
264
1463
753
112
284
1349
871
668
29
1837
233
1440
1841
384
536
803
1507
1126
1467
640
1691
387
1015
1258
1132
645
1661
797
378
889
1888
1871
486
525
161
1846
952
144
105
675
1912
1766
1570
555
536
1240
1938
7
434
168
693
1169
409
722
407
1695
574
1549
315
1340
210
113
1594
545
291
1427
1755
1235
869
476
1739
1222
206
264
74
1872
813
1913
498
600
504
12
1476
1564
1921
1347
1089
1010
1461
481
1265
263
1297
1205
548
979
1393
206
563
1837
1446
413
482
922
1186
711
836
1473
1603
1801
747
826
1675
1878
282
421
1704
1788
793
1000
1700
1141
21
1856
171
793
577
1175
788
897
1133
310
1919
614
657
1394
1529
296
1878
163
1807
1179
721
1570
1452
1579
1549
1888
1168
352
4
1651
512
1996
1801
11
708
1554
1541
1651
50
1201
621
740
836
269
1212
1299
119
1135
1698
1578
1955
1170
441
867
1218
1342
1199
1265
1087
1203
501
1641
1373
1355
1459
1470
897
530
1285
1675
653
401
1894
1560
1161
1013
856
287
816
47
829
489
1940
228
838
386
1135
933
613
251
1176
585
1888
382
1182
1541
533
1339
100
46
484
33
809
902
590
105
691
1138
1960
124
1303
588
396
293
519
820
396
993
1240
353
1699
1411
863
1766
1338
20
536
1407
932
120
1731
330
1991
155
1979
1907
1016
458
1028
728
1889
910
657
1851
305
1618
1007
502
480
422
1713
904
189
413
696
765
951
49
1871
1117
228
775
1009
1323
961
940
647
13
583
222
1762
379
1558
1879
401
1280
689
1540
1216
30
245
1893
1917
1822
1799
541
680
340
569
456
1894
1041
1449
124
2
659
183
648
257
1239
736
954
1904
1903
252
1069
1468
30
1216
1679
638
799
1664
1664
497
214
21
1446
1857
398
1159
1246
1522
1154
375
1341
586
135
780
612
1580
1494
72
914
994
264
1669
1443
998
1754
354
1958
1757
255
244
1197
721
1045
1723
1245
1993
319
1042
1445
823
66
1922
1132
333
1532
1284
1075
1949
14
49
553
1708
794
1160
237
1154
1447
266
1486
1313
49
326
463
1936
654
620
486
1555
523
1648
1427
280
213
254
1310
1488
196
1972
137
1640
1826
80
1605
1667
105
198
1824
1430
1850
958
1451
639
1465
1497
1642
35
214
78
1941
1331
775
821
1532
1066
208
462
1991
405
117
1455
363
1808
1414
1337
1256
1321
1817
518
1327
1091
1206
881
1841
410
1931
993
323
861
592
1667
1566
109
1493
1635
1890
1760
999
1976
827
1026
1697
169
379
1706
831
1568
1943
228
574
1129
1630
752
800
70
532
1766
1163
387
1549
739
97
1649
452
229
1098
433
1147
176
1533
1406
813
330
1598
487
1775
1097
177
168
1510
1751
1452
1109
1970
559
331
226
1735
1975
989
738
1724
297
220
730
1484
720
10
1296
1306
475
1766
789
482
417
1166
893
411
66
767
1559
1928
854
1192
461
270
1508
828
378
1631
1153
197
738
1028
3
1318
931
394
1728
1385
918
548
1384
120
546
1486
1052
1767
429
673
617
1725
1520
34
1269
1764
38
822
197
1638
1728
1008
952
375
24
1786
292
1938
1840
1762
1003
1564
1799
1579
281
1332
1479
1637
813
572
398
23
1074
1617
534
1769
1160
821
467
302
468
366
1609
30
1601
1832
776
1473
577
1733
1157
1527
1076
1141
1718
421
275
1360
1273
155
490
1600
1953
1664
1456
684
1743
1838
1460
831
505
75
373
1240
857
1900
782
1674
1541
974
1437
1075
1094
1039
975
1753
1767
1558
682
896
252
1539
1781
409
380
97
1176
357
493
888
1644
1095
1563
351
1918
71
1828
287
1701
1506
643
1939
525
959
358
668
1104
1596
191
1872
1665
1351
580
1906
1060
730
563
1373
541
189
261
329
1235
1743
1309
1825
1409
239
1118
123
1449
1636
1462
1526
581
93
1995
1202
1004
547
785
713
45
170
21
636
458
1814
1352
1416
1748
779
1819
1495
159
268
1684
98
466
325
939
52
1742
1492
1651
218
696
738
808
567
1461
832
1217
388
209
1420
434
1076
1404
1491
1378
934
865
1520
67
692
3
499
1507
1464
1415
1469
126
1534
665
775
1870
1044
284
1490
1232
1965
673
377
1332
678
1490
194
1
1632
1852
292
930
972
1303
579
817
1876
1188
934
1983
310
1682
1674
1693
316
1596
1887
569
1990
162
1648
313
298
51
976
1005
593
1460
400
308
1410
1375
573
814
236
859
1702
889
285
1156
587
1499
1280
1751
896
1306
787
333
1569
1483
982
1185
881
1253
111
1615
1979
817
395
1226
1065
929
1103
762
946
1274
365
1201
1005
1807
1089
249
644
731
955
956
853
426
1287
1390
1922
101
424
331
1880
1833
307
1849
1500
1219
1207
297
1569
618
1947
1248
647
712
480
1500
845
214
1845
470
711
1044
1210
1635
298
1554
1132
1909
644
1197
526
1396
665
105
1305
789
905
984
1242
1557
797
484
1082
725
1328
607
1467
1217
1066
1428
1725
878
1446
1785
465
1616
454
596
933
981
653
295
1150
1506
826
1545
1332
168
1892
1794
919
754
865
1187
655
1229
1025
1968
1
1508
279
1579
1597
1415
727
1231
372
824
842
1349
295
1395
1391
1702
1611
1399
1645
893
457
196
1891
120
946
451
1472
923
959
1404
254
481
646
1897
1464
1617
1480
1573
1741
425
1912
1023
1261
633
678
1985
1984
494
986
1416
1686
1337
220
1295
777
59
1055
1676
1534
512
1438
1191
1931
950
654
1571
418
472
1444
330
715
75
0
57
176
1300
1638
1461
322
243
1805
1848
858
497
1713
1980
601
1346
531
19
1568
1734
192
896
1772
66
1774
1238
169
1381
1043
1996
935
586
1264
1449
666
1658
1067
1537
235
1979
842
764
1228
1048
1371
1231
761
318
97
1434
1578
1937
296
1901
869
249
1817
1720
720
796
1498
957
1332
1497
1741
148
893
1486
328
1435
222
1255
916
648
321
1796
1343
1964
412
1589
765
966
991
852
619
817
746
1344
756
875
1932
897
892
1043
421
1821
1978
461
717
806
1634
502
990
685
1568
1823
220
87
1441
504
86
1738
171
938
932
261
157
96
831
1978
241
435
1728
1896
1038
1793
352
265
1115
10
143
1716
317
86
321
1408
1105
694
802
919
1205
1989
1386
402
1280
187
1820
1270
1106
1615
168
1467
470
229
384
1573
1605
1227
168
1169
20
812
599
878
397
944
1786
1781
1275
400
1367
902
1902
489
1646
1632
1631
637
28
1629
1566
1424
1193
344
1879
1493
146
1548
739
1046
1313
682
1642
1930
168
1398
1637
486
684
1711
1554
1363
1566
1993
402
1159
1477
1465
1196
691
327
1596
276
536
103
1540
1126
1927
1272
1616
1532
212
815
183
1696
406
374
81
955
270
1597
1746
1467
833
1563
1012
1219
291
1059
1296
1484
1954
1154
664
985
988
580
1012
265
1246
118
103
1926
1563
1062
1709
1530
1061
198
1731
257
26
96
1331
1465
1374
1491
811
1734
1761
28
1817
658
429
1792
133
737
879
117
1147
675
127
1185
1107
1987
1021
90
271
1196
1418
1532
449
44
528
1481
1238
1840
1311
1306
418
990
534
564
873
1090
1514
838
887
16
1285
399
1022
168
942
716
1066
392
1616
1983
530
1515
1466
459
1644
1791
52
972
685
901
216
531
461
1073
692
1615
1651
1393
987
935
1858
1290
610
1572
847
1693
942
508
1262
985
1863
377
1304
602
1273
200
1867
576
1672
1756
638
1178
589
883
48
897
1233
1025
1372
1121
1108
1384
266
818
1755
585
1861
501
180
1508
1060
1834
951
76
1144
1134
1195
1542
1457
1297
1105
831
621
549
481
1005
222
1987
496
1502
903
1368
1995
1725
787
1565
610
1763
994
916
1171
441
624
1662
994
364
83
1849
1699
922
1378
1607
1732
1416
285
1034
1353
1142
989
1371
949
138
56
378
1985
137
976
207
1597
148
858
735
113
463
118
1130
1742
1597
112
1441
1205
1527
1457
806
979
1979
978
859
409
641
1263
700
612
1065
1332
1177
941
928
311
171
1359
1682
1345
56
1727
1657
1690
546
1181
1731
1824
905
1879
1346
1156
1905
1908
76
417
1854
756
915
1225
1660
833
367
286
923
993
1783
1258
1255
203
495
540
1045
1316
988
1936
666
1525
722
1673
646
155
942
1277
829
490
1151
765
1862
1103
1935
768
77
1
480
939
1923
706
690
559
1861
1704
1745
1710
698
194
203
1147
37
1689
974
686
971
630
176
801
