561
50
825
288
248
787
641
467
42
412
371
416
109
427
364
747
508
125
859
190
640
477
626
49
350
13
896
650
646
786
443
864
662
644
630
724
584
251
544
794
863
892
116
26
789
511
292
608
571
466
348
703
498
607
899
678
641
368
685
391
308
500
350
206
308
189
312
30
746
321
44
807
238
738
718
404
640
116
818
575
717
641
43
692
60
639
531
639
177
678
706
486
412
40
792
455
535
471
402
75
829
583
765
660
99
390
738
373
249
516
713
604
302
759
477
765
514
80
266
159
528
160
14
255
860
254
578
385
319
314
336
662
742
527
863
247
110
42
866
358
849
453
31
72
82
391
9
691
323
697
7
753
268
61
277
782
93
322
896
71
704
709
483
560
393
695
669
327
451
329
329
623
899
249
466
657
853
286
7
110
684
883
100
128
95
289
775
550
826
696
881
449
690
716
437
729
376
657
60
709
690
476
244
632
220
157
703
421
692
843
379
134
616
575
359
549
563
241
717
252
63
59
495
159
138
552
880
28
78
794
296
415
879
189
381
696
360
669
505
382
321
374
506
582
427
483
308
301
55
808
897
559
586
493
708
173
418
120
644
102
545
550
820
682
314
271
171
296
602
549
830
182
661
116
163
11
543
44
821
361
230
254
494
224
80
684
460
0
487
805
871
147
449
741
794
771
111
515
746
591
474
225
360
412
472
456
378
168
117
462
72
656
94
444
449
383
487
409
673
183
293
750
443
74
735
179
84
793
694
624
647
854
389
773
716
813
251
315
56
3
124
169
594
802
538
102
316
396
543
417
370
565
229
183
432
796
811
468
871
592
244
619
9
789
891
644
350
847
716
392
683
881
41
156
743
115
781
327
826
634
280
614
378
872
145
109
356
321
208
200
595
604
863
519
68
528
727
484
298
696
888
619
78
881
59
341
707
351
753
535
451
405
580
221
474
235
75
467
565
348
250
818
243
725
668
252
828
58
729
755
523
818
536
685
734
181
11
503
545
522
645
614
188
231
190
466
450
683
409
21
430
214
546
864
125
0
172
643
174
83
426
795
278
291
218
698
381
670
664
149
14
845
437
237
736
258
532
609
545
142
184
528
555
175
56
740
7
511
297
487
733
673
254
522
547
66
444
836
790
871
864
152
858
406
457
304
11
71
730
57
836
50
693
48
801
814
375
452
882
760
500
593
565
558
48
185
294
243
496
729
589
865
759
73
397
523
473
694
533
833
821
336
784
465
707
524
727
212
372
246
573
26
66
412
639
611
801
324
818
831
132
85
674
248
250
542
391
863
633
583
359
345
704
476
314
897
25
388
353
460
134
163
58
733
145
148
58
355
480
683
57
600
307
483
130
475
265
644
535
254
281
883
500
75
208
467
81
593
313
584
171
32
390
779
355
685
235
286
774
91
574
174
181
748
800
375
404
836
499
891
882
161
541
351
560
238
189
579
172
474
601
169
402
686
663
66
77
767
898
865
571
435
398
289
798
142
197
662
321
224
84
815
264
554
485
291
580
227
226
846
850
498
607
831
781
490
86
812
424
713
668
410
362
390
761
632
210
722
289
791
127
494
537
892
213
843
877
210
42
222
816
758
384
59
842
241
492
481
510
865
156
673
299
420
274
505
826
582
3
888
859
71
256
304
418
34
748
238
289
860
341
206
826
448
614
419
897
55
848
827
92
877
332
878
201
308
583
60
750
125
659
96
121
736
275
82
526
372
19
101
749
410
594
220
764
604
711
280
722
774
443
888
236
427
777
24
509
285
594
774
373
731
752
442
190
829
117
658
862
792
848
11
517
631
891
352
480
266
169
69
224
241
524
531
897
589
443
227
254
771
873
464
758
98
458
243
370
92
76
502
609
176
436
213
477
403
527
685
387
506
674
190
759
84
172
637
195
477
178
787
722
286
323
314
109
712
299
422
356
457
599
266
408
586
518
693
773
879
706
728
196
639
739
280
655
324
501
565
491
452
773
709
228
716
457
883
739
522
149
523
874
376
35
568
674
452
836
337
54
126
856
441
428
219
551
517
512
760
726
56
