314
226
572
155
288
565
434
54
338
420
255
213
469
298
320
51
243
295
73
560
346
342
57
127
424
481
36
142
438
396
21
252
85
511
206
373
577
549
198
80
344
409
157
9
175
440
15
187
578
177
250
589
78
441
558
405
437
68
25
3
220
13
540
436
308
591
101
183
468
220
425
339
199
290
350
535
583
134
394
236
270
136
428
61
173
262
85
255
539
589
58
291
411
281
121
336
347
174
302
221
148
583
129
84
323
76
149
386
251
321
287
35
476
32
57
547
452
345
578
247
0
312
316
34
512
172
122
364
357
576
396
188
407
75
464
550
23
410
343
327
349
276
329
533
511
422
142
20
543
309
546
571
384
273
259
549
61
586
522
116
62
90
180
31
399
81
508
484
375
0
95
481
562
61
60
244
507
341
62
123
450
552
439
102
494
589
122
272
167
206
277
164
594
151
234
427
106
72
40
596
231
66
75
509
78
30
228
222
53
569
142
13
217
556
199
587
478
327
151
350
90
517
352
112
590
491
457
372
10
483
185
8
76
597
349
214
293
172
174
229
456
358
434
213
576
573
253
472
493
436
507
419
522
419
333
204
462
267
486
525
29
77
321
270
194
396
369
593
451
459
4
143
33
385
405
592
3
153
421
56
22
318
189
380
227
68
66
20
389
169
429
315
253
363
486
417
20
355
468
513
412
215
316
254
387
533
180
409
309
218
555
166
118
115
7
533
17
539
513
540
111
300
1
129
383
321
146
564
494
239
82
187
268
155
105
304
107
30
139
13
532
382
179
312
87
46
21
553
543
142
312
296
513
173
551
187
543
442
483
173
421
490
407
171
198
508
351
104
300
425
165
536
18
247
425
193
208
36
405
365
331
143
386
44
342
370
43
199
81
44
124
559
212
595
118
412
152
22
170
505
298
176
463
269
53
305
418
93
579
63
393
20
471
339
236
260
226
70
256
534
545
185
33
382
591
267
116
122
140
285
230
1
505
466
117
336
383
290
505
79
356
510
421
67
249
397
432
372
586
157
59
343
290
582
535
510
531
448
404
490
479
316
80
67
255
384
362
222
533
36
122
197
535
346
511
573
443
395
52
457
73
83
544
139
490
478
408
435
411
277
139
584
230
425
90
347
117
240
59
419
75
220
377
498
97
496
465
351
314
567
522
221
468
589
290
33
283
479
122
401
396
510
341
87
3
598
170
324
569
389
283
434
229
126
210
330
214
533
479
420
546
254
168
269
558
182
382
67
315
475
207
131
433
231
550
459
283
479
443
228
102
235
456
31
119
438
65
9
472
540
31
329
79
323
361
318
116
435
111
357
396
31
109
375
334
357
193
562
410
10
577
190
409
102
131
424
565
455
235
547
