3509
5577
7883
4296
7234
4810
6972
1610
7330
3855
2623
5079
5416
3282
4521
1060
6549
7802
2699
365
3087
7181
627
7601
4928
1794
3163
3475
6350
6644
5043
6050
5298
4275
2566
1522
7863
5365
3019
1385
7313
7274
6411
4182
5336
3949
5609
2555
5087
6806
3027
3115
629
4076
3972
3278
3000
4280
2867
7234
7184
6836
7963
7196
399
4387
3496
3596
2083
4026
3515
2142
6966
3452
7898
1309
5731
6819
3831
1874
1172
4346
5211
7722
6908
3592
3055
5045
1902
3366
6439
6155
6873
4274
5004
7497
2784
6428
2980
7865
7898
3677
5759
336
7907
5448
7905
2000
5661
5369
6855
1422
5255
5801
4760
7950
7927
548
3369
3018
3575
3345
6509
7314
3002
2544
6392
3149
250
675
2990
5661
1199
1827
4748
5857
7277
3219
3602
5652
603
2737
4364
2834
6283
6825
7420
7355
5307
964
2982
3504
1255
2109
696
4922
7881
5748
1747
523
1135
7356
7290
6812
6326
6351
2390
3253
104
2401
5475
3275
6832
401
5499
5763
4982
3004
1725
7253
6043
1644
3610
4364
4690
1134
4860
7337
7577
6850
4306
5351
4499
7595
4028
7578
3012
3301
656
2097
3112
374
135
5914
7344
4957
3272
6916
794
7783
910
7616
620
737
3704
6913
5004
2600
301
450
5311
6940
2217
263
636
115
2857
6203
2476
6505
1775
2936
1089
2709
5298
358
7408
2967
6246
250
7948
4462
1571
3552
7553
2406
565
4659
553
6510
2495
2473
2894
6536
5068
2252
7037
6233
7220
6243
6275
6176
2471
5807
1991
1604
3801
1617
6467
4869
7434
4361
4960
6229
4400
7065
4398
6720
4932
4936
5373
3654
6374
7810
987
6729
7598
1692
1642
4257
7056
3510
3228
7181
1259
1146
718
4933
1774
832
1086
6827
2215
5140
7147
6495
4714
6863
3656
3057
3546
7841
6044
2801
3735
1265
3641
4835
4996
4443
3542
1231
4787
3736
6987
4340
1072
2684
5161
349
4327
4056
372
1163
7475
575
319
6801
4355
166
5154
2623
1131
5605
2777
566
7301
3098
3068
731
6210
556
22
3495
6417
5613
5925
1370
3177
5913
5742
3407
567
4219
1722
7339
6239
2927
5040
6319
7985
3842
7312
941
810
3957
4810
4440
7972
3361
4345
4852
2011
7156
5055
7660
7452
793
6589
2626
4428
4534
6511
865
7890
463
1059
7502
3874
7176
2644
5501
3559
135
7719
5696
2892
4408
3905
26
5800
3434
1283
178
1668
2839
7779
35
4297
1729
4200
1904
4747
3063
7874
469
1964
4407
3971
824
1198
2605
3454
4286
5081
2202
6586
7611
1029
1936
2387
7681
3781
5081
3886
2713
4720
1079
7383
2704
6925
7303
5881
2152
4058
6719
4857
5680
7161
6486
1583
878
2808
771
7361
7736
3899
3869
926
3618
5448
1697
7060
4177
7855
4818
4495
4526
660
1275
7727
183
7259
2064
2820
3311
750
6643
5481
4662
3502
4178
7674
499
6195
493
4019
5869
3330
4981
4198
825
5322
3984
1177
2126
6427
5561
698
4468
4772
6085
959
7067
6375
5952
5982
5640
5115
630
5734
4074
7101
2637
889
3467
5141
7823
3622
6818
4064
6022
6439
7365
6335
6656
3828
1595
6203
7603
6465
2863
6227
2297
4635
4033
3045
7868
987
119
2549
7085
2180
7377
5852
3821
2431
4602
6479
4559
6128
4186
3723
4085
5044
2633
7258
6422
3385
6557
389
6498
2043
1764
1175
7868
5719
3885
6281
7846
77
577
911
5307
6103
879
1534
3541
4256
1157
2328
5966
1891
7835
6262
3300
7201
6281
5968
1590
1534
4344
2604
4523
889
3990
3361
4018
1734
1955
5703
7907
7242
297
3646
4997
3059
5704
7511
5481
1457
1327
34
947
1556
167
7509
1080
5571
3785
7061
3075
3478
2640
5156
2930
913
3273
3176
5502
5374
4903
7188
7384
7846
6003
821
1390
2667
3616
6875
204
7493
2172
4642
1632
2199
1731
6684
3414
4205
7118
7132
7714
149
7721
98
3292
983
7298
926
4996
5329
3516
931
4455
7412
1379
4521
2203
981
7482
1214
6884
689
6897
6027
953
6592
1139
6399
7968
3828
347
730
758
1294
4934
1816
587
7965
3139
3000
2602
6933
7911
1383
758
1736
6206
1102
5615
3459
5468
1013
4500
3912
2833
2898
6947
4259
5242
50
956
1707
3636
6787
5155
215
428
4284
2212
1402
4434
3561
1809
7132
6380
7958
1127
4983
5383
7319
2767
1803
6920
563
4928
6110
7840
4523
3137
4244
926
5930
1100
7718
3934
74
7311
4674
1119
4672
7308
3647
7283
5606
3999
7035
4047
7716
544
276
6978
506
6238
4927
1411
1323
3148
4104
1058
3209
6840
4838
2209
7898
2422
2170
3356
5028
7387
4516
3555
2330
1893
7298
2600
483
2232
454
7763
2947
4803
5811
5108
7912
3393
3444
6992
147
3228
1625
3484
865
1772
3375
7560
2550
3420
5114
3442
709
7853
401
2427
4477
5269
4311
7671
7955
4735
4945
6462
3560
4022
3113
4191
5272
7004
1342
2548
2783
6484
7334
785
5479
5056
2753
5334
6706
1316
6011
4388
2720
6697
1949
2220
7966
6334
2769
739
2027
4633
6256
3858
6472
3291
4681
5577
4412
7442
1521
3124
5057
1176
6082
1349
1806
3480
498
1553
4802
561
2640
7223
618
6643
3356
7802
3055
5766
4164
7152
1183
1961
2231
3796
4758
5464
2856
5174
4680
6151
5473
7122
2990
7564
2433
7165
5387
1433
1364
6971
602
3942
7309
1774
278
1389
6306
2025
1253
1167
324
7011
3810
2388
570
2759
3206
3664
4889
3816
1650
3041
5410
6354
1179
7316
7096
4988
6418
5159
2492
1433
943
1257
3015
1229
3866
6206
7875
7101
117
1023
7206
2495
2153
5758
2061
561
3404
2406
1585
7461
3756
449
6408
3962
7867
1108
3130
3398
6358
805
3390
111
7667
7389
5137
729
6183
4488
1619
4281
6226
1272
1278
456
2152
1098
7427
5012
284
5504
7683
3760
7979
4685
7590
3660
2178
7984
2012
31
4044
440
6702
3840
5596
5029
4608
1365
3444
1967
1189
3426
6064
5152
3359
4099
4050
7452
3762
3253
1259
3521
5923
3406
6050
4137
1810
2381
2852
3724
3121
7052
3368
4803
5344
1234
3869
3495
4391
4101
4531
4056
7119
2876
6723
7194
5981
4403
3356
7769
6700
4824
6699
5069
2854
7618
4166
120
6238
5185
2325
4748
1549
208
6685
491
4648
7591
490
5958
4954
2157
2457
4966
7907
2507
5568
3785
2573
860
1402
2020
1350
5504
6418
1416
3615
2640
7819
1375
160
6507
73
3733
7813
6127
5088
4819
4762
2884
5432
2662
942
5906
6425
3134
6519
1683
2905
4115
386
3138
6367
7970
1556
3378
6547
2710
6115
2492
7076
5761
5802
7441
5301
5577
5293
2030
6885
1952
7945
301
5049
6891
6838
3639
5737
1604
3165
5207
4548
3803
80
1706
256
6583
4266
371
1250
1626
2181
267
7686
7363
7185
5237
4428
269
3927
5199
7519
7989
3403
6693
4707
7289
4295
2848
3706
4827
7978
3356
4211
7621
1164
6551
1873
6726
4828
2116
5299
7098
4569
384
37
6216
3305
5660
6850
4806
1753
6872
2179
1207
434
6513
6249
2804
7284
82
963
5480
7154
2726
5340
6900
2442
6989
3973
2868
7614
6956
7482
5593
372
5151
1588
4021
7686
5450
5515
4118
5767
13
6661
6793
7827
4373
4607
5760
2322
3087
1462
7118
4617
1400
754
3790
92
2385
5137
5604
3940
1390
172
2587
2153
876
2344
4014
4860
578
1051
482
7092
4785
3160
5200
6979
1557
6681
3777
6516
2462
1992
1074
1987
6232
7146
4790
3800
3493
6632
3643
482
5581
5372
6180
5836
1580
6964
1878
3679
137
6246
6159
5940
4039
5617
48
3604
5621
2411
4763
5038
7232
2284
5431
6068
1608
2806
7376
1234
591
7168
732
395
6862
221
4312
690
5666
6862
3409
5443
3556
7265
3455
3356
854
4803
3532
7771
3256
233
5234
1365
5371
2263
1
3695
2701
5260
128
4573
2003
7946
5356
3061
2933
3909
476
5807
5138
4584
2628
507
7444
4606
2968
511
5599
1795
1736
3116
5283
968
3690
5052
1873
957
566
6346
3243
606
1130
909
4467
7485
1358
2994
3525
3944
914
6102
129
1590
1939
6877
4832
3763
5244
6322
7784
4005
1097
603
4090
4091
39
5111
2249
7249
6520
5975
3557
6754
4466
1527
1781
139
6631
3032
2948
6520
2079
5051
3378
7149
2145
1403
970
4787
6033
1544
1652
3485
179
5948
5441
7030
6541
3035
2276
6536
1195
2988
6656
6731
4156
110
6236
169
154
7737
3444
7786
871
2931
7913
2497
3346
7787
2584
1202
953
7317
6087
1438
7657
1698
7548
1773
1856
7419
7528
4630
2420
2011
2689
1294
1836
6535
7021
1738
7436
7914
7898
4147
5838
7569
4330
358
6860
3775
2636
4772
6938
430
38
6877
4687
163
4398
3924
1445
236
3864
6510
1270
2745
1001
5725
5414
4181
1899
1636
2784
4863
4537
6278
2104
1897
4090
5967
7664
4812
7594
3134
2966
7718
2836
205
1355
6161
6812
7071
5534
3649
632
4677
3542
3802
1727
877
4879
236
1498
6632
7867
3276
2391
5015
5258
5776
2652
625
4708
294
2808
1650
403
5201
6741
6819
2558
5570
586
4419
3088
6479
141
3407
2936
2194
3206
2995
4489
2465
5694
4621
5441
1637
3446
7066
2726
4377
7572
1343
5964
6625
6136
6006
7092
2116
6381
1875
4815
1928
4476
1266
7584
4969
2650
3199
3199
2997
4481
482
6009
4615
1436
3333
3029
2206
6043
6595
2353
25
551
2670
5579
1361
2991
4669
6941
6739
3361
5073
7199
6712
2677
866
1008
2147
6115
5130
6223
7959
7029
7214
4675
754
3830
4485
3291
2506
5898
1222
1168
1891
87
2610
6022
6026
225
7739
1969
2641
6580
4368
3669
5094
4218
70
3685
786
3564
4452
3917
1100
3685
5387
1611
6135
6099
6208
3640
7103
5190
4248
4645
2315
2923
7423
6432
1311
7186
1316
5014
2962
3498
1477
2706
1830
5071
594
1252
9
3578
7744
4381
7143
3159
7149
3574
5226
2420
5611
5136
7119
3989
3052
6870
3814
7716
7816
1726
4838
3269
1901
7855
2538
6984
5347
4349
3340
1528
890
4047
93
3344
2259
6690
2238
5261
4233
7142
2846
7775
4218
6150
7568
4089
3957
837
583
1288
7426
2628
7409
4992
3720
1632
1454
7697
735
4408
2860
7480
2931
5196
2081
3763
6929
3392
1379
5389
2129
3648
3303
6679
6240
4031
2900
1783
3625
7064
3523
3098
7520
3029
6422
6149
7979
1741
5618
4297
5805
5735
5082
21
1839
4029
7721
4645
4397
2781
492
2648
7931
6441
986
7136
7378
6814
1072
211
5500
5873
1645
3806
3863
6869
3879
2200
6793
6682
2889
6708
5056
1967
6570
4241
1252
7624
3274
2796
2588
1242
7787
4533
5050
4995
10
4095
452
5767
5944
2768
3360
5046
2394
1496
2395
937
7097
4095
1750
7018
3527
2391
461
307
1071
2929
5765
7439
2455
6539
3538
7262
4725
1831
3138
3956
4619
7158
618
2336
5376
4211
5002
4553
2013
3149
7903
1652
7072
5372
7046
6883
4416
7669
4168
3160
2495
6072
5702
6072
2085
5831
2242
3146
6494
1137
1479
5726
5234
7692
2359
5322
7772
3520
4783
5840
2826
3072
5144
2716
3889
7188
7245
1832
3849
4882
7524
6786
4780
6188
7195
870
4871
4578
3809
645
1850
2200
2046
5287
6418
6658
3359
4716
3616
5051
4290
6062
5494
1526
5434
4738
381
5195
2080
7710
6326
1075
5078
4692
843
2511
6713
1788
1361
5026
6050
48
3421
6624
6617
1265
384
2782
7320
5864
2400
5096
2935
7942
3956
3121
5688
3276
2011
6821
2353
103
6618
2971
3730
4403
6064
7974
2898
3872
5272
3403
6971
2482
3483
3404
974
3234
6415
6627
20
1122
304
138
7618
6462
4056
2487
6344
4126
5470
2406
758
2216
905
782
267
6850
5552
2549
732
5493
2927
799
7326
2029
1031
4066
1040
2204
4179
4053
6663
5375
6563
167
2903
2105
1911
6283
2907
5147
5850
6609
3682
517
2584
3600
758
6310
6429
7040
2186
2526
7595
36
4095
1285
7031
3684
2451
3461
4961
5240
3303
6562
3535
3329
4139
6938
4197
5426
2024
1000
7714
5803
5225
1378
922
3622
3975
3906
1419
3594
3088
5569
4063
2333
5843
5919
5182
3863
5835
128
6540
3089
7078
1136
7558
2588
2160
903
7348
5550
1889
5928
268
7736
3263
4323
7203
2067
561
6842
6864
4184
4706
3329
5279
3854
1806
4191
4527
5246
5164
6129
4713
1187
6520
525
2461
3838
3868
3875
7867
6854
826
2880
7018
699
5017
6508
3016
5467
4457
6132
2047
1582
6132
2
4416
3708
5476
6888
3103
6687
2411
2939
7499
5747
1746
1820
3752
7657
866
5458
3531
6651
4201
2899
7057
2746
5481
1442
1436
4355
547
1233
4588
3472
6331
5992
4054
4522
2952
2462
483
7484
4922
324
4359
4035
2472
2881
4731
418
1974
1976
3130
2834
5151
390
4373
7223
6437
4007
948
6669
4562
2488
682
705
6633
1687
2547
5532
4974
5286
5133
2394
3215
2863
1264
89
7918
3553
2602
4205
5324
7417
6747
4880
5779
5948
5131
5303
4544
3488
7203
1920
7083
1163
4111
3526
4660
3507
4461
5079
2316
2276
3954
765
3485
7520
2074
441
1239
1056
3785
3854
6808
4409
6211
4921
1911
1882
4741
830
1902
3954
4926
3357
3809
3054
5037
3108
1743
4896
2072
7838
724
3003
6758
4329
1368
2299
5658
3237
3032
2785
4524
1736
1871
2204
453
6607
6208
2243
3735
2511
1699
5119
2712
7850
3562
4294
1689
6812
4846
1474
1991
6645
3003
4048
4924
5473
1588
3235
835
7395
6885
1993
2471
2848
1188
454
1974
280
7906
5084
599
7727
787
6444
3269
5289
7736
4598
3367
4789
1861
61
1678
352
5812
134
522
170
2854
5886
3305
3830
945
2171
4493
6938
6858
4827
3625
2391
1488
4745
2584
2146
3123
4062
7386
6177
6079
2595
683
2865
4809
2933
1666
5092
1140
450
2787
2440
1120
559
5345
2146
4721
2908
52
1402
2487
6527
4850
6992
5759
2605
7598
6380
1653
951
7914
7443
7796
3185
3001
2070
1836
6414
7094
7812
6255
1511
5658
767
2328
3354
894
108
1880
2319
6446
6404
606
1302
2726
904
7843
4460
4780
913
3663
5341
73
1157
6859
4163
1125
7397
292
812
3646
1220
6680
3802
5253
3347
449
3747
4821
3031
4891
1081
4817
3579
5748
3652
3736
4353
7471
939
2280
1940
564
2482
7308
7226
1592
4158
707
1317
2596
6003
4335
1000
4837
4606
2166
6343
5839
2350
6649
7143
5294
1149
1647
7204
4267
5933
477
7170
7960
1614
4532
443
6552
1948
4039
5110
2222
1605
4903
2649
2016
7047
7517
2549
1223
4024
4419
7328
3830
1567
7743
2272
2757
1728
5853
7299
3705
3254
2504
4812
7825
5560
6501
6984
1840
5118
4684
3646
4002
7036
6692
1348
4876
397
7386
3758
7157
3179
7102
3618
107
7003
3898
5447
4947
4518
2671
3548
3601
3265
3054
1125
5327
782
1551
7615
5678
1723
5810
1877
7239
3336
3152
7019
7389
3559
7484
2136
6753
5500
3388
6608
4320
1668
4222
3231
1357
3025
3129
1394
4903
7859
6369
2576
5766
7155
4038
3174
7496
697
5130
703
2770
269
7037
7570
4677
7930
3735
2677
1407
4303
6353
6192
11
7743
5536
4972
2534
2344
5839
6475
4719
3888
7736
3921
3946
6348
6238
3903
6768
3611
4586
128
6711
5550
3968
5245
4538
2027
3902
3019
4933
5447
3217
1284
1247
2800
819
3379
5971
4749
6853
3113
7069
6365
7876
2540
5038
1724
4587
1359
5468
2180
38
7325
4521
7248
7982
559
5871
1884
2821
4637
1189
7240
3344
81
6864
5691
716
5303
1288
4708
4782
4688
2981
3164
5467
6310
3783
1704
1665
6106
3135
6362
5264
3353
350
6742
1625
557
4311
6450
6401
624
2963
6711
3361
1371
5650
2309
1790
1724
2297
3474
2912
1350
2940
5267
3793
4610
7976
5107
4084
3876
2637
3456
4351
7992
5575
4645
3478
379
4777
5906
4101
1734
6405
1592
282
6629
4313
6896
2781
5127
2137
2619
2349
3725
4564
3556
441
6533
774
2178
1175
5872
443
5914
5316
639
6043
1633
2809
2333
3670
5214
5478
6438
7404
5614
3854
117
985
3937
6078
4314
348
1154
5227
5739
7459
1397
3623
7857
6677
7608
7232
4355
3579
1931
6133
4145
3084
2604
2006
5335
4243
6716
2615
6289
6719
5757
3152
6221
1031
5245
6836
3195
6776
3468
5292
5666
1884
3880
7536
7116
7753
5818
897
7906
1219
7673
6694
7186
1103
4333
256
4076
213
7950
6156
5772
560
2571
6517
7282
4630
5734
6740
1838
4703
7676
5253
7350
3892
7331
6567
1370
5077
7532
2351
5262
2950
519
105
6630
23
6790
6541
3169
4751
2298
634
1948
2164
1145
1618
4071
3258
2881
2097
4789
5062
7031
4106
5421
5341
2056
3616
6941
1453
7793
3167
7310
7800
2073
5589
1266
7705
5147
6224
5242
7157
1186
1748
5380
7423
3758
6265
2866
6759
6387
1055
3542
224
7968
6863
201
2380
5245
6320
5531
71
6445
2083
4580
7821
5587
571
2937
4745
6865
1308
4475
5371
6188
1647
7113
68
4811
6655
2709
1553
3998
5747
6036
5794
3100
3432
975
3510
996
7850
5271
789
645
3920
4437
1017
3865
4401
4799
666
5452
646
4455
7573
443
990
4334
6584
5559
5304
5269
7788
4008
3776
2420
5888
4494
2025
2243
5646
611
5155
4693
7180
4189
3706
1061
241
1935
5131
4873
4609
4015
867
7939
695
7730
181
6327
3599
7955
3576
5942
7277
7667
4059
6200
7341
603
5478
4201
2824
3421
7534
3290
3679
2520
884
4888
4967
4313
7324
5658
6706
2079
1733
4691
598
6647
1033
168
6652
3462
3090
3196
2375
3941
1175
2598
7518
4774
7154
1988
1368
3765
7840
6633
2307
2906
2964
4849
5393
923
4600
566
2656
895
2689
6171
5860
301
7725
6469
7220
7922
2780
5866
7405
3809
3720
7937
4359
468
6947
7513
882
6865
7884
4550
5740
4297
7853
886
226
1018
244
1953
5696
7667
3243
7135
2903
7351
2294
6291
42
1275
2473
4933
5269
5962
707
1998
4955
1353
1675
3564
5003
6484
7302
2101
5709
6342
2322
3497
3982
2456
1379
4320
3654
7329
6423
3362
5410
6331
6263
2325
595
5574
1420
4305
7539
6662
7132
2704
4367
4456
6528
6273
2197
7842
35
5499
7643
4343
4697
7567
5385
1818
3801
5814
805
4522
5017
1129
6265
732
1732
2192
4515
6903
5467
786
2553
7672
2533
7307
5206
5845
1492
2331
4102
2079
6966
1051
6986
3584
6612
3819
1864
6692
1899
7143
3410
4085
4996
2104
145
7358
4018
2950
6926
7473
808
1995
5596
4355
3316
131
7462
1013
3996
2560
1553
7150
1364
6938
3277
68
4760
4419
6205
1498
6060
3256
1217
7843
7726
3155
2268
2629
5525
2429
3847
1624
4872
2178
4369
6925
1117
4349
3441
492
4076
3762
7786
2037
5648
2362
4633
7592
6650
7385
5662
7969
2929
7723
6181
3803
1002
4413
1104
5333
1279
6713
2435
5777
3663
2553
3595
1721
7987
316
363
2525
4696
2102
2053
2327
254
3777
7394
4496
4108
5746
1566
5275
6797
3783
2099
1406
3467
6716
2400
7314
6406
316
6837
512
6225
6964
4926
939
5514
644
3018
7916
3764
6415
406
1464
5363
5298
2395
1119
227
4433
5873
5869
789
5837
1566
2483
3622
6482
7296
7328
3262
2892
3474
1544
6754
3129
926
7687
2871
6426
1599
4287
4948
3523
2066
2428
6594
4434
7481
1401
2387
636
6795
1212
3291
1731
2204
2268
3856
6787
228
1059
634
3436
1102
6478
5590
7306
5407
6897
1741
2304
4545
5559
3020
4052
492
2375
2752
355
48
7299
4143
6709
5600
618
3126
7851
94
4701
5659
469
4800
6783
5646
7136
7836
6453
6209
7149
2550
1805
4768
7996
1730
6394
3759
5447
3799
2301
832
2539
5235
4064
2253
5249
2149
6237
1847
6988
4251
2971
5980
2122
5320
2840
1743
7149
7665
162
5687
1508
4501
4287
5701
4306
6903
1964
851
544
2121
6722
5654
5486
5687
4917
320
6500
2893
1847
309
4199
7237
570
6055
3432
7729
6034
5136
5590
7681
4984
331
307
2098
5227
5648
5828
2004
7728
7818
2274
4661
6843
3479
4974
1071
6822
4059
4258
2315
2846
1
2626
4817
2781
6672
3633
302
913
37
3231
576
1564
3155
3360
6784
4981
6675
7320
3660
683
3306
6995
5456
1866
7062
5937
4816
2006
3764
5182
4949
6644
433
5408
1522
2664
4266
5289
2098
7033
355
1229
5729
5617
5793
1965
2355
2113
3173
4753
2516
3073
2565
53
5068
4500
3048
2810
5902
5290
7453
1661
2015
2719
4568
4037
6430
5952
4747
6166
7540
750
6174
7906
5912
6940
3210
863
6719
1395
5015
2164
3679
1684
6064
1293
991
3069
5280
5134
221
6341
5099
7843
3931
3201
5835
7158
5318
329
3910
7930
1317
1109
4584
3109
2715
5184
2978
378
2072
3375
3327
4
226
1035
1471
3486
1980
1705
4434
5999
6640
4555
3186
756
3326
5824
1437
6390
2337
4198
2286
5658
4730
848
1175
5015
5340
4482
3326
4098
4979
3097
2161
7045
5009
1544
1350
5294
5207
1149
1939
803
4988
5217
6470
3060
3453
7039
867
3785
3937
5372
4953
3706
3880
4100
7295
7229
1295
2246
3888
2618
6979
853
63
5563
5408
7471
1881
6335
6180
3035
6326
1902
3444
171
2299
422
1931
97
5680
5939
7483
2542
2457
6494
2465
4373
6195
4572
234
2223
1228
4007
507
1735
1215
2539
4610
2917
3404
6550
1239
6440
7632
5330
1742
5772
3429
1935
347
6476
4696
5753
3426
7137
1539
2953
3739
5352
5191
2552
735
2913
1768
3277
7825
4756
5509
7191
4075
7694
4466
5431
4580
4745
7412
1557
2939
7465
4696
7859
5091
5667
5168
6366
4043
1144
1323
4480
3529
6559
1296
4947
354
2241
5591
2800
5368
3230
2788
70
7825
909
1569
2726
7872
7328
566
7354
2546
4582
4072
3350
4503
6793
203
4390
4202
1432
7653
7367
415
7968
7329
7795
745
4403
7789
4564
7461
3786
7088
5177
4262
4422
3243
4070
1437
1234
6315
1221
5157
1061
6504
6459
425
6116
6270
2262
2931
3684
2437
7330
1105
7821
6095
1115
4262
154
6205
4668
7690
1468
2686
6006
6879
3423
7590
444
3569
388
4263
3003
2313
1101
2862
4583
6799
1303
4252
3889
2073
3777
5471
405
4244
7628
5037
2575
2829
3035
7197
2477
6109
6873
6497
2368
7087
57
6500
4204
3183
1112
5628
223
3409
6720
7180
3422
6523
5830
2937
5179
6800
2771
3527
163
7194
4031
15
2900
3347
3033
607
1899
3281
5379
5934
3611
1931
2298
7226
6586
5644
5684
4032
1909
178
7906
5719
4388
6307
1557
2410
6456
3342
7101
4496
1425
5721
76
2506
4269
5356
312
1816
1082
5913
5472
56
4748
39
6214
6396
4841
7354
1595
3911
1730
3168
3032
3044
637
1082
7784
7170
3053
2437
4387
3856
3811
3588
7701
6513
4702
5836
7774
1372
4125
5100
6098
6996
7317
3638
2304
4670
6847
5870
3792
7908
2377
4495
7494
5189
2028
1460
1187
2454
7197
7658
6570
5849
5917
7759
2112
7833
4843
7782
3692
7679
5914
7803
63
212
5757
2925
7117
3604
2878
1245
281
1067
5966
3762
5327
3151
2230
2054
4714
2041
4428
5936
4534
1793
6146
1518
6191
5397
25
3695
2249
3157
4019
699
1865
5967
7557
4736
2576
3986
1323
2426
568
4593
2517
2621
4695
6998
3935
482
3233
6912
6847
7884
2410
4762
6871
22
2440
1785
3435
7899
7191
754
2668
7393
4630
3606
2931
7330
4014
140
4617
4537
5139
7113
2915
5670
3651
5358
7979
2302
2732
1277
3001
7154
4202
1401
4320
2105
7662
6874
2213
7645
4090
5930
5195
4575
3720
2623
3210
5128
5195
4757
5598
1678
2701
1863
1595
3039
3767
5290
4573
972
7215
6279
1662
1941
6555
1394
7777
3597
7301
779
5004
2474
6679
7697
4434
7083
389
4510
1102
1446
3337
7235
1132
6253
3402
3968
7009
860
150
7072
1979
1282
1614
6703
18
3178
2081
2073
6750
2885
1456
161
7970
6709
4369
3834
5959
4728
6576
1030
6147
5999
911
4648
1336
650
1005
2696
7577
2131
4869
1123
1863
7571
1581
907
7034
37
3295
2562
7578
3157
5141
1711
7790
2675
5965
1403
7019
2490
1388
1419
6510
2648
3647
1178
4550
2266
668
2161
6952
7798
3815
2438
3525
116
6705
815
3001
3897
4410
7297
6938
7729
3991
7945
1457
4696
4911
4838
3269
4134
3679
4226
5970
7317
7677
5227
1305
5584
2042
2898
3473
6009
2977
3870
5627
7959
5308
5934
3667
3035
3157
2730
1378
2509
3610
5700
4145
7000
6618
6289
6488
366
1004
6910
7476
3097
7022
3824
2294
3488
6443
7036
344
1362
7446
3264
7019
7794
1971
4636
5965
2238
213
5520
694
2142
1794
4468
1393
4518
6386
4238
4199
3592
4918
7251
22
4825
1014
4349
2849
5630
3347
2949
7298
7475
3243
1790
6491
1399
6522
4046
4201
5272
1373
1801
5337
2582
4275
619
5109
3703
2460
4018
3127
2855
6179
4054
4798
2953
1720
7910
606
5790
1302
3393
7570
3920
7171
6381
1613
3484
6326
3415
1966
4379
5330
2983
721
7467
977
4863
7681
958
5564
3665
4300
7615
5462
5658
3952
6428
2009
511
1329
1588
6168
1922
6476
2719
6083
3361
5445
5972
1225
587
7325
635
2776
4992
7200
6800
6976
900
2714
6960
1333
3903
105
5828
7987
3508
4142
4039
5500
1628
5085
1781
4605
6814
948
3538
1934
46
6345
3155
7320
63
2556
3693
2770
1574
7307
3897
5860
5773
3523
1
4524
7824
2772
1450
478
119
7550
5245
5510
2705
1768
4371
4521
2793
207
6109
7305
1320
5979
2830
1736
5447
5517
4261
7012
7854
7253
538
5665
2478
6849
3236
5764
3160
5263
4837
7099
2104
4963
1588
1050
6577
6612
7492
4544
374
5856
2165
3544
1826
6912
759
6587
2677
6743
5143
1267
2668
5444
4968
3803
7804
3734
4239
2082
6378
1951
7146
5358
650
7137
7581
6300
1298
6821
1915
5158
5721
171
718
6430
2418
1468
3012
7703
6687
283
6198
99
1268
5850
7381
6454
2890
3976
2099
2089
7836
4296
108
1115
4353
3773
431
6194
7110
1249
7276
1919
3303
6645
2268
4927
7530
979
5032
2302
7449
6623
7863
4759
218
6748
5335
7062
5612
5274
5319
126
2752
2061
6750
3558
2802
7930
6748
766
7010
2954
524
687
3764
3777
1170
992
3744
3720
1175
6614
6262
3238
4109
2867
882
3725
1697
5407
5687
3473
5117
1412
6188
372
1015
3507
4272
7836
3865
2788
2107
5990
1485
474
3410
1235
4005
5413
1510
1120
5445
6209
6602
7924
3502
1820
3471
2291
7335
4149
1599
5040
2121
2272
2546
5823
4200
1702
2063
2599
2265
4297
4323
4470
6309
4773
7511
2095
6217
6577
7953
6303
230
5925
5226
1294
1227
7990
4743
1104
477
6525
6358
7931
6369
6901
3431
4787
7014
3939
4708
5664
18
4752
1199
2945
7431
3442
983
2266
7217
105
822
2313
238
2853
1001
55
3099
2020
1773
105
3512
6809
6162
566
5495
5672
2271
4435
2342
6542
2819
7114
7861
670
1331
6922
2598
3430
5924
1879
4946
112
1063
3618
3602
5860
2460
1331
4880
2251
7508
7490
7978
3118
1863
614
2943
3165
6702
2405
3482
6923
1343
1130
1593
2199
963
6100
185
6053
6677
2218
7839
3691
3001
6701
901
2184
150
6470
7007
1422
3217
543
5481
7200
7816
2702
4847
5495
1128
2603
3000
5887
7276
5122
6032
3742
7218
7076
1905
4052
3963
24
6477
4669
1151
879
4987
308
3819
3317
4859
7506
3897
6595
6439
1748
489
882
2681
6426
225
2602
2931
5260
7134
3544
5359
5527
726
5438
1475
6613
1836
2276
6416
5643
4751
7852
7208
3211
6512
5955
5721
5818
5982
1140
282
7404
319
5078
2705
1259
4973
6694
5823
4439
7658
2671
5385
999
1346
2277
2916
4173
6780
2706
6811
5880
7036
2536
7488
7795
2680
7988
3885
1963
1429
4660
3254
4942
7453
7231
6957
3726
4447
4066
2320
7684
2852
7244
1363
4786
7881
223
1606
4129
1726
5030
4580
3497
7897
4518
1399
5135
5912
4109
2794
6408
4338
4615
3181
3484
6616
368
4543
2790
4621
5348
7579
6200
2847
1009
7617
2971
5249
3054
3231
6323
4230
7077
6940
3265
444
2667
7554
2563
3619
5201
390
1078
4296
4851
6452
956
1987
6189
1083
1624
1737
7918
339
7317
47
3492
4358
4294
4924
2839
1826
7209
3561
1874
1850
5285
3191
7547
7635
1523
2861
1860
1138
4505
7917
1210
3840
7760
5554
2171
2455
3079
4585
1349
363
5184
5800
3241
6680
2009
5199
2654
5123
5669
5946
2225
1520
2233
5920
3930
3232
2307
7371
3434
6565
5011
3444
6113
2756
1854
58
4829
4676
7575
2047
6444
2649
4894
351
5890
3432
6069
6478
6
3127
6925
269
1415
4531
7584
1737
5580
2588
215
1488
3016
7761
6091
6256
1452
7540
1640
7534
151
2809
5358
608
4521
3536
593
7080
4597
2285
577
4621
2068
4912
7044
1911
3990
7862
5118
2119
6484
635
3539
4689
1377
3562
4643
7095
6687
2884
1908
2339
6893
936
3054
5024
638
5700
3391
6742
453
7257
734
2272
6092
2788
3885
2700
2212
686
824
6382
2487
4594
1435
97
5305
1894
703
4123
5373
4584
7236
3052
3748
1158
6843
467
4016
3050
5002
6333
7863
4192
2099
3291
2802
3142
5358
1118
6453
3727
1714
2130
2297
7667
6099
5588
2197
2423
2501
2418
1484
2132
5502
6749
5375
7431
7098
909
7107
2036
24
6194
1549
952
7714
7634
1802
7946
4458
1795
3851
4620
1167
967
6430
2548
5407
3455
3512
5201
3350
5646
5454
5693
3909
3339
6786
6302
3278
2146
7738
3800
3467
4104
4173
1299
7183
2520
1367
484
5508
2319
6572
7194
243
5408
1769
2664
1635
5621
6246
1450
6360
3524
135
2453
5949
5193
5874
3904
6428
6117
2139
7689
4105
2771
2746
805
2911
7939
2014
6664
1186
149
7964
7213
4932
3187
3935
643
2051
6347
5283
4788
6383
2408
6717
7826
1353
620
2770
6432
6855
3052
5160
1595
6837
5032
4377
6692
2293
1125
931
5034
615
1449
2909
7928
4899
6867
453
3705
5347
3540
4916
7907
7294
3662
6194
3559
271
391
6054
5940
1652
2314
2086
4258
6514
2330
685
3906
3894
1044
4650
383
1079
1184
2421
688
7351
2963
6428
1790
4775
2981
4444
5933
7594
1162
683
5512
434
5870
1202
6317
5639
4370
2457
4274
1382
190
6842
4915
7686
5602
5879
7098
5749
5261
679
4169
3105
3337
2091
4614
5939
209
3167
3332
3094
5039
300
234
2198
6326
3067
5186
4259
2521
5956
1184
7732
7207
5636
7148
5640
3684
3981
463
7495
7941
7479
5366
2824
6535
4724
5830
4588
2604
5570
3868
4391
4691
5753
6143
2335
4659
6468
3621
1900
2100
7020
1503
6528
2217
400
7201
2016
5102
5745
4658
2704
7515
3946
6636
4173
4130
4925
7153
4596
1739
3207
1642
3200
136
1558
4797
3825
311
593
5899
2055
2613
5269
4002
4781
153
4961
5638
7539
660
2023
5399
1076
6435
963
5663
5847
1006
3847
6778
3120
6849
885
2338
3590
996
4038
2775
4272
2136
7975
4967
5720
5233
2307
4063
7009
7371
6331
910
5861
5546
2547
2930
2839
6898
4614
6530
4040
1919
4313
1303
4293
2466
845
1336
541
5113
1230
1409
3967
5610
4680
7342
7874
3708
5178
5385
5439
6609
3491
5166
25
6596
7320
1656
4637
4507
3063
6666
1796
4265
1590
508
917
3523
5717
607
1063
4444
1458
3247
5765
2240
4859
7380
554
6377
5117
2773
2539
5186
2075
6234
4276
1717
4187
7771
7082
7283
91
3371
2800
1344
1697
475
1413
4727
6287
716
7691
2594
7349
597
5411
622
6017
6861
1651
3726
3793
629
6409
6703
105
7493
1049
595
4864
4945
3682
4877
53
2200
3567
6295
5855
5929
3578
5779
3458
5491
299
5021
3101
5159
7934
6857
5600
4172
6658
702
1786
4063
4029
7406
3857
4516
6957
4849
3019
4941
4841
1469
4105
2118
7974
5252
2804
7963
4182
5546
4079
967
3947
7842
5420
3034
3194
4388
6298
1989
7546
5964
6780
4165
7595
4754
3349
298
4179
3938
4352
3587
1123
7000
5020
744
3001
1626
5156
36
575
5969
2140
4541
2224
7300
4903
225
187
7315
3958
4910
7424
1678
4827
605
5431
7472
1403
7372
1328
3003
6370
5096
5941
4081
4785
6836
459
3372
5490
440
4695
4699
7372
6856
2142
6425
2962
7407
165
6891
4917
2169
5495
1878
6618
3226
1157
6043
4422
4990
7015
7505
7926
2670
7617
2653
7052
860
7937
2575
4963
6667
5572
6748
1091
6493
1944
6580
5424
1658
2396
3968
7005
3483
7684
6906
7998
5424
6137
2216
7099
4596
413
3318
1984
4875
1708
1967
7409
1748
318
5656
6715
2833
5993
3817
3334
7984
3
3624
390
3446
3204
740
4209
3271
266
1484
2315
4180
4663
1898
5085
7777
3701
4351
1668
4530
6810
315
37
337
166
7065
5438
6783
4009
1813
2520
7093
5442
2379
7705
7061
5058
7150
6645
7538
1518
5089
5125
2808
995
2229
2992
7098
212
5376
2373
5718
4272
3030
3371
7559
7263
551
4207
1287
2858
3573
2301
6367
1146
5807
682
1484
1656
3055
5614
5840
724
4557
2735
722
2913
7582
6008
3058
6814
5197
456
2734
6096
2579
3079
746
3722
3094
4308
2591
2063
5660
7993
6307
7438
3690
5568
4688
5643
7997
4063
724
5791
2276
6990
4373
1238
4088
4602
4286
3638
7865
2322
4779
4639
7751
7934
2797
4622
7930
6319
1274
2363
3422
3601
1396
2851
5070
7133
2964
7968
2859
6156
4147
1523
2618
3302
4981
2916
152
2616
5266
7104
6938
1636
5442
6146
709
4883
7109
1484
7078
69
2700
1236
16
6664
2567
5916
3248
3655
4044
345
4878
826
1953
4725
2658
1979
4262
5616
1489
1273
1186
5473
131
3525
7208
4059
545
5130
7013
5291
7536
4569
6729
7549
6853
994
5712
990
7140
1792
1004
5596
1849
7723
4497
6089
3250
5393
6940
6943
1335
7614
1377
1213
6663
6647
6863
4431
5168
7527
3330
4813
747
689
5478
2202
7313
6756
3330
2508
126
844
2792
2379
4033
805
6520
5266
6397
2795
2444
7507
4703
4045
579
6135
3707
2623
301
2627
4166
47
1488
4822
5738
6159
2581
7439
10
5265
3282
2571
786
6449
949
6283
4665
6316
3273
2485
2262
3918
2664
4977
3100
1833
7038
1588
5172
6625
3381
5529
117
5733
4290
2923
707
2040
3916
7679
7297
4077
2676
7550
1012
113
5765
129
5237
5698
2490
1237
6482
1982
3622
222
5187
7126
5124
4695
7940
7201
7259
5879
7123
3085
7310
3311
6152
3504
4414
6544
6412
2428
3100
5194
4599
6545
1358
2384
74
1965
4605
2327
7238
191
4601
188
4007
2457
7498
5317
1984
1859
2004
1279
1652
1515
1445
6343
1166
4667
1631
933
5374
2627
5693
1235
5681
597
2051
3867
1803
5936
4934
1118
1796
4116
7061
1585
156
4404
2499
929
7804
7050
7506
5463
1323
7236
2366
7255
1513
924
4579
6114
7404
4613
3083
6012
2228
1985
7320
200
2125
4048
1290
15
1761
7682
4334
7071
7415
6638
7908
6224
3980
7803
203
5154
7180
923
6155
2818
1325
3096
6846
939
3049
3526
3068
4137
6806
1752
7233
313
2531
7567
253
2381
497
6797
4025
2476
5131
2632
6753
2165
4292
5402
3570
963
6956
5813
6080
1260
7534
7539
2276
1700
3401
1035
2306
5823
6633
5216
2675
2708
6561
7731
2643
4285
3848
3769
5544
7226
6253
840
1133
6581
824
1770
187
6944
1246
6868
1107
826
1920
6193
4106
5297
97
2967
6481
7010
898
7003
544
7292
5532
6400
2239
6146
1145
7370
6129
879
6576
5169
6333
5747
4411
6257
3930
988
4662
1790
3638
784
7543
597
7843
7990
516
3054
3423
2805
1845
6222
1150
5204
2983
5816
6646
5505
4698
6851
1159
2733
5992
3335
6469
2324
1891
6769
323
5658
265
630
7710
2833
7142
4772
1955
4632
5767
4500
5022
1373
2646
3132
5632
2114
599
4705
811
5341
7678
6441
7902
7194
5674
2638
6200
764
7042
1199
4778
1984
5547
65
6654
5666
5923
2786
3006
6905
4925
1678
6018
5373
1401
1130
1114
4905
7551
2302
6804
5755
7544
1792
5674
7513
5002
6667
5387
590
5166
367
6532
5681
5231
1570
6155
870
6656
1299
4008
6974
5242
3167
1217
6778
626
349
7296
1005
3316
7188
1314
127
350
3724
4255
6221
5146
3201
1330
1390
2169
1844
5636
1041
6569
1437
3705
1986
1171
443
3350
7435
4371
4683
6860
2551
7573
5271
1830
178
968
2405
588
5004
2690
4752
6130
7708
4400
2677
672
1217
7288
3652
1182
3140
5677
4214
2875
2905
46
7325
2810
2692
3612
2071
218
985
7221
2204
5377
2716
1490
567
3076
1286
4537
3730
981
2537
5088
4329
5706
683
6207
7777
1286
3822
6736
6577
1990
2128
2214
6334
4746
6030
4711
2757
2717
195
3624
1714
387
3855
6307
5005
6463
2898
2775
6100
6718
1688
829
547
6691
591
2274
4624
4656
947
5158
5331
5134
4362
4303
4898
7545
1995
1802
3868
6602
5402
3456
7131
7202
6126
4497
5612
7472
4180
2800
1435
1696
2060
5723
1959
1761
3857
2357
7636
272
6711
1857
6432
7686
1516
2941
4045
6587
1312
3481
3741
2901
6593
3923
3804
6481
6047
5872
1431
7692
5935
3288
3178
3119
1195
1423
6839
3061
5782
6796
6387
4187
5342
3384
3546
3363
2906
4100
7235
196
5682
7079
1870
433
2973
6387
5241
2820
6277
6483
658
5127
200
7267
3207
6751
7256
1068
7385
7318
7554
6458
6063
5955
7756
5020
583
3672
7095
5048
4935
6152
6883
6728
6833
851
7570
4725
5173
111
580
4494
2081
3413
5314
1765
7284
6693
1527
4870
2768
1334
7864
4373
2253
6782
1701
579
7402
2523
1191
2157
7006
7548
2585
209
2061
4590
6851
5869
5334
2567
7553
6582
7113
3689
2306
114
5238
4467
172
3506
7648
5322
5533
6576
5073
5183
7693
4225
5959
4766
591
7094
1996
2258
7158
405
1827
7096
3796
5295
5150
5950
6686
3870
3149
7799
6635
6365
3665
4287
5211
1860
4174
3654
468
478
7166
6586
1960
40
227
7317
2771
2985
6484
6464
4384
2729
1785
6307
5866
4367
6226
714
4480
7002
5745
5557
1954
5180
4296
7164
3112
2574
7197
1309
578
1268
474
3876
7770
2575
2432
6325
6230
2712
5692
505
2809
7263
82
1123
6185
3681
3190
158
5259
4735
249
1557
1226
7009
5728
4254
4599
4902
5457
7748
3147
902
7335
5743
7303
3719
4837
2674
6076
5081
2246
6065
5223
4174
2418
3373
4916
6840
5581
1326
6499
4961
1770
2188
4104
6625
3037
6809
556
4064
6446
6254
1553
1001
7658
1169
7187
2086
3347
5312
6762
7358
7287
2396
6668
1480
2526
2165
1968
3306
4573
7278
620
82
7431
5837
6719
4368
5699
7138
4779
7311
3833
1872
5179
687
422
5117
4003
256
3984
1490
4036
2844
3603
943
3406
7393
7641
2095
5312
4489
3304
1618
2827
2345
7317
5645
3732
4611
2582
3691
6361
3335
2677
3870
7595
3053
5601
6118
153
3816
3999
5661
1005
4231
3805
4764
2640
4781
5863
782
3912
5163
3955
527
5410
5047
7574
7680
4203
7180
409
810
5400
3549
5095
4684
517
310
7709
5443
3226
2738
7364
3988
5642
5651
6427
6937
6837
7489
3340
5318
3694
6818
3713
1048
6806
7826
6928
729
1255
2239
4946
7186
5389
2596
1361
333
5934
7584
4831
133
7499
4786
5635
6572
6398
148
1295
3417
3299
4785
1101
6285
7635
2691
7128
7456
4172
5709
1222
1165
7916
3762
1539
982
7644
2737
633
2837
4234
1150
1515
6817
2574
3262
4001
5529
7150
3486
702
7696
3837
6607
301
7381
1502
1442
3002
7901
2598
7293
6909
5648
5215
6712
496
4141
6057
4631
7586
3994
1916
7075
901
1740
6152
6183
353
655
6717
1156
555
1330
5351
2354
5232
3091
5936
6035
7212
3587
5961
2101
568
85
1636
5157
5471
1224
1177
5418
3729
7502
1768
7845
1072
2616
1246
7107
136
7553
3600
6300
4636
1332
7108
811
4635
1146
1712
5034
882
7044
1946
1546
6651
81
2590
3980
5266
5340
5326
5311
1800
3046
4403
7382
3825
7899
4338
7269
7384
1444
7754
6712
5523
7176
1274
464
4529
3967
3584
7803
3535
1429
3515
7887
3402
2104
5490
2819
6414
2590
109
6889
6157
2133
5313
524
6476
4328
6698
6882
4375
7211
5712
3118
3221
5988
7788
2229
5942
3478
5892
2010
4680
4203
6802
5144
5801
6973
2947
1244
4119
2305
3419
5501
3876
6352
2805
4185
6085
4947
872
6349
3465
75
3910
528
1638
2043
254
7981
2158
1970
2529
795
6946
2297
385
3194
221
3477
6518
1580
7025
2873
2362
6606
2191
7755
884
4754
7199
7185
6098
2874
7408
376
7119
6515
1929
5377
3476
6220
6622
1160
7355
4241
6942
1074
2862
2632
3881
1715
6574
1671
3295
2170
48
688
6676
1529
4769
1867
2592
1620
5130
7806
4946
4517
399
7275
7940
7082
7890
7398
6601
2700
6517
7698
6275
4557
3580
3415
2706
5517
16
7169
7463
7352
6751
2872
7734
207
5473
536
2698
4114
5750
5613
5682
4615
491
2252
857
5226
6108
7696
3507
2545
2035
4272
3220
6843
1422
2618
1755
4820
7167
5422
7755
4775
7661
4473
6778
2177
4439
2957
7457
6398
7929
1945
2580
3474
4615
554
2317
3702
2710
5150
737
876
4122
5824
2068
4209
3466
7621
2056
895
1568
5346
784
7164
7932
5128
7906
7362
6760
6781
5803
3660
1078
2392
3645
1913
2950
3929
2724
1344
6628
4003
7702
4593
1934
1559
1736
3108
1683
2765
4125
1280
1430
6897
3897
1962
2674
5560
7028
6855
2808
6014
1195
2480
6611
6206
4272
1202
5453
6829
6369
4798
5354
4467
790
6067
242
391
4276
1670
6348
3429
1182
3340
1862
3951
3468
5284
6961
3166
3891
3140
3625
4131
6564
1054
1523
4126
1841
7470
959
4793
9
483
2572
6819
6629
5287
5355
4453
7707
525
6427
4642
5648
6359
1939
3119
2379
2592
7007
7885
1444
6252
3554
5951
4955
714
5050
7180
6277
420
960
2515
3296
3363
6318
6918
648
385
7196
3781
7811
876
3491
6999
5686
4948
6306
455
2747
5778
7711
537
458
3252
1093
1255
1107
1257
1995
3933
2734
6
2614
1869
426
6578
4917
6512
4162
4020
5226
3322
7534
4375
3912
4057
5141
4536
919
1033
6303
4268
2900
3670
6185
2448
7926
6448
5202
5102
7372
2596
1778
5064
3842
3389
6827
3653
2499
1334
6167
3445
3448
5594
7009
835
814
4666
111
2870
6613
7243
3197
3491
1956
2650
1925
4339
666
4908
4250
5261
4064
758
277
2976
11
5941
2470
4494
4541
7275
3788
6072
6571
2360
1183
5154
313
913
1866
7363
576
1247
5271
3116
7346
1142
2979
3090
4053
2096
3184
2490
5675
2214
25
4672
4467
4554
4576
5507
1927
3876
3427
6128
3238
7143
6062
1258
7500
175
5098
1043
5886
2394
5298
4538
3618
6592
1158
6241
4746
6992
1944
2601
3473
7304
3204
2460
414
3152
1181
87
4550
3892
5155
7762
2894
2173
6672
1486
141
4074
3921
3289
7408
3856
5394
6849
2008
7051
626
3539
350
4640
22
3662
7926
3633
2265
3305
7601
27
6561
2750
4380
7600
7565
3474
4422
3916
714
4993
7519
6486
517
1995
2492
5973
1147
6517
7672
5164
6764
2013
6196
4084
1005
7838
446
1716
3485
4443
1743
575
3759
6124
4910
7403
7527
5219
4531
7529
5216
3130
3814
6214
7049
2394
4358
2365
4464
970
4069
7158
246
2866
7600
6943
1763
395
909
7718
7762
2470
3357
4176
1677
6037
7585
825
5683
2618
4985
4008
1110
1130
1350
14
3745
1917
2865
6748
3190
7412
3269
6526
854
264
5880
7735
7738
2187
3847
282
4734
7933
2623
4578
2557
6766
4247
47
7800
650
5562
1309
943
4422
2596
1219
850
2278
4002
6981
145
6248
7867
343
5200
1232
3245
7054
1590
7889
7248
3876
2021
1749
6232
5128
4740
5674
822
3936
7735
3401
7645
3356
6256
4547
2978
2488
31
778
7548
654
2821
6105
5419
6293
1126
3457
3702
2170
4893
4881
5900
1753
5897
4770
2636
3864
165
6716
3360
3104
4022
4584
4932
7481
6109
6164
3045
5441
4364
732
5476
5065
21
507
1081
3853
7326
4301
7285
2701
3057
1536
2527
3660
1456
3415
7040
740
6438
6042
1787
7684
5496
6238
5844
5640
570
1196
5201
7603
478
977
3581
2636
583
6978
6281
7122
443
1961
78
7004
951
1680
3822
4818
5725
1513
2904
7426
585
7287
4841
5664
2049
5021
4592
6877
3338
65
3082
4578
215
6749
4076
3305
2909
7330
6783
56
1282
3145
5094
2236
4467
2231
5083
7166
3797
7371
1783
5828
5843
1544
5776
4998
1622
2202
5692
1099
7699
7239
2804
6944
1406
7987
21
2933
1884
7311
2432
276
7094
3936
2336
2879
1129
4647
6475
1892
2394
1779
5570
7999
136
2559
1363
1229
186
6792
798
3048
6423
7984
6260
2628
2964
2312
6938
4228
3783
1918
5102
7994
3547
1890
801
3194
6877
2262
6114
7513
2802
4050
3292
5959
4651
5202
1429
1222
6449
3421
6967
6854
4891
7089
1580
1631
2398
5776
738
6506
2084
4769
2222
1980
1845
3909
2125
2240
18
6135
773
3120
3105
6303
2793
3248
450
2675
7228
1479
4607
7946
1965
3515
2978
3135
1
711
7777
1342
4943
6907
7861
558
6500
5361
2697
1339
5575
1767
6413
5503
3542
126
4265
3532
2383
2510
7055
3480
3627
99
5225
1926
3236
5657
4402
6029
5784
5007
2785
1031
7173
1739
4735
856
7924
7978
3674
3321
3635
6914
3474
6496
2746
3990
5520
1102
1712
693
2263
5236
3077
7535
2290
7171
4607
6389
5773
2447
7699
7500
608
7903
5865
7406
2054
531
6915
7997
3180
6194
5878
6244
100
4176
4886
7629
7961
3800
4272
1336
157
252
112
6078
4382
2934
5731
6627
632
3833
3927
2705
4324
6649
6367
5687
3085
4692
563
4542
6403
1499
1780
3299
3785
5889
588
565
5897
2655
6068
1069
3175
1954
5967
3301
7794
7762
7604
4855
1911
7359
2185
563
3632
1674
3978
6844
282
589
6505
4287
6820
2856
5584
7953
2243
2409
5058
4005
3234
1559
607
6950
2487
4955
326
2231
6705
6220
5653
5125
5709
3798
2059
1029
456
5190
1423
719
2607
884
586
2263
1554
3917
6702
2116
5271
763
4250
4462
5994
2356
4886
4729
6674
3036
953
5961
4127
3224
7018
4320
576
4592
2947
5915
2417
3040
7505
6726
6993
6331
3320
3415
2065
6717
4404
4878
1480
4587
7418
4262
6308
3497
7356
1720
124
4632
5388
1325
5312
3113
7512
4126
6802
899
5843
1674
110
2893
6069
3827
1859
7128
7576
6997
5158
2284
259
5892
796
1838
6788
2721
3733
3755
7926
5176
5368
259
7587
7034
3353
2356
4546
7314
4744
5826
5665
1189
2371
6976
158
4587
1355
4030
2575
2405
2260
592
770
