958
229
1301
3026
606
3585
2788
4410
4874
4192
3746
3747
4806
129
5167
4317
1917
1422
2452
460
3569
925
4585
1512
364
1285
1488
3985
4070
3499
2558
3876
4288
136
1514
3298
652
3672
2926
4115
4512
3010
2907
2742
175
1775
4697
4179
4935
585
5563
5408
4362
3505
5361
2300
3972
173
3079
5899
779
4428
3291
5103
4677
4471
1260
303
1699
2519
2093
599
538
2045
89
5051
3202
3345
1041
57
1208
2586
1969
1482
5326
1990
736
3637
3922
2712
1302
5665
4172
5644
3688
4004
1985
5479
1742
3004
4933
5711
3846
5081
3261
436
3906
3894
3267
4347
1452
4002
2
5861
2249
639
3696
5104
1115
2006
1484
5290
4305
2229
5709
4733
2569
4663
1258
5147
4182
3774
4024
5607
845
4335
4462
2141
3144
2874
3092
160
1389
2484
3290
863
4105
3987
3077
3858
5782
5557
4452
1367
3180
5309
4225
5139
2836
2668
1026
4679
7
760
2527
721
5093
3131
5215
5132
4017
4299
4475
69
2489
1873
4196
3498
3252
5256
5360
465
3828
1764
4959
2387
1707
1565
4123
3956
5786
2327
5118
943
37
4206
463
850
1954
2403
2676
947
1616
4254
4155
894
228
3854
5139
1388
2462
1957
821
3649
1306
5593
4912
322
1571
1736
1570
2785
4882
1323
4130
2759
2244
3957
2810
2557
1417
1161
3747
5975
4344
2022
376
30
4993
1296
5036
2648
4443
5915
712
3589
2763
2694
4173
841
54
3394
5447
5537
4525
1550
514
2276
5560
3137
2822
5096
1486
1538
5454
1437
3151
4263
407
5738
5332
5689
5844
4194
4975
2912
3454
1154
3836
976
4952
5867
4969
1120
5024
3654
5826
1490
4738
3609
2500
4196
2086
1988
3300
1586
2938
744
4328
2950
3099
5
3442
2926
5452
814
5182
4887
5433
5468
4577
155
2950
3947
1360
1941
1680
1557
2547
4205
3429
5145
5486
4676
4687
2456
3311
1437
4731
156
39
1350
3944
3141
5519
1715
5339
4817
5004
3237
464
1414
2412
3323
1770
4959
3568
677
4635
3762
2628
2977
5520
2058
3625
5317
836
3446
484
5687
3637
333
3840
2124
931
1644
1422
1851
4916
3389
5213
557
2676
5829
4100
2260
1722
3547
3995
1125
2502
4448
4490
1971
5319
4607
4361
5306
121
2099
5975
2084
4331
4719
279
59
5598
3214
2964
780
1466
296
2981
4196
1243
4333
4939
538
5544
1025
183
681
5780
1524
1368
1144
4173
4285
3826
4935
226
4690
1115
328
5842
3767
5360
4680
4079
2336
212
489
4306
581
5880
5773
3128
5441
4981
3649
4873
2966
5766
4211
5881
5026
5027
2754
5176
1990
2889
2449
692
840
3413
3399
3342
4103
5103
1846
4506
998
2899
4325
5824
5848
4138
508
607
22
631
1756
577
1823
5614
5609
4394
4013
2559
2598
3290
4880
4832
2539
834
5145
3208
4772
2003
1541
5656
2761
3697
4580
5476
4278
631
4069
5439
2406
5989
2032
4757
4177
4884
3359
33
4591
5465
2266
2447
3191
1448
3357
2268
3145
3536
3000
2345
4981
4980
3620
3167
3030
346
3693
3404
174
5356
2800
2571
4654
1229
594
4434
5426
437
3178
213
344
4301
4716
4183
1451
4438
3555
385
5200
739
1626
1499
412
1111
2696
3432
1584
5817
726
4382
5106
1604
3277
1154
2585
5915
5713
3314
5813
5033
1764
4732
5608
1959
4920
685
2549
631
1141
4371
3860
4669
2931
227
5934
5438
5621
2951
3435
2272
98
3631
4774
2385
2033
2440
1034
3331
4976
3755
3132
3988
5265
5660
196
3916
3730
3778
2969
4448
1799
1174
903
5364
2150
3557
4576
5934
5151
4240
1116
4309
5110
1763
2238
3239
4687
2434
3430
762
484
4734
2556
5834
3734
5015
4815
4337
766
2972
458
1957
1374
4607
3215
3228
4697
1764
4436
2218
5115
3127
1351
5083
5670
1532
2462
364
4443
4322
2927
3299
1937
241
89
3407
2869
5411
2222
1754
5455
1999
2109
1322
2460
5856
5024
5991
5949
3988
431
232
3547
1488
1135
1238
4390
2705
2154
370
985
2045
108
5058
1483
2632
455
2150
1812
4339
2676
105
393
3102
3927
867
3015
2862
5981
1195
3017
2330
3733
3274
4885
79
920
3979
1433
4740
1990
1038
5261
5768
2238
1900
725
806
2202
3572
1494
4650
4725
244
4738
5582
2410
4451
4818
398
4538
3883
5103
1786
2153
4869
348
937
4262
2941
5380
1241
4358
3956
315
2837
395
5331
2900
5824
998
157
687
5390
4294
3982
988
3602
203
3520
3841
3954
1388
2524
4531
5367
945
1997
5988
448
4462
5504
3914
229
4205
2375
5880
1945
4039
1309
2859
5929
30
4133
2851
2802
2154
475
5564
31
3534
3644
4696
3391
4326
625
3914
5413
4768
3797
3618
2233
3908
664
4624
5468
337
2717
4439
425
1909
238
815
198
4712
3695
1847
298
4294
4688
4533
5769
2071
91
5003
3690
1533
1038
2568
5977
2073
5587
3992
233
635
2234
4234
1729
3348
3304
2460
1911
3673
2920
3300
2635
4374
2848
1037
1418
3373
5839
668
50
4090
1411
1711
4165
5444
2663
4481
5863
1490
345
1948
3826
5831
713
1467
1353
2603
1085
3211
2329
840
5825
590
3147
5326
4588
4203
2918
19
399
469
4721
1483
3462
4390
1142
2223
4081
3528
386
1789
5628
2240
1049
2444
5433
104
5095
5018
5712
4280
833
4533
4541
5824
4842
5362
3943
4900
1217
2381
4241
1347
4408
5949
2281
614
2623
771
878
2946
1679
5391
4783
2650
4787
3199
671
2389
1328
1478
4308
2679
949
5012
894
3166
1613
599
933
1628
1793
1294
1115
3131
2907
1270
4336
2418
2886
3203
133
2883
1825
3565
3816
141
2114
2068
4030
3205
2711
3649
1358
2413
3143
986
2618
3550
4168
2209
3625
5447
1689
3819
1568
5601
655
1000
3263
3550
126
5700
5303
2782
2189
5161
4681
1566
1084
5038
5962
3197
4385
4896
1170
4572
3469
443
2324
1698
2462
2548
5944
697
2157
1447
2884
2824
4632
1769
4457
5806
154
5881
2746
4680
2518
4232
3175
3439
5731
3393
2039
4305
2929
4182
5108
5898
3770
2329
3024
1903
1635
5540
2150
1222
65
5510
4076
4117
297
4235
5924
1686
4912
4550
4753
980
3297
349
646
3782
989
3698
1306
244
732
2073
2920
4922
4657
218
4963
2968
4236
1509
4663
5699
602
3837
2346
2732
1495
1299
850
4603
1139
2320
5632
3016
3873
4046
2553
5621
636
3124
662
4107
1941
780
4961
1056
1576
4242
3696
5314
1709
5563
5038
4355
1338
4383
5444
2944
4149
3621
327
4000
4454
1546
4187
454
2187
5662
2262
5266
3526
5595
3103
3498
3713
3842
3573
5840
354
5940
2427
5489
57
538
4625
1962
774
465
2542
2278
983
5205
1209
5784
4431
3849
2775
2770
5811
1313
4255
832
5774
2332
1994
3252
4452
5025
1110
3375
4067
5508
297
2952
3237
5269
1442
5756
466
3894
2171
3186
1331
775
2698
2265
5649
2000
1815
2049
5052
266
3305
355
1351
3098
4953
4878
1345
5435
312
5855
5630
1719
572
4860
4964
2946
149
685
5170
4675
814
2103
794
4623
3376
2695
5392
5875
1936
903
74
4382
5528
5696
5111
1850
834
2636
2428
101
4497
4998
5353
3296
90
5713
4251
435
3296
3937
5274
2826
558
2666
4338
1953
3180
1780
3456
2055
165
5128
4914
5666
5743
1321
321
5791
4089
2449
1114
2292
1267
215
4919
148
1415
5578
2525
5933
5189
3037
5247
3474
2204
303
5599
2992
4197
5637
116
3616
4697
663
680
344
4611
404
3240
589
2336
5938
191
4826
4403
3494
1980
166
2021
4956
5439
292
5866
36
3667
2540
3342
3689
3029
5250
1918
4879
1506
2864
3475
104
1183
4485
2536
2980
5602
5833
2845
691
3230
2780
3733
2103
4588
474
3370
3275
2708
3133
2625
3514
3739
4527
1879
2877
134
5241
362
2677
93
5789
1092
5057
3515
4253
3346
5420
2018
2407
932
1063
3579
3645
1421
3167
1067
3061
3353
5082
1713
2762
1310
4915
1164
5836
635
3231
4809
3067
750
3723
5273
4043
4946
4500
2001
164
2869
1027
476
3753
1031
3459
4651
419
2478
5712
541
3338
5111
4110
2425
5583
4455
2211
360
5593
2943
2146
3200
4938
958
3109
1770
2877
3824
886
1797
4702
3508
2986
1284
4709
3100
4842
1442
5201
5565
1296
5606
494
743
1146
5265
1538
1870
1550
5588
2489
2598
875
5039
5483
2413
1751
5444
23
5843
1658
5866
1567
1013
934
750
4335
3926
1730
2867
4779
4846
1986
3434
180
5629
4372
5821
1398
5864
2713
181
5345
5748
5725
4923
834
3777
4789
4203
3934
717
741
901
4410
1482
2700
2142
3386
1529
3708
163
3556
4837
1273
189
5824
1997
3150
608
4911
2793
1014
2669
3588
5502
478
4456
547
2060
4884
3380
5445
5028
267
969
5557
1031
4351
552
4474
714
4495
5397
2929
422
1516
3635
5799
155
4748
1934
4800
2181
5131
210
4039
1879
2415
1881
3602
5235
727
3153
4320
1115
2511
5403
3378
3474
5906
5392
5236
3356
3165
3918
3415
3396
428
2128
1452
1212
4291
3100
5614
47
795
3718
1485
3411
983
4098
2883
4282
1506
4903
164
5191
4311
5231
5079
5933
875
2570
3003
3715
571
3042
408
3124
3166
2969
5588
5811
3159
4222
78
5932
4522
4303
394
5638
3000
888
4553
2964
937
794
101
859
1556
1975
4006
2013
4046
2634
4132
5556
4285
3491
1993
2650
871
2544
1330
4469
2972
3223
530
3536
732
1999
419
5940
2855
3503
394
3511
2544
4286
5285
2203
5709
5114
1908
5142
3693
4612
1074
4049
2374
3912
1550
1642
4090
5258
5914
4405
2501
4748
1391
463
3158
2508
4795
5154
311
5946
4792
5557
2859
344
2538
3099
4740
250
69
2636
2862
284
4921
3248
59
3651
2059
3607
5259
2475
1329
4790
2631
4816
1657
3821
682
1529
5239
1412
478
3214
2697
514
1871
1514
3992
4224
1389
2539
1501
5826
2355
5670
2990
2229
1551
1208
3684
5943
3822
4136
5178
2143
2245
1176
3604
573
654
4505
2457
5692
4557
3150
3871
4628
1742
4297
4674
2508
5022
4594
4256
1965
3634
4855
5412
914
5719
844
4221
492
2759
1091
282
1665
2869
2695
1988
4212
3925
3970
3496
2672
5707
1391
1759
270
318
4442
4700
1478
217
1875
3682
1137
5998
65
528
1053
935
19
5177
698
4234
4465
3076
2610
1064
3378
5213
1014
1827
1479
5286
339
3210
3572
3358
2035
1826
3231
2699
623
3426
2209
2727
5762
3211
2681
2101
5337
562
2288
4606
215
5932
1271
3820
4773
4405
5900
419
727
2652
1964
4103
4777
3039
2146
398
392
142
5293
3362
4589
2127
1968
2962
3828
3709
1331
5351
1083
701
4327
1215
1509
5696
3623
775
1711
606
2714
1705
5546
645
5029
4271
791
1453
2940
2723
817
3959
3161
3302
1171
1458
4261
121
3642
4713
436
2683
5237
444
5950
1807
4170
3337
4343
1833
1442
3896
3839
629
1300
3440
2197
5491
2399
5449
2087
3795
4369
5919
4885
202
2181
5231
1668
1998
905
5457
4430
5636
4301
4387
230
4019
3560
1198
2153
4708
2820
1942
2112
2665
5609
5555
2514
4583
5752
599
695
2033
2941
4956
2519
3922
536
2427
4864
4999
4245
91
86
2663
4983
133
757
3199
4227
480
2787
5294
1496
493
3825
874
5565
3377
4799
4798
275
2682
3775
529
4874
1888
2001
3491
5391
4890
4030
438
5426
2634
5217
1479
3765
630
5231
1048
1313
4100
2167
2923
3795
3521
2469
252
4612
318
3200
1084
5062
2711
1491
4358
5369
1281
3097
4864
2670
1568
5793
912
3075
4658
1121
872
157
3276
55
2064
5652
478
555
3790
3832
3893
224
452
241
3006
5401
2550
788
3858
1384
1206
5281
4562
146
3406
4585
4176
3310
3961
29
4919
4476
2991
5794
5721
2226
91
2289
4675
5121
3643
1003
3438
3255
5188
2073
3749
5422
895
1217
1550
3730
291
2565
1992
2031
3488
3381
3423
3880
5077
196
3822
2148
2719
4393
1281
1747
4911
5628
2118
3839
2167
1200
1536
1934
5905
4384
4520
1891
4619
2242
5696
5988
610
5288
5
2038
682
2405
1825
2052
5896
5148
4537
3567
3773
1796
1754
5215
703
1049
4731
5448
501
1916
2863
744
1998
5034
1785
5148
5087
4857
4668
3698
5480
3199
3294
5034
5441
5069
5081
3557
4678
5305
5086
479
5532
1465
1702
762
5247
5403
470
1328
3641
5906
5310
1001
2369
5658
4046
3709
5550
4620
4597
3153
631
718
2968
4894
3944
1010
4284
2496
1027
126
1648
2282
5648
876
4761
1926
2066
3735
3979
1210
5976
2854
3185
1495
5997
21
2458
730
1773
5983
4768
4405
5076
1784
4854
552
5972
5783
3149
5481
546
5488
3667
611
926
1599
3049
5834
4718
4529
3119
2796
2870
4652
1630
4515
1253
112
4145
3128
5871
2037
5633
993
1523
5667
3180
747
5240
4592
5025
899
4793
2899
187
5261
2201
3944
936
648
2837
477
3076
3801
3749
2809
3623
995
2831
2748
967
1641
1272
3506
4443
4010
2039
5089
4286
1771
1689
3185
1516
5842
5754
475
2908
3742
2326
5034
5354
3092
4348
1182
3776
4021
5228
5936
5728
923
4701
4512
2737
610
1245
5962
5859
5587
4902
1319
3824
1196
1193
447
5234
4171
1274
2940
2027
3433
5096
4393
4341
2675
711
4570
5334
420
4908
5365
2783
4383
692
4846
241
1991
434
289
5357
4833
3411
1112
1991
2593
2751
1789
4038
3522
5118
2681
5834
1266
4804
5914
698
1609
1867
1043
1162
122
3115
4253
4150
577
1209
1003
5069
2381
2425
3260
2780
3559
2001
3434
2245
3664
2604
4015
2829
2858
4568
4055
2639
4604
2381
5088
4960
5913
1273
5998
4768
1706
1885
939
3497
4904
2158
3275
888
1446
4216
3230
5989
5146
2790
2271
5360
2876
2454
4746
5530
631
1261
3818
5037
1517
2887
2623
3705
4920
5000
2974
3852
2538
356
3315
3214
2230
1912
5378
118
2199
4115
779
2188
2974
5780
3932
3899
1513
3537
2720
2386
2063
3777
917
2376
2024
2279
1212
1882
3609
91
2681
1043
3693
1191
986
2566
4111
4699
4756
1819
3621
1837
472
5812
582
2784
1141
5194
5883
5136
2199
4041
1379
3240
5822
2997
497
1408
1497
5543
2400
2150
2785
2040
2439
327
898
2392
568
4266
2036
2027
3106
5450
2968
2450
4086
1598
1502
4290
5526
3799
2947
4690
1305
4085
4391
4774
4796
486
2732
5523
5075
5500
5339
46
3853
5770
1009
1766
3204
5163
5239
3787
1875
2639
3311
2857
2579
4370
3226
3733
990
5099
310
850
1141
2542
341
2849
1037
4894
4393
3539
4851
4803
3083
1499
2689
532
3067
5189
3720
4865
2193
3742
429
3391
3698
1470
4065
3856
4414
1689
904
5743
2998
2013
4458
870
3068
1896
264
2268
5778
4282
3191
61
804
2547
984
967
1890
2361
3640
5407
166
3831
4370
3951
4884
1605
3619
3052
5822
3248
4022
583
3079
1623
4557
2480
4783
5233
1345
5298
5517
5822
1105
4272
4156
472
4022
4554
4604
5397
4967
1755
5129
1324
2648
1025
2889
5858
4973
2954
606
5008
3165
1624
2491
1715
2242
1537
3235
3167
4364
2982
2574
5056
2357
222
4357
1407
4031
1294
4476
4286
410
4247
815
3232
4146
3132
5653
840
3604
4510
961
3548
3425
2870
4136
693
2779
366
5629
4886
3405
4044
3527
3943
1544
2988
3412
1213
487
5513
2359
5911
2180
4264
3644
3896
1523
82
268
2412
5612
1643
1613
1880
4374
579
2657
531
4575
521
1534
2891
3720
823
638
2549
4877
1358
620
69
2147
1983
383
2246
5769
4674
2036
3894
5057
3367
5811
1361
4568
1879
3860
2745
1137
2070
1210
3935
1984
5079
301
3904
993
4155
2774
2047
2665
2824
3731
5403
2149
2786
1258
1292
3951
5849
2650
944
190
4815
878
2412
1917
4164
2939
5169
4164
4160
744
1997
658
236
749
1147
1581
2941
3955
4072
976
5150
315
1827
4738
1577
3115
960
5991
3521
4420
3768
2272
5423
1999
3905
174
2168
4165
1286
4820
1463
4334
515
794
716
2065
4271
254
16
3338
3429
3589
4452
5321
5057
702
5045
1719
4516
856
1150
452
3140
1114
1291
188
580
4736
4773
2408
1115
3782
3134
2848
5379
1740
5659
990
5360
329
4473
1646
3978
3356
1501
737
5193
3246
604
929
493
3971
964
911
4711
1680
3029
3880
440
598
528
3750
1492
76
410
1074
401
1323
1740
1960
2946
834
3563
2099
2475
90
2543
3303
3872
4356
3042
893
766
3519
5255
5400
1014
3653
3092
3543
1889
5461
2109
1300
1669
3403
846
2953
2451
2075
2053
3314
5497
1006
2602
1549
2635
3155
2796
5278
5353
1478
1402
1535
5677
5101
1306
4101
2435
2671
3753
1038
3317
5616
4032
3430
466
392
3807
3736
3131
177
2345
4929
810
5343
2091
5537
686
234
3658
4795
1959
2566
3176
4252
1195
5588
339
1112
5587
5249
1482
4751
118
2812
4141
2047
1631
4837
4192
3363
3661
3169
3723
378
519
3290
1185
2482
5738
2563
587
2434
2400
5802
5201
3847
4207
1462
2900
2310
5483
3967
203
2673
3577
3196
823
2469
2513
472
581
5951
2302
2862
2832
4286
4982
660
513
1332
4097
1988
1156
919
4664
1092
1864
548
5003
4679
2402
4595
4398
3053
5295
5349
2721
4997
708
26
2939
4419
4803
3439
4738
5261
2973
4580
5514
4143
4158
4348
5000
2014
25
2797
1921
2362
833
4392
596
4108
1570
818
2416
3519
4138
5025
2035
3819
1015
1347
3761
5180
2269
1463
5709
2961
1508
2495
2647
2513
2284
1693
5938
216
1726
650
1824
5614
5521
741
5725
1529
1030
1289
5845
2345
1856
424
3203
4433
51
1539
4439
2949
5496
443
674
1391
3866
2898
3505
5020
1280
3163
4452
1219
1079
1296
4346
1446
4348
642
795
2385
4003
362
4257
975
4438
1598
3060
3243
1774
3216
161
4580
3687
5840
4358
5178
1475
2034
3437
1670
4189
2778
466
3286
5768
164
5714
1909
5812
80
4322
3464
2653
2666
5625
1045
4112
1592
875
3375
4714
3084
2003
2652
3390
2105
861
4359
4531
1795
1821
4337
2664
1695
4495
5939
3493
1305
412
1118
5183
2901
4325
5555
4536
3245
5504
1295
2097
3000
3484
4302
3692
5900
2994
3057
3682
3082
890
1881
4814
600
2135
1635
2148
3501
400
2478
1986
2757
2588
343
3697
2035
105
4326
839
150
4073
1841
5021
52
3754
5054
2712
1396
17
5990
2774
4696
5490
373
5687
2695
2430
4158
2102
4664
5785
4844
3362
10
3750
3171
4909
1457
5666
5476
1888
2250
2042
5391
2953
48
5962
3843
3938
5991
2931
2289
1983
5270
5960
3023
5092
3682
2886
1720
4528
1125
3981
64
4411
5661
5279
3526
4967
1728
3651
466
1733
4189
2774
3581
5448
2799
5792
3488
1854
5707
3534
5749
3344
3656
5329
3722
3719
1902
2723
1780
4361
3446
5105
5055
1439
2098
2409
579
1684
3702
4209
755
4716
1043
2098
4031
5566
2837
4895
2346
2208
4802
3014
3030
1070
2530
833
858
774
4750
425
3861
4610
4593
1641
4653
3763
3196
330
1568
2823
3686
2144
1196
4407
4352
208
3338
1552
5382
5836
548
2732
4561
1725
3079
3355
3609
4188
5652
787
2952
3437
5409
1042
4970
3672
4941
4827
4592
3269
5280
2357
5348
2291
2304
4764
1847
566
2192
1185
2614
2427
3395
53
3099
3704
2366
3198
5920
1701
44
5555
2958
4465
2923
3242
5604
1123
3331
3243
2002
2174
1671
417
3333
3167
1556
3885
3277
3350
3862
4390
5706
559
1594
4977
838
4316
4110
4632
3403
513
5221
3370
117
3259
4407
4048
1778
5997
4068
2647
5078
3849
5449
2159
4076
1208
1563
4111
966
726
5729
626
3973
5133
4766
1010
532
4284
2379
1151
3919
3043
5827
892
1153
1342
4632
5127
3755
4332
5188
2179
2832
3978
5562
660
5981
929
698
3078
5190
5849
2419
3130
268
776
5202
1965
4506
860
5353
3543
2063
5088
1052
2557
1174
5518
5252
2564
400
1554
5126
1075
2595
5494
4046
4035
3036
3663
1637
2278
2753
4275
2129
881
5953
4198
4075
2343
780
4320
5116
5795
4079
4716
5617
2273
5047
4335
3006
3194
2855
4035
3743
939
1141
2352
1145
1057
2494
1526
2718
5763
2026
2985
1232
3883
3418
553
2845
5602
766
1948
4248
2535
5891
4106
1545
1708
5433
1670
906
3054
755
164
3218
4126
1448
1947
3087
1697
2806
777
3692
1408
838
5693
3842
5117
4762
2981
1691
2755
1971
2052
4481
4184
2048
5952
757
4162
3408
1381
572
819
4488
73
5124
2050
112
3069
468
4519
5752
4877
5569
1507
5529
1781
733
4394
2838
1103
3033
254
2272
413
3099
585
4249
687
220
4678
1984
2162
5544
4413
2123
3254
3496
4761
275
5066
4604
888
1529
4005
1217
5902
5686
1508
4851
54
3649
1259
908
5255
5545
5226
3979
1406
1154
158
5215
4446
4813
1328
1506
961
4847
5054
4787
2937
5427
2548
2955
2727
2140
4039
2770
1175
1443
5790
3834
3046
1567
2669
5064
3010
514
4255
35
5260
3295
2127
4805
4844
1898
2099
2910
2498
3192
1654
3928
3956
1686
32
4982
1561
4693
5860
3301
2720
1298
2839
1940
2254
4148
24
4688
1746
1551
704
4888
1463
1733
5798
5184
3909
3196
5119
3088
324
827
4625
3516
4623
1405
451
2143
1233
888
851
1792
158
488
1027
4407
3024
4709
3889
3561
4029
5155
481
174
4993
5479
889
5348
5614
1703
4520
2412
44
3258
5972
2162
1982
799
3728
4907
2371
4986
2118
3655
3542
1881
2134
4037
4611
3428
4955
2950
4309
627
2182
4425
2689
4297
2426
5942
857
4894
2115
1719
910
4331
4995
559
2885
303
5339
2734
5828
3038
4370
541
5578
136
5525
1268
3496
584
5851
172
5088
883
3044
5006
4616
1456
4381
3481
2571
2007
5651
707
5372
4226
5394
1767
3192
352
3176
2829
5271
1064
363
3719
5839
3787
4595
5655
3413
4418
4933
542
2080
2534
221
1743
1404
799
1624
3282
648
4964
4619
437
3293
545
1140
5565
3131
983
4395
3866
1233
1901
452
2024
4984
2596
3556
594
4653
552
2108
3697
1050
338
967
1841
4512
3754
5533
4005
3459
1146
353
913
1538
3502
1758
1621
3233
472
1736
4026
2181
5824
4610
3029
971
5656
380
2760
69
973
38
4008
2594
3257
4485
3673
4457
5862
864
901
962
2397
5913
2763
2113
4060
4387
484
784
1334
5956
3282
3287
1957
3304
1601
3627
1466
5599
431
3664
4805
3732
5960
5532
432
459
5257
5978
3221
2519
3734
5208
3040
2501
5432
3806
768
4184
1630
4954
2311
434
3300
5164
5696
1787
5921
5323
3232
1153
986
3987
5477
5293
1028
1196
59
4893
3383
4808
5165
2740
5646
808
1321
1898
4154
2827
28
5153
390
581
5117
2005
182
1464
86
1599
776
737
1660
391
2477
593
4256
4803
5409
3254
3693
752
5781
1142
3570
3035
5502
1032
3610
2253
4630
4975
1990
5793
3937
5443
1885
1267
4458
1869
4394
5127
1835
3631
2275
1171
2732
4478
4186
5787
2418
4910
4764
4503
2169
5544
614
2882
2380
1850
280
481
4017
5371
5058
701
2498
4185
5259
288
4518
5233
3936
2440
2734
2971
4473
4475
5227
5823
5447
4104
2220
232
1578
1445
4453
4611
4831
795
2236
1043
4806
4954
4781
3733
3426
4281
1518
2219
234
5662
4588
3528
5676
4470
2900
4999
849
3058
3198
3112
3004
2591
2691
967
4876
2368
4527
586
544
3370
4113
648
1722
4924
528
1681
2188
56
5160
4253
415
3922
2962
4053
3091
3061
5489
4760
2625
316
2168
3803
5436
84
1610
5249
4117
3931
3689
5458
4542
2916
2432
1771
1558
587
5980
3105
1107
5631
2165
579
4846
3121
1018
5868
4680
4536
5002
882
4523
254
607
3438
1003
3002
3877
264
3851
2602
2361
4526
2955
2237
1276
3217
5695
4347
3879
2236
3372
3234
120
3633
5611
1342
5786
2962
2800
5315
5715
3689
2916
5786
5463
2997
1710
4614
4521
1521
2576
5154
722
5042
4317
2361
1002
589
1625
2497
4851
1923
5017
2868
5958
4075
1882
1629
5061
3402
509
5756
1551
97
719
4726
5474
2930
23
2396
970
3248
4985
3765
1991
5971
360
3883
2142
3685
1160
1023
3030
4108
1216
682
1570
2196
510
82
5950
5337
3077
3445
2659
5373
3442
4693
2661
508
5005
3535
5819
2458
3514
3097
1230
580
4510
3384
1386
2476
367
4667
4755
1915
53
1480
5777
4386
476
5537
1147
3105
4331
4963
4370
5331
4799
4890
1588
5124
1313
2532
5217
4017
2102
2097
1834
394
3077
5571
4517
4678
3619
1048
669
4275
2346
1041
2935
4215
5880
5599
1455
313
2612
5097
1440
550
3019
3740
3155
5392
345
239
687
2329
2915
593
1663
2680
720
1202
1761
4614
424
1915
3850
2888
3077
5754
4487
5161
5142
606
3102
419
3795
5692
5043
3513
3882
5148
4518
5380
4360
291
4682
2968
1379
4381
1937
3651
2964
1318
5986
3553
3202
3702
3789
5247
1913
4647
1509
5370
3450
5476
4364
771
636
2672
908
1185
2576
2047
2129
5571
2034
37
2053
3969
4187
3225
1635
2493
5811
918
733
1212
4660
2750
537
4699
5706
2027
790
2527
5543
900
2508
2973
2707
3864
5170
2851
3104
1978
3017
3553
4059
505
773
5080
5855
1706
3371
3117
2883
1748
838
5209
1060
5000
5876
2448
5133
2523
1662
652
4434
3122
868
582
1005
4409
998
5745
3807
3471
2128
2611
2872
5922
5517
5616
2002
2850
540
1780
360
3365
2432
397
20
5991
4993
2611
133
4843
3424
2757
3423
3298
2583
4306
3276
1798
3295
1136
673
4948
2155
2988
5260
3461
34
1679
729
5799
2762
5976
2852
5676
1776
3196
680
287
2020
3080
3734
4766
3648
494
1330
2856
3897
5715
2599
613
3823
4772
2634
4652
1887
2464
4268
1701
5895
2679
1880
2844
1657
1421
1437
5502
505
3098
4646
2500
3489
385
1141
4377
243
491
2206
2089
1294
1408
1855
424
2394
3905
1485
2396
3390
3604
4218
615
4977
653
3699
4613
3149
1126
1798
5327
319
3291
3873
3850
4811
2020
1556
2303
989
2496
5912
4968
298
2954
3226
915
2501
1387
1440
1510
4317
1724
3740
4751
3620
869
3502
39
3994
4119
1939
5491
4904
3171
3212
5269
104
165
810
422
2945
5040
2692
5784
5297
5671
3467
764
5460
3157
117
4495
1633
714
1557
3569
2163
1347
2076
244
5524
2341
473
445
341
549
5436
4394
1739
5111
2824
1104
5812
3489
5446
143
3623
4939
2902
5620
74
2933
2705
1468
1276
3237
3690
3808
5218
4731
2818
3089
223
3091
3899
1857
1005
2103
212
3340
3112
4446
5539
3633
2921
5381
946
5297
177
4152
4672
2674
1627
3454
615
3472
2548
3342
2606
4305
2966
4833
4708
4579
5040
5765
2333
5797
4049
2699
1322
3183
563
639
2976
2814
2997
4274
2267
4240
2545
357
172
2552
4508
1059
1661
127
5019
2891
1189
951
4835
1305
3782
5405
3289
5072
3172
5099
5512
2967
3120
5111
2272
4733
5747
4395
5564
1578
1110
3281
2316
3859
510
1563
4289
105
4613
5901
4279
1807
5827
4344
3260
4503
1868
5395
367
1144
738
1944
1940
4557
3243
4984
2419
5389
62
2796
400
674
519
4537
4646
3400
858
3167
141
4837
4804
4958
1387
2239
3629
4277
774
1774
4041
5817
4630
5055
1741
671
2105
594
4559
1270
3745
1330
5303
2836
2536
1358
5714
4731
3555
3080
709
2487
3524
4745
942
3687
5034
5630
4037
3397
3172
4996
4290
5588
5970
1132
2249
3269
956
2058
3952
1334
2540
5952
4801
5880
2230
3986
2154
2443
536
5542
5730
2520
1804
1610
4726
154
1546
4977
3874
3354
4362
2011
491
1446
5560
2416
3528
3118
2112
57
577
5098
5449
5228
3760
2219
958
3362
1124
605
295
4438
3989
1157
2966
748
2626
541
2638
3883
2309
457
2590
2728
4648
389
1642
465
2000
5389
4026
2147
3319
5416
4476
713
2393
1634
2277
3266
197
869
5701
1164
4611
5667
2793
4755
5156
147
4889
4336
2436
3365
5505
5696
4444
3252
4253
3714
1812
887
1502
2076
1942
2515
3913
3019
2319
3137
799
4837
5566
2727
2567
510
2798
2102
4886
2866
321
432
2641
2213
5954
5923
2042
4997
4764
3015
1414
2984
1177
2896
639
632
3090
3743
533
5575
4406
3243
1231
3601
4918
4056
5039
3757
5164
4050
5524
943
204
2984
5769
1981
2563
743
1834
3388
5708
2610
5415
5814
5570
2875
2561
1210
1407
3153
4402
961
2114
2725
1641
3768
1807
1467
4371
4351
849
1610
5237
1885
4075
5999
3941
3837
5068
165
4024
2569
4800
1225
5750
33
5507
3293
5146
3192
4544
3563
981
5772
1224
5299
434
5168
1630
4419
3701
423
0
2771
3565
2671
5936
970
1400
3336
1536
5488
5734
1824
4523
448
1093
1692
2720
3881
715
1796
714
3635
3587
2412
475
1737
2846
5339
3703
5398
4923
3882
3212
5360
5729
778
4352
5068
2120
2274
2227
5468
3464
2020
2755
4332
746
4363
2318
2565
3034
4468
3073
2715
1262
4469
4943
4858
5264
2142
5982
3720
1447
5307
5516
2102
2580
4515
5551
1976
5480
5952
2169
5327
4851
1403
874
4000
1351
435
5343
5219
2139
5370
281
3177
1611
2669
5977
1818
4845
1293
4247
3051
2463
350
1201
3785
4827
492
1616
5588
5244
5573
3207
3483
5467
4856
1477
5936
5794
2247
1210
5287
4593
3595
2613
512
3615
3701
3404
351
2824
1468
3573
2564
4501
5816
4481
588
1482
3370
2313
1444
4376
5606
48
5509
3875
3070
3303
1056
77
4988
48
5046
2993
2779
603
1989
476
3283
4524
1467
2774
575
3805
4152
3327
2781
2527
3636
820
273
2828
4330
672
4166
5320
640
3951
3666
582
2164
5198
1317
3175
1076
2654
4302
4749
4122
5272
5850
2909
466
90
3946
835
4458
2543
5631
5167
2837
493
2885
1614
5275
2344
4601
500
3729
5348
3273
3588
4544
5832
5862
5362
1509
2973
968
591
3285
4981
1423
5284
1242
5241
1105
3530
1550
3579
965
2950
2466
5578
1274
2146
4348
2084
1268
2438
5772
278
1669
5398
1529
4830
148
5797
412
4546
3437
5319
3976
857
405
5028
997
2135
935
5064
888
4038
400
5639
1280
1183
5284
4430
1664
5064
5691
5301
2564
4328
2075
5488
3666
5718
2466
4277
4782
256
5729
5511
2681
3287
2960
593
2375
950
4002
4127
988
5316
3494
1430
2371
5103
710
3364
91
2361
320
4914
62
5359
5503
5654
2046
2755
5221
3252
1374
603
2887
1701
2571
5346
1269
3952
3782
2797
804
3476
3087
696
2922
5416
4606
3759
806
1561
1457
5385
89
179
814
78
1125
4539
2291
2761
1232
760
498
5576
5957
2898
1682
4032
711
5011
1572
3774
2131
491
5091
3064
2465
543
3350
4514
2694
5729
2454
3133
2746
4187
2375
3754
129
1540
5509
524
1384
3685
939
1594
2173
1589
2755
3700
2635
2656
437
2621
2513
4119
3294
3335
670
993
287
4461
5580
1504
5214
217
5686
1694
5758
1494
1702
37
5926
4303
1471
1534
3264
2758
3524
3857
784
4369
4996
3755
3551
2959
2259
2190
1667
265
1094
2050
2412
419
5866
1145
62
5601
2977
1712
5846
5015
2858
3042
1483
1512
5340
4679
3187
2112
303
5753
703
3997
5879
5143
3124
2168
5997
2050
3158
162
4444
2276
482
5385
69
2273
5993
458
880
1510
677
4384
4623
3950
5929
266
736
756
1561
2859
3360
3618
2898
3259
3703
4279
152
2379
4963
40
3979
2550
1892
3245
1573
1026
641
4636
387
1446
4742
211
1037
902
3835
414
1171
5097
5586
3401
5717
5116
5132
3936
3679
4543
4552
3826
3392
1773
1465
2771
2710
4809
2179
4272
504
2867
3122
1454
5632
2522
3559
2860
5986
604
4592
3671
2301
3961
3091
2571
140
278
3607
2550
281
5325
79
2185
2816
561
4371
4057
764
2639
3404
4706
432
5040
428
906
3908
875
2856
307
1289
3847
4372
4986
59
5518
2313
4013
4498
4205
5045
1898
949
5177
4751
5490
5244
4923
4309
236
3536
1740
3908
4054
5489
5964
3
2086
4307
3035
172
638
3174
5626
3337
3566
81
5468
1703
5972
4987
1671
1769
5006
1781
4327
1916
2976
4215
465
4242
4209
1269
5556
2318
4000
3294
3595
3051
740
4818
64
4984
64
5357
1514
2068
2517
2771
3879
3634
3634
2346
3045
4249
3735
2543
3851
395
2263
5686
900
2224
460
1441
1163
4558
1924
332
1010
2503
649
755
4076
5471
3934
3521
795
5193
3445
3366
3795
3885
4573
2003
5886
1288
3097
1237
5897
4111
5084
4204
283
5537
1488
968
293
969
774
975
2037
3789
4680
300
1973
3366
2395
5991
2864
5676
176
2141
837
4957
4520
1244
643
4521
2039
4701
2469
2253
3746
4671
4679
3354
4291
4988
2966
4034
555
890
2743
3263
4423
3536
1213
4464
411
1154
2366
5712
5338
4124
5967
2212
5896
1447
4811
4081
3959
4906
3427
5192
4861
928
3391
3616
5191
1010
2850
2926
1238
5986
2620
3922
4552
243
2314
2049
1362
1799
1352
283
3017
3879
1014
2681
560
409
712
5029
5563
1633
3991
3509
1106
3830
4101
5829
3313
4687
2046
5488
5628
90
4217
3243
592
2137
5518
686
2661
5594
4290
4016
4495
34
4302
798
2020
3381
3374
2135
5224
1444
1333
4183
3779
4595
4733
5982
4516
2006
4428
3372
3664
279
2466
5948
3779
5623
4895
5386
4582
3551
3522
4706
1489
1585
3035
3751
1624
432
4178
1548
1681
1608
97
2962
4678
3884
4188
5135
3030
3707
1121
631
2198
2013
5162
4682
4484
4527
368
5274
5356
1689
4729
5335
5875
3241
2850
2472
1745
990
2567
4808
940
5042
3823
1067
191
164
5189
1420
2025
2114
2641
3220
5154
5552
1494
5001
3560
2871
1412
4145
5592
3501
1213
1553
2089
5132
2005
3174
2594
5762
4610
5871
4347
3605
2707
5013
4352
3904
4845
5128
594
4543
5297
1720
2808
1715
3369
637
5908
3858
1393
707
720
5630
4066
1781
5078
1200
2617
5589
4607
913
2679
3765
979
1941
1634
5829
2703
2244
3784
5097
949
1238
2835
4262
3565
1867
4440
1545
2185
2436
3914
181
5719
2337
4203
439
2335
5256
2307
5399
828
783
3849
2493
3320
3334
2878
1742
5231
4548
4057
882
3574
4956
1885
5859
4980
3243
5574
4467
2398
657
50
3114
4673
714
893
4715
5016
4776
293
3730
5326
623
3789
5405
77
796
1916
2388
5173
4547
2693
4934
4936
5652
2529
5457
5154
2376
1080
4974
3270
5438
767
4023
5683
1276
3068
2469
3605
4
4021
3418
664
5414
4774
1736
5944
2892
2848
2716
5843
1142
3999
2571
5744
1409
5252
695
4905
4934
674
3549
1492
765
5748
1487
5424
4829
1147
4153
1258
1505
4709
1042
3998
3640
1768
5153
2715
1960
3151
5113
4495
16
1403
1587
