194
51
1
560
812
864
636
331
339
820
595
837
478
862
491
532
867
565
118
204
739
855
546
87
758
193
163
774
524
641
467
154
801
723
501
46
42
875
450
653
402
13
789
232
296
11
478
673
522
640
486
507
895
114
745
385
778
849
744
91
723
360
862
637
200
449
486
431
881
785
228
706
128
358
273
4
328
776
729
711
769
463
605
356
142
659
681
18
7
803
832
887
342
120
70
415
296
838
376
140
600
257
688
59
273
734
115
716
862
524
872
190
276
575
818
98
423
120
535
377
613
474
221
549
837
394
253
48
91
349
730
573
513
832
615
89
518
57
711
877
843
61
756
790
104
510
74
217
200
782
537
414
865
883
364
22
783
702
406
736
229
766
733
773
347
870
2
166
338
4
404
399
321
17
63
711
804
730
269
395
772
704
529
753
447
600
588
729
625
23
521
527
184
742
272
692
433
42
840
196
106
709
379
333
640
9
523
461
832
726
622
850
706
508
682
290
381
655
875
375
436
707
226
669
839
668
349
11
121
798
465
401
869
670
759
535
650
289
643
360
453
467
26
526
100
696
784
89
118
831
634
591
646
528
290
222
531
72
85
206
225
368
601
159
515
263
6
807
10
380
879
672
551
548
865
52
260
725
691
562
243
165
864
326
812
155
352
555
310
302
603
700
598
137
164
104
889
410
729
686
603
419
639
690
216
177
314
103
555
311
395
286
494
796
619
75
778
355
315
122
604
531
509
638
212
413
167
654
802
425
791
838
267
551
527
288
359
286
266
632
533
198
205
371
226
196
84
7
720
262
877
380
888
638
848
87
443
167
12
772
706
843
350
547
768
637
508
607
149
12
717
51
278
837
695
746
376
669
558
778
718
886
617
249
90
375
612
200
711
509
165
297
810
137
187
280
696
508
816
887
616
638
494
731
518
358
611
607
787
80
291
143
228
16
604
654
162
115
12
676
556
245
553
359
538
610
453
694
209
375
697
261
435
0
246
320
17
723
456
194
240
439
572
206
41
552
888
193
370
5
461
164
734
164
480
665
709
642
73
836
184
349
474
407
875
66
117
555
887
96
122
300
638
685
532
408
703
441
602
216
575
485
178
159
849
409
298
503
435
97
435
27
777
499
115
359
187
529
686
348
471
287
410
383
673
855
544
77
661
869
799
537
491
899
544
126
36
222
364
205
700
283
574
479
144
640
717
215
232
552
86
434
739
342
486
512
350
311
436
236
462
594
730
493
657
108
567
580
417
137
316
294
77
341
96
366
265
410
678
125
577
655
197
413
333
138
884
596
192
464
99
146
7
81
887
161
350
371
122
302
374
735
300
788
294
158
558
815
168
283
616
767
18
691
710
31
846
815
791
565
772
386
319
350
528
606
174
399
821
856
794
232
297
888
187
222
26
235
323
892
532
436
697
591
668
655
526
45
199
701
186
672
193
534
485
41
577
620
636
1
898
79
31
868
828
691
153
92
601
823
773
389
523
621
675
263
130
759
361
422
238
631
47
610
755
350
292
550
655
112
327
542
582
881
417
161
304
574
210
282
187
454
856
879
703
410
493
433
869
703
190
271
340
415
870
385
59
233
266
250
631
423
529
513
65
309
247
769
849
275
346
320
13
840
582
310
86
454
632
39
500
200
70
775
297
243
317
767
81
228
155
772
468
510
668
864
705
560
277
785
519
79
745
794
543
85
705
17
162
843
378
535
243
513
464
595
489
187
802
238
479
501
641
293
769
812
870
770
221
12
725
596
302
809
592
472
736
802
209
32
316
887
648
324
651
466
65
314
440
301
23
472
827
71
730
196
54
311
367
574
522
27
625
562
609
367
346
522
400
82
780
457
116
715
875
198
127
824
529
618
629
859
338
472
829
18
766
82
194
249
401
846
78
300
81
868
78
139
647
732
436
294
64
869
602
18
390
376
488
818
292
719
526
787
358
305
616
722
259
323
727
888
677
657
84
96
79
650
372
806
607
131
823
416
289
718
78
181
333
428
377
124
545
550
565
395
171
589
316
556
435
6
323
732
300
287
37
570
509
787
