5185
6900
6375
1901
3216
2607
5713
1545
550
3708
3044
1253
3786
3490
994
6812
6943
5863
6255
5994
3670
3675
2853
4931
1607
321
5529
1871
1195
2152
730
2175
5112
544
1025
1673
4938
2199
489
4046
99
2611
4333
77
1951
6522
3208
4713
1686
3709
3365
2341
5310
515
643
6648
1205
1474
2652
835
184
6816
5139
6224
3915
623
4040
2612
662
3863
2282
1501
2432
158
6160
5959
4154
618
2075
319
5970
6119
1803
3499
2394
6268
6708
1865
6341
760
1364
5667
1270
3514
6732
3572
1213
1334
329
1437
4999
5811
5951
1464
577
1977
1313
5030
2408
5376
3255
2100
1048
6883
1532
95
4646
5372
2066
4808
284
4241
4909
2907
250
3420
3097
4025
3675
5232
3384
1006
6387
2103
4260
6197
5754
1368
4317
2087
4133
6334
1824
1226
3674
5076
4989
5206
6438
5053
6635
3891
1318
6968
3010
2006
5942
488
4708
5010
6440
6745
481
1507
4540
6334
261
5047
1264
5336
3056
1381
6285
4385
4859
847
3791
2431
2778
6595
5502
4772
6762
5252
1229
4601
2639
3673
3863
6459
5258
5619
3337
4558
4151
2322
3167
1653
1815
1649
1335
3612
5246
4549
724
1765
6378
1109
5960
4262
6662
1771
34
1196
3603
2017
6727
465
2530
543
1328
3368
5792
4833
3472
1889
1158
6908
5337
3376
1548
3009
2202
4312
4098
2314
4870
5301
1011
394
2507
6839
158
5457
1550
4987
1594
2341
2832
4555
6677
3836
3479
4565
1177
6918
3604
1593
564
4895
3452
2339
6490
5378
4853
1809
2889
2257
247
487
6961
2632
2172
5142
2646
4234
2669
1931
2931
4540
3883
5859
4661
5469
6791
4476
6961
4015
1302
4663
291
6559
6885
3626
2252
1607
948
3658
4886
782
3018
3917
6808
6965
1998
5229
4729
3354
5877
425
3626
5289
1540
1333
3829
1910
1451
5290
1636
3728
5900
345
1319
4375
6328
1848
4718
4782
1277
151
311
4204
1357
3500
2612
76
5093
4410
836
2556
6632
5712
5036
5794
216
2910
2002
1730
4465
4091
6158
421
6050
5818
6789
4372
4168
1858
1452
5546
2401
5980
6245
95
3802
1440
5681
4848
6790
2680
4514
4468
571
5358
5204
2026
1146
1089
1816
2014
5139
147
2819
5706
1651
1366
6489
2329
2219
4196
3314
191
774
6118
1623
4988
6862
1172
5756
2663
2452
3539
337
2711
5410
293
3030
933
6543
5507
4754
1813
6190
2005
6504
5804
2987
5185
735
1595
4764
970
4517
2961
1223
5216
471
3503
6254
4949
5023
6236
4739
6544
1091
2585
6289
1690
3070
1423
4738
4622
3117
5644
3527
6502
1040
3629
3991
728
746
5637
1086
47
6167
2356
1017
5814
5290
4315
1916
1151
6568
5155
5336
6250
2620
6701
764
1705
4584
2260
2647
3904
676
4439
5464
2170
3895
3642
4066
3870
1823
380
6839
5753
5198
3244
5191
5125
4859
5900
1837
6710
1058
6328
2318
1061
3266
1608
6775
2750
5976
88
5747
6020
4029
5944
4806
3205
5433
4816
5928
6080
6794
5868
6185
2522
2317
1437
5157
2919
3711
5343
1301
6374
5497
4463
2634
5822
5710
3765
950
3044
2003
3775
5257
3879
2706
3230
4357
5482
2274
4265
1470
6704
134
3247
1785
2343
1456
3963
5040
4346
2386
3936
5776
1746
881
3939
4335
904
4543
6992
4901
585
2035
4069
430
6675
2855
763
6464
951
5102
2578
2880
6204
5656
5252
1499
931
6299
5266
3716
3202
2352
5714
4449
504
623
1362
5570
4799
2759
4031
6319
6743
6670
2334
2509
6142
6738
4523
181
2606
578
1456
1432
3559
5755
5589
5283
340
6787
3046
747
1370
6356
3138
4238
921
2749
1727
510
5447
6035
1331
6306
338
1039
6710
3794
2100
1324
2339
1751
2788
6696
5877
4652
30
45
886
5621
5764
1866
5211
2675
1533
3906
1483
258
4172
1353
5286
5263
5421
5647
3147
3664
5232
298
1073
1210
3967
3012
3975
5881
524
5070
2511
3792
4628
2727
140
4221
1376
6166
989
6848
2002
2312
4658
896
748
5166
2491
2610
3603
4046
1904
4023
6611
3044
3643
2200
6061
6252
130
6233
5900
1079
4128
4159
2237
2472
771
4415
1003
5506
3560
4901
4338
4256
5858
6573
5836
1496
4154
906
2560
4493
1641
2049
6872
1439
3040
3961
2425
1537
2376
1985
6950
2759
1966
2989
1965
2730
6478
3175
1595
5498
3864
486
979
103
2464
5638
5641
6179
4759
3499
1213
2103
1552
1179
6659
2569
5173
6464
6280
599
6543
6086
991
4970
2443
2167
5385
6386
354
2720
3770
2874
5210
6352
2136
2456
6312
3597
3543
2891
2751
1682
6216
5729
305
4921
5552
6612
1092
1649
4948
6481
3552
4764
2291
2021
6829
264
891
1963
4258
5856
2509
4494
3296
4966
4853
5968
261
247
2554
3293
1268
5859
6108
2423
2289
2911
747
3246
274
4929
3979
5196
361
2535
5949
5202
2615
2597
4530
6163
931
433
280
1251
5983
6733
6647
5107
5547
3728
5317
2956
5323
3769
2389
6085
1859
65
3495
2050
5107
6099
2577
2531
942
2011
2290
1375
3780
4361
359
307
5184
6065
1655
244
5291
3271
1777
2244
263
4588
4701
5347
4720
2704
5272
2526
2060
1131
5297
2253
6916
5508
3168
5627
6066
5260
3646
1591
3826
6152
2400
1066
6718
5146
661
5796
3329
6179
1679
1632
4437
1903
2342
2136
4487
3892
6696
2182
5864
2760
629
6889
951
5391
3750
6760
4730
5022
6821
3342
6636
6551
5528
5026
6776
73
3919
857
6155
4499
2269
2403
5832
3220
3020
4903
2093
2226
6377
4003
6882
966
6534
132
2290
2464
3366
3838
841
6365
4835
848
6814
3625
427
3416
3427
2642
4329
5126
3279
6731
4352
4120
2404
3913
283
5930
1004
5750
2063
1703
5375
983
6514
4792
4271
3980
2844
3808
3548
4900
6995
1098
6612
6979
3310
455
5218
937
375
1328
791
2495
4363
5692
126
6001
6774
4590
2625
2547
3879
6775
5010
5057
5163
4995
3491
1335
6949
3187
2311
553
5715
6390
2753
5760
2692
3668
1218
474
2685
449
3617
6844
755
4722
1650
6919
4290
2920
1097
3389
5876
2806
1807
1502
3702
2376
1579
5547
6268
5978
3429
3070
837
3394
4371
6988
2473
6475
6542
5760
4670
1239
2975
5118
3066
6112
1619
2224
1539
3027
4894
3024
970
737
3019
4523
2070
635
4282
3590
813
178
4018
1384
414
3833
5893
140
1185
2519
2395
5169
5311
1261
551
2392
5750
3672
3654
4593
5389
3211
5869
4745
3790
4060
5474
6012
6673
5193
6227
1940
6581
431
5683
3996
105
5799
6171
5107
953
3077
6653
5944
556
5502
1355
2046
4218
3710
5574
5052
3523
4988
4979
5780
3203
2674
6687
621
1297
4732
4404
624
3543
4044
6692
4220
5619
3104
4321
822
1988
5401
1127
6688
1145
5008
1873
4348
4403
6503
816
5750
3418
1994
3042
3964
4109
800
6087
1890
3723
2090
6015
2846
2823
4270
3384
2277
3313
2088
563
3848
4486
5014
5445
4103
4289
6599
2139
567
1131
6087
5975
1771
4782
793
6008
3645
616
3546
1358
351
2451
550
3002
699
6489
5297
1307
1243
5997
3228
5365
3989
5892
6057
4780
4919
4258
3669
1751
6211
3368
3362
1248
431
6187
3510
3191
108
2721
6883
1006
2560
6541
2020
6584
3266
2346
856
770
6490
6611
606
1179
4458
4800
4246
544
957
2038
2432
512
2571
6326
6683
1238
214
6829
5715
1261
6748
3835
3224
5942
937
3204
6024
3820
5999
5525
1840
4417
5989
289
668
1593
2874
6105
3272
1764
2733
4145
4178
2306
4619
4383
6231
830
5299
1999
6086
5661
4193
2002
3461
5568
1829
5045
518
2956
599
4726
2365
739
3106
5281
3593
1963
4362
6664
596
949
1371
6513
41
6960
1448
1585
5289
1668
3324
2446
4834
4426
4640
4723
5549
5704
3498
4292
4226
6259
4110
3889
3938
1389
547
6800
3769
2686
2533
1515
4974
3574
6475
5928
5776
2688
6597
3535
2415
6587
2195
6574
4628
3682
484
2520
2261
2915
6970
3253
3745
6757
6110
3123
3980
6946
2566
554
3960
5668
6568
309
489
3652
1713
1091
6691
3461
5910
629
2514
1583
6862
4291
862
5936
3762
3304
6241
5605
466
5484
3278
6878
2294
4879
263
3967
2557
6490
6387
1906
5534
6402
4378
4978
4544
6278
3135
1075
6944
3632
5113
509
5767
1049
3365
5055
5645
3876
6948
393
1286
3348
733
5169
5727
5553
1518
4007
262
814
1796
1316
3395
302
5133
5109
6774
2029
3406
4334
5774
4939
6582
3713
6795
6179
2990
5397
2337
5594
539
443
3730
4994
5690
1332
6391
2110
38
4575
4179
3224
4505
2207
4316
4582
269
6480
2598
36
1062
5978
2005
890
1502
5406
6846
1126
5396
3501
4971
6525
5170
664
4722
1906
3601
4330
2626
1537
3611
2834
1897
3357
2373
173
4708
93
3671
6328
955
5702
6529
6843
2304
2954
452
2384
1068
5158
1779
3403
1071
1993
4884
2380
170
1984
5750
2815
2978
678
1448
4461
28
633
3636
5115
1407
5000
1431
5624
1658
2960
2397
4653
2531
1182
2653
2660
1201
2550
5087
5107
1607
4386
1334
1818
3790
1495
4390
6927
1022
2193
42
2955
6888
1359
4362
4790
3762
761
5544
3813
3304
406
5790
5988
6059
722
3965
2150
5985
6028
3124
6433
6514
2293
2027
5311
6386
1556
5691
5110
31
6007
1717
6881
5321
4948
1667
2128
6792
1638
5583
5747
5607
2635
118
996
1388
6250
32
2145
5088
3434
6846
6209
6601
957
5353
366
1873
5483
987
1952
6467
363
4108
5027
6194
1869
5132
1742
3262
2738
6871
2885
4932
6013
978
5929
5472
3219
5673
506
6042
1125
2490
5894
2882
3950
1593
1508
6353
6376
2953
5097
5022
3481
2692
1252
6521
2339
327
3605
6767
642
2397
6991
1651
2878
1831
3719
3533
6024
4533
3212
1234
905
3059
1014
5352
5981
3074
6580
516
2111
6841
3126
6522
1526
5537
5032
6304
6189
3434
6447
5144
5329
581
2094
3528
6595
4247
6490
6223
1581
3511
6228
3134
1425
1181
1852
3008
4861
1366
1523
568
6435
768
5449
3054
3765
2102
3916
1717
1565
2320
5098
188
755
2667
2294
4990
5576
3816
5126
5737
118
620
4725
2160
6906
3916
3661
1493
3794
4906
2556
4607
5361
2824
3935
3875
2746
264
3860
3890
3753
1765
4537
3047
6660
2674
1722
6891
960
2909
5223
1231
3896
864
6676
6973
3561
2804
1835
6628
4457
6321
4948
6046
4253
2711
5252
2023
961
5850
4179
1500
3843
558
3479
5630
6913
6031
1223
4578
1272
1051
3818
5662
4622
782
2285
3634
5967
697
307
2160
3820
6889
3430
5841
4323
3599
3476
1838
1175
5881
4438
5911
3679
1397
5090
572
2732
5117
4368
382
2156
4204
2737
4265
205
595
1363
6065
4931
1832
3793
5453
2769
4387
3199
4532
6822
3702
1476
4043
4407
265
5544
760
1323
1120
4220
4278
4156
3377
2785
4845
1424
309
5121
589
5959
139
5730
3631
6287
4203
6665
6344
3332
3270
6267
5027
1883
5423
6614
4642
5061
886
5134
6449
3769
97
6131
631
3730
3343
2160
873
6368
1035
6174
5461
3226
3105
6615
592
1657
4368
2383
1340
6535
6764
4101
3322
1518
4327
6175
2071
710
5163
5515
2734
3430
2366
3570
5259
3100
2747
2150
6935
5623
2481
4549
6621
3721
6778
5430
5447
2331
2082
3736
6342
3232
2162
3505
3780
3155
3984
1108
5111
4133
5
5308
1981
1350
3338
3501
4879
2709
4672
3746
2723
6707
1507
1720
4642
6833
4426
3730
2626
5865
2997
6454
2185
3194
5987
1844
6647
1686
3824
3783
3462
2662
1159
4772
1689
2517
1722
4247
1302
2969
4203
814
4369
5566
4789
4589
3399
948
1188
5775
1948
5569
5678
5638
6281
6290
6996
1562
6301
5458
4729
5541
6431
6429
4326
4296
2749
2278
6600
2414
6949
2029
2167
1158
3261
1932
4779
3014
2128
2840
805
4458
1192
4765
2375
2092
267
4171
1593
342
1676
4668
6177
3787
2470
6455
4782
5035
5735
2375
1553
3389
5599
5004
4265
5663
3339
6099
2874
5633
314
2025
2065
6887
2796
3771
1774
933
6450
3689
4653
509
4542
2160
883
571
2344
3863
283
4786
2153
666
5346
512
3888
866
1701
1628
1823
2957
1188
2368
4529
121
331
6633
3242
3756
4197
3699
3619
232
3302
2770
2072
5514
2227
1139
5976
2473
5144
1121
2385
1771
542
5883
2637
5851
4550
266
309
5831
3895
4705
2512
3246
680
6989
6879
4511
1434
6740
2241
788
741
6906
510
1894
6190
790
1098
4226
2769
6219
4289
464
4857
5946
1033
5468
1577
6093
1872
1557
222
3766
2963
5163
5283
4886
5247
3383
1672
3506
6896
1466
2097
4744
1172
887
1582
1223
4763
1276
172
1036
4550
6027
31
6729
3889
5208
786
2296
5430
3891
6197
1805
3222
6893
3698
3881
1071
4583
5460
3715
2061
3205
5548
4489
4966
3162
865
3092
4415
1573
307
4097
1580
3609
2676
5196
2920
491
5124
5719
4457
996
2168
5200
4494
4007
3990
3689
1353
2620
6960
417
2219
2002
6994
4576
6368
4947
1018
2679
5768
1921
3571
5454
5215
4782
3813
495
818
442
5924
1807
558
4654
5124
5165
4535
6213
1126
6491
6713
4090
1106
3698
6695
99
1497
2290
5142
3437
5109
3958
4660
1706
3167
6566
2027
1430
620
2446
276
4191
5142
1940
3801
4507
267
5847
3068
2683
5300
6602
3493
2596
3172
4112
5572
214
6947
4498
5051
4734
3806
3548
1943
1766
4524
4629
6315
5805
2823
6909
41
3593
277
5137
2310
5495
211
3066
3017
6021
3365
4283
3376
2624
6716
6921
1390
671
1276
4853
6669
3944
6233
5813
996
1728
4526
137
5421
726
753
168
1518
1825
6614
2507
3753
3440
5423
1929
5171
5272
1965
842
6317
5056
2933
1359
2466
3272
138
3222
4582
1872
882
268
6863
3677
6720
6403
180
6414
2638
1899
6510
1285
2213
6005
2198
2936
2235
26
2253
215
4519
4818
5698
1537
3267
3536
1156
2975
3471
1418
5180
3522
1054
719
4021
5408
1063
1737
2123
5241
1218
4915
2805
1312
5389
4348
977
4629
3995
4016
5595
5815
4640
4703
5129
662
6907
6943
1870
6759
4599
101
3057
6833
4464
3001
6529
3597
6695
1999
3991
3930
1642
5138
2200
5494
5707
179
3102
6216
5115
4039
642
4194
1379
3446
6728
2293
471
5832
4910
1948
2159
3962
2594
291
1436
3510
4336
3208
2827
3729
6693
1919
4984
5541
2419
219
3419
6743
6041
5008
2280
6115
2221
1654
4037
1899
449
5584
1533
4150
6936
5563
1147
6509
1747
2410
1686
2746
1445
1630
5328
4145
6703
6922
5754
3424
4120
5988
1568
2459
1693
1912
4604
1176
2705
4847
6210
345
6241
2972
5495
3695
959
5047
6023
3372
8
6043
914
5121
4532
6474
1530
2774
2842
6608
4611
5768
45
6900
2855
5060
6839
5451
5773
2682
2713
3415
2749
4212
2612
4861
1083
4878
6215
3860
5766
6776
6045
6561
988
1895
890
5032
2548
6346
6618
2421
6127
3703
1470
6624
219
2221
4380
3742
3958
813
169
3852
3204
3978
6198
3335
3652
3359
2021
3095
1877
5495
454
4674
769
2784
1466
2580
6419
569
1003
5380
1114
2874
5574
2650
3410
3459
4342
621
4531
5
1366
4169
3984
5604
6915
4981
4815
238
3508
5475
1664
501
5079
2304
3635
176
1529
6283
1170
6528
1537
754
2289
6862
6177
5496
990
170
2442
1011
744
3710
4748
3138
4496
6416
4351
5204
6478
3575
6528
2100
546
3493
555
3752
4360
4539
2074
3408
751
650
5695
4875
5854
4845
3852
5317
2795
396
4300
2926
6258
4740
1981
4644
1862
1450
6445
1368
3551
5246
2550
502
6648
6900
1128
86
627
325
505
6791
4724
2548
6755
1531
367
3333
6234
3526
2126
112
1320
6240
747
4003
935
6658
2743
517
3411
413
3004
3999
4426
3278
3517
1877
576
237
1488
2010
4227
1909
2357
5242
1864
5686
4631
6128
1416
1286
2499
856
1818
3142
193
2655
294
3864
3918
1766
4587
1727
1067
3846
5742
1734
1486
1653
5417
3907
1636
5854
5931
6789
1703
4199
6145
3943
5113
6012
3649
5137
262
5129
4166
4076
2599
4108
1781
2723
6608
5473
1539
2305
367
3783
49
1285
5399
4463
1085
4706
849
6981
6966
2699
4310
1944
3883
4172
3748
6011
1369
667
5290
4030
4184
3357
3913
46
5616
1181
5985
4568
1085
4408
2797
2774
6308
164
220
5761
759
4205
1660
5047
2267
6630
5352
5627
6335
249
739
421
5553
140
171
6603
6399
2507
3946
5748
2956
6868
2162
6334
5208
143
2487
45
3881
1344
108
993
1301
866
5349
3938
4266
5890
3051
5667
6428
2525
4911
4232
1349
279
2022
5317
5308
1209
3714
92
5740
1166
5033
5778
284
2682
3166
551
1879
5104
6590
4073
626
1398
6557
1292
5995
1831
31
4960
2977
1309
3338
2910
5006
3776
3576
808
5872
360
6667
365
4103
1779
3825
1205
2410
6891
847
3431
930
2087
3722
4341
3840
4084
6280
4696
1274
1016
4717
3846
4280
300
5810
5052
1717
6307
3759
369
3497
1659
2497
1866
4739
6838
5271
3379
3236
3765
4190
6784
5039
4170
6117
5297
100
1233
3659
3939
6332
4323
3084
3265
4166
518
2626
3934
1616
1548
3967
445
5410
1333
1353
5263
4748
1300
2295
128
3807
3260
5752
391
6481
789
6539
1400
4882
2655
6288
5720
5651
6281
445
6996
4663
2703
2133
783
5282
1662
116
5110
4470
916
5429
5513
612
3153
2020
792
847
1156
479
1815
5652
3276
2231
328
3558
1500
5492
4339
2718
305
3543
3821
4711
5163
3921
4067
15
5525
4296
6625
954
5819
3267
243
6761
5640
6786
6542
55
4409
6704
4044
4404
1602
5301
3747
715
4370
3860
5185
6422
3133
4483
4055
5145
1134
657
3750
764
2751
3994
6290
3938
279
4445
1977
574
622
1238
1064
125
6504
232
699
6430
6723
170
1775
6542
3615
554
86
6961
4386
3544
765
4314
2237
6585
3861
1108
4150
5388
4557
2713
4506
2968
3600
5439
2951
3660
4640
4339
5587
6809
4887
3245
5333
298
2190
4843
1030
6004
6812
1858
3451
144
2012
6190
4682
6261
324
4659
2999
34
5149
4636
6042
6009
1588
5273
6334
31
5772
4022
2496
4584
2405
5629
2674
6568
3517
1526
3435
4900
5969
5605
6845
735
6121
6241
3339
705
4622
4165
6629
5985
5088
2528
5481
2507
5960
1071
3400
1740
1030
2809
2026
5762
2272
5035
6895
5545
5904
5906
4779
5520
1809
1598
3372
5850
6158
3799
6251
6905
1559
2439
3933
4468
3072
6038
2237
3945
5464
4109
64
2662
5907
3514
4685
833
5332
5434
6871
5792
475
6413
1408
4819
5783
1042
1923
2317
1968
5059
4494
1105
1851
5764
3195
6824
1531
1629
841
1705
4424
5063
1396
2194
1551
3067
3397
4067
1134
4614
735
3770
3298
3585
4464
3904
5543
3276
5448
5211
5651
5650
1713
1613
5927
4648
722
1297
4507
1864
1170
6053
5357
5410
4078
299
5734
6817
3983
3570
1505
2027
6707
4442
1993
5122
2382
1709
454
5001
76
6216
4651
5648
878
6857
5799
1408
1271
3970
326
6666
3914
771
4235
521
1426
2326
820
3424
4237
1444
2890
6974
3166
4941
3324
3694
5094
6501
1367
3051
3774
5777
4180
4161
5323
681
3902
4278
2566
728
446
5080
1679
4006
1885
2336
2949
6614
6205
2236
1901
2787
4676
5042
1069
222
1950
5327
876
4411
6855
3888
6032
658
1714
3656
4810
2465
3784
2529
6258
2246
1040
806
4803
113
5151
3900
5163
6040
1517
4024
6818
6629
6988
6051
3972
18
4757
3675
372
2933
2352
5819
3790
238
4120
859
6529
2669
5098
3634
6224
4768
1520
1239
3444
5730
2190
119
600
5648
2231
2793
1576
949
6581
6918
6750
4965
4155
1452
5954
6078
3873
1753
1814
2570
6748
4036
2307
5257
2215
2455
3876
2804
2914
1529
1269
5124
1877
520
127
105
2697
4763
5099
4846
387
5949
6800
6898
6390
1398
331
378
2404
2924
882
4465
5312
2616
5917
6249
6443
939
4585
3899
6066
2894
5834
1243
56
3440
2645
4527
4981
666
1479
6398
218
2063
4358
917
1632
6583
4842
6676
5101
1803
4734
2568
3986
2730
3897
6689
3387
5418
6124
5676
6331
4203
3560
4523
2324
1581
613
4439
1016
4401
6185
5544
5176
1909
6411
6859
2134
4593
931
3522
1760
431
648
1770
3692
4496
4653
2614
5794
3672
5497
3488
2283
3219
4329
2504
4692
5362
2196
2621
3679
5286
2619
720
4694
6445
6492
0
2300
2705
562
2815
1026
3485
6242
1188
787
4924
3347
3562
3141
6050
6099
1222
6780
6108
3523
6262
4861
3611
3534
2500
5812
6899
5283
1633
6282
298
4188
5167
3038
771
4035
1015
583
1474
4032
1481
4355
2163
5145
2554
6519
3355
1087
880
3180
1200
3840
1776
1074
1660
3743
6320
4076
1652
836
6025
5911
6280
1297
6620
6272
5435
3266
1646
2489
3593
1624
4862
3352
2664
10
6203
1613
4680
776
1914
2669
4780
5446
4044
3991
1306
3522
6799
499
5295
450
107
6562
4403
804
3749
2974
2124
5076
1896
2039
3599
1771
6375
5902
5849
962
3991
754
5059
5604
3393
2852
2076
5016
3253
3793
4640
4123
5666
1317
1206
1657
3971
2886
2688
1052
6643
3820
1668
2515
2457
2458
6111
848
750
2329
3232
2670
5451
2882
1482
1356
2088
1294
2268
6051
3112
244
4395
2592
1112
3533
1391
4726
5397
4744
5010
5019
5325
365
2685
6501
5869
2952
5989
289
778
6973
4994
6720
4580
6050
5312
3263
4940
5661
55
4033
1943
1986
1749
235
5122
2993
2316
587
2389
4731
5317
1902
492
439
1547
2781
6696
661
4493
3683
3709
2165
4587
2414
5724
6901
714
4871
4721
4238
6594
2912
6527
265
60
369
2119
3228
3337
6294
5815
5579
6014
5817
1503
5404
988
4967
5966
6827
2924
3378
2475
5639
95
4587
361
1807
1843
1321
146
5685
4585
3778
3468
4005
2403
181
2560
5889
3028
5434
2071
3085
472
3975
6591
2993
3642
2440
1740
6129
3340
6657
946
5669
6617
6659
5525
2797
4391
6705
3
2461
4136
1221
5490
3537
2631
2332
196
1589
3791
2851
1849
1668
5063
4565
3491
4363
466
1666
2236
3616
6244
2621
4931
5836
350
1122
2246
6507
2602
1282
1730
4260
834
2764
781
6465
3891
802
6508
4749
2327
2309
873
1164
3856
4878
2237
6660
3680
4211
5443
5358
4557
5521
5700
705
5410
1140
1279
6499
6585
5025
4888
3229
3373
3387
2801
6346
2475
1810
1471
2019
6736
2533
1963
4138
3757
2199
17
3225
4584
1341
2989
2511
4277
3435
6777
3046
5097
1126
4491
4204
2687
6665
1563
2779
1603
1487
4843
799
6315
1001
5775
2604
4470
949
3731
4834
3636
4404
6972
838
1253
5974
438
6382
3199
5516
1245
1224
4975
114
664
5511
6688
1479
3543
3723
3385
2266
5349
325
6512
3459
496
5564
2516
3515
477
6590
1817
2153
2513
6471
6349
3033
4907
6703
5775
835
3509
659
39
246
3361
1994
1592
6223
6879
642
6570
5810
1748
4071
5269
3395
2111
6015
655
3834
2830
4069
4198
5497
6525
4623
2026
331
3750
1342
5697
6714
5628
5675
3278
6933
4033
5897
1532
1748
5720
1042
1372
938
1693
545
2342
6670
6128
6849
1371
4118
5248
5656
1697
5192
860
2348
3033
326
5165
6537
5370
5190
4391
5963
4040
1299
3718
1630
6143
531
2741
4232
2273
6558
5642
168
63
5224
3014
5221
892
5627
200
1205
6197
3724
6769
545
4669
5240
6674
1209
3293
3218
4793
6729
1609
2660
1571
5343
1773
3472
1683
1096
30
6226
5729
3287
173
2284
669
3097
5350
4821
6554
5712
6639
5455
3745
4369
3748
4915
2066
5444
4335
1812
2495
6504
940
164
6572
3160
3387
5551
838
4342
4695
4370
4964
978
6171
1415
563
3912
2900
3824
1419
2339
2730
830
127
4562
3544
3517
4570
2413
2082
4925
6260
3699
2438
6824
3421
324
2540
4275
6104
1078
599
5427
2208
3254
829
2821
281
941
3723
5601
5069
5669
3810
6940
3583
2054
2454
1737
5940
329
5268
4052
3613
5128
3467
2763
3841
1424
3348
2872
1480
5676
5604
1119
5242
3759
5280
2081
2341
4197
2687
1315
270
4231
6211
6030
1654
6330
6753
5539
214
5387
5625
2195
3366
4793
2791
5208
4782
2574
1991
5868
2872
5075
6360
6468
5060
2520
2207
2960
4003
6621
1372
474
1272
1511
5769
2424
2408
1770
2655
1952
6946
2679
5515
3143
2826
5523
2934
4237
6671
5869
1042
3161
5404
3801
6728
1589
3812
1893
6262
1998
4510
1855
6685
666
1672
2641
1129
1037
2680
6562
5058
562
4358
6082
4408
4547
469
5762
3747
4078
1568
2838
2144
5900
5345
5880
2911
2814
549
1914
3697
5710
6579
5264
672
6895
3835
4208
4198
3482
5259
1782
1471
4599
5557
3720
6899
580
4996
1202
323
3757
6429
4407
405
4632
1411
3774
1563
67
2434
5733
53
1981
6549
532
4207
2045
1523
4112
2989
2179
356
1282
4402
5714
4370
979
744
5046
6611
6631
1634
255
5914
1820
6902
826
5805
2021
734
1041
3417
5151
6877
6
1305
2263
4054
241
2862
1477
3128
6819
2840
6322
2327
4463
5427
4698
4500
2900
109
4453
2052
5169
843
1872
6486
4558
5691
3618
3965
850
4245
5774
93
5894
4099
1405
6347
4038
1391
6020
5293
2247
2475
6601
2297
378
267
838
1354
931
5007
3112
3300
5358
5364
3343
6705
5103
2883
3689
52
972
6761
3685
3754
5705
2789
3025
6776
4976
505
5121
1904
931
2848
6221
4789
4143
5757
5213
4622
4015
5236
5147
4992
6922
122
45
3491
978
5478
6422
3006
1714
5083
785
5439
1443
6638
265
2267
5443
5290
2591
6611
554
5843
3152
1527
1010
3711
4770
732
5771
6768
1916
4538
5753
615
3592
1441
5715
666
3709
3217
2728
814
5717
632
5303
6568
3935
2597
3307
381
18
884
2145
801
4048
6379
3856
5988
5034
2689
332
1753
165
4054
3007
3616
3481
5918
2029
3011
3346
1871
890
4734
3453
617
4762
3743
4705
1973
4860
3445
1175
790
5788
5925
4095
3469
3756
5096
3872
3912
2270
3280
348
5826
2024
2057
3094
2214
1893
476
1529
6341
3036
1231
1470
2479
567
40
1521
6726
6586
1952
633
1525
4814
4085
6562
3288
5273
335
5953
742
5156
4836
1491
3984
6649
4526
4170
4717
3534
1658
2837
2886
2011
2317
875
1325
627
3295
4620
2723
5426
6241
4332
2790
708
2746
4557
3153
2030
2901
1176
3301
2003
2798
3975
5230
53
4812
1730
4784
6286
5737
2476
3264
1809
3459
4777
5671
914
2207
2238
5969
3031
3476
4837
6316
5530
1362
1140
5716
92
5662
1961
5859
2039
4741
4052
174
1015
4869
1833
1490
695
4003
2576
4709
2260
815
603
5754
3984
4261
6331
5036
4461
1972
1232
779
4123
6649
6987
469
2072
950
49
6083
5883
6187
2918
4020
6301
5798
5891
512
5685
4575
2111
5658
1575
1092
2181
1184
5032
3188
2223
3911
4056
1207
2831
5328
6196
146
3942
2359
1215
1433
6747
2722
1652
5940
5641
2278
5195
5524
1357
5644
3613
143
1755
2771
6494
3886
3140
2352
3271
1320
4502
568
3028
1104
2424
3438
4648
786
4360
4399
891
4003
3620
4714
4590
6157
3233
4398
75
4777
2019
4564
3723
3927
713
172
3173
2761
5588
5459
2024
79
2844
1241
3062
1523
3903
3681
4661
1980
3511
625
1330
5928
6695
5673
908
3114
2282
1505
5323
3323
1967
1707
5571
4652
3197
2640
2625
6858
3815
1847
5016
6938
1789
895
224
5844
2959
3877
1028
6941
1654
1753
399
1484
5168
5555
1747
3774
3671
5939
5333
3356
6232
6798
3832
2202
2867
3244
180
75
5060
6174
803
4296
1332
5638
2000
359
1172
2511
4316
4536
2232
2947
5326
203
6444
346
6822
5813
1622
3408
1735
2570
6487
3904
1855
3356
3223
5996
3452
4417
3212
5367
1860
1402
1287
5617
745
4744
4571
5473
2959
2898
4634
3874
5884
1193
4854
596
5179
1924
6353
1139
5716
5559
1450
5733
6059
6262
3661
2652
2316
2576
1125
5883
3520
6959
5104
6334
335
2043
4119
1370
3314
2622
6937
5467
6747
2130
6771
2252
2348
1687
5534
4345
4328
305
5684
5401
322
6469
4832
4407
2280
2140
810
992
2859
1721
5652
2671
6054
1396
1789
1963
6233
849
3399
138
3913
1210
5694
159
1373
3185
1943
2038
1887
658
738
4553
3557
3621
5206
1627
6692
5209
1752
6665
1376
5060
920
5289
3730
5263
4560
5018
6527
6454
1593
3587
6864
4646
1435
2287
5707
910
3921
1102
4126
5296
5415
3656
3051
193
1802
4946
276
5356
594
6698
1980
5893
374
5199
1240
2688
2892
6394
1792
418
4395
4009
4982
2896
5223
1498
2450
6228
6144
5589
2143
2806
2304
722
3518
894
5959
3633
1453
1807
645
3528
3579
6671
5435
2055
5539
1188
942
4535
4642
2841
2145
6065
3534
6557
365
1388
1518
4236
4904
1878
3168
887
3680
835
6027
2975
6338
27
1153
679
6868
6086
1696
6279
4067
2395
5486
2197
6841
102
1295
4358
6486
5487
2597
98
4426
4383
6154
2269
2405
1454
5116
4449
5075
2696
6541
2521
6359
4366
494
2025
227
5296
5624
5937
6073
5184
311
6440
6610
106
412
3629
2616
5095
2981
6321
5793
3617
4187
2304
2043
1377
6607
4759
6702
6748
4729
1687
355
500
1167
4575
631
3906
487
5288
2275
5546
5865
2209
1060
4135
2748
4395
1098
3453
5796
5495
1391
6469
4700
1076
1589
1611
317
5845
5412
3363
4395
3342
6384
1594
280
2358
6115
481
5488
3512
4868
6028
6817
3805
6459
193
2404
1308
2423
5636
3068
6265
2614
3999
2562
6219
6697
6271
6715
5950
6458
1330
527
5713
299
5772
6214
1659
5684
6152
4424
87
887
4644
337
4590
3540
2405
5192
1755
6452
6641
6651
4521
5061
5348
2185
4817
5209
5858
315
4888
3323
1396
4504
4493
1063
4093
6331
3552
5741
3996
379
6622
2746
3860
671
1025
2378
4502
836
2037
4414
1256
6132
4949
4237
6671
3564
219
6835
168
4211
1446
4227
1045
1442
5542
4546
667
1301
6027
5122
6815
4740
651
1463
5073
2958
6035
1506
6584
5459
477
5191
1757
1731
6583
2309
2156
1016
1428
6161
5597
5046
3452
5887
5049
939
1159
3103
904
4326
438
5480
1551
1696
1730
6195
198
2529
2630
6895
6088
2849
6127
652
1292
261
6213
1230
704
4545
2249
6864
3605
5040
2726
1650
5013
2541
4436
817
1321
5580
2495
1858
799
2939
5302
5178
2281
5815
4352
6285
5841
844
6465
3489
5624
1308
2865
918
502
499
3638
2188
2979
6277
2800
649
1396
3732
6698
1222
3849
4658
577
2565
6492
5016
5772
4841
2460
4953
1667
2625
4679
2766
1437
6874
6214
3246
657
2344
1618
4857
1398
1857
1076
6225
4526
5455
6826
6646
205
688
1622
6533
4991
1052
5208
4540
687
922
5884
2300
1949
5502
798
3171
6335
4147
5770
5702
616
5833
5432
3975
3269
499
3044
4985
6044
6624
4300
1637
5112
4060
1562
3415
1511
1683
2777
4578
6948
1465
2109
6013
1944
1097
1315
1945
2780
6560
1967
5559
3921
5580
1381
6683
3232
262
3967
4471
6806
6689
4149
5013
2583
6423
4634
2230
732
1103
2731
2664
3439
6412
5738
1926
2938
1773
3505
6754
5527
1292
4163
776
3178
2262
6948
6351
331
294
1752
401
32
870
5769
6668
1751
2587
6826
6404
1937
4955
3232
6687
4130
3118
2425
3981
4941
5134
4956
506
2093
6101
3160
18
1934
2034
4913
24
6881
6359
1700
5194
3094
865
3060
4580
5644
5477
5453
2399
3028
2852
4454
1006
1980
1530
6348
1477
5743
6425
1865
279
3089
3125
267
3234
2753
4100
3848
6057
1495
2964
3000
6158
6332
2496
5867
5041
1609
6529
4833
3666
3840
4229
1704
3431
6591
2422
6592
3226
1875
6097
4131
3667
6432
2810
1520
4877
4422
5897
2686
519
5432
5035
1493
5297
1983
5127
3537
1345
3947
6098
3808
4753
6345
5210
722
5839
3951
3204
3817
1241
4084
1667
6430
6186
6614
5910
1194
4758
5363
3268
958
1750
1417
2094
2010
4808
6649
3881
4834
4838
2797
3662
3647
25
3131
5768
2841
553
6713
4338
4882
5964
6488
90
5422
3338
902
5558
671
3728
283
1073
2220
849
4541
3178
4385
2677
5535
4514
4266
3556
6476
2600
4794
1636
1929
4426
1720
6515
1953
5266
4840
1041
114
2131
6416
900
5788
6598
697
1122
4978
1197
909
397
3633
1131
1696
1902
3925
855
3766
3113
3123
307
340
5016
4553
317
1779
350
2714
3409
5215
1979
2942
4785
5407
4231
1125
4202
5356
5773
1916
5708
2860
5621
2304
4517
2704
1230
6664
1955
1841
5566
6911
2541
3002
6767
3342
6836
4319
6345
6497
3867
3371
294
4168
5216
503
2157
5213
1886
3790
2454
1949
6696
133
447
5759
268
2760
4633
5938
626
2320
5090
4636
200
520
4319
1260
1132
3039
6366
4177
1348
2280
6254
2723
2693
6148
2339
2463
3566
4098
6242
4473
6216
5980
4821
2098
3244
6147
6067
2064
3409
3621
1839
4093
3825
2266
1827
319
4767
3431
3578
110
1752
6137
1511
3725
515
3843
3525
4480
365
1867
587
1828
373
5526
2851
3268
4937
292
6384
6279
5908
622
5746
5726
6108
1404
3512
6835
6756
5035
1464
3782
459
6859
4517
6065
1222
663
918
1547
5817
886
4383
2666
3749
4998
6703
5217
3031
4896
6109
4065
3629
2990
3279
6820
2302
3481
3968
6716
4708
568
45
3874
2552
890
237
2043
4627
5924
907
4405
5405
255
4377
2871
2212
264
4354
2398
1809
2339
2548
12
6658
4634
2473
850
6936
2166
6025
343
174
153
3701
6593
3341
482
50
2383
6125
3647
31
6321
1796
961
6173
2135
2052
3809
1123
3951
5069
529
1179
6738
5831
4989
5173
4086
4145
415
3221
3310
3683
5834
3427
404
2292
6047
6432
4993
4649
6811
5480
6692
4883
2690
2992
5918
524
2940
6340
5871
1821
4269
6957
4297
6687
2995
4950
1105
6108
5080
3074
4230
4577
2487
5516
5090
4139
220
4347
2165
3322
4116
6767
2809
1158
796
1716
5897
6341
5565
1610
986
4671
1772
5310
867
6982
4504
585
6105
1581
3005
1539
2099
4651
4013
4964
101
4396
2702
63
759
1981
3479
4835
6637
138
6812
6999
2186
701
4904
3297
5269
757
2338
6115
6406
921
1617
1170
178
3847
4209
6388
6201
2582
2983
2838
985
6884
6809
1160
2884
933
2846
4254
3276
1473
1581
4187
4422
2744
1882
4812
4660
2484
3475
6774
1645
1299
6321
6477
1023
3328
2801
5730
6045
4709
3570
2247
4715
127
6505
835
6558
5286
1175
6277
2913
4872
461
1534
6321
5345
6230
4432
2226
6280
3706
2213
5635
777
5540
3541
2397
1442
1201
5311
2593
2117
5408
4747
6838
753
5033
634
1114
2869
5598
6051
5520
4650
4798
5763
4560
6652
6552
3152
5892
6861
2893
6858
1110
3654
1894
6623
5119
19
6573
2265
4602
6609
3023
6165
3127
718
1846
1547
2452
4013
5341
4493
5502
2685
2293
6215
5317
3894
6877
1425
4685
6751
6998
2835
4737
5662
2164
5734
6746
1589
6568
763
1125
2277
2018
4402
5346
4234
3316
6465
1864
2339
3138
1047
1215
4108
822
5868
5901
2338
4928
6047
3610
5250
4482
4963
1615
6246
3873
2615
1633
1357
2039
4041
6764
2134
126
4758
6330
2577
207
3296
6363
6290
5440
733
6606
3402
1604
6072
6037
1468
181
4518
2206
5545
6732
1446
3302
6873
521
1262
6257
647
3358
2167
44
2927
4893
532
1372
374
2227
3916
5631
4726
124
2266
3967
6781
4317
4853
471
1425
400
3089
510
2794
6010
6073
3553
4948
641
2846
1853
303
5001
6177
1882
3205
4302
6393
3379
407
1875
1714
4945
620
5001
5002
3807
127
1123
401
6361
4436
6494
1269
3758
1880
3302
4270
6892
810
4388
3612
4090
5345
4147
2476
6112
2435
5242
2889
819
3366
5596
861
6846
4159
5059
5291
242
2406
3779
1311
2917
386
6258
6733
3600
6494
229
1211
1827
335
3422
388
115
2577
5490
3730
3588
5669
4110
5799
4609
1129
1410
1640
2776
3900
2326
5015
2099
2396
1009
5115
3833
726
1496
2398
2899
1953
5803
659
6314
160
379
5130
2045
3562
3648
6033
1920
4152
6911
5208
4489
506
2553
3209
3348
3270
2702
1603
1543
2654
232
1170
6023
893
5805
3660
2841
5629
1756
5090
1869
4264
3000
5209
4716
202
3074
2076
5034
6879
4752
656
4118
5878
540
243
1759
4289
6064
4802
817
4112
117
4822
1333
161
5363
3850
6582
63
1611
4444
2744
1236
6832
1789
283
3267
5523
5775
1237
2511
1110
1546
5773
5825
5408
2131
6475
1586
6743
6529
2806
1998
5116
5645
3430
2025
5224
1341
4511
1801
6269
2797
5991
2783
2535
764
4734
4891
5889
5206
6636
419
2060
5211
2633
1695
857
5755
1782
1756
5984
1708
2953
3172
5825
298
6549
1062
6256
3217
4032
4216
6798
4722
4886
2629
3538
3256
3898
2068
62
5509
1669
1143
3038
1710
3335
4412
4923
6712
298
2708
6197
6646
815
5021
6808
3400
5024
855
3637
6169
2380
231
1978
5509
4705
67
868
5445
4067
2763
2471
6529
3195
2096
4584
4345
5283
2460
6778
5175
653
421
5476
1068
2563
4111
5116
390
474
3053
5309
3330
6608
4660
996
4844
5748
1780
3985
4017
2116
4676
928
997
5481
6449
3246
4365
6280
2923
721
1947
3834
2044
1145
5610
6418
2701
1515
4381
5078
830
4436
2200
2839
4522
6473
6170
2715
4325
269
5054
834
6555
2501
1285
4165
2199
4653
1713
5402
1700
2821
888
3932
3219
6806
6915
5144
5482
991
722
6402
1373
6244
398
5806
3380
413
4323
5442
5401
325
6784
3152
4284
3065
4405
5266
6837
6448
1399
766
2373
3562
4570
2569
5993
5601
788
5712
3595
3788
6146
2465
4887
5107
513
6952
3128
1484
5211
4469
501
2700
6013
5235
5515
217
5633
1196
663
4340
2284
3959
944
748
1725
6988
1887
2085
5353
5678
5805
672
5016
5551
6975
1236
6237
3762
4856
1690
5943
4137
4571
142
343
3470
6556
1753
3917
6751
3466
179
4851
6538
6178
4750
3926
5088
6915
2190
4213
1487
954
5245
175
5024
1602
3563
2725
5415
3753
1610
5113
3160
2298
3847
1610
2022
2378
693
485
6278
857
3635
602
2539
3872
4254
2168
2651
1985
2697
3029
783
4471
4432
6725
5584
6307
4701
1118
5964
4976
1089
4191
5271
5691
836
827
1174
5419
2448
3606
5295
5665
2600
5402
1829
2124
6878
4278
4016
6196
6785
1332
241
1728
493
3382
306
2478
4325
6172
4780
5543
5435
2356
802
3413
264
6206
995
1201
3015
4419
4813
4165
2300
6554
4701
2379
4931
934
5563
112
4450
5872
2225
3633
5440
4780
404
232
4639
2642
2284
619
5420
4196
6334
4345
6624
2047
6792
345
6071
6216
468
6906
2685
4124
6654
1521
3352
6443
3984
2922
4353
2139
5093
6262
6676
1885
1657
2276
1671
3653
1887
648
2496
4395
4525
141
1470
1889
890
5456
737
2089
6528
3298
1566
3461
5845
6202
4955
5250
6187
4109
6881
6961
6598
2762
998
2339
1509
2695
1242
1649
5570
3449
3458
2685
2365
3484
5096
6641
3789
4208
6260
4322
4421
5284
3387
3792
2893
4057
6966
1389
2343
4181
6126
2855
2322
2019
1338
2108
3541
6180
2763
1385
2617
1948
5271
4495
4360
5323
5969
2859
52
3686
3938
4560
5071
3465
401
5722
3170
6564
1406
2426
1682
6391
6116
6977
1365
4235
4220
875
6955
2351
4118
6210
3447
2676
4395
4748
4443
4413
6638
4874
5227
1438
489
4829
3587
4376
6763
5927
3114
5078
2655
3987
6255
3623
2568
3483
3762
1448
144
1324
6148
4597
4264
4272
5496
4796
3273
3527
1411
2183
1530
2555
4495
428
795
6951
459
3098
5445
5266
5887
6274
6780
4134
1858
3680
5765
5192
2358
604
4849
3939
5180
6169
4020
3182
5137
314
1031
6966
6778
5204
2921
6265
6052
4412
844
3953
1580
3541
3308
6168
4421
3661
1890
1678
5928
1870
4367
4957
4861
5348
6748
4221
5439
6096
2878
2737
870
1208
2511
3628
3526
2448
319
5217
5757
5745
5466
5535
5490
3196
6746
1485
49
2196
5597
5223
2051
3157
4010
149
6946
6005
4293
1125
2153
589
1946
3612
3386
1475
6046
654
1314
2744
2441
5615
3335
6025
4375
653
4073
956
3150
4085
4214
1673
3857
4214
880
6554
3635
6925
3897
1097
2456
4326
1391
3788
2909
6708
1146
6783
6160
5878
6825
1607
5418
4895
2485
1918
4248
3911
1318
6880
3873
4155
1425
3521
922
2165
3363
4081
4213
6481
5703
4365
3792
6358
6371
6186
642
2117
753
3752
5832
2754
6585
4682
838
2052
2380
6662
937
90
875
4445
4672
4891
2749
1720
2075
5090
1656
4964
1372
2733
4223
5188
6675
104
802
1738
