6606
1178
1319
4769
1990
2624
2115
2359
6730
6578
3187
1137
2619
105
3252
6719
3297
1526
4359
4004
5318
1997
1714
2569
6566
1406
3924
4529
5914
289
6741
1072
2740
374
6515
2677
1917
6830
2841
5425
738
5401
4394
6947
6285
6773
3867
5225
1880
1303
3159
3061
3548
3722
3876
5537
3455
1929
970
5121
3380
3482
1900
3108
4509
5586
5175
142
4315
2743
1559
2725
6182
4885
5953
6150
3608
1768
4987
5612
4403
6051
1192
1380
363
4571
2248
6167
6822
4908
6515
2589
2552
6461
3510
2034
3812
1082
3486
4880
5420
1878
1249
5394
5137
835
4653
6991
2470
5072
3968
3115
6623
1534
4350
1142
2375
6542
2417
3663
2855
2122
3171
393
3930
5727
6055
975
5205
4948
6861
6775
1900
5809
5284
2945
79
2231
3481
2123
3980
6432
1598
5458
2126
6459
1775
4935
4060
1030
1349
4363
2916
2544
4069
5248
3749
618
2779
4990
3924
3057
4071
6439
3374
4740
2266
5360
3917
3100
4946
3284
6894
3620
3945
1702
2487
1302
6012
4987
6837
4704
295
5321
2211
57
5166
4288
3935
2148
3510
1580
3918
5864
5369
5732
1328
2361
1361
3658
3446
1071
132
4575
5720
2008
3597
1442
2107
1925
1907
4973
6695
4974
2979
3509
2359
6067
673
2148
2922
360
1084
4396
5966
291
175
802
3660
6925
4139
5148
1150
3667
130
3808
13
345
1670
851
5352
5842
3728
3723
222
6
5581
5202
5652
2928
427
5327
5474
4394
3377
1706
6680
2495
5636
4252
4079
3765
4214
985
6778
1454
5504
6931
6058
4441
504
5068
832
5346
2486
1088
1366
4322
753
4236
3223
2564
663
3663
501
4190
1065
5531
5425
4792
516
408
668
916
5684
2166
6796
6865
2427
3700
2739
2470
55
4490
810
4760
6738
2991
3954
6488
4083
1312
1299
5668
4026
4070
621
4896
1936
234
1116
6225
4252
6312
1129
950
4483
1014
6610
2187
1663
4367
1444
4875
4696
2112
6567
1825
3464
773
1296
3443
4535
5409
2964
2324
1871
5217
6031
1269
4154
5972
4517
6175
2744
6050
5120
5039
6309
3749
1080
326
3759
2968
4568
4076
1173
6306
3901
4049
6946
3063
3370
728
3745
1140
4358
160
2211
5356
3823
367
2964
4708
1432
4605
5499
6504
6758
5099
4448
4072
5688
5271
88
4274
5941
3901
2979
6357
2063
483
4087
1647
2141
433
4645
5676
6734
6147
5953
6323
3601
6948
6528
5679
3858
3945
6274
5975
2031
2871
598
5306
704
401
4149
3643
1493
1163
3822
4244
1985
4228
6433
2170
3124
6507
775
5909
1895
1114
6078
570
3552
2855
3491
2943
4734
4548
528
235
1790
6853
4885
6263
6355
890
6722
4989
5725
1200
2619
1371
3608
1360
4332
6236
1485
6251
1388
5244
1494
144
4166
6957
3410
3756
1153
2755
6656
6909
3042
960
2945
5291
6808
1428
3462
1139
1581
1493
6896
2978
5124
487
5487
5586
6229
2337
1498
3588
3702
4156
1877
506
3508
464
2921
4119
5719
5828
1485
4798
2979
1730
1170
1772
2554
2749
3436
3723
2399
3136
660
4147
3438
1716
1506
3807
2784
2021
1728
5642
5674
1850
5274
3172
1220
2479
2378
3701
1271
600
1207
1044
6704
2757
4190
764
3089
6509
1569
116
6879
4832
4235
6313
4614
725
702
6091
1952
3348
683
6793
6028
5273
4528
6049
5179
3893
4912
3808
4951
2755
405
242
636
1348
2024
6767
232
1104
4969
763
1063
4418
5618
4504
2318
5598
2765
3569
5721
2049
5830
5685
6969
1525
5636
5158
5885
4888
2889
2782
3377
4904
5672
270
916
1933
1174
4810
4699
3138
2801
6347
1683
2106
1925
2010
3660
5899
3661
3510
864
4698
4447
1363
3579
2147
2664
4983
573
3114
6359
2306
5570
3187
998
265
6459
522
826
1095
5430
6536
3803
6449
1720
788
5879
3380
3418
4145
5346
6182
4289
97
6304
4949
2959
2926
698
1008
1960
5864
4335
3472
3415
2321
5634
4954
2118
89
465
164
3341
86
598
5297
3561
4643
6734
1371
4734
4764
6414
2500
4927
3627
2414
569
4514
5939
998
3780
2753
3695
5404
3844
562
2973
1328
6475
881
1140
575
5500
6843
6015
6563
1310
787
821
6980
1458
258
6054
4615
4101
703
2869
1668
514
4862
3277
5422
1103
4813
1145
6812
3754
2993
6179
4460
4161
6583
5984
2023
6779
2662
5575
1728
6797
6866
6956
3846
4549
6004
6398
5824
1492
2036
3417
3200
3484
1553
6544
1056
5463
2007
5691
6361
3767
1015
2736
6779
3343
900
2361
5727
5141
601
307
1360
626
2217
2062
1935
5128
414
2869
5534
5519
4243
6628
6916
539
2861
3985
1167
4390
2364
2849
2952
2669
6751
5744
3336
3866
4669
1819
5697
1454
5368
4198
4623
2400
5556
5365
3189
2079
5430
6937
1211
6312
1951
6778
4405
3124
2520
843
2424
5136
6751
1326
3237
5170
3999
1717
840
4702
6262
882
6962
4619
5591
4284
2937
5836
5720
1815
562
4886
5423
6214
6877
5907
3637
1871
5551
4337
1404
6651
5445
6699
2261
4920
1204
1937
3698
4445
3093
3198
6106
1890
6981
3254
3594
3498
2163
5066
6233
2478
3507
1442
5476
1567
2440
4293
952
31
5982
4096
391
1692
4020
2017
2937
346
1528
3990
419
932
4853
4559
1669
3167
4584
557
1830
5843
616
1789
3370
4015
5876
4653
3595
304
1598
3122
229
1133
3469
2540
4411
802
2656
4006
5688
279
4318
4030
4400
269
4771
421
5717
3452
3989
6483
4141
3228
781
5282
2248
2638
6624
125
1791
3181
973
2966
648
3727
1513
1513
2606
3642
6574
5656
3189
5277
514
5171
308
2596
3868
1363
4843
2535
5113
6268
4908
4328
5796
1325
646
5903
2645
1581
1860
836
4280
2716
2596
5543
4934
4755
2043
3895
2017
3881
901
6902
2272
5563
6907
806
3979
4646
3877
1386
5792
164
5319
1347
2531
1393
2153
4582
4693
3009
2389
3390
195
1049
4509
539
944
814
4053
1110
6429
3037
5740
1495
5876
6520
2736
6758
620
754
5263
1331
2214
2864
2002
4922
1894
5531
2156
1014
3501
1662
3344
785
6563
4568
1720
1693
3170
5967
82
2410
5470
1026
6381
1629
5521
5488
4705
5817
2515
1050
3365
4996
4102
2138
2418
3105
6319
79
1636
2653
224
4606
3752
5464
3587
3014
2153
2818
6625
560
5501
6976
2081
2922
1276
6370
3572
2110
6457
786
2204
5299
2289
5130
1757
3928
5033
2306
260
3024
4972
1325
5428
951
2041
6120
1479
4319
3547
2830
2218
3311
6234
5379
1385
5089
135
2531
3393
478
4764
813
372
1649
1338
553
1199
125
4372
2915
5384
619
1849
3396
4219
5212
647
5868
2572
5503
586
5550
2094
431
3701
3871
3218
5876
6519
6260
172
5957
6582
6991
1127
6367
1138
1677
4928
6917
199
872
2887
5972
2414
1180
1346
5057
1918
2128
1405
2233
1036
3443
1756
2300
3977
2417
105
6087
3618
1488
1984
2477
2483
3091
1775
3802
3125
2810
435
2940
2055
5268
5462
5494
6408
1890
669
3082
5642
6865
4518
6114
5186
5196
2182
4730
5756
900
6136
1038
5132
1965
4018
6892
3047
5238
5962
446
5880
2676
462
5710
5966
3203
1672
86
2267
2555
72
6483
6759
4547
6867
5101
6426
3332
3730
1718
1393
5612
301
6092
5272
4086
6854
317
2094
3195
5003
6462
3510
423
2283
2088
3770
2722
6097
3415
6714
5817
4566
2352
753
40
2705
6943
3360
3071
6506
26
2292
6214
5900
4726
3531
6366
3976
476
412
1278
174
1727
5484
4846
5927
3020
2829
3708
6478
990
3033
2345
6780
5350
3044
4414
1323
4932
5231
3720
6346
5428
1137
86
3815
3479
1968
6363
860
5741
6085
1012
960
6036
5158
1695
421
4152
1365
3341
921
4623
4013
6023
5878
5688
188
377
261
4551
5588
5357
1624
2071
6700
6446
228
6973
4620
6343
6125
4876
6206
4704
2195
1011
3047
596
1027
4879
1420
5386
4576
4686
2978
2030
6736
3857
1726
2084
6139
6677
5619
2096
4174
5095
1497
5460
830
3329
962
4535
2432
5846
2593
1823
2822
4981
3020
5067
5499
2509
3552
2927
2199
1870
2195
2004
30
2431
6060
3955
6898
26
430
2358
889
6672
2484
868
3834
6258
2015
239
5033
3773
3955
700
3530
5817
6656
846
3226
223
6043
4287
3944
6924
2964
6028
5635
4774
5875
6843
549
6449
5172
908
21
2111
4489
1545
131
5370
3927
219
2068
5039
5240
2923
2133
1137
4935
1442
6508
4895
3251
806
3169
6947
2139
6057
6700
2784
5767
5095
2969
5127
6631
4940
5078
382
5685
2295
4541
2678
3069
3959
3516
3767
2893
1113
5658
2410
447
579
764
4851
3419
5984
173
2016
2913
2120
3213
891
3933
6508
4160
3072
1971
2115
4559
3843
5090
6923
564
2737
3317
31
2542
4433
6948
3385
5925
2088
5921
6445
2015
1997
30
3002
1177
4959
3868
174
2593
4665
71
3340
2136
2119
6653
3061
3933
4545
3989
3424
37
6097
5212
3199
6902
5937
4274
792
1554
6030
644
6492
2458
1187
2930
2384
1888
980
6816
4749
5302
5576
1586
814
3620
6473
6657
3877
620
5740
4154
5867
1714
95
5286
2931
1280
204
1708
617
1990
969
4129
3628
4958
6848
274
6908
1542
210
3841
1778
2950
5475
4355
2724
4553
2794
962
4577
5752
3216
4686
4503
2522
4434
2806
1830
504
4892
6148
5480
5124
500
6087
4720
2594
2008
5602
4557
5887
166
369
6209
374
2406
1492
6482
2122
3357
1388
1820
997
2993
2475
6400
1190
1332
3632
6350
4929
4695
919
2298
6121
764
2479
2550
2457
3832
4149
2460
5400
651
4567
94
1786
1781
6987
2572
4003
3479
4268
3713
806
2627
6414
3603
2340
2754
1601
901
6408
1096
4962
923
1599
5581
2152
5608
3206
4490
4521
5071
4683
5934
4517
1117
2717
3245
6682
2543
3480
124
3846
4542
4320
2635
6988
2683
2175
4687
6021
64
665
603
583
709
4964
1938
3332
6108
4782
5012
6249
1746
5159
299
3671
2298
4693
5904
183
655
957
831
2861
3685
5215
2340
2367
2061
3747
6024
527
5492
128
3796
4396
1286
2796
2104
5399
3020
3085
3705
2529
3359
525
2053
202
4488
5804
1940
1700
2471
3463
3773
5846
171
4335
1618
2780
6308
597
1145
2924
3443
5297
959
2459
842
6385
2795
5294
1549
3942
4909
5733
2061
6867
6913
3801
6877
1903
484
5063
2051
3193
482
3916
589
5731
1825
5680
3924
4719
3621
2271
3242
1919
6177
2498
2852
633
1503
5725
6523
1990
1436
4985
2573
2052
955
2441
4971
401
3748
3594
3383
5752
3241
6036
1293
1488
2973
5941
2154
6392
3513
3957
5493
3927
1140
844
3904
1143
6695
831
4514
3826
3058
2145
1229
788
4830
1398
4848
3448
1128
635
4232
1671
1135
1241
1960
490
1794
513
1625
3489
6673
3481
4031
3549
1054
4396
6795
5271
359
2776
2878
2436
3316
1225
5721
5495
4607
2955
806
1246
4093
5877
6058
682
1479
6872
2321
2845
237
94
5510
6552
456
4648
6934
3700
6026
4200
4312
1430
1885
6077
6635
1016
3908
3381
1244
890
5818
2189
2586
3808
861
4563
3760
1325
2558
6524
4134
5381
5961
3858
4084
3992
4091
341
5741
5794
5316
6499
6459
4399
3875
1930
5157
4716
1056
3393
3346
6568
242
4599
4232
1498
2758
1987
3198
4196
1616
4842
6554
5205
4673
312
2696
6917
1750
1301
4423
3585
4425
6705
1665
6430
598
5386
6048
1410
4851
4385
3056
6
84
2485
3276
6007
6003
1496
1128
2532
745
1550
2577
4450
5243
2147
2428
171
6628
3836
2994
734
979
2493
5318
1656
185
2938
2591
1223
6761
2834
4953
5022
3052
989
1866
2533
5640
2374
3324
6600
2620
5323
6534
2672
3875
4881
3175
4399
6026
5533
1504
3941
3520
5813
6156
2919
3649
3373
6168
4151
6998
3534
5393
4494
6661
2688
6566
5270
2089
5952
1699
1909
2430
5677
2822
267
1947
6533
2162
3844
5844
5500
5798
5369
6266
1316
4714
3633
1706
6024
3925
6949
3279
5802
5397
1882
5852
5349
4044
4815
6298
3948
6275
6685
874
4569
5518
2415
4216
3690
5243
1247
1669
1718
2953
2128
6415
5870
6185
6410
4063
5118
2027
3775
1038
4506
24
468
3885
221
1839
5644
3464
4365
5311
358
3133
5067
3280
2447
495
374
710
3938
1986
6215
1467
1444
4082
2975
5647
1828
1573
60
3438
6031
2449
3571
1839
2010
3139
2607
1317
328
2941
6879
5812
2772
4667
5806
1905
3760
523
6524
558
5739
3326
2298
849
6898
5999
1907
536
5277
1143
6445
4875
1674
2891
4959
6805
3687
1251
5213
5048
6592
191
4254
1445
5105
4040
2095
6645
2430
5784
1992
759
886
2783
1723
3430
5293
4859
342
1342
224
3163
1486
2828
2020
5576
2371
2607
5575
6688
2179
4622
2512
505
6462
5702
1955
3703
1689
1344
4964
5754
5566
3870
1333
6927
2104
6856
1939
3832
1132
4112
4266
2683
6763
5333
1712
6924
6052
2064
6015
832
6846
1753
4388
3767
6443
3012
749
3381
3512
3934
3352
6445
4682
6630
574
3738
4714
3986
3030
2372
6913
1263
6605
3115
3606
2292
4252
91
28
732
4850
2733
5481
1302
5872
1053
2257
6147
3859
1653
4866
3339
5300
4494
4927
3916
1180
1125
3488
2064
275
6370
4737
1697
5607
2801
6998
6236
2866
2602
5760
1416
2324
4139
5217
5241
1119
4152
4004
6229
2290
3380
1464
6610
5125
1671
587
6498
971
5564
6403
3525
622
3950
4960
4098
1780
6566
93
2649
4998
724
4261
1639
6034
3031
538
5398
5790
5386
1784
6336
4877
142
1969
4361
1887
4110
273
5919
5448
739
4418
3791
6394
2324
1674
5812
590
3921
5319
5550
2310
3468
1877
4141
238
3533
6919
3633
1073
1009
1297
5400
3952
3814
2990
4610
3949
1598
4245
1589
6606
2893
790
2920
4013
1520
6875
3710
2307
5348
3050
2001
3012
464
6014
743
5342
2337
5076
3550
612
2024
2316
4408
4336
6993
350
451
12
827
3523
5472
2961
6071
5542
4549
4529
231
1639
3945
3558
956
1599
3388
1590
2211
6035
3065
1918
4502
5719
880
5459
563
2795
5852
327
4131
2811
6886
5865
1065
5984
3812
4309
6532
1772
874
2507
4939
3794
1187
4844
5805
3044
1156
4798
1618
6175
2725
6952
6473
1257
461
4929
878
3563
473
1268
815
897
2152
5141
2596
6302
6158
5047
1817
1404
731
6198
2114
1321
5344
1951
3938
6661
165
3936
3343
1400
6401
3106
893
560
6343
3019
3421
1000
3250
2080
3538
3653
3493
2327
2417
3882
4898
874
5410
1275
3428
2528
5567
5470
5970
1861
2168
3349
587
3978
4704
1672
3953
3911
2383
3832
2924
3893
3413
1295
3100
104
5184
3242
2769
2298
6050
4168
1850
4707
5219
4628
1097
3019
6342
3854
6312
2130
4138
865
3322
94
6919
5413
2520
556
2779
5476
5318
1931
3793
6986
5706
4969
6244
1621
1888
6753
1085
2108
6853
2676
5951
4436
782
1828
6475
3366
131
2704
1437
4092
4430
3097
1570
6426
5226
908
6741
273
4458
6328
6900
4086
4816
4511
1107
3458
5702
2657
1309
4242
2564
1283
4899
719
878
2423
115
3896
4177
3349
1525
2475
5715
2631
3100
6955
4964
6307
5344
4114
6789
6129
3892
192
3915
6972
2721
6236
6319
6158
1678
6647
2157
5747
1490
3912
6791
1015
5032
4001
326
5132
1582
2729
4101
5572
5826
267
5081
6061
6760
1236
1217
3106
6645
1874
2118
662
2625
1439
1118
1459
5589
149
4932
4753
25
716
6444
3642
1384
5662
5821
1297
4651
3827
567
1587
6102
1368
2742
6767
3795
3067
5723
4551
1337
6545
2445
480
2472
1681
2945
4229
5924
3105
4515
1983
1532
1342
504
2642
5806
4633
6842
3609
57
4964
6231
3146
3478
2773
1654
5163
3043
3865
6038
4843
1469
6826
1149
6606
1154
963
2
5017
2649
4336
6233
3923
3382
1762
984
4196
2630
2416
114
1895
3339
6873
5927
1147
3820
4342
6765
928
5669
5981
5760
3172
2318
3327
4346
6357
4418
5723
2519
5792
1990
1732
4167
337
2396
6725
6424
2204
1916
1717
1136
671
5774
1102
5404
482
1430
5247
3864
4647
804
4897
4292
5860
767
422
5831
2664
2205
1469
3170
6505
3169
4379
1635
5251
2114
3347
2005
4165
3604
1038
1920
2414
4046
4470
2147
4333
4367
6812
2314
2678
5157
9
3925
6776
580
4762
2608
2851
4599
788
3272
3407
3605
935
1761
1143
3131
6063
5689
6812
1651
6414
1295
1687
4390
141
4622
3094
1115
3785
6696
6296
596
5674
1697
5883
753
2798
3009
3202
3315
5773
1733
1149
3023
1829
4755
1512
4212
5046
5720
94
1171
1040
4009
4806
3779
688
4866
3987
4518
1426
5413
5321
996
392
4138
4171
1658
3872
1007
6474
6566
1291
3421
4304
3145
1178
4248
955
97
3204
2800
556
4810
170
3104
1343
2153
4899
619
3997
6405
787
966
6037
418
2078
4285
1538
5803
1003
4230
382
5883
4379
6940
4484
5529
4753
6777
4090
5030
5827
1132
2029
2283
2958
4690
887
1523
3745
316
3691
4371
5456
1005
4233
2674
6544
5807
5485
2145
6138
2633
5554
5728
6945
1230
3460
4985
5677
3228
6875
5813
1770
280
3755
4442
6514
6091
4049
2070
5335
4987
4280
3011
4437
6777
6592
1855
3828
5218
3984
6126
2163
4300
4995
3222
2775
5519
6718
1199
5932
4485
1529
757
379
6655
5772
2756
137
6742
4489
4982
432
2131
2039
5963
4494
3211
3855
3382
6243
4571
5151
5696
3417
3956
5827
2860
2268
42
4764
3470
2416
6319
6681
496
370
5519
202
5659
1703
5951
3131
174
496
2727
1933
6038
6095
705
1976
2067
5771
4750
5525
6570
5920
6124
4681
3276
5458
4933
171
3522
1047
1854
998
3651
1588
2554
2625
6197
648
2571
1932
4643
6461
5469
1158
3817
1948
6087
2409
2401
5408
4254
4727
2768
5995
2184
5518
6515
5717
114
3262
4624
2780
6319
4628
1898
3757
2309
5775
1548
1743
2533
6063
4921
4616
1655
6077
4094
4658
6488
1030
4749
1421
3577
3017
4583
1120
3965
3352
2196
6810
5662
1459
2122
5003
5261
5663
744
3288
5508
1118
3070
2714
3130
2240
291
4480
6650
1672
675
6155
6888
3537
283
2111
490
767
2801
3170
6454
1106
5581
6669
2230
3396
5350
6631
2460
2636
3314
3561
932
2027
3814
4164
2381
4300
5926
286
315
6785
1074
6364
4324
1800
4654
122
388
6004
4732
4373
3640
4472
535
5305
4932
6758
5831
3222
953
1574
188
1317
5871
2986
2208
1585
1034
5494
2782
945
3164
2997
4569
5994
4415
5078
2411
3016
901
2053
5539
125
1766
3934
4697
75
2653
6829
5025
6419
2399
5737
5489
4872
2393
2807
5921
4565
5246
866
2542
4435
4562
1128
4451
4039
6149
783
6965
5296
6679
5359
3193
2918
5308
4417
5293
4502
5405
3869
4264
5914
675
970
6142
3093
4296
773
3531
5540
5060
4516
6547
552
1473
1421
3036
2936
803
1528
4250
1084
5791
2051
6629
556
3591
2748
5992
5270
6864
4857
3520
1543
6288
6379
319
2905
3399
3073
6444
4506
105
721
5417
2861
3708
2065
5473
74
1357
6948
755
6552
6369
2888
6152
6707
5603
4228
6285
4073
5201
3246
3421
3430
1075
5986
703
2791
6994
4231
143
6347
144
4404
5843
6638
89
336
4356
5487
341
5463
3135
425
5914
4560
4415
4095
3746
3475
3729
4808
1150
5304
212
4635
2239
4347
1707
6644
1172
3051
3152
1291
2845
2874
5190
6854
3283
1782
2739
5437
6241
6038
2480
2107
5907
4097
3407
3100
4722
1735
3072
2978
5362
4947
6088
2
96
1736
3446
4443
3418
6041
1283
1982
5997
93
3670
433
317
3679
6001
6646
381
6003
1403
4889
4683
1749
3179
4926
3711
6051
2461
440
2000
5923
2884
583
5923
5535
3261
2745
785
460
1884
681
5459
6923
4046
1436
5237
1286
4818
888
2252
3828
4556
1951
1357
968
2006
2417
6204
1900
149
3073
2981
2131
3254
798
5859
2595
1052
1945
403
5849
3488
3318
1636
4303
5603
5699
1149
153
3234
3229
1034
5469
3894
4978
6957
5576
1286
2738
3733
5509
3260
2367
6982
0
4322
2099
6565
161
5271
5000
213
12
5993
5442
4555
2997
3416
569
6938
6386
941
3811
4260
2256
3438
2510
6270
3607
3919
1811
5191
2410
4645
6702
1613
3534
3050
4314
5284
4700
6561
1681
5619
5409
1717
5665
1116
986
1186
1099
72
2733
4199
3508
4317
1019
4719
2670
1238
2
5315
105
1621
1439
5693
5859
4311
936
572
2975
5308
2304
4463
6417
1545
2891
159
5647
3428
2417
1005
1924
6259
2704
4965
3606
2690
4737
2022
3335
711
2493
1543
6696
972
137
4392
5073
6576
2444
1634
3902
3146
1113
3468
5652
5235
2440
3747
2937
1238
3446
1941
1952
6607
5365
4938
5764
5206
3431
2831
6564
3223
3348
4672
1621
4079
3907
6826
5573
4796
2732
3770
3659
1793
6828
3677
1157
4453
1594
653
993
5287
3510
5837
2445
1984
3777
426
994
853
1288
1493
1530
2544
4946
5617
394
5778
4265
2797
3195
5367
1349
3711
4859
6117
1203
6974
328
1962
3645
6770
5068
5162
5612
4874
6196
2530
1752
6649
1283
6012
3320
614
412
3479
156
2654
3045
2322
6679
72
2350
3637
4091
1285
6800
4235
269
1338
4434
2928
4879
276
1975
1611
3452
4343
6764
1073
1006
1619
6877
2958
611
3251
31
6336
1262
139
4440
4442
3682
1741
963
5257
6737
1080
1255
2703
3523
6087
4199
3777
2402
5257
3652
1231
5626
3721
4903
3936
6470
3292
3147
1672
38
3091
6854
2575
4788
6484
1128
5070
2317
2673
405
2249
6269
2309
3941
6644
6579
4246
3986
5339
732
556
6329
5202
6555
2180
3881
3653
3518
5001
5881
3677
1691
288
6094
4416
6946
3102
2346
1131
3468
3624
4568
3583
5977
2142
2964
4510
6768
5102
1856
2848
4543
2089
3832
1822
1298
6284
2119
5290
4232
1212
4107
833
6017
3174
3067
1231
4923
5491
72
2917
5636
6781
4953
2128
4170
4473
3889
313
6726
3337
3148
1173
3543
5396
4087
3249
3283
6308
4052
2052
4296
1923
4685
1217
5353
587
1456
415
3020
1649
1144
3127
4112
4381
3524
6705
5532
3921
3313
3194
3186
235
715
670
274
2889
5168
2583
5275
728
2213
4312
4580
5321
2434
80
5193
457
2377
1862
4809
6083
4229
5381
3620
5700
1524
2556
6610
4026
2294
3165
4967
6242
792
5031
138
3805
841
6379
1716
1814
3646
3912
4630
322
3032
2123
140
4029
5051
4686
494
5333
2914
1619
5932
3765
3542
582
1313
6336
526
4077
4953
4168
4168
5636
5196
3034
6005
2457
2556
272
482
4201
2979
5899
2090
3789
4934
4338
1034
2613
3294
3395
6493
1398
3949
5797
4757
2691
4237
6624
3483
3230
380
2170
5934
6249
1596
4126
2271
3134
39
5227
557
4447
6247
2926
5652
4170
5939
5261
2593
1021
3086
282
208
3834
4474
4127
2326
855
2242
3812
5019
5501
6461
4611
2943
2642
3174
3460
1453
6157
3791
6546
5781
3054
2870
1953
4987
4879
5528
5234
5996
6187
658
2740
17
2906
1847
2329
3949
5990
2380
6570
2808
1701
2911
6104
4142
6547
5637
4184
234
4195
3530
4922
595
2089
3699
6711
1681
1639
1688
5132
5408
5355
2926
2743
1403
3890
5993
933
981
5539
3902
3613
3608
3218
5870
2381
1320
2015
2398
791
345
5306
6484
6695
1901
910
4100
3436
3683
6847
5288
5232
4881
537
766
3078
6242
4855
5435
6767
3618
6884
5325
6785
1774
1537
1022
2397
2320
5700
5029
6691
4872
6041
4527
2796
6311
6224
2323
3340
6757
90
1634
2682
5658
6849
4101
485
1241
4044
1377
3012
2033
6043
1981
3738
3221
685
5516
5621
5371
2412
6734
3434
986
6738
1649
3438
3972
2882
4453
5131
3827
637
1916
2829
280
1279
16
6640
1374
5621
5695
6448
3581
5318
6514
36
4851
3507
6971
792
4293
6548
1148
270
1475
641
3293
5849
1913
2593
1445
93
4329
2051
2994
4398
5942
1527
5771
4347
2124
4191
2162
6903
5611
6927
5567
1324
5043
4270
6696
4220
2353
1624
5085
4773
5927
3514
1143
528
4417
3602
6145
5807
4268
6256
6790
5704
3825
4852
4730
3635
6191
2493
1357
6188
4991
1659
5826
3564
6321
5859
5637
3955
59
2844
5859
5986
2354
1642
6804
6848
4625
2567
2227
3187
518
3729
1206
6849
340
4772
5008
4874
3659
6172
2628
3571
5292
5798
541
4122
3104
3372
3544
2153
3713
3836
5843
4089
5008
3701
5255
4341
884
3301
4584
167
3132
4713
3093
3635
2684
2465
5627
5990
3156
1959
6036
5994
1287
3005
3653
2193
1374
832
5565
6259
2964
3844
6544
191
5693
2885
6388
6274
1071
1832
227
4174
1651
6524
2767
3946
1845
496
4029
6746
4942
1098
1343
2987
2155
305
6861
2669
2790
4696
1942
2021
362
3664
5912
6334
4789
1857
1559
4508
3974
6548
6690
2829
357
1863
6921
3499
6506
2782
4571
5474
1341
4314
5292
3803
1356
6265
123
2539
3132
5267
1321
1147
1959
2572
813
4284
2492
1474
5741
3102
2516
4021
2239
1382
6599
2101
846
4106
223
1221
6504
5178
1581
2891
4972
3669
5456
2744
5729
3237
6660
5658
4977
3624
6918
5995
3684
6820
526
334
6577
5686
6989
1150
2535
3854
5942
171
4706
3611
5681
5282
690
5079
6610
3831
189
4126
3368
4002
5532
6481
5218
827
3066
5737
5116
6939
6465
1978
5887
4057
6039
4742
5366
2581
3622
2490
3140
6892
698
1097
4684
3953
1619
5883
6040
5428
3754
2026
5155
6282
6047
4641
130
4537
913
6562
2684
5390
5999
1874
2483
3949
2100
6010
195
5604
784
1149
2655
3437
4384
1953
6467
534
3592
6556
2827
2782
4935
1964
2698
334
2392
11
2840
6897
1089
1118
2955
3186
3964
2288
3326
5721
5483
2583
6591
5633
5608
4259
1817
2993
866
6614
506
5149
964
997
6543
856
5488
5138
5412
2688
6113
258
2472
6894
2294
4746
772
2801
6778
297
5916
1454
4192
5689
5742
2694
3451
1872
3760
2268
5644
2574
4478
3617
4253
3682
3865
542
3322
6869
291
4949
4207
770
2006
2925
3788
5673
1076
4120
2878
5327
6417
2802
5879
1708
1397
4312
3517
4464
4774
379
4312
2306
5235
5120
3013
3511
4355
3613
1080
5564
5347
490
2846
2600
3966
4601
5624
2528
5263
2851
2972
5544
2730
5329
1877
1635
456
652
4930
3656
1249
3689
5028
3113
228
1332
817
5264
3874
3736
2078
5385
6521
1433
5882
1774
3428
5382
797
6195
1184
6790
527
4655
4521
1014
3013
4667
1770
6804
4534
6506
5092
1739
4435
1581
6486
5115
5893
970
3042
5268
5809
656
3304
6471
1062
5322
2428
1841
296
1925
2851
381
4316
2120
4523
4781
5611
5231
1176
6581
6572
3492
6450
2900
3546
1667
4500
1799
1549
3528
5936
6164
6132
2991
1213
6264
3616
5423
6155
6101
5787
852
2021
5252
3303
6711
1069
1666
5812
6661
4733
5450
4097
3817
3201
4808
6140
398
1963
6901
332
4189
638
1668
4347
5488
5140
5895
1418
4865
3835
4263
2908
6921
4482
142
1700
4065
3073
715
6315
2438
1070
5793
481
5533
2324
1244
3357
4083
4414
5025
1919
2703
1746
5473
1307
1959
3440
4506
3304
6108
2353
3354
6
11
3573
1305
4143
3936
1500
625
3724
6849
4358
4077
560
4052
4991
3435
6273
1902
3386
6727
3906
6721
1134
3302
5742
4338
2662
5404
4672
6636
3321
3450
2910
3980
762
1927
851
6634
1611
2906
1795
6088
210
3817
1977
1690
246
3794
5261
6707
3514
3795
329
3592
3383
207
4594
4234
5713
5688
796
5398
4120
4604
3374
3089
2990
1086
5261
3378
2944
6409
1877
1352
5150
3163
3641
6972
5396
36
1923
3445
739
2377
5272
6046
3706
865
75
2502
741
6892
5401
1532
2744
4955
6092
4469
1237
1440
6881
3668
2073
5091
5069
1516
1004
149
6620
3373
1295
5253
746
1496
1176
2765
3666
3865
6641
3360
27
4704
3200
18
5523
6652
3735
172
5436
4197
1154
738
267
3692
6272
4619
1223
3737
5579
5693
1318
345
4386
1074
1979
5986
726
4251
5124
972
5794
5615
5968
3605
4931
1879
326
1537
4447
186
760
1237
3514
6544
6038
1982
5259
965
5607
2923
6893
85
4035
4204
345
4662
4764
4653
57
2414
3962
3914
1503
4890
5885
5905
5204
5088
6285
5903
6997
4865
2686
4464
776
3534
3608
4167
6068
5270
4466
3493
3998
4506
5454
5466
3320
3510
3544
6701
380
4300
1960
5538
742
2349
4255
4175
3639
3383
5958
5178
2238
22
3401
6971
5769
2664
2187
4969
1961
4210
6131
236
2363
1056
1812
2583
4579
5773
6251
4504
3379
6319
2961
629
2354
5805
5928
1932
2800
4209
3299
5295
12
1652
942
562
1896
3554
1564
6602
5805
4283
847
988
6296
6971
3457
887
2110
3047
3785
1096
4804
3284
2858
3000
462
5182
2422
5484
1441
4049
5160
3896
6853
3584
4327
5952
4346
5448
6974
3813
6131
2904
6088
5353
3768
6823
273
5935
1165
633
1375
6305
3560
3687
3063
3360
1984
2155
2893
802
3481
2293
5859
4619
5884
229
3194
146
4994
6686
6575
5510
337
4050
1484
2174
3336
2567
1551
4354
6460
350
472
4841
309
237
3476
4855
5547
1160
1103
2355
970
2448
2158
1323
6940
4503
5874
5180
4085
5455
545
5265
6946
2727
5806
2119
2163
1801
2081
2092
6135
1083
2233
658
967
752
773
6227
571
282
138
5242
5328
2126
919
5396
4491
5571
916
265
4127
2296
3593
6171
3850
746
3635
4074
6142
3920
5089
2113
4499
875
3532
5472
5169
1076
1949
6999
3051
2156
345
772
6992
4434
3623
5178
3699
1981
3515
6654
3155
4646
5235
4038
556
4552
4262
49
1356
6023
2236
3365
2642
866
4919
1777
5128
1127
1945
1911
1209
2994
4729
341
2429
2249
5517
1937
5362
3567
6275
2327
157
1539
6402
6600
6526
5372
1915
4904
3754
668
6109
5972
2489
2261
1638
5887
95
3068
357
3632
3488
3905
4980
1865
644
4320
2268
4078
2803
5639
2584
4679
3090
132
4939
6700
5811
3467
2758
4829
6811
6233
3458
1755
3364
2304
2107
1438
2499
31
4933
5892
6068
5996
848
4051
6625
4177
5943
3491
5754
801
5319
4219
1366
1549
4443
2838
1079
6944
1084
6682
6644
5323
3477
4085
2696
2581
6772
4324
4055
6555
5860
833
3137
536
5256
688
6223
6009
3051
198
5803
888
2515
2319
916
898
5859
946
5294
3543
6759
2507
4576
6782
3059
254
4183
6874
3236
5074
6960
3518
5896
898
6155
6472
5001
3659
3459
1100
228
1186
6865
1952
6368
6862
5560
6447
4842
2037
3836
5357
3334
5390
6748
6854
4151
6938
214
1259
6343
5039
5225
834
5579
3698
5806
1024
5198
5681
2888
1990
246
3963
2522
1358
3443
4821
2304
1432
3635
3617
3517
685
6394
2940
4771
1495
2559
1821
3170
3771
1970
1893
3463
468
5122
6080
3478
2453
2067
3174
2579
1275
4188
1997
6449
6165
5022
5855
4749
1081
529
6276
3797
1348
361
6540
3002
1885
5021
3907
3309
1550
1984
6705
2094
1528
3960
6741
1319
3899
1060
1037
5743
2703
4115
5885
6642
1497
6615
4953
4518
2509
3505
5849
3432
2981
2222
2688
3581
3091
1270
6161
325
3897
2157
6743
889
2354
6571
934
6397
5284
1918
1323
2680
1501
3207
2221
4329
3271
3138
6447
1596
3722
5735
3236
5194
2588
5773
5221
5551
3991
6182
1017
3476
583
2430
314
5828
5526
4189
6848
6860
4518
3348
868
5252
4651
1620
3315
322
6779
3121
6605
4750
2706
2678
2265
5503
4558
2859
6991
1860
5876
5441
2577
1151
4301
4109
815
3220
6808
2907
2709
1368
2941
1298
2708
2085
3035
4525
2618
1353
6575
6842
6766
2453
931
6227
4964
5779
6174
6578
6297
6513
77
3650
1428
603
6310
5848
4401
2205
2532
4969
3803
3173
4308
612
3158
4903
3595
6456
2278
906
2466
4472
1887
184
2063
1315
2250
3987
169
3921
896
4122
3335
4718
334
219
4110
203
6333
2338
4750
5034
5741
4008
6839
5911
4030
6335
301
6719
1651
1033
1309
6448
203
3641
6019
399
2893
2209
3490
4585
3407
2258
4607
1225
3371
1506
3426
2840
2127
6856
1233
2459
2184
787
6211
1998
1458
448
4190
5287
6285
6018
6998
2861
5616
3620
1067
126
2667
5586
6629
120
3300
6206
303
4471
5520
910
269
5517
2379
1314
1187
1488
686
6715
683
4886
6668
2175
3514
6107
5809
1969
3240
291
1879
470
2907
4267
1783
3042
2519
5249
3808
401
4340
5564
5703
3561
5795
6349
5916
6669
4622
4941
3644
5444
4340
6993
4200
4984
5653
3721
6346
5499
6232
1270
3943
1250
5735
4073
549
854
1819
4976
1658
1736
2082
5371
3638
4753
2057
2261
1751
1620
871
4150
2495
2211
4577
6389
6780
6861
1387
1707
4779
4314
4953
3115
4202
477
5243
6381
745
3768
4238
1657
6900
550
2445
4273
4424
1473
3547
80
119
1508
5987
5518
4938
6098
2422
21
2034
5773
2984
5550
4306
2267
2000
4093
1605
163
1530
4547
4512
6965
6947
3609
1203
5080
5136
3834
3353
997
6116
3050
1321
4008
6868
923
2953
5038
3920
1398
2110
3258
112
5518
5131
1722
5984
1144
6451
6439
5842
4710
1180
274
6863
1499
3426
2537
3817
2514
5701
3728
3672
1991
6889
2845
2167
3311
4488
6460
4106
1259
1606
5505
342
1310
3336
2788
6229
4584
729
2293
2621
4540
6099
1761
5780
5460
3071
4166
5987
4244
3849
5984
4619
2044
5074
2246
440
214
3291
278
3585
360
164
1733
6592
2540
1422
403
5924
2178
3163
4723
2985
3079
5864
6344
2193
3574
1587
5226
2905
4213
3567
488
5594
1835
3201
3304
611
3686
4471
1930
1992
3049
1316
3234
2152
402
4498
6812
3328
545
2964
6050
1864
5652
4727
6529
2031
6255
4045
378
1073
2457
3101
1924
3537
1051
5578
4710
5739
6033
2198
5818
4579
5378
3531
1078
3012
701
6007
4724
30
2305
3593
3072
6327
5759
1820
6306
2852
3291
415
273
3557
3548
3062
4920
3651
2421
5553
6413
2454
572
4622
268
6815
5304
1741
5466
2358
2712
6593
1909
4369
3247
1814
4201
1994
4787
5611
2925
2060
1668
6566
6492
6530
202
5062
1904
628
2951
2201
409
6223
5051
1850
2242
4215
6294
6246
1877
2427
3641
6612
4197
797
2414
3927
2600
5021
2845
2825
6296
4106
3888
5765
1871
132
1630
3513
5856
776
6436
1270
973
3809
1570
5734
3346
2896
4041
4745
5680
4943
3970
372
2494
5407
6106
1127
3562
1084
5281
4128
4693
6138
3290
6649
3045
2527
2109
3811
2948
4933
5160
3110
2045
2809
4228
558
1631
6541
1212
6635
250
1678
760
6077
3262
4155
3375
5506
2930
5507
4675
4750
5546
217
5574
1702
867
6711
3755
3801
712
868
479
387
1686
4668
4679
6399
3700
2202
4547
4136
420
4772
2839
3852
4719
6195
3914
718
6709
4150
6887
4270
4946
4682
5281
3607
4852
6864
2588
6157
984
6539
1286
1017
1164
6828
6997
1923
6679
1220
4586
6795
2453
2637
4234
2355
4391
6213
4494
1333
6071
4456
4968
4708
65
3498
5870
6129
92
3678
1379
109
1968
2885
4416
1662
6410
1014
2698
2624
5347
2918
4149
2657
519
5933
3151
6296
4792
565
6447
1331
6603
4543
3555
828
2762
636
1761
4904
2144
2188
734
3020
4540
895
3826
2892
2037
6702
2356
2841
6564
1309
5041
3973
3390
1351
6240
5070
4104
6822
105
62
3493
4333
6828
5107
3395
788
3215
4999
2252
6568
487
6422
3208
5796
2526
279
1496
5552
725
1698
2269
92
2265
4060
4895
2289
3122
410
3338
6020
3873
2087
6418
2088
4359
1731
5055
6175
2930
6459
2971
4012
5266
6503
2129
4456
6178
3341
744
2608
939
6351
2180
4255
1170
4514
1686
2581
737
1046
2841
2956
2906
4269
1661
5922
360
6970
2530
5328
6488
5008
3538
6126
1389
4692
73
4856
6386
4864
6920
5289
5319
1092
2356
5971
1230
4275
5254
4816
5056
5495
5835
4649
4481
618
5940
832
5450
6347
1232
5971
6397
3457
3748
512
6786
5103
2525
767
2224
1740
3829
5801
2632
5766
5705
1387
6931
6826
4779
2599
3220
2746
3155
6743
1672
5035
5048
6006
490
2170
141
469
5795
5739
526
1863
3919
622
6529
618
3898
2886
562
147
289
335
5415
5124
933
5708
6522
4276
3145
2122
213
3835
6613
636
5975
3824
100
291
532
2426
712
5938
2244
5311
14
4660
6978
5396
4627
498
3500
6394
6061
6877
3490
5609
5630
3684
1527
5900
6387
6515
6813
5272
5116
1736
1837
1722
5004
2979
5963
6964
6863
1185
728
5404
4347
1549
5354
2498
887
860
3342
363
4625
5555
1286
3063
1060
1887
4205
4315
5942
1161
3350
347
6223
3652
4869
928
3541
2316
6981
1346
4525
2781
3601
1162
5332
5037
5494
375
6419
4303
4517
3803
1089
4429
3207
5544
5730
5785
4657
2997
5653
3656
3054
6903
6132
5044
1708
1766
3708
6772
1558
2557
5892
4010
1017
165
867
4400
819
4199
2770
2328
3029
6932
1464
3415
3569
4723
1316
4533
4166
6373
37
2572
3960
281
3334
3019
4149
2479
477
6238
6490
2411
5698
475
3148
1905
4853
6547
3451
5663
3184
2211
6865
4699
5828
446
6864
3169
6471
3281
953
3489
5994
4794
6280
2492
777
2894
1773
4921
884
4294
1222
4504
6835
245
535
5521
4982
3568
1052
5162
3266
1419
2013
4180
2551
6244
5080
5673
5846
5782
2341
3908
1008
4565
5210
5564
5714
5064
2103
1278
2749
5592
2636
3678
1881
6867
3302
4563
378
157
944
4228
2226
6533
3222
395
4558
3119
1477
5132
5341
5691
1183
3737
2347
4313
2778
4230
1044
4070
5536
2092
4867
6704
3217
6468
1826
5435
412
2721
4700
1469
5549
3106
782
4068
6480
1027
3965
2794
1643
3416
4809
1378
6698
3525
6214
2018
5724
1077
5163
2420
5955
4069
6019
555
3289
2163
6505
3814
3085
5240
5745
4092
6813
168
762
3229
6942
3858
4319
17
3319
1448
1629
2023
2867
5461
5270
3116
5532
4693
955
1238
1597
4302
81
3611
2160
1737
2179
6747
4847
5765
6861
4407
2006
5360
472
6156
3708
4747
5465
5728
4019
5721
93
3128
4941
5683
2327
6707
1438
3683
5121
2631
2081
59
4969
3958
6163
1282
5826
5756
379
5986
1212
5512
1635
6313
1430
6029
4216
3921
3008
1907
2892
6110
3421
1159
6621
4124
6117
5132
1239
1211
4576
52
4084
3200
6150
1183
2780
4593
2636
5406
1239
1604
6858
5605
6711
876
3087
4795
4123
2338
3397
6079
3334
3804
2122
3160
1127
940
4307
5905
6425
2528
1021
3840
6490
1761
2102
5738
2376
6794
6453
2189
4799
3919
2330
5344
3864
6343
2496
107
6172
3528
1031
4327
3230
6550
3630
5497
398
2527
2222
2136
473
4382
6578
6128
998
6345
5755
3171
2123
3234
4711
3164
5454
3143
4377
3487
553
1734
6748
6640
3364
2872
3504
5502
6374
6480
2872
4260
3894
6185
6642
3132
163
3241
5717
800
1268
558
1465
1183
2770
4828
4208
1768
4473
4808
5147
1677
6245
1699
2295
5567
3402
5062
5638
3874
1283
4719
4113
2813
4116
4958
2659
2897
6939
6918
1425
515
3057
3483
806
5792
4551
732
5243
5668
4587
3909
5003
2407
3178
5037
6677
3708
4567
990
2011
2798
3186
3230
3615
2002
5668
6121
5965
5228
2006
4657
4779
4919
2945
2907
1284
5796
1648
1055
6781
5901
3801
3780
1263
2527
243
2925
1259
594
2458
3476
4451
2831
3989
2786
869
2437
2913
5904
1491
6175
1518
2100
6413
5837
4815
3244
6241
4574
3655
1544
5264
6759
1183
6935
1433
170
3236
1777
1611
3158
2853
3068
3260
159
3602
5062
4871
6858
4655
557
1002
6632
5864
6598
4333
1740
3760
2080
5558
2482
5266
1076
2874
2437
4704
1836
2206
4405
2217
813
5132
5276
3740
2738
6216
3404
299
4390
6746
6575
764
6437
1406
1577
3929
5680
3031
4350
5791
6708
1666
3708
5483
6766
4902
252
5288
3549
4306
4763
654
1075
1191
4343
3540
1593
4676
5105
22
1807
2457
2214
4577
1421
4131
2280
1795
2768
2533
4575
1144
3300
6760
3416
3048
123
5569
4616
204
6511
4257
2152
3031
1162
226
2764
4409
1487
6860
3929
4957
1756
408
2315
4149
5103
4092
5088
5604
2162
4173
6261
57
5228
1683
3131
4691
3581
6846
2173
1200
3486
3838
5696
2056
5459
5600
6359
2758
5398
3524
498
2702
1570
5723
4587
4785
5984
6798
3006
6326
6609
4578
3754
6820
1440
5664
1871
6954
5731
945
3046
5151
2326
1758
5439
5109
6804
6109
3332
967
5604
1767
6648
2060
4476
3807
1538
6148
12
101
4212
991
1993
4681
4203
5789
812
6299
1346
3128
158
4534
5303
5637
3747
4533
3498
6570
1521
3781
1270
4425
2971
3339
2773
2066
30
5135
4532
3871
5887
3845
2368
5049
5118
