270
160
299
34
363
233
268
48
145
278
73
279
186
68
90
363
90
244
386
330
162
83
37
98
229
344
4
303
195
215
263
18
279
355
86
141
74
111
227
218
3
277
263
60
76
336
296
45
241
180
99
54
135
158
380
333
86
85
336
296
117
128
19
193
145
289
298
34
281
271
375
351
249
369
301
274
65
54
255
114
178
162
297
237
308
227
202
276
230
98
221
38
84
372
2
148
30
192
350
372
123
363
364
145
377
111
142
144
191
154
4
109
33
67
103
4
207
183
323
363
283
305
271
188
84
345
10
337
292
227
68
104
51
200
390
150
54
258
335
280
200
304
348
276
179
201
82
158
346
302
363
70
262
8
44
207
27
113
63
331
87
62
289
50
230
10
361
193
165
398
100
222
49
28
249
330
251
26
382
320
107
364
7
122
93
299
261
34
380
353
211
262
250
118
72
245
73
180
122
86
217
55
368
375
190
321
145
19
221
122
94
29
20
148
153
201
99
204
289
394
219
124
43
54
289
270
143
149
14
11
188
184
230
370
72
135
291
228
7
83
142
43
167
122
106
315
343
56
285
17
290
346
235
232
252
15
16
234
103
7
122
83
50
317
113
242
255
209
84
265
208
142
50
115
93
170
305
309
356
380
110
253
285
391
354
327
153
85
237
399
135
383
49
304
50
72
110
203
171
186
213
35
174
8
11
293
99
274
13
310
340
391
11
100
6
85
306
46
182
107
25
240
145
144
231
214
255
317
271
161
45
277
266
360
247
261
64
6
350
149
178
97
171
94
198
251
384
103
96
81
71
136
154
129
218
319
0
216
110
352
26
217
44
374
23
90
173
153
82
25
114
344
372
364
237
358
374
325
384
113
256
100
368
365
227
342
325
95
16
380
1
5
259
390
154
195
31
190
214
72
