702
95
258
801
1139
2616
2137
391
1121
994
2675
975
2776
2416
1455
1730
2588
992
890
1888
2960
2827
1512
421
176
2348
740
38
572
1522
2832
1575
1624
420
1677
1867
416
2488
2494
759
529
256
1192
875
787
1114
849
2582
1834
995
738
2357
1708
2007
927
1639
1533
799
115
608
1622
2023
816
1616
1364
795
2308
1912
2932
2069
1223
824
652
2070
2697
2464
541
495
2944
2089
1268
2666
1559
1294
96
602
859
373
1759
428
15
1428
2737
2864
823
417
2917
936
2873
483
1154
2947
2143
2342
581
1846
2161
879
1682
889
416
461
902
994
2293
1784
1417
440
1240
2073
465
2437
2365
141
2953
960
960
2302
1408
1663
697
1016
1550
2670
1419
661
578
102
2398
2366
670
173
660
119
2908
2677
1889
2998
2906
964
2107
279
936
1768
1097
1055
1563
2125
2464
1523
2825
2492
1625
444
2053
2913
2774
1985
2509
969
2523
1329
2806
1614
25
196
1089
753
2589
676
2903
1875
2168
2701
1808
2992
1887
1950
2265
2496
2611
348
1052
2923
2739
770
889
2761
1925
774
395
1939
828
58
725
2113
2138
822
1451
2769
1583
2263
2756
1737
202
230
1341
873
804
2119
114
1448
2492
828
893
2841
2324
1510
961
1441
51
2008
1807
1984
2900
1776
1599
2642
900
786
428
1521
97
1634
830
2417
2301
310
1403
1639
1466
1630
2959
615
1807
441
2911
977
1089
341
1822
2934
965
1474
727
909
745
2396
2641
669
866
2844
1088
2158
672
2538
2624
848
2646
2184
61
2735
822
822
398
162
1818
2181
1799
2358
1700
2850
974
36
1134
2258
2605
316
2854
92
2774
725
2649
1640
237
1730
1065
2514
223
562
1713
2626
464
59
1789
1083
1458
1636
590
2053
1081
1766
107
962
2348
2831
811
914
534
2683
1743
2508
18
2534
469
2577
245
2355
2790
1174
2445
658
1721
2118
1272
1153
1561
209
1783
130
313
1254
65
1581
1464
1760
1100
1434
1680
664
2030
765
920
598
169
2006
2609
357
1677
2395
2893
1075
624
677
1219
1817
913
1276
975
525
1026
1904
887
1394
1707
173
1201
2577
658
1385
1592
270
1104
926
2965
1017
1304
1191
1377
815
345
88
705
1188
787
366
2554
1855
318
560
2596
1163
213
1313
635
422
2962
43
1632
943
2723
1426
175
233
2010
2210
914
1102
1578
1277
1970
666
2917
1485
181
2022
1171
2115
1371
124
260
1521
1610
638
791
682
258
1398
1995
1316
2363
753
2170
2103
1546
725
1142
1573
995
547
1907
326
2248
667
1788
1654
2527
340
1730
1757
1513
868
871
700
2695
1234
2337
2703
2943
445
42
1755
2053
2817
1499
173
173
2726
873
1452
1204
2612
1776
500
358
2623
2916
1088
41
122
630
1811
841
2939
171
547
2686
388
737
1667
2199
2209
554
1716
97
2563
707
2535
195
720
935
1657
1049
124
2796
1691
2160
2752
375
1717
1017
2181
2603
1431
2103
2805
1484
2740
2922
2935
2306
2467
254
1413
1577
2043
493
1259
1237
906
265
1182
2859
498
486
439
1875
937
372
1723
2657
195
802
2424
2651
1038
181
150
285
1962
457
2007
2200
1355
1119
2348
2881
1772
964
22
357
2026
530
870
970
1226
2503
610
249
2224
451
2580
2512
1725
1560
1608
148
1132
2882
2001
219
481
1709
921
2431
2246
1574
1116
503
1668
1402
983
2616
1306
1618
67
1600
1413
472
2736
179
2796
395
2039
1166
1159
2902
1848
2921
2716
552
156
786
421
2268
344
2980
785
2168
663
1871
157
2146
795
2480
367
1063
2280
2577
1415
37
2469
228
2907
2088
1976
2929
2645
458
676
1030
2451
1187
2185
438
1474
1673
697
50
1472
1136
58
444
381
762
277
1003
845
2538
378
2513
189
2659
238
1304
895
557
1394
2210
1947
479
985
240
2988
1136
1686
458
2789
583
15
2774
2382
2691
674
2892
1359
1413
402
2149
1663
1730
694
2659
1713
2508
1142
1596
1124
735
1531
2888
1502
1625
1386
122
924
819
869
1844
2168
1156
1566
410
600
1709
897
1833
975
327
845
2536
1170
2824
214
2748
121
2725
162
322
1064
122
1325
1494
1016
28
1404
2912
2471
2103
283
2430
2097
931
523
2700
2466
2177
700
64
1601
2212
1802
570
2218
2467
2983
1216
1560
210
2629
1312
2700
1600
902
2375
2287
700
674
2295
2969
401
1876
1501
1259
688
682
359
551
1652
2495
1348
2665
1112
2910
574
34
1509
349
707
1098
2832
2476
2
2399
2920
544
592
1206
165
1681
290
2597
956
2300
404
290
2463
2293
2968
2028
289
1733
451
972
863
2780
649
223
2050
1364
2609
1323
873
2986
2890
315
972
1496
653
2265
1027
2963
1421
1799
1076
1855
2705
1843
884
2650
1410
2060
2349
2020
2919
557
693
2345
2550
1909
1391
736
1221
2559
1251
1675
2366
789
2568
2259
2801
325
1466
2583
1636
1333
447
1913
2230
2656
1371
965
1169
2420
643
2335
1573
1703
1366
704
1401
415
2679
1876
1196
1427
1152
1084
762
537
241
2539
1866
1820
1134
686
1100
2841
158
685
120
2703
1136
1169
2601
0
2144
2585
2337
552
1526
949
2190
274
599
2910
2834
1257
1670
1528
168
986
75
2869
770
1219
2107
519
2552
2760
1920
937
602
690
1975
1898
2823
1140
1255
1032
1126
1940
825
733
578
993
2459
16
778
1559
391
2635
2502
653
969
2877
2366
287
293
419
1428
877
1646
167
1882
991
692
805
334
203
1301
518
1082
2757
2419
51
2655
2521
2246
1200
1570
2688
521
1674
31
365
527
2462
1114
1651
2416
1896
1604
2557
695
2613
514
2169
2315
2645
1498
2506
2197
392
2911
1784
1433
996
907
750
2453
1984
412
1920
2294
2777
671
175
378
1630
193
1755
1177
1113
1197
1228
1237
845
2911
284
1408
751
111
2660
1412
770
114
2098
2085
907
2530
1308
1571
2421
1333
1028
2996
546
1931
2415
1582
1984
761
2427
2450
2803
986
1813
588
356
373
965
1711
1630
474
919
2925
600
430
2190
1364
436
1247
1518
2876
2252
1673
2606
269
1915
2622
2553
2302
2823
932
296
1128
2409
1600
2725
2833
334
1728
1086
524
2486
2254
2820
125
2422
1521
2256
2082
2180
1134
337
718
1911
1795
796
1199
2792
2572
1376
1623
2257
614
2044
1071
2840
1617
984
2415
1015
739
1109
1883
1444
1151
1602
56
704
1701
2884
940
1110
2643
472
794
1635
297
1328
2221
492
2513
1793
1388
152
365
2533
1164
155
491
1417
27
2155
2348
2709
2424
2707
58
907
1489
858
1431
2870
2084
1223
1986
1945
647
931
1733
856
1098
2075
802
1551
74
625
2908
1814
593
1918
625
1525
337
742
2213
2138
1632
2352
370
852
2164
312
1211
2138
399
1746
16
2293
782
1981
1028
31
1604
2
186
1463
2684
848
1102
1587
1659
1078
680
1776
1084
1348
34
2768
1885
1702
2035
2152
798
1853
2949
1125
162
916
1704
1299
1606
1052
2625
1258
1390
1916
645
2125
87
2153
1040
2272
31
2270
2682
2325
1944
2424
1641
1459
1836
465
162
1844
2499
311
1016
170
1127
736
2343
2461
97
67
266
1731
2564
2878
2464
1324
2318
2160
1405
2985
767
1187
661
113
891
1776
500
1368
2529
2270
1305
180
414
1872
425
300
1820
1938
527
808
2643
1616
2985
2223
682
2371
654
593
30
1441
923
1074
1681
480
2845
2920
2022
1086
2888
1393
2961
1016
2782
707
140
853
876
2969
2011
111
510
1887
2161
1869
555
899
2812
1687
1443
2208
2851
208
1052
2320
1391
2025
1324
21
2767
864
1241
1476
2030
2220
1197
2470
2192
923
2981
1125
1050
2026
744
1847
1366
2944
1612
1650
533
1455
115
869
1296
0
421
2990
495
1667
176
2045
1218
1496
867
2012
174
2061
2992
209
1646
844
2767
1346
139
247
735
2220
1559
2875
999
2000
419
2302
2619
939
833
1231
1634
744
779
1433
1620
2315
1706
1427
321
2341
499
351
1925
1567
364
141
1304
1501
300
2715
1153
2754
336
979
2858
2569
465
2481
2526
1718
2611
1839
983
2266
369
2528
2117
2269
2220
37
425
2891
787
2631
2319
1654
395
1042
1898
875
2688
1537
2833
524
2460
2532
279
177
691
1107
1408
516
1282
1862
2184
2040
860
2035
2798
893
1243
290
2069
2338
1216
592
2370
2663
1850
2118
529
1279
2298
1886
1147
2206
1535
722
2763
2693
821
2417
622
103
81
126
312
1446
1215
2510
2115
2535
1252
2494
2314
887
144
2151
2403
393
2939
1431
43
413
2736
1213
1516
1350
1670
793
1537
319
1779
2341
1747
1675
820
2308
1412
2001
824
2878
2136
904
2171
1885
443
861
141
2455
2469
1686
2370
904
2386
1265
197
867
1167
2862
2349
997
2975
1885
2194
2750
2435
2198
2672
836
1712
268
1314
1326
1281
1564
1538
98
2493
1064
125
1876
2844
2250
2332
2204
444
1575
2628
1379
2432
2426
887
2329
223
34
676
1301
1434
546
1625
1450
1103
674
2529
691
3
2791
344
339
1853
1692
1115
235
925
1410
1820
1913
2787
1468
2571
505
2547
2560
1153
651
934
178
2630
320
445
91
322
2538
1639
1241
1504
2896
1201
1164
2863
1435
1573
885
730
1135
2315
2450
2559
2193
1203
1370
2133
2826
1397
2482
2630
1957
2912
1482
2652
1339
1911
679
1984
1200
2530
2861
605
2345
2232
1224
811
2069
753
2719
2896
2405
74
318
1561
2049
1146
1879
2390
1209
393
1668
171
261
1153
1180
1826
2953
2052
96
2006
440
1869
488
827
2795
706
1862
2857
718
399
79
2704
536
638
625
685
734
770
614
2050
186
260
2292
1667
1917
156
1765
429
1646
2425
2234
529
2309
315
1943
1094
345
1237
371
1149
1171
1937
1783
597
285
420
2176
23
1146
264
1595
2541
434
1768
284
2243
1450
2574
210
1343
1223
1016
154
2964
69
1282
735
2130
1912
861
43
146
526
1564
1245
1773
679
2023
1271
508
2978
2808
978
1714
1869
1139
1920
2126
2936
2243
702
197
2079
279
780
212
2722
2140
2803
2915
2411
1868
314
117
948
900
2620
787
2258
27
1889
1824
258
2950
2423
2975
1198
1280
1694
2393
475
2439
2885
844
1210
1402
1740
2301
2258
94
1623
1181
1479
1560
1755
49
193
2525
1896
1675
2003
1613
2467
542
2525
853
1231
2079
2441
2340
520
984
2631
2869
387
1502
2413
2643
2061
1066
1151
1964
175
436
1143
1108
2779
1114
1832
2066
1829
2801
677
527
1089
2435
225
2187
589
302
2146
2801
1642
2238
608
2355
373
432
1036
136
140
1791
1110
1522
1047
564
1551
340
1669
254
719
2576
352
457
1916
2655
918
786
2617
2066
1164
1281
1334
1949
817
1111
337
2723
1677
2791
2753
1749
2973
1705
547
2555
1387
1121
1132
693
1790
14
2977
219
995
2375
2733
337
159
2936
1552
2990
1994
866
1841
524
81
672
1304
2450
1561
605
2602
188
67
1435
1290
1540
2416
207
1513
2562
2714
401
49
911
1732
1919
2412
1471
1495
232
884
2893
307
710
1166
632
2206
1293
2744
2979
396
880
499
987
2099
2858
1615
1761
2601
570
1690
2695
524
1496
1461
663
2126
1725
1411
1191
763
159
679
2529
1217
2513
1001
1559
1203
2105
1764
916
1081
874
847
189
472
1610
2574
1670
282
1046
2084
281
505
1874
799
2009
2845
2613
480
2148
1455
816
1718
1167
81
1295
150
2052
2405
1336
1193
1359
1287
921
1338
342
1511
1102
994
1286
1663
1936
2602
610
1781
2297
1301
2775
2653
2059
1423
1187
343
1448
93
1027
2944
2740
1666
1876
2424
967
164
521
7
2543
1305
899
2740
1443
17
2967
1364
1546
2297
256
1211
1505
1657
110
1002
2939
851
983
2102
1395
1552
185
233
1453
2953
1193
967
914
2551
2206
2934
338
1039
1143
2835
860
2062
195
1173
1897
1324
2119
2424
127
480
1633
401
1129
1280
1844
1353
851
187
1652
88
396
2918
2201
2183
2124
207
2497
1049
2397
1241
2950
623
1678
628
1519
2415
2425
2384
169
160
1598
2286
654
2029
1025
227
1350
2883
2223
2106
2978
2217
2542
389
2256
579
1314
1216
1960
2355
1083
1914
484
924
1612
2528
2270
1572
551
2096
1996
1862
395
839
2807
1297
1624
167
2562
2753
1649
25
1485
1752
295
1803
8
752
263
2070
877
1376
1114
1742
430
1848
2691
1654
2726
2770
5
2872
228
767
1866
1607
1409
1547
112
2145
2730
1231
1405
1676
1570
153
2940
1283
447
1578
2344
2572
116
388
989
434
1103
53
1422
2771
345
2620
1856
1133
1699
2479
246
1633
696
1927
1838
2780
2917
2016
2609
486
44
1465
2399
345
1536
620
1016
2424
739
2987
1728
2617
507
2696
2770
193
1268
222
813
594
2319
25
812
2523
143
223
1734
2796
1644
426
2902
2021
1073
2395
1726
1402
1111
2188
908
1181
2525
2409
2847
1576
1567
1764
378
2253
427
716
2702
1212
1859
1882
2511
1840
1956
1472
1597
2726
1349
30
1802
2211
1027
26
251
1889
1785
2715
344
726
2837
763
1805
370
2190
2022
11
242
505
211
2401
2422
2203
366
195
2619
2929
575
397
2005
795
1315
1505
181
823
2892
524
491
641
1504
438
345
1816
603
288
259
1380
2530
1832
2382
1796
1853
2528
1628
1228
1808
2221
593
667
2279
1395
1838
2762
1155
2630
1511
360
917
1387
283
939
1669
717
1896
2962
1663
899
216
773
363
1014
1140
2326
2520
185
2043
1024
1157
2353
1527
1285
1580
580
2284
1351
1002
910
318
484
2943
2070
1030
132
2207
999
2832
2934
90
2042
1164
702
2782
1721
2759
828
407
1566
2014
2758
1601
386
2671
2117
82
2498
2747
260
2078
516
844
2061
2615
1247
751
2367
2513
1976
2485
746
1136
1385
2588
1370
1783
1068
2493
1313
238
1621
1114
1383
503
725
1334
1661
1477
1883
2520
800
449
277
1629
584
2842
2876
1090
64
2776
2189
619
1984
838
2636
699
1573
2450
2331
2448
2155
2673
585
66
1073
2532
29
400
610
1689
961
1374
1460
1752
52
1895
465
2483
2352
2900
2571
1472
1450
2886
2557
2662
199
1029
1644
98
1315
733
884
333
2685
2970
1023
859
2055
2481
2048
2435
1210
1618
54
1574
478
853
2980
694
622
2624
1597
2676
1370
378
636
854
2422
2935
402
459
1800
2217
257
1076
7
2239
1965
569
1439
668
2018
389
792
1735
697
1184
2222
531
2964
1959
2148
418
2777
2481
1930
2675
2067
1928
1501
116
755
1363
949
582
2870
1788
818
956
2488
1658
1744
2751
102
1885
1737
1362
2889
386
1425
2412
1510
1538
1997
1143
1963
2339
1149
2452
860
1570
2272
2457
475
2451
999
521
1206
1232
538
1358
1746
2706
1030
2957
2470
158
1264
2437
2330
495
1075
1758
2710
2324
1605
2555
2591
101
1911
291
2028
2144
476
1881
271
754
777
478
1775
300
1226
200
818
860
2518
233
1359
716
1328
175
2409
2964
2847
2739
456
2743
2559
1424
882
580
1078
226
2391
2028
2259
473
1274
346
1856
1920
1083
2332
2288
726
1273
1365
2475
577
317
1132
2487
1425
1609
2772
2009
1792
1528
1257
641
2044
471
268
2155
207
1017
147
1634
612
1640
992
2127
1405
295
2940
1063
1877
85
2936
2666
1487
699
80
2568
2514
1831
2357
2142
2545
2553
2253
1110
827
2298
1816
1261
1108
1693
1266
933
1782
398
1400
2771
2648
1190
385
2043
208
121
1850
743
2824
758
158
2255
1355
205
1065
2034
555
88
2887
1786
2416
2912
733
342
1134
32
1547
681
1044
222
2101
535
260
2694
29
2792
2404
729
1007
1829
2088
2034
409
1351
98
2009
1796
984
2080
1681
2859
377
767
860
1487
1282
1537
1254
1332
1592
1065
1054
188
816
439
2001
1070
1914
1980
25
1523
2937
747
2931
2925
1438
402
311
1467
2932
1556
352
1117
1191
2685
1442
177
1862
17
2659
1544
1399
1337
1290
1489
2641
2907
148
271
2949
285
750
1945
2462
1861
1189
1046
2207
536
2993
2714
2644
2813
352
866
1264
1509
422
1208
2581
1794
2018
315
1859
2081
572
431
1271
1277
899
2156
2909
2970
291
1534
2976
770
651
1744
1006
1871
589
421
1233
574
862
2205
1464
836
877
2288
2652
1064
1009
2354
1582
500
642
2403
1886
2553
298
857
1982
1127
1573
389
2749
1302
1875
847
1951
1324
542
783
1473
2875
278
241
1603
2869
2818
372
2967
71
2266
471
2589
2375
8
1264
593
2756
1484
531
2636
2193
2110
2771
1206
2989
1086
1264
1598
770
2448
1789
2256
7
420
316
45
1804
545
2641
697
1914
2890
208
2149
1485
264
780
1932
392
766
2668
2539
851
2876
676
186
42
