4137
6071
5170
4637
6650
3992
972
283
4713
9743
8982
6191
771
216
2447
6516
6642
129
2553
9691
3411
8382
9733
8460
9302
6569
7582
3633
514
1862
110
7118
3858
2501
4177
584
7104
7377
3508
4198
8556
7813
3225
2933
2810
8318
8698
2037
5013
396
4328
2145
2228
1618
9647
8924
2791
1516
663
7398
8893
5952
9994
1647
7510
2030
3229
8066
1504
9489
4525
9042
4288
5159
4791
8115
4591
1901
6195
8463
8799
8756
30
2249
5192
6592
3907
5198
4099
1102
358
2471
7746
5781
7725
5963
7578
8294
250
1938
1646
8542
2233
6196
2089
5514
7123
2719
1543
9561
3405
8
4001
9869
6528
3208
9844
1035
7301
9320
6941
4467
6461
6936
9475
7945
4762
7624
2576
3905
9374
7578
2861
394
9406
2110
9082
4369
5410
7677
9639
518
9404
9634
6545
9163
2386
9666
6588
9529
538
2812
8841
4941
7761
6172
4869
768
4087
6521
7375
2484
3019
1790
1923
730
6527
1654
1687
3856
2824
2816
3761
2231
612
8562
915
435
8023
3594
5492
1900
7556
6720
3964
5522
5877
1751
3596
1405
1688
6850
3784
3634
7414
5491
5426
7841
3504
9215
7156
1563
3832
349
1130
4210
8777
8045
5258
7304
3060
6533
8128
5849
9737
1943
3338
5
3566
7678
7836
7221
1967
3207
8273
6335
9858
5549
608
677
9749
7500
5175
8631
1127
7431
9846
9705
1087
4293
4650
7519
7949
9062
5460
340
9260
4660
4165
3498
8368
2021
5721
5020
9841
2508
8190
2448
372
991
5695
6552
115
7619
7697
6119
2328
6915
7897
768
587
144
3655
1242
6565
1218
1716
3217
9361
4765
3012
3878
9646
3055
6023
5622
6755
6389
5106
6872
3200
9309
6340
4127
9324
6039
5336
1727
2880
693
2823
9437
3312
8113
7990
6655
6609
7309
7827
3107
220
325
9832
3564
7453
9041
1706
8054
9736
2134
3025
8763
8105
6317
9827
4286
4838
939
3743
3844
739
4063
1843
6866
6546
4779
3595
8594
1909
8970
2743
1087
6081
5999
343
9664
9249
8862
5797
3554
7204
2324
7359
9277
2596
3264
6176
8040
3748
981
59
5001
773
8104
5219
4005
9333
7380
7513
37
7124
9101
3490
7577
7316
5601
308
7014
5741
1706
8702
2012
4987
8417
7826
1443
3813
1164
5263
5987
7162
7928
8671
4546
1897
5762
8441
5623
4109
7263
9012
5694
7875
7563
4746
2517
4538
8606
8980
5939
3766
5851
1479
9992
4497
6706
1291
1024
1343
7909
7188
7489
4972
6280
9615
8835
276
6081
5771
4127
2350
15
4273
1136
7046
6807
929
9959
9414
2698
9866
9386
7216
6482
8806
9436
3130
9147
7472
8568
8887
9758
4067
6951
7294
3113
6288
641
2553
138
8011
1312
3228
698
6723
4975
7328
6695
7804
2290
2123
6617
8891
192
4190
5334
8845
2394
2107
3728
9300
4335
368
220
8847
3336
4405
1279
8629
671
1501
8881
7166
6125
8044
5747
2830
240
3590
6412
5535
5227
4704
1615
1770
4887
3141
2056
9025
104
9239
790
7900
2522
6784
8835
830
5962
7811
7405
4547
8305
9812
2681
3448
507
4017
5390
8951
6902
9724
1932
4206
8790
6310
7120
2299
6005
3353
1999
4262
4568
1153
5103
9403
4844
8441
5333
7394
7183
9950
4073
1533
6204
3730
3607
2813
7582
335
9214
6466
9141
7077
1515
3373
8103
8146
9344
6211
797
765
5725
6624
702
5727
3904
2853
9642
1455
4777
6081
4876
1369
9622
8279
6018
1994
2238
6033
7801
3434
6585
5953
5522
70
396
4080
305
9369
7747
2421
7508
966
3046
7315
2880
4917
5406
7247
8582
8823
9009
7341
4645
5592
7544
6
7034
3681
8018
4520
8514
4534
2226
4378
4848
5282
3524
7738
7513
6173
8221
5254
2780
7400
7983
3747
3792
1445
299
6829
774
3045
7073
5067
878
6879
6211
1214
7669
6890
9689
2278
5947
3832
5709
6721
8579
4079
2886
8289
4131
8468
1298
2169
9195
5926
7292
820
3251
6837
1165
7409
4349
5901
9374
5775
1178
259
8188
257
3689
3626
1012
4735
4265
4930
8686
9673
9743
4110
183
4872
4803
6769
3430
1650
293
6357
8976
7289
2013
6951
3926
2
3696
8146
4444
6637
2350
3638
5
2294
88
9045
7530
3446
7040
2410
5337
726
4889
5302
8682
7778
237
5864
9645
4710
5852
8584
4367
9864
3650
1441
8972
6417
2402
825
7566
2985
702
6526
8563
6750
5097
8782
1308
3345
5795
7875
9490
7437
8883
7417
2180
6804
9204
9646
6699
1144
5478
7445
3022
6163
4277
1782
7153
7588
7255
965
5656
6551
254
6494
6362
8575
7981
7946
4017
9506
24
6177
3197
9505
6276
6700
5848
3699
3005
821
6532
9405
8790
8526
8353
4464
4795
3226
6267
2094
1475
3612
351
8586
7025
9418
2414
6844
9786
3597
4347
8094
7105
6728
6574
7255
9277
9507
4315
7953
2332
2739
6572
280
9457
6487
1483
3121
4632
5201
1596
3764
8315
4463
6535
9128
413
5574
99
5258
1523
7130
1870
602
7219
396
8969
6578
3124
8657
4208
7635
6725
6090
7768
5133
3001
8661
4208
5963
6240
8464
6810
297
1058
2501
3539
7620
2404
7878
9886
2700
2588
3670
911
8616
6401
6770
1522
3110
2652
6778
9468
8029
1835
8672
282
2417
3988
8588
9110
1010
3799
7049
8104
4738
6908
9696
6248
497
4827
3151
8865
4871
3930
5141
6945
1885
945
2669
2814
9096
3545
2372
3827
8147
4691
7192
2327
3463
6982
3888
8766
6922
9840
5090
5993
2434
2941
9637
4537
2964
3493
2691
7169
3150
5904
8458
4089
5965
9941
5488
5903
2315
5616
1105
7000
2216
2305
7671
2196
9124
2289
5828
9551
71
3504
4910
8467
4493
2170
6071
8843
3009
3080
8840
5539
6421
2770
6458
1467
5867
114
7793
9402
404
6292
6054
9807
1874
3689
8831
2483
4747
8187
3357
3450
5693
9419
3505
8137
6728
9910
7659
9473
2445
5382
8833
3545
3777
932
3129
8778
8477
5020
2147
1699
5350
1545
598
7597
6852
2511
2198
4809
8017
9815
5054
2710
6959
8085
5839
6287
8742
2965
2517
6768
6666
1828
6530
7080
3701
8411
2394
7226
2726
9494
5435
159
805
6211
3782
2598
5553
8566
590
5787
3112
5497
2844
3445
5427
7009
5581
9976
1212
8172
9097
6635
2125
3014
6976
149
1558
3466
386
9521
2185
102
1659
3472
7558
1623
1162
9037
4126
5427
749
7131
567
2310
7403
1131
2923
6052
9005
7802
1549
2942
8618
3415
1705
7087
6813
7810
1671
9862
4789
6176
4476
9070
457
7227
9244
6280
8934
4615
8944
4074
1526
1615
2495
9201
6958
7773
2237
5282
933
1544
9517
575
7484
4472
9700
6101
3199
597
3116
6001
502
6429
6737
4227
5976
7909
9868
4906
8141
7319
2297
943
5261
6681
3527
2062
4266
1886
7355
2575
9240
934
6641
2979
7605
6577
5505
3786
8440
1024
2938
8689
5082
3564
7101
2424
8763
8480
9545
2178
5811
7777
4078
7494
8503
4031
1696
4466
2387
1107
4266
5487
7754
7960
5692
1807
343
6854
5155
2371
1374
8873
244
7241
2261
3904
2100
9907
7081
4162
8663
5779
7934
603
9507
3122
2134
3219
2208
4128
5933
4784
7790
165
6911
1586
6675
7126
5670
1868
6048
5283
6228
3155
6911
334
3482
9406
8315
3334
2163
6957
7435
6961
4896
3847
7308
1480
2736
1099
1290
3964
1115
5672
7083
4534
9963
5656
5465
6140
6712
1143
2330
5248
3759
1777
3630
1442
222
8377
9956
7878
8318
9687
9272
1248
9581
3113
8525
8380
6056
4458
83
8058
5729
2431
3525
3926
4243
3566
18
9574
4079
6250
1590
7452
7985
6265
7157
5259
2564
8038
691
5031
623
5810
1443
6645
8059
8246
6730
1217
8065
4035
6862
3167
2661
9466
8224
6521
3513
6936
5587
3511
8303
3385
3161
684
2496
1342
201
9741
4786
1561
462
8300
4744
1588
1311
2931
5500
4545
6038
7277
7314
7964
6592
8654
2249
3917
1904
4882
659
9418
7376
7955
6654
9625
4069
964
3294
9571
9677
2090
969
1412
8424
4155
4367
3215
8096
4814
228
5871
6055
7202
1084
232
8684
2091
66
9051
761
8934
4420
8024
5979
3678
5214
4558
2015
311
8385
9102
1382
376
336
7310
2644
1798
743
6985
7515
7115
3945
1203
1919
2757
8388
4107
3158
3162
9907
3049
3758
1642
1744
4054
2970
5661
5475
8299
8827
6251
2268
8226
7495
6122
9769
5881
3224
9954
4308
85
5459
973
9133
1330
1156
7050
6767
3288
9475
6064
4897
9594
5077
2351
7835
857
6433
2243
7955
2181
8108
6450
4211
3987
9556
5492
3481
3049
4870
5187
9499
1590
6445
1272
9812
6288
3048
4580
1328
3429
5526
2912
9344
7507
2464
2844
8298
9171
5827
8852
2080
287
5256
4913
9803
6661
7106
6859
7043
963
196
2764
558
3154
9340
6032
1492
1040
6576
7273
9482
9621
6723
1054
9523
2183
9796
227
1551
4841
7748
8516
9582
142
722
7084
4390
3819
3556
7778
8557
8459
9764
3522
2435
4604
4085
9594
7982
7446
8992
331
9684
8716
6063
5983
8863
7019
6613
2410
7120
7759
1833
9656
4035
2357
9293
1910
2506
139
3135
7533
9720
1604
971
4217
1853
6280
3115
1545
5529
9879
9436
4206
9503
6798
9694
7206
1239
5698
791
5954
5008
8586
4853
8771
4960
3081
1679
9988
7417
9624
4246
3553
4859
483
5565
1173
4160
7354
8242
9441
6759
9831
360
6264
8656
543
4402
4311
4897
6225
5486
6514
7299
4940
9548
1354
3372
8110
1290
2442
1129
8982
2014
7169
5384
4171
7758
7418
8720
9941
3999
3494
4397
1465
3176
2204
6780
5491
7090
8694
3663
5948
5694
8941
4621
7130
3411
4991
4713
743
499
4940
7341
4361
5481
2177
3972
8432
6514
3931
9137
3663
3861
7885
3167
8994
4415
13
9797
5630
2383
7240
6085
3734
8955
2550
6466
4297
4094
4344
9580
2248
334
6910
2026
8293
8462
4629
530
5128
5597
861
6487
9771
104
2281
4160
9333
3283
848
1985
580
5887
1792
5385
6659
6617
8082
9207
2795
2879
8184
7257
6886
2352
6019
3442
2702
3278
18
3415
820
9682
1908
7511
3837
9245
4446
7269
359
7143
2441
4739
9753
166
4098
156
2216
187
6981
5262
5942
4780
7620
2563
7780
1242
7728
2347
7657
6400
9803
551
7915
4583
6788
9332
2473
1239
7521
1745
1739
158
2267
1167
4929
2710
7491
2245
5849
8247
8723
7133
2348
9529
4367
6335
6408
2323
6585
8119
7944
9541
2628
2149
1342
3534
7937
6434
8739
3195
9461
3754
8534
4333
2172
9018
1568
3942
8630
3478
8473
6559
6943
5415
4675
8121
2093
7456
8467
9758
7058
2380
9040
1843
1233
5222
2500
301
5982
9701
7935
3324
6206
5697
5611
1128
3822
9558
5019
5303
4095
1460
7692
6985
1598
4384
4269
4032
2402
8523
1483
4255
2463
1101
9957
2109
5943
5102
4831
5638
7824
5825
2897
4815
6881
9021
5775
2644
3734
6681
868
1983
1634
1523
2519
5943
7348
6029
7168
5395
5651
5764
4196
5017
851
1630
8315
9288
7369
1456
8675
574
7947
538
622
4535
7440
8656
6822
7027
3591
8997
6544
6674
1668
310
9902
2622
7973
8128
4095
3605
6403
8943
513
5890
2387
916
4871
1255
1228
3201
6821
6697
9635
3285
4872
6120
8929
5535
8659
4394
1207
6880
6115
2419
5336
7538
3124
2146
7828
6191
7357
2075
4662
7407
5255
5628
2995
5809
7691
4543
5074
9669
3784
8667
4827
9236
8100
2487
4312
1693
6778
2380
296
9789
5522
1094
8210
2906
1886
6599
5815
7548
6208
3176
4448
4233
681
5069
9367
6459
2956
611
7153
4319
8625
1032
2120
861
3126
4615
8023
2495
3776
6799
9135
3009
5471
5568
7847
4835
607
6673
5312
3085
43
6272
8150
6512
8588
4903
3890
965
9055
3879
8108
2004
3252
4564
9758
3443
7778
7741
9508
505
6409
5574
8848
6430
2063
1012
7818
1649
300
5508
4996
997
8305
3000
9163
3737
3187
8463
4713
2051
3782
4544
9272
7832
6964
6899
8529
3546
5517
3132
3250
5663
5288
1300
702
6522
9671
9078
303
7288
1368
5987
86
3720
808
3635
1123
8808
5779
7817
2768
537
9174
7745
9351
526
4726
1752
7077
3318
2793
1736
5366
4276
929
8159
1151
343
6009
283
5034
3115
3624
2932
1644
8651
3123
8950
1907
2416
4927
7705
411
7179
516
95
5808
91
4381
6089
7805
572
7803
7878
6819
3500
681
4617
5877
7083
6763
3846
9504
8847
4400
8746
5608
272
9558
7620
5982
9238
5596
5363
7149
4958
9330
2685
6516
9971
8541
9512
2622
7279
3272
7657
4013
2749
4708
4136
8885
5545
5231
6556
5652
6743
4946
312
4223
1485
6613
7361
7880
4798
6493
3723
380
7028
8662
6047
6120
809
8939
4315
9276
3026
4146
6454
3304
7881
9205
2606
2355
5381
6811
3680
4986
9512
9397
6643
3685
3637
4148
1618
7669
7660
151
8740
4282
5939
6930
3226
2545
7762
4635
9636
2939
4187
6750
1136
3832
6917
4209
6496
8018
6036
7681
1735
8423
5254
8363
5071
5118
5756
4199
5386
8490
7011
7438
4564
6428
7694
5836
4929
2914
354
9168
9800
8382
621
5553
1371
3330
5700
2155
4082
1879
5096
215
1283
9021
4916
8744
8065
3405
4246
5746
2942
1498
855
4805
9181
3365
8841
3319
7385
448
8588
9423
3243
7402
6461
8557
7404
9545
7915
1976
8328
1526
7751
1520
8075
7682
9751
881
6955
7719
6503
6185
4833
9225
7022
2448
8853
2283
7592
8678
8501
3470
1605
1931
6433
1427
6541
2200
1654
7346
4110
6779
5558
5715
3076
5183
1504
3626
1283
1098
9810
2608
4740
2400
3943
1884
4650
6964
7614
3280
543
3567
4969
928
2592
1705
3918
7485
7730
5812
1118
8735
480
8697
8479
6674
4130
9802
3177
1351
5611
6054
8921
1596
4799
3131
6229
2902
6735
6677
29
5961
7203
3509
4154
4490
4483
1085
1478
7596
9681
8295
2775
6662
7606
8389
3241
86
7592
7876
9143
6031
4132
7898
5270
5934
9774
814
9710
5643
1395
8758
2662
7578
1879
2459
4907
9040
1775
1370
9053
1523
2237
1524
1686
5515
8132
9828
9895
5909
7191
4320
1424
3622
6578
7705
4364
4107
8484
5789
8135
2063
408
8204
3389
6439
7839
6951
8705
2455
3275
9748
5958
3767
4970
686
7373
6224
2381
2442
3244
8881
340
7108
7671
2110
9656
2424
3518
7
6053
4444
7363
8903
258
4010
8486
387
8143
2460
9839
1890
6361
6304
4807
4044
668
8523
1267
6171
3046
4074
749
2318
8564
8467
1873
7485
4363
9978
5234
4694
7589
543
2903
1350
7623
9781
4853
1491
6731
174
6617
4886
7582
3617
4194
7414
5543
6494
3241
8415
6051
8472
1759
8210
7466
3617
1569
7190
7007
6244
2826
3180
3961
6155
7333
9520
6537
8144
6366
5931
6183
8817
8100
5221
3021
3740
7388
2360
6912
1738
5573
8304
6711
5481
1908
1407
7801
1954
8684
8301
7271
7353
2971
8316
1491
1986
8884
4425
7180
9472
772
1727
2215
1336
2787
1573
4988
7765
3306
2296
426
837
3291
1299
9367
3057
7089
4586
8791
234
517
487
2440
9278
8874
779
233
25
6373
1222
5525
9816
3549
850
1200
2057
8251
1994
2124
6287
5374
9480
1128
5842
990
5467
8790
9155
5290
2023
8888
9148
3536
39
7974
3814
3865
621
7918
7476
1535
9114
952
5981
9467
6473
7941
711
8127
2134
9364
831
3629
1421
1232
4405
6178
3308
3178
5571
8003
362
3374
4734
7202
449
7892
3478
8333
326
7894
3944
7827
554
5545
8866
2067
7305
8362
4918
1940
3631
8726
8744
9163
2522
6437
7458
1660
1899
6085
2471
9504
8198
3071
2915
9774
4185
8551
5633
858
5914
9221
6135
151
616
7835
6652
2730
5171
7987
6842
5932
1896
5367
943
44
6325
2492
3005
8095
603
4667
4864
6644
6432
6093
9135
7801
9124
5187
6476
4307
4012
7919
9591
5646
8378
2691
5311
8466
9822
612
8423
8494
4885
5290
6775
9587
5696
2999
4633
5727
9808
4977
8964
981
6364
1790
9239
8406
6997
7259
4123
6270
9681
8617
6042
3629
6707
1189
9086
2016
1436
3842
1601
235
331
3028
7140
7862
5504
9356
2492
6161
2638
1675
4007
3301
6798
9493
5309
7145
7568
84
5329
798
9389
7350
7797
2839
408
1092
1821
4440
5763
9279
9821
2314
8669
2617
5676
7432
2297
8285
4521
5193
2282
7629
428
4138
8074
3094
3830
7719
9290
6338
7538
6246
2851
6521
9645
8897
9132
4613
8257
830
8037
4993
1821
6700
4175
2316
2657
1388
2814
8800
7316
3802
4999
634
9736
1142
387
8549
566
2787
5686
3720
4691
9964
7321
5608
356
830
5939
7723
2654
2982
4806
7355
4950
8343
5574
8034
8039
2919
5860
6632
7378
5736
9689
8135
3567
686
1870
2743
3169
3810
920
6139
1064
2594
6145
7670
6432
4034
2385
8507
3607
851
1020
3137
6172
9150
1332
5903
8035
2574
2191
8217
8213
3255
9492
951
5380
3623
1903
8927
6043
1991
276
1182
8740
3005
6256
7960
2612
8914
1147
2601
4433
2603
5833
2871
1651
4934
6880
9095
5288
8003
1283
392
3362
2988
4413
8655
3915
4323
2298
688
7401
2022
639
7334
1484
1
3450
4688
1923
1233
1524
9433
7039
1680
2866
7297
4976
2290
2171
8253
1771
1403
9764
6679
8925
2779
2455
2067
5769
6583
66
5328
461
8564
5884
8423
8467
8306
242
4596
9795
9092
592
7310
4070
8008
939
356
4901
4791
2122
5349
3519
9434
6853
4956
1066
2294
8134
8343
6081
2806
9949
2114
6844
2948
4159
2405
2638
516
7054
5271
9463
9853
2771
3084
1833
5141
2904
1746
6199
6408
786
9269
1609
8132
6748
9818
5725
36
6671
1422
8344
6534
285
3467
3978
3435
9133
8195
3536
6843
4080
9564
6978
8163
4098
2425
2316
8028
9548
1441
9211
2361
4055
4815
5917
173
843
2677
5194
4102
8389
4941
6786
826
3238
5741
6716
5692
9480
9670
3678
8123
141
281
4682
9448
8560
1831
6117
1313
7820
4708
7907
1919
699
7095
8766
2792
7846
209
2310
2066
7852
3335
1650
7285
126
1053
6484
3308
5047
4065
2347
2152
2216
3442
8050
2624
5489
9627
6214
7176
6140
5439
8420
6605
8036
7570
5009
4283
6307
530
1507
139
2264
2705
572
8365
5687
4928
6408
4750
6779
8361
7292
4101
2903
8169
4526
8287
9962
8568
2659
6549
256
8103
8915
2248
6181
8996
9289
201
1508
5021
7494
3206
3790
6095
7446
8292
1111
5241
8682
4006
7802
8306
9364
7560
7612
5972
5730
5290
7774
3779
4465
7164
8892
8126
8978
5619
5042
8513
5962
1925
6670
5044
5380
4150
5601
5012
7377
1872
4112
2268
4144
7800
5559
2720
7896
5187
1452
5829
833
3621
4497
8784
8755
6737
8307
8074
8471
1138
8016
1388
8218
3044
2853
2685
9231
8640
4549
5365
5491
6627
9654
29
1388
3658
3334
3142
9707
5275
9627
8674
7777
2019
871
4034
9006
7576
986
493
2372
6762
3010
1962
666
8907
4237
8955
4925
2727
6751
7750
6416
2562
3135
8865
5380
6301
6363
9704
7218
2645
2924
8494
245
1080
9445
4478
5958
7140
8773
5613
6847
8174
7468
4431
8304
1420
1161
610
9536
3328
5202
3098
7483
2689
6093
8234
9258
9623
2859
3164
4657
851
245
9309
1537
2857
8622
5976
318
3803
4728
3005
6715
3923
7074
1646
4608
9724
3951
3494
5022
9629
6658
3622
1929
4820
7909
9934
1988
6859
1513
7748
7019
8602
5400
6884
7849
8649
7830
4404
5434
8431
1190
802
6027
6156
1161
5644
9518
9631
977
28
329
9141
547
1822
8253
3999
3803
8831
1909
9038
4602
5701
773
6798
9194
3605
7505
588
2930
7253
5407
4005
6564
6174
2757
7709
1796
8893
1964
4473
2788
2278
2263
3849
4442
197
6188
4565
5043
9427
3424
9059
3232
7106
7314
8707
238
806
9725
9655
3557
4271
465
2817
8310
9718
3884
5739
3223
9972
1473
5662
6955
7290
4778
1023
1562
9968
3290
4492
4640
2638
5003
9327
3601
464
8166
764
1050
1545
9218
4653
8003
6952
4947
3464
6544
8399
6355
3593
6871
9974
3359
65
2636
827
6216
1291
247
5091
714
2183
6199
5698
441
4197
6208
4083
7398
287
176
4484
6658
2211
1920
3409
9034
140
1958
4156
9392
9100
9286
8870
2058
3448
1257
5133
6723
4192
54
7041
816
137
6236
7828
366
6921
2562
3630
502
2734
5013
9978
4178
2332
6321
7649
2137
9713
3403
9313
7254
2983
8475
8825
3591
4373
6919
5108
4433
3714
7114
4895
1921
6359
3555
7945
9837
3984
2954
7798
6713
1423
7133
96
8502
6732
4809
7738
1797
4877
8980
7650
4169
46
9511
3955
7914
7822
6569
8500
6549
5766
6935
9825
3968
7350
7375
1908
2540
9597
1724
6479
5092
4084
2764
7080
3682
24
8348
6609
7073
6835
9493
6739
7021
1430
2208
7032
6758
213
9893
6402
3651
351
2945
5834
5106
600
9814
8168
9182
164
1836
7052
4986
9987
1189
9512
538
1796
1150
2714
5554
4071
6226
6073
9381
4098
7113
6155
8655
1311
9917
7632
670
961
5997
3967
5515
4082
8058
1883
5319
1610
2350
9538
5664
4846
6541
4082
163
1666
6676
1416
267
7948
8510
3623
4119
3287
9910
1201
3098
3072
7798
2612
6620
561
5150
1812
7454
9832
7248
7681
4203
5043
4263
805
2218
7242
4808
9660
8847
1592
289
8128
3985
9800
2783
9136
3702
2184
1451
6589
939
3612
6564
8417
992
8434
3064
4716
8208
4526
347
2524
8238
9618
5723
3048
8746
939
4234
617
7891
5482
9322
294
599
381
1431
3162
4614
2682
4429
3828
5813
6103
2683
5899
670
3625
3487
5948
3716
1448
6833
4530
2628
6571
1836
5920
5111
9653
1750
5149
3892
9963
2497
8413
2946
7984
1370
1864
3931
2544
6495
7546
6269
7509
1998
3654
7162
1945
8888
6679
3215
265
2964
4709
5873
5042
5744
1984
5555
5019
8338
2861
8500
9631
4876
6858
5126
5397
7822
8511
953
1758
7318
6962
2566
9546
8082
279
6232
8631
9238
3155
8340
7383
5465
7243
7049
7996
9818
5822
4418
9715
7712
6395
1369
8859
2286
80
7494
2688
2406
2513
1940
9897
3028
2481
2421
3818
4011
9824
6908
8342
5533
2738
3112
6804
7604
103
9808
7357
2462
1052
7497
2832
4757
8813
4453
1730
5740
373
8038
9781
901
6084
4368
1716
15
1371
3181
5784
2909
2023
6410
3386
6226
8088
3918
630
9624
4077
3290
9240
7057
6414
4956
5941
116
2182
6670
7721
1689
6554
4539
6744
9920
7626
9826
6467
5290
3284
7539
4538
155
9231
2822
232
2040
9274
6731
8303
9819
4033
1515
977
8261
9769
2590
9528
8051
1914
854
9970
1449
3270
8649
3741
2426
3433
9132
4635
8778
2847
4730
7890
715
2732
1796
8835
51
7660
5138
7252
8063
8584
8744
9308
2225
7505
1123
107
580
557
259
8356
1744
6619
755
7880
7449
1780
1507
7439
1362
3984
1623
9621
5295
354
5464
3904
5336
8674
6680
9577
9993
7397
6147
2126
8742
1050
2785
6899
9356
2739
9927
5281
3731
3230
7581
9724
527
7087
5963
3636
4038
3197
6589
8264
5404
4262
5510
7089
9049
1759
816
2019
4589
9739
7969
443
7322
2311
3337
8116
6527
6864
9496
2493
9365
2834
2461
8463
1185
2703
4168
7453
6218
3496
7857
8301
6293
7354
5618
7469
4076
5560
3311
7251
1454
9600
4534
8502
2496
8109
4913
5171
9808
5257
9113
3452
2602
8877
2932
6739
67
4950
6223
9231
803
2965
5463
6297
6912
2676
5376
9430
8997
1232
9673
9536
7041
1223
3799
6819
2092
7999
3485
5425
5477
1873
3949
4835
2534
3568
7241
621
2281
7306
8034
3421
7460
5610
2274
2272
5039
7655
3684
608
8678
5580
5825
8045
1386
4053
2454
4311
7458
8515
2544
2053
288
4940
7370
8182
2302
6386
1933
6402
4054
7854
5254
7659
7137
6009
2262
597
5911
5943
659
8047
5893
5840
1483
8062
6493
5132
1112
5109
3943
666
4127
6082
1190
8926
8099
6087
1701
8773
119
644
9119
2278
576
3662
9374
3558
7848
6958
8604
8680
1055
888
1445
9823
8060
6342
2654
9281
9858
1761
8862
9275
6989
2716
3962
4139
2396
6781
8271
3358
9880
9080
6776
5542
4882
7305
4496
1335
3548
6718
3201
2414
653
7631
2491
7710
4680
5163
8992
2137
2470
416
5948
2168
2127
9974
6130
6599
3064
9593
4913
9248
5239
1330
5909
8290
7170
1601
9546
78
5045
7464
5852
9149
9570
5335
7610
7313
3314
3359
6536
5431
8314
6981
2819
6358
2745
9718
9616
6487
2397
3281
9502
8192
1734
9062
3386
2751
3042
2377
2624
2207
4695
4850
9887
346
9600
7988
5606
3820
2031
8759
6458
1615
7360
6901
2233
2456
6030
7342
6729
4973
1134
4425
2922
9650
1977
9975
3130
655
4424
9557
7447
2847
7736
8014
7663
6696
2828
1274
2691
4770
6418
184
842
9781
5710
627
2578
6067
3970
2100
6017
2335
9599
5027
2745
8489
165
1579
1210
7960
806
6682
4418
3458
4105
6545
5759
1851
4395
9342
4469
8567
2767
2852
6731
9982
8710
3652
1456
939
4218
7850
7675
1872
2020
6550
6144
6058
6686
1733
3486
9821
7122
2379
165
8140
8273
5135
1717
3687
175
7028
4417
6465
380
8768
3
7900
5518
2923
153
5571
8105
4437
8013
4036
9377
4899
7634
1305
5335
7096
218
7650
3022
5485
5348
5120
5489
6125
7779
8704
6734
2191
7162
4434
1034
4032
8052
1701
4904
3484
9424
9697
1413
5033
7113
8256
4618
6448
6051
681
9684
3881
2289
7499
2560
5763
8228
3619
8880
9869
9006
3018
778
9987
9205
4862
7584
8552
3123
6395
618
3260
1705
1510
4175
2218
5428
8614
3699
7841
4472
4319
4762
1917
744
9580
4331
9217
3800
7913
8367
9219
7450
954
6297
4421
2548
5435
1600
3499
6339
3092
4471
6174
6281
5721
2301
9084
993
3580
624
2105
1252
1247
7885
4662
1587
9930
4722
5356
4100
2869
5845
2773
5979
3059
3085
7368
8605
5947
4606
8463
9546
4948
2498
6246
2883
1404
1875
4610
3686
1349
5733
3148
2123
620
1280
8889
4838
7928
5275
5399
2317
5996
420
7766
8420
9016
4716
2992
9476
4194
8367
6342
682
8813
1681
3545
1771
5139
4324
9474
6453
2069
5286
4799
5297
3067
5496
314
6965
3945
9497
7847
6182
1777
848
7961
5578
8911
2489
578
8555
742
4294
8886
9672
9124
551
8539
6838
5028
6165
3423
4531
3792
2407
5525
3979
4400
4728
2541
5811
6627
1088
527
9763
4281
2510
1316
273
4108
3287
4641
5944
2633
7320
1729
6904
2894
1304
878
7894
1745
1369
6732
7044
2602
4733
1218
9996
9310
9284
198
5253
6650
1620
3651
8184
5832
7922
8041
5677
7297
9900
2386
3054
5167
3353
3725
6813
9646
392
9416
5985
7646
1013
7694
4828
9175
6250
4603
376
4858
1730
7960
1407
6336
8680
2872
9802
4770
5567
206
6065
3107
6059
8568
8369
9918
5916
4012
8524
4343
8731
4765
7883
5745
1084
3370
4286
460
8547
2835
1395
5704
5700
249
3157
5066
4418
2529
8604
5626
7545
8213
1122
4231
1240
3112
5238
5272
8949
7843
8074
671
7684
4032
4550
1324
275
9074
47
492
716
7007
3682
6427
1918
4108
4234
413
901
2547
9474
9333
1077
8691
5237
6224
1126
3428
1632
513
9737
4742
5800
3658
1961
9045
1496
3299
7693
187
5667
2682
2442
8082
3976
5464
661
3572
7732
3180
8581
9985
5569
4086
1655
2092
6699
7138
6891
435
6531
7022
7180
2713
733
9946
8285
1217
8500
1868
559
9993
7598
9484
5615
3921
4298
4499
5884
8166
4053
1947
758
7072
8555
6114
3442
8052
8379
977
3786
1846
8276
5715
2769
1951
6619
4709
5444
4487
3119
6969
5596
9840
8019
694
2785
2607
7642
7583
2152
3831
2242
7870
76
115
839
5693
3339
4927
9111
1649
3959
3892
4950
660
9741
5678
4008
2557
6594
4908
9915
4670
281
3572
6600
6554
1554
7808
5806
1121
524
681
7326
5209
4795
5966
9014
4954
7701
4385
213
7095
5062
7470
5917
2580
7635
6697
3846
2264
1995
9251
8878
2608
5898
504
5455
8429
6503
8681
4553
3580
8189
5905
8463
6832
7095
6534
2830
9998
5429
6653
2711
6485
6603
4618
1613
4072
2328
8371
4554
6553
4820
7424
1452
1587
9762
8210
2221
6164
837
3565
8208
7957
8815
787
5799
6264
3732
846
8082
2909
3710
7993
5233
9617
6682
8475
971
5523
5935
7810
1559
1108
4815
392
215
699
4533
6676
1861
4898
9198
9168
7942
7616
293
6515
5307
6468
9799
7050
5142
9963
3781
4231
7897
2894
2823
8022
8042
8155
4077
4152
994
8525
2209
6366
7125
4139
7640
9316
7277
9387
3736
4359
8543
1105
5092
6820
5167
9896
1186
9135
4942
6091
2989
3005
5217
6560
1430
1038
590
8833
6661
2970
7872
9849
9470
7095
4585
5064
2383
1012
7959
5075
7813
6870
1711
4123
7871
3052
3766
1496
6378
3712
6943
1889
3227
173
5838
8651
4859
9000
8139
6476
4140
108
4770
5515
6138
8774
360
7621
909
3833
9208
5726
2027
6367
2299
5875
4890
9726
69
9336
4371
5042
1036
7827
1074
2236
3988
4659
9946
5607
4566
4686
6470
2578
1231
5638
6793
5759
1796
8728
7111
5192
5620
7937
573
1257
3782
8924
1626
621
2896
4668
33
2008
3193
2755
791
3870
3287
6621
9559
2783
2850
5164
8357
9968
8378
7952
6816
9847
243
2483
3152
4739
7150
4782
9918
1029
8564
6139
8403
5487
9051
4073
1945
2391
6811
3269
2542
8631
3098
6155
9254
309
5443
5593
5456
6298
6822
3324
2097
5058
3833
7162
6861
8047
7563
8235
5124
5993
217
7620
4360
4454
9290
3745
3213
9090
8741
207
762
5723
2770
3283
604
1980
4782
3578
9545
6164
5336
6095
6545
1634
1400
258
49
3744
9920
4363
4818
1608
6906
7291
1198
359
5968
4106
994
2829
6555
323
6943
1006
3827
8248
7739
5401
9542
5187
4660
9570
7396
9291
837
2845
3830
5151
4865
1897
2686
2706
8412
2903
394
1363
2552
6070
291
3847
3709
8445
7666
4421
6082
4756
7345
9118
7048
1951
1039
9544
455
9975
8365
6549
2607
8167
1126
420
8496
4912
2076
4916
5493
1737
1645
7409
9499
5127
9477
7820
8592
7781
9676
4187
4839
4608
5632
5226
1847
6738
8893
6140
19
217
2441
9730
3301
339
2316
5383
371
6152
285
965
7587
9555
7544
3416
4395
6574
2586
7198
721
1706
9071
4519
1601
2680
1795
5310
8317
6967
613
84
4126
3530
1178
5125
1049
8677
2029
4489
2173
4596
84
9466
2905
2984
5966
9341
6378
271
8968
6175
8722
9423
7359
7405
965
5038
7263
4336
6540
1105
5850
4531
5340
7727
7189
1714
3857
3554
8956
4433
5075
1817
8022
9894
5355
6812
6563
9460
5087
4638
9953
3653
9129
7032
1086
9411
4582
3464
24
2306
7274
117
6336
7534
6784
7309
5774
5181
2335
6317
989
113
6953
9580
5735
3517
9245
6980
715
2752
8860
1230
3178
6050
6600
5274
5666
5290
6552
6040
8802
682
7465
3270
5084
6889
9839
1558
6312
3291
4761
2010
1429
4126
6818
575
4458
8115
5411
5540
3675
5030
3861
7157
8263
8620
2789
5448
8478
6985
4241
3683
8080
1051
8798
7640
8561
9399
4604
3967
9704
1358
9665
494
1735
7947
5586
7079
4949
8572
6001
3870
4934
8026
7695
7157
652
9910
3778
8295
7671
6034
802
4429
3655
5738
1342
1376
1779
2733
8476
5068
8402
3676
3581
1996
3591
4749
3246
2872
6954
4092
2315
2328
4304
1295
9342
1636
3164
2709
1573
5514
2943
5018
9618
9322
5260
1609
2923
7009
6230
8991
4786
8480
6954
8807
8208
5657
3865
1208
5882
3766
1262
4807
4005
8150
1886
2842
8181
3412
173
7323
9697
4245
3788
3365
6787
3230
1600
5006
4555
5824
1807
4384
3075
8353
4196
1525
9773
744
9826
8239
3689
9765
2372
7842
5107
4378
2675
5263
5689
6906
3265
9581
2841
7021
2546
6646
7289
4429
9770
7979
7937
7680
9681
3461
2258
8386
3379
6985
778
2622
9957
6135
4383
297
8210
5472
4137
4347
6003
5201
7165
4970
3052
6448
7795
3605
9379
7538
153
5723
716
5654
1712
1893
4576
9442
836
5766
6524
2360
2042
6926
6790
3220
9234
133
6810
853
891
7050
4210
6437
4245
1928
8820
8375
306
3842
5717
9452
4582
3259
6251
1250
8046
9108
2593
3562
5405
6691
1299
7060
7952
3772
1817
4313
9203
8511
993
1381
2845
2797
8853
1823
4743
4264
8091
9142
8762
7927
555
8057
7797
2291
4955
1411
2414
4097
311
6066
7280
7867
9420
5955
3090
8541
6883
3659
8184
8809
9067
9620
3795
3272
5199
4258
5156
6446
3910
7025
31
7560
4282
3709
2890
4405
2320
8126
5603
9678
6614
1614
9057
5699
4875
9287
4627
3508
7655
7662
7285
2377
3515
9030
5618
7278
1556
1107
7683
3710
5689
6156
6708
9114
9956
956
9336
7110
2494
5669
1635
9681
1202
7281
3877
768
4483
9238
4343
3350
8169
4789
1613
3857
7607
3744
5916
6563
8776
1174
1781
8907
3304
2860
7471
384
2927
585
7171
9355
1560
4014
6945
2078
7840
7680
4752
4452
169
6835
1954
2437
9214
8933
1765
6070
4449
3141
6086
716
7168
5246
5649
907
8279
3124
5187
7599
7086
8873
8416
3174
4179
8204
7377
3048
3219
9022
5525
3556
7217
1859
4280
8584
3321
3586
6993
8284
1262
7641
3508
2268
3711
5552
489
8000
8345
3159
9892
9658
9462
6671
7443
7500
8243
6082
8198
4867
4207
305
136
8964
2351
392
6669
1537
766
5823
2004
2151
690
8480
2267
9111
5738
5007
6449
5568
2611
2987
8710
5206
5914
5568
3311
9985
7355
2807
6518
6484
9896
8027
5407
8519
4278
9016
3093
4148
417
3809
5570
3739
4496
7758
9757
2402
4915
7393
8654
2397
8345
1219
6045
1654
7054
4016
7401
9225
5793
3708
4836
6974
6499
4384
4699
6899
283
7461
6612
9109
3479
2348
8176
6060
7134
5175
2896
5553
400
4488
9491
5724
4718
2052
9773
2446
678
5938
1940
1223
4247
2182
5236
5461
9747
4405
2530
395
818
4389
5678
4969
4659
3715
1473
3102
7102
7872
3734
7766
1348
2248
4517
5057
2760
3328
2298
739
2663
8364
3141
2737
2386
4170
8362
4734
6621
6558
1816
6930
6495
3387
5527
3940
8122
7483
4074
2468
1828
9531
3733
7720
9668
8662
7448
2832
377
9645
1256
3208
724
8831
1455
618
6790
1995
4794
6733
5395
6895
7472
7470
6726
1147
3523
2505
9102
9271
7263
8708
3990
5422
4863
7320
7411
6870
8767
3853
9942
7469
492
1217
1105
9122
5495
6277
7590
9516
6744
3620
1371
315
895
5233
8058
2345
4998
7724
9365
6605
2579
7952
9463
3052
6538
2780
5349
8204
7886
1564
2835
6934
4328
6579
6370
6055
5088
9671
8600
9347
4728
2618
2808
4423
4441
4544
6736
7514
1284
7026
2786
5583
6619
8653
5898
3225
1128
4007
1726
5899
3514
4048
6547
363
353
9265
8012
9426
8687
2181
734
6788
222
1696
1599
5910
2192
4783
6620
3024
8242
5582
3961
1009
282
1872
8340
489
5439
4958
307
3320
2167
8623
507
6528
9963
9712
978
1609
5447
769
4332
7713
3166
1868
4146
5069
3435
7618
5794
7841
9682
9060
3295
6392
2660
363
9112
4801
6177
5012
2247
1094
5704
748
4464
4346
8362
8483
2073
8878
845
9152
2072
9408
7212
4929
8743
5536
5244
2861
8405
496
3049
1129
7815
9288
8431
7219
3804
1635
4084
4014
7262
394
6194
5178
7475
4059
2323
6063
403
2518
2245
3078
773
2771
4541
7668
3282
4867
5895
1380
8155
945
1067
9984
8469
7333
700
6956
7058
2501
5707
223
5916
7144
616
9550
283
7993
1048
4471
7110
9892
1778
8967
5686
176
4643
7064
3925
4937
6449
2987
9590
9128
5517
8814
6798
7858
4785
1562
5279
6602
6537
987
2966
2244
1135
2093
4762
3255
3854
4543
7013
4349
1880
4775
1664
8218
9971
9250
4118
1287
8686
3958
4698
7466
2385
3398
5381
8196
8258
3584
3735
8310
980
4439
1007
7313
9802
4473
3926
361
6490
5852
5205
7796
5308
1513
2471
6245
3793
4869
904
528
9329
7896
7309
8169
7517
5404
8478
5918
979
7828
574
9437
9903
6742
3291
1043
2350
1479
9953
4755
4142
529
8137
3055
2530
2531
8734
8837
1266
4549
5232
5753
5214
4343
4673
27
8915
245
6573
7061
7878
2793
8887
9204
1502
5773
9551
1888
1006
3131
2767
4249
5920
4323
7893
7120
8877
616
2154
5823
2584
4423
9697
950
2043
8837
2267
3651
7784
3204
5575
5101
8898
7074
4744
6173
2453
7647
3822
8650
4639
8216
7590
6655
1426
485
8253
4075
1906
3803
2944
5429
4072
3646
6367
9770
1241
6263
1183
661
817
6606
3567
4393
2617
4565
3267
3422
9544
8736
5148
2950
629
132
4792
6858
6106
203
3813
3510
5812
9953
7169
5789
407
1839
4062
6010
2302
2946
7921
1333
5681
2422
9513
8015
5279
4740
6220
8378
9018
3237
3117
7703
3939
4274
8730
5149
1386
7498
6562
5059
9575
4495
7332
2410
7351
1357
6658
1146
7822
3784
6645
7255
6939
8753
8570
8992
9737
2564
6569
4949
8161
9057
1686
5586
3581
3141
9008
4876
7240
5253
4439
3734
4993
7063
9196
4816
4942
2188
8832
2765
8476
3550
2206
3136
5045
3506
292
3363
859
8889
6556
1267
7296
3721
7834
1883
6152
5699
1406
3243
4134
9489
4649
5972
195
1182
1852
5507
3758
7089
3899
6408
701
7000
4561
3747
2241
1005
6157
6618
4376
2359
2635
9720
3083
7648
4861
6245
3112
9038
2311
5070
9978
5457
843
9297
4948
1080
3097
1864
1645
3936
9096
7231
7140
3017
1250
3667
5189
4983
921
1849
6788
3698
6615
7193
5062
1226
5108
7077
4320
5116
113
6873
4823
5753
5873
4465
1302
5193
6279
241
3645
8315
5529
3445
9670
5815
6804
5686
724
5315
4106
1414
8708
6782
6503
6520
5253
4540
9074
2127
5188
7215
9022
3089
2320
5662
1247
7447
3453
2213
3401
9364
5908
6040
1236
4991
3431
8405
5629
6719
7521
6677
1814
5699
8316
5871
2606
171
7357
4666
4907
7110
218
8652
6339
7209
9755
5107
2969
6856
7422
9359
2277
4148
9156
5899
7837
5745
6138
4758
1807
371
9138
2706
8657
2709
3791
5032
8735
8661
2656
3734
8883
6895
1907
1207
9443
4932
3067
6893
5028
2023
5340
365
6413
8005
5315
9623
7590
2846
3939
8960
6847
1732
1066
5726
1645
9215
3026
5487
5039
1194
9171
918
5183
1198
8757
5796
1635
6824
3284
607
6563
2746
9692
7569
4486
5323
5460
2096
1477
8619
7015
6693
5425
4232
3629
6571
7168
8262
552
9862
6050
222
3866
8014
2322
9062
2292
7462
6760
3929
521
7405
9387
5346
5682
3729
1347
8090
922
7835
8365
5020
9833
2650
824
1297
3615
9855
1677
5534
9046
5059
6587
9046
4457
1521
8752
2444
7763
3555
7268
2889
3984
4108
5534
9462
5441
3343
8058
9991
9371
1355
8035
3508
6814
404
1898
5733
5267
7694
744
9242
9807
8504
4768
9684
2517
7507
1469
6820
6583
1502
1067
6733
6828
879
8818
6424
9421
8288
4141
8980
6746
8404
3529
6504
1578
901
9849
6615
3663
6043
8438
8063
2408
4906
5571
9326
6992
2969
2974
8065
4195
4490
9107
570
3377
4571
6411
381
5979
9320
8865
5703
2411
6491
9125
1436
7952
9778
9242
8236
9334
6666
8586
8000
5076
5325
569
9751
911
9030
5702
5544
8860
4861
9854
9427
2147
2003
5371
9128
3679
1883
6762
2147
9218
8979
2090
1091
1989
4238
1536
6822
5148
5616
5416
4595
9784
9573
1990
3443
4855
7934
5754
524
342
6345
8161
4524
5686
8092
8264
9438
1660
3197
4620
9788
8546
4017
3837
2786
1020
2271
3793
9178
4565
736
676
9466
7128
9990
8221
1862
9018
4582
444
3507
4100
9427
3856
2633
814
7433
4533
2227
8263
5538
2026
7031
9441
5144
3921
4780
5610
8856
8015
5453
1205
3919
7427
1385
4022
6788
2835
8516
1229
6449
6098
4174
2682
4608
4591
6702
9327
4382
3926
4795
5955
798
553
6134
1778
3085
1546
4343
1378
3565
255
5714
4256
2512
312
8854
4969
2883
1404
5138
5317
7108
4127
7556
733
9858
3009
7551
6397
7664
16
6681
3445
5701
141
8623
7177
9347
860
1045
8056
7729
4949
5117
4378
4407
9671
2738
6003
5702
4540
7251
6244
7186
2888
1863
4497
4910
5467
7905
7548
3218
4006
3409
4224
186
2362
3700
2058
1694
1996
6426
3138
9610
6180
5714
9096
7817
8613
5828
456
499
6967
2714
4912
4464
4176
5244
6825
3383
1425
2903
6976
9000
6876
3849
8649
99
8052
2443
3977
4387
7661
9707
7218
4410
9714
373
5852
7433
6629
1502
1054
1324
928
5197
8651
9521
9963
2455
3849
8227
6151
8357
6334
9911
9927
1939
3267
1154
3710
6887
1050
165
1827
812
3932
2294
1953
5227
7387
8924
5227
6741
9222
6343
9277
5215
6795
8761
3901
443
4454
9461
9632
3727
9320
6307
3657
7316
4755
5452
6861
300
3585
6056
7618
3089
773
8674
1430
4230
6537
3461
4699
2237
8982
9046
4784
4213
7602
4749
8475
1964
1540
4288
9746
5545
1331
5470
585
4079
28
9270
7349
463
9875
113
1887
5101
9776
7778
7220
7660
3354
5993
7370
617
3458
9086
3597
8913
4598
2160
440
7296
7718
1402
9615
6503
5859
7614
4504
6569
5555
5154
7594
8850
2306
1972
1693
357
6514
4026
6369
4608
835
1786
1163
3534
5965
7379
8570
601
8042
2807
5688
7497
1041
4005
8540
4862
5821
6599
6396
6934
9324
8133
9855
4459
7635
8803
5584
6108
1663
3982
815
4822
8246
9423
6002
6863
5612
697
4969
1023
2977
3573
6991
2252
7992
6087
1580
5184
8115
5180
5015
7001
7290
8803
4089
9069
1226
3333
5965
9143
5338
4226
2515
7250
6840
7465
1348
3009
7346
8772
6879
8633
4305
718
9154
5612
6384
7410
7173
4675
2170
7681
480
8295
8961
1599
3756
6332
5451
3595
1671
7002
5895
8041
4417
9817
3166
9470
3044
2136
2996
1832
6112
2394
4781
9799
9876
2542
3756
939
3529
2730
2663
27
8888
1764
9222
7119
5052
5692
5707
7467
2578
4424
1499
4377
4093
7661
5578
6322
5766
5096
2165
4168
1680
5927
9097
5603
857
4438
5681
1558
4829
8793
7036
1661
6293
4835
2941
566
8556
4977
8700
4473
3474
4278
8858
4677
5242
6260
241
7720
6670
9876
1418
7322
2722
9218
6425
7703
3542
8152
8626
3703
9845
4373
6383
1180
7354
3593
4057
6951
7010
7568
4835
2231
5372
4664
4727
3872
4301
305
5736
1940
5457
4209
8726
5648
236
6080
2560
1430
6046
8455
7316
6642
5764
3360
6530
7499
7931
6745
5567
7016
7392
2011
981
3020
3507
4018
8231
6415
1530
1112
2689
7579
4818
2642
9854
1504
4960
8358
2420
9060
3909
4007
2059
5835
9983
976
2491
9326
3181
4841
3986
8955
7243
6216
6388
7673
2651
9815
5949
5654
4373
4253
130
2496
7301
9772
1894
9164
2178
7639
3080
8310
9199
6894
2457
5717
7915
7495
7708
6522
531
1275
2007
9925
4471
314
8181
7716
5465
7035
7821
1898
705
3956
6862
3927
5134
2531
2257
6473
4568
2775
5280
6319
737
6478
8261
3974
1593
5067
8427
4226
49
4771
225
9834
4919
709
1757
8609
7344
9284
7581
989
8132
2322
6856
3093
4834
9450
1299
6299
5604
3146
1824
7428
4558
8588
3073
2640
8768
6607
3802
4411
4155
134
581
3839
2608
2541
9806
147
6068
3316
1422
6163
2096
7066
6022
9085
7476
6278
2161
5590
6427
7732
7276
4680
7258
2795
3314
4345
6435
7783
9247
200
2022
472
5350
4550
438
5351
1790
1758
5241
7167
3783
9602
6521
3135
3930
4548
9033
1403
5999
4238
5969
2634
8072
4047
7690
8544
1803
9971
389
5672
9293
9373
2373
9453
6905
8355
733
6085
8383
5766
7940
8987
5002
7133
3269
7447
8682
637
5683
204
8208
8023
1018
7103
9464
1566
1665
1263
1312
5107
859
4020
8151
3471
7452
3272
193
2268
9209
2733
839
6497
9688
9338
2571
9928
3991
4789
1321
5661
6360
2046
3561
293
362
3558
4640
1432
8659
6379
8966
5085
7113
1665
4259
5009
2560
7118
1651
4068
3117
6114
7209
1936
8809
1632
7791
8534
1874
494
2443
6519
8379
8901
3277
556
6980
6933
5268
3234
9508
3321
609
7989
4370
258
6292
1368
8516
7826
6114
1214
7406
8648
3480
3817
2588
4147
4249
1069
251
1444
8355
7471
1377
2021
5600
9103
3629
1647
3273
271
1769
5661
7908
6255
2396
9611
4926
8551
4412
8202
1107
9280
592
7763
7930
9567
7972
8277
8062
4687
3797
4797
2263
9130
7853
1185
4536
2068
4457
745
4033
7828
1477
7466
8132
703
2873
8832
8772
5138
1404
9416
7370
3740
2167
1559
6738
7959
6325
3098
6290
1217
8486
2459
6634
59
259
6589
5046
5341
3659
6181
6353
771
6092
4165
5716
585
4686
9541
4300
6366
3961
480
2170
6824
2550
6537
2819
3924
19
8744
6168
9719
5888
7620
7072
6839
1863
5070
753
6223
1241
5864
77
8403
4914
2193
153
3104
9054
4879
4393
5439
4982
2151
2503
1238
2691
2043
6867
3546
6595
673
8996
4150
7176
3515
1965
4977
5230
8024
5386
1918
3797
903
6010
1205
4204
1396
7558
5562
5151
6128
79
3207
2023
8033
3782
843
7152
435
6069
4446
3128
3705
2011
1472
3234
3301
7157
4509
7994
2847
7816
2366
6180
7845
4426
4160
8013
7152
2080
4137
163
6894
5362
620
96
1745
6651
4555
6850
5844
7869
932
6150
1413
4913
409
4594
2164
3692
4816
2610
7830
5165
739
6297
7478
354
885
9130
9721
171
8819
5375
9356
6166
4002
38
3181
4697
3546
7036
8530
4111
2782
5553
809
3561
5239
59
5133
9766
6701
807
4226
6925
6385
3498
382
2039
1642
3973
2500
7401
8874
3863
6446
3327
1340
876
3654
293
8972
7764
7025
7391
9618
3102
5097
4552
4685
9747
8885
7511
9225
2719
5415
9869
972
3865
7282
2523
4994
7604
8309
8961
6915
1503
5033
5105
8574
4935
3667
386
8405
412
5862
7920
1732
5744
1720
4385
5854
588
1951
1155
5559
4493
9592
3824
2488
731
2500
1715
6850
8906
5536
2005
5522
538
559
2800
7021
5993
5910
7845
88
4937
2851
8008
2727
1900
7531
3033
5168
5994
8111
2030
4539
5157
4970
5675
5272
8580
4922
6980
6813
1548
4200
5081
3275
2813
2693
1424
2556
7608
2772
8033
7787
8590
6542
8810
8751
1476
9253
9395
1493
3
889
2124
8538
908
4977
6930
6834
1224
2999
5152
2856
9581
6338
2242
6994
4620
3248
3477
8639
1655
1792
5531
9680
2657
9578
2122
8593
750
3900
6692
6403
1929
8401
2593
6087
1476
432
3976
8936
666
6319
6733
1542
5041
2657
3412
7035
9451
2531
5892
9339
8795
9263
7974
685
5252
9531
9725
5776
3677
1649
6911
4748
4433
5788
8241
823
8516
7132
3794
5600
239
2166
5966
6443
9500
4459
4722
2441
7773
5138
79
660
9287
3541
1799
2468
5660
1045
597
9761
8070
7739
6137
6821
7759
4348
7777
7885
5933
536
2355
7948
2891
1344
6870
6700
8435
6417
641
1858
8360
7825
683
3756
4783
4741
8753
410
8509
1804
8391
8199
91
588
9878
2850
7255
6375
9091
5821
4133
329
239
5969
6578
5345
2331
9308
4009
2746
4308
7000
2990
4117
2844
3753
7639
1444
3369
4739
6651
5349
5831
4646
3490
2457
4680
7063
8013
4928
444
9468
4447
1139
6476
6307
7512
1022
1839
8719
4450
6920
6832
8369
7300
992
8167
1263
9572
3654
9443
8611
3881
4067
2201
5571
3631
4581
3398
568
2788
9307
7488
7517
7343
2314
4059
2374
3216
122
8776
8410
9010
7616
9384
8799
1357
7720
1902
449
409
3838
3826
3886
2845
5257
3985
9169
724
1190
1330
7449
2449
4524
1604
9173
9065
2913
5587
3198
6143
7401
9865
7873
1406
2677
9793
6679
847
5952
8838
739
2538
5985
5578
3032
9001
5741
483
6997
2455
2461
480
5901
7128
3768
7850
3735
1234
221
2325
2831
745
3471
9702
4407
7897
2940
9918
4173
6220
6428
3236
8730
171
9907
7840
9669
1665
355
820
4834
9451
4737
9285
10
7884
2161
8695
4679
1453
8193
4344
252
1234
9872
3810
3040
2903
1385
2244
3349
1641
6944
3690
8201
3233
4631
4248
8760
8411
1693
2150
5420
1909
4948
4101
2914
963
5277
5472
314
7823
1058
2318
7131
3485
768
3939
1120
5741
4847
6310
8259
826
8816
286
8565
9711
7858
2533
1927
7353
4688
2094
8536
6360
9595
6163
4139
2687
8943
6679
7171
7290
6036
8379
9727
4111
5924
9308
4812
7470
1060
8825
1147
4562
2720
322
5073
873
7208
4556
516
8336
7969
9665
4841
9128
8073
5716
3847
4933
283
4834
9847
6020
9451
8900
4059
2860
5710
1857
7560
1694
9193
1040
5681
9719
325
9980
9217
5892
7660
5280
149
2948
1683
7585
8820
9801
6771
1611
8555
4072
9925
979
57
4417
3594
7948
756
2872
9284
6502
6679
5473
2085
1440
8777
4395
6242
2670
74
9203
2419
4534
1260
6009
5882
1348
4668
5039
2109
8205
6475
5086
6385
3408
2142
1587
6293
7272
2222
9927
7497
9039
6509
5004
3722
5821
4854
6451
3883
1566
2063
5514
8336
545
174
6018
9018
3308
4805
7119
7994
5709
9723
9017
5268
3916
4953
9872
7458
6140
7598
3068
7089
0
7119
7890
9356
9034
1518
9938
5284
6110
8373
1325
4633
9782
3471
725
6871
9871
9572
3500
2223
8912
4399
7486
3345
3674
9374
7867
1971
3931
8278
4220
4337
2509
6608
4647
9121
9531
371
2206
4961
8116
7023
6545
3471
3160
8291
2468
2661
6415
5084
6667
3648
7465
6587
1489
2987
3120
4930
7160
1453
7177
6762
8363
7963
8794
1796
7744
3323
165
74
7145
9366
7251
9889
5577
9369
8556
6878
6883
169
850
3906
6878
5584
2653
7171
6310
5000
513
2024
268
6835
1243
8640
3517
693
699
5344
3520
5710
3548
7368
2632
8616
2590
3552
2969
3033
3333
8004
7736
7221
7482
1305
6011
4452
5039
5275
6128
987
5328
9620
8762
746
8213
9787
7637
1010
7092
2887
699
1248
5555
9391
2351
7594
2619
9327
7590
8756
5880
9801
4165
9487
5997
2437
5254
7488
1988
6870
2980
8585
7747
4907
5174
4358
4826
1295
4505
1669
9737
9438
8133
4563
5151
3028
7345
15
5757
8899
1491
9758
808
8656
4192
4506
5341
3355
7537
9335
4304
2954
2710
7172
141
2993
6981
8634
2159
4079
5579
3013
654
5800
4675
1963
4243
8379
7236
9293
1224
2655
7988
6138
3162
9519
5915
2506
1648
1998
2882
286
3814
1945
3386
2930
1954
1288
5305
8971
1703
2161
1664
4787
7943
6009
6392
4126
4676
8183
8586
1416
431
4567
93
5501
6290
376
7802
1108
1193
8419
3068
3529
9002
1656
5300
7765
3877
6631
168
1661
2247
5623
4315
5604
5801
3974
8616
1534
6197
1502
8344
3682
2360
5312
6275
8762
1427
2736
6675
3034
92
3229
5572
395
4289
3723
2487
9603
3532
4383
8694
6451
3154
5894
5170
781
294
5602
5463
4111
7099
3347
9842
48
278
5454
8329
1334
5537
9932
5592
6082
796
2577
1292
7321
7487
9366
3128
1951
4218
278
3509
9986
5741
4355
7719
3344
9331
7426
8522
6310
9353
9385
9403
439
9869
1459
5763
565
866
1422
7806
5023
7215
9458
8970
1750
5367
317
8763
7534
1395
6943
8571
8990
1051
7728
5247
8019
4741
4361
5972
5703
1012
5782
9032
4090
2225
8133
406
1130
3559
3035
4953
1301
6632
8852
561
3272
1997
2964
8740
3906
9531
5055
715
7034
6673
5986
6621
7305
7598
3020
6154
3126
3103
2220
4429
4845
1894
9416
1173
4923
4134
1447
7789
9256
4715
1084
8710
3825
599
367
1590
7728
9510
6345
5930
9291
9827
3389
9191
4310
4851
3342
3454
2806
4735
8304
8014
612
8032
5471
7300
2537
1475
2838
7517
6364
156
6173
9900
3141
870
3842
9878
8317
2632
3122
7578
9925
5972
148
4943
383
3657
2947
3238
8636
8104
5846
5519
7475
2371
9086
9847
8315
1377
6603
2366
133
511
6411
4983
4073
5376
5120
216
7020
709
9645
5825
171
3688
2765
5658
8550
4306
9808
5317
2188
4413
3586
4883
7022
4883
8490
5315
627
6053
8652
5700
7128
376
7355
8219
5041
1401
2671
3920
2353
2753
14
9955
2706
4132
9451
6732
5409
4516
7768
240
3225
4290
6040
1423
3866
8020
1110
5771
6662
6162
8124
4787
6888
4539
9617
5453
1425
2676
1297
1074
6368
6816
8730
1762
2237
9468
705
1753
6115
5009
2959
5882
9256
7356
7484
8951
2602
538
1990
963
5159
285
9918
5694
6089
2396
8127
4448
8668
7526
3196
5233
5837
3015
1540
3732
8609
3171
8501
468
528
1055
1306
4151
8524
2511
3714
2575
8738
5306
9631
1663
9051
6921
6055
4251
8543
5583
1515
5304
8791
2419
4050
6002
1965
2520
1665
5580
8962
7549
5209
1842
5164
3408
4221
6107
9210
5614
9758
6635
1766
342
2709
2164
646
8395
3916
3132
9086
1464
2345
9385
4149
2749
5176
6025
9506
568
5236
8287
5108
6655
5730
1575
4539
9802
2683
6379
8550
7070
83
8782
5722
195
1514
2117
4955
1063
4127
1494
9658
7947
4892
1032
1899
2683
5298
3962
3474
1787
2370
8255
1722
1949
1940
5527
1026
9487
3032
4106
7220
9378
8279
2845
4722
4197
5812
2246
9087
3647
4389
9660
6568
9692
9192
9544
4637
3167
8244
9992
7008
1301
8141
9090
8937
7002
6947
1254
6803
3733
328
1420
2695
126
4636
2428
4227
6001
4583
2924
7078
9178
7538
7300
8058
2815
7090
8669
9167
2653
2162
4728
3312
4507
2972
668
212
9419
2355
8279
7972
1263
1664
1157
7876
2248
6984
1406
2559
809
4070
3914
3619
1530
6490
432
7654
2872
221
6236
8740
4106
6544
3230
5926
5455
7376
2175
3793
979
6280
815
1704
6817
1380
7514
9630
7825
3885
4345
8284
4018
421
3332
9451
9091
7889
9909
8751
1340
7982
344
6001
2954
8881
7966
4951
2023
9775
2577
6609
407
9094
8530
3667
190
2838
3230
6250
4704
7440
4623
7837
3777
633
7775
9426
3034
3578
2503
4041
1725
2024
1237
2233
1328
7243
1468
7013
8741
1501
7621
9067
7066
4257
5988
377
5692
1037
2549
236
7463
2101
2485
3478
4136
1733
3549
4811
8243
5371
2521
5241
3232
2623
3383
7313
5008
1664
507
2134
7358
7437
9808
1457
1873
8764
3784
7230
6542
6362
3284
3639
5786
384
4575
3387
3068
7326
3540
3803
3313
3047
7793
5889
8650
2392
8643
5021
8544
6054
96
7037
599
8451
4900
2072
5488
5981
4835
6055
9688
7427
2894
3328
1790
4597
8672
8433
7298
6967
5176
5462
5097
2001
9009
3511
8029
7398
1404
944
6721
5135
9007
9006
9874
4052
6807
3299
9129
6326
7641
103
5694
1276
8263
6923
9206
1815
9102
7434
1180
5604
4971
2543
9486
6830
606
2141
7278
8334
9526
4671
4089
2032
9580
3485
4437
483
4540
7655
1859
2924
4830
8561
7972
3735
6659
5948
9767
284
6395
8156
3344
5850
4179
8827
517
4691
5947
4217
9154
851
9830
2942
1900
8061
7291
5742
6370
6212
2008
5448
2240
6996
7734
1339
2621
667
519
598
501
951
8572
5978
9137
3020
8307
8989
3825
4466
3230
7294
923
6889
5743
8848
269
5050
7311
1942
9599
5692
9886
3193
8228
1040
6244
6889
5855
1241
582
8077
1875
6779
5732
6408
6242
1247
2208
139
2887
5712
4617
1201
4303
4357
3269
2810
5057
6219
8125
5912
2159
5919
9506
6496
1572
7045
6461
3949
7309
231
8388
4311
3205
9901
857
7978
2585
2358
9980
487
3386
3537
2577
9892
5840
4026
3580
6080
4555
9588
8489
6263
6949
4911
3288
5438
3956
1671
6453
1868
9308
9625
7942
4758
7152
194
2029
869
2808
2053
8685
4277
3071
2185
5802
93
388
2077
8393
5078
8064
5353
6854
9337
5751
8402
9893
794
4135
7401
8864
5659
9182
9378
1327
4014
2296
8044
1813
4971
8805
3569
2279
9258
9609
7387
3143
3822
4205
9041
9391
959
4404
7677
4266
7777
9960
1276
1452
4630
338
1489
2449
5165
2136
4534
9027
869
3040
1248
6293
978
9763
1341
9356
3114
7709
3773
910
413
3857
9803
4898
7311
3129
3158
2295
468
9051
5328
1873
6198
1896
9106
7886
9782
5278
2554
422
7677
2189
5282
8433
5373
1798
8382
178
7033
4238
6450
8993
6877
1907
813
6951
5787
6630
5462
2690
9044
358
7186
1688
3168
2494
4287
9673
9178
1380
9713
7229
4122
3426
3110
2988
1280
7921
4727
2092
4586
1537
4941
4005
9650
3942
2142
6561
807
4925
9475
4895
1175
220
9031
5862
9078
3591
1438
5958
4157
6510
3119
1707
4610
3892
1888
1147
5919
6650
9468
8831
450
4394
5892
2190
5633
4288
5791
2084
4903
402
6079
3265
3119
2801
2994
1790
4252
7575
977
2699
5155
912
6393
5924
8022
4774
1219
4962
1086
3780
7634
1725
9972
6028
6233
8399
8124
2916
2374
7668
9486
4442
1039
1342
3650
2041
1192
2020
7528
9332
8254
202
193
9423
3666
3084
3005
5645
1829
4213
8610
1859
6877
6684
1157
2203
9713
4845
2185
6582
5127
3734
849
8441
2631
5944
4547
1400
252
4461
1436
1184
6727
9545
330
4061
7247
856
8441
1404
1193
2119
5053
5531
895
4031
329
1773
2944
508
5706
217
4037
5901
6052
4834
6203
9012
3271
6610
3362
5548
4556
6127
4289
9482
4578
9807
3603
2171
1087
2840
658
7133
453
928
2670
4923
5748
2515
4810
8432
4501
1603
2724
9469
3226
4538
9247
9397
4096
4459
3167
1717
3678
7398
5616
529
7853
1738
307
730
7587
9924
9397
1819
1965
9174
7134
1571
1945
1651
7283
8269
3101
6423
9081
6938
4472
7908
5159
8753
1427
1879
2998
2077
420
7016
3320
7780
5551
752
4002
455
5528
4133
9847
3221
1289
9345
5538
5931
7676
4353
7711
3062
8631
9177
551
1081
7634
7525
7639
9130
5221
5530
3676
8438
370
8906
5004
4405
6700
5126
5684
3176
1459
7151
1866
9375
4429
4597
8190
6663
2707
5040
5218
8576
7685
13
3987
9165
2555
2736
5538
2101
8457
4520
7572
1142
6685
3824
882
377
6441
8081
654
7552
8071
7653
147
2844
2526
7878
3607
1852
9968
7749
7760
5919
3581
8359
2975
9211
1752
9673
9166
2982
8739
5381
1074
1297
5385
6029
7421
9044
6136
4691
3075
7172
7402
9067
7638
1217
4894
4328
8736
6349
3032
9155
1404
2119
2017
8699
562
9157
9900
3974
4461
8592
6407
9237
2427
2457
394
5413
6016
8106
7407
8466
8855
9895
6718
8118
5863
3810
9619
9615
8173
2174
9774
671
2972
8716
1703
573
9438
3473
6108
8841
389
3769
6649
9468
8914
7780
3107
8669
8641
1150
145
96
7599
1773
679
9754
6665
8035
816
8735
5523
7187
2295
1436
2322
6289
1506
9777
