2236
773
7368
2460
3055
4060
4695
1413
4833
6332
6861
3960
7068
7352
7292
1734
6362
4238
3113
513
440
412
4956
0
2137
7539
3655
6016
1050
2820
3472
4901
109
5687
1789
7646
4820
4443
4155
742
4412
4216
779
6758
5044
5503
1802
3319
6536
1187
4315
390
4414
6273
499
7633
3628
6586
640
5901
7924
3617
4983
3114
6174
6928
4793
7150
3216
5589
6497
3006
7916
5898
2860
3388
6086
5122
4294
3273
577
4191
109
6891
453
1153
836
74
5342
6425
2422
1429
692
4123
4805
7746
3171
5650
1262
3250
4855
269
6459
6322
1285
7991
997
3422
6952
7493
7843
544
7895
3720
5139
1622
6624
7586
1796
7314
5891
7957
542
2746
877
2295
3310
7120
1616
4546
3730
3596
4315
3719
1086
2598
6043
1027
360
3376
3310
2314
6102
7263
6367
6112
6530
682
7203
3111
5030
5578
6959
6002
3946
2658
4724
1143
232
377
5368
7331
3608
1058
2194
1672
4701
6845
1090
6130
3691
6038
3371
7255
5203
6442
5037
7596
1772
3722
5795
276
2848
6553
5366
5171
6288
4720
7260
5857
997
1696
5233
5691
3828
6743
240
6355
5453
1755
4302
3783
289
1972
1075
6447
5453
6759
3670
5744
5639
5468
243
2670
5283
2081
2412
6750
4931
7495
1530
3129
7065
4394
7374
5516
4954
4175
1416
2732
7618
805
2322
2055
1149
558
6299
1750
7481
4599
364
5359
5702
3523
1704
4599
5030
7110
5284
7477
1271
1485
2464
1217
4218
3195
5538
2139
7871
6893
5166
7768
1711
6271
2276
1142
4918
5096
2486
721
3467
1664
3779
7215
3357
1571
2453
7158
603
6829
6708
7677
4768
7268
37
575
3898
502
5378
3436
2645
7895
6199
1113
5065
6348
3798
1496
1277
1798
4376
4643
5174
1126
369
5810
2048
991
6799
7340
7479
1466
7342
6586
5810
2098
474
4150
6029
5311
5059
1346
6098
2864
2358
2934
3972
1905
7806
6385
2567
1197
918
7376
7663
3340
4105
4093
2275
5981
5544
3679
6893
3152
5608
7151
1122
7578
277
3306
553
2363
7607
2786
7657
540
7296
1392
7827
1041
2286
7684
7561
1791
6147
5341
7913
6359
31
6036
635
4736
631
2450
947
2451
4148
2721
4002
5440
4650
2720
3008
2638
4723
3921
6030
4863
3304
6796
1899
3153
955
1046
3445
5409
4916
6541
2074
6699
5958
7226
2234
2028
4365
4041
7738
4840
1703
6164
168
7239
2860
2651
4486
1499
6219
5712
2997
6973
706
4239
4800
7637
7161
2411
6913
3511
5756
7076
4916
4778
1876
3188
7958
7365
2496
3784
5625
1907
6933
7692
7719
21
239
5727
6576
70
211
4710
4371
1338
3171
7484
2821
6335
4540
7431
7584
2150
3056
6822
2027
4283
5019
4678
2050
1135
5988
2708
2210
5207
1874
6989
7763
141
4296
1457
2674
3316
351
2646
1242
7258
4766
984
7087
5558
4568
2350
6406
1872
739
7768
5748
4416
5488
7988
6898
1870
7692
5808
234
6137
5938
7706
2465
5651
1930
1364
6528
7945
3458
2211
768
6273
5640
806
5105
1372
6625
739
40
2395
1129
7165
899
2077
3175
4930
3674
6662
76
6369
5828
2108
5192
376
7043
4363
650
1740
781
2536
2898
1170
7224
467
4852
618
1601
2005
491
3691
5752
809
727
4633
2252
3767
4756
1139
47
699
7033
4969
7205
5445
298
6507
2607
1305
4186
2781
3470
5622
6241
1127
4726
7860
6774
2472
5393
7750
521
5514
6764
95
1536
3376
7554
2930
4939
1804
6691
5841
6502
2894
897
5879
7147
631
5527
7265
4689
4172
7222
1046
5381
37
7278
7752
291
6181
2389
7507
3793
7940
5047
98
2232
3463
7130
4913
7904
1489
1708
3372
4583
4819
5003
3767
2846
1184
7409
2375
3329
5275
6523
5741
2448
5137
7892
1267
5326
1827
2498
1887
7573
7836
3277
7637
532
161
1735
6424
871
2438
3709
3441
1297
2493
6584
7016
2073
7337
6192
4079
7358
7313
3918
2207
6551
2800
3165
5977
4300
3241
652
5198
4523
3671
1186
731
7528
4226
7103
2252
4212
4975
2698
2434
3000
3215
892
7919
5230
2071
6792
4605
7580
2735
5350
3982
1838
5508
1851
4191
1840
1656
7527
454
869
5241
1066
2074
1798
6767
1331
6833
3226
1679
4679
4228
7982
845
6731
4399
498
6254
4398
3413
2160
6459
5365
4065
6378
3409
6436
1319
2958
2454
2950
552
4312
2502
5082
4148
6084
5355
6618
4266
1519
5419
6056
2779
7434
315
7320
1869
1593
2034
5780
1627
5198
3832
7216
6202
4252
5213
5643
4502
1723
4678
542
3674
5848
7553
1380
7119
5622
7546
5478
6812
1093
1991
4706
2348
6045
5022
7511
3501
7511
166
4080
5428
3400
4458
1674
2301
6235
4970
3940
720
5322
3276
3746
3776
6969
432
3902
7438
7151
3873
2124
1962
5233
486
4840
3545
1405
7609
510
5106
5408
7247
4789
1666
5877
4758
4601
3663
4026
1725
6563
7162
1936
2476
2503
3773
7951
2517
3099
148
7235
3426
2815
5881
7624
2510
4653
5127
5501
7504
3071
1024
872
6769
2967
2218
1446
1791
3118
5268
7309
2458
253
7670
5984
939
1089
3830
2350
6581
111
5447
1607
3971
6068
3756
6492
3713
3303
3611
7474
1383
4430
4028
4035
3600
3658
2192
2353
1001
7136
943
4135
6724
2916
2154
5774
5580
7172
2447
1641
3155
1518
6474
7118
648
2655
3240
642
7940
3721
7223
1199
6275
5600
1290
7556
3824
5186
4057
5738
6744
4993
4292
2718
5057
6414
7480
4655
340
6979
7594
1366
1653
7884
2753
4013
499
5939
912
1806
5339
2760
3201
1993
5223
2153
1549
2433
6356
6004
7271
99
1681
1286
2744
196
4947
1454
1221
5143
5509
7219
6190
7879
285
6526
6416
567
1354
1766
4425
7700
3081
5526
2843
7443
5015
2205
3754
4044
2625
4306
5599
6579
1431
5986
6063
7983
703
3832
1590
5848
6245
4871
1597
146
5904
7735
7002
5696
2064
681
6135
2343
404
6697
2027
6305
472
2351
5956
6843
4027
5778
870
6635
7022
1162
332
1265
1481
672
6573
2568
6328
5492
187
3081
6290
4970
7045
2525
7562
1011
3005
1565
2494
1907
4179
584
5613
6804
5567
1632
4038
3175
4062
2081
5787
2866
3700
31
7540
7194
1616
4283
6656
6574
1229
7809
486
6285
7412
5921
6458
4022
5887
2697
4812
7402
1657
2267
6682
4480
6337
7376
2213
6149
1197
1513
3105
6029
5706
1421
1029
7003
6146
3780
6275
1768
1815
5006
6866
2068
1547
4513
1574
4070
4002
2046
3905
833
1343
6063
3939
3174
5867
2655
1437
672
2549
2261
2948
5136
1907
2191
640
3605
2534
4855
3780
7575
188
4804
3480
1777
3822
7152
7122
6713
5514
2449
1251
7021
5131
5975
4365
3451
7972
6113
6002
7532
2076
4988
5512
5295
6674
3449
2793
7230
4130
4713
6791
6191
6112
6839
6973
7833
1729
4451
3776
1441
4826
2007
7348
2976
1088
3879
4187
2674
3214
7274
808
7838
5700
4975
6002
3677
3276
3614
1988
1801
7257
6701
273
2468
808
507
5061
2369
4776
396
3446
4626
1974
6306
5433
7888
6913
5108
1617
641
1229
6926
4227
297
6163
3588
965
6543
6853
2836
4500
4394
174
6615
2213
5737
760
7716
3699
5020
1800
5058
2167
4738
4163
71
4150
4847
4212
6161
3764
410
4998
2464
1030
4801
1195
5135
6021
6393
7967
3501
1375
6037
583
7804
5447
5042
4147
2438
4172
6174
2755
6294
2823
7523
7141
1242
1839
3763
572
3539
5639
2033
7132
5750
3446
730
498
2019
3383
5646
3393
2687
4519
1791
7623
1712
6139
5237
7614
6516
6036
6075
574
3038
4331
4521
383
2351
7783
5199
4349
7053
2510
4539
4468
3682
5335
4968
6283
7764
285
323
781
1052
7152
666
658
7238
1926
6244
4732
6276
3407
4327
1373
2286
7014
1674
822
6810
7075
6455
7962
3796
589
4460
4082
1530
5677
6047
2137
7031
2750
5324
1383
2842
6656
5404
1483
1298
4843
371
2322
7624
2625
2902
4612
473
3260
6072
2605
4142
2087
1632
953
6458
1417
5560
2553
3088
4475
6836
5698
4447
1307
412
4660
4811
2009
1144
2392
4072
1327
1496
2467
661
4205
3197
1496
3635
370
103
6473
4353
5559
5116
1085
5142
4229
2514
3949
1721
199
3353
1641
5024
3002
2024
7640
5316
4096
5730
7068
2525
4756
2757
276
3839
4056
1295
3195
3473
331
2444
7981
3366
6294
3521
970
3513
1669
7791
115
6218
7763
4356
6130
3855
4766
2851
54
7385
249
6542
3451
6021
7200
366
6856
5978
3910
6336
5202
4550
3083
3035
638
3952
4937
6689
4740
1273
7950
2370
4975
1301
7460
6824
2881
2687
715
4419
6579
1246
840
1329
2969
5618
6870
520
6756
1018
7035
1924
1153
5990
6710
5960
1888
4788
5076
2450
591
5802
5538
128
900
1199
3837
569
2553
6725
5061
2618
1074
3430
4336
381
794
763
6779
1479
843
6387
4091
5455
5485
4550
1233
2310
1654
2055
6651
1735
4559
223
7944
413
279
3499
4708
4971
5888
5364
4113
1404
1239
1799
5942
6824
6818
4593
2641
5215
354
6809
6857
6485
1912
58
4511
5898
5732
4347
7042
2613
40
3948
4545
7116
5259
4191
3163
4851
6521
5153
5426
2046
7496
788
4702
613
4245
6058
4446
5059
2509
6080
234
1611
7688
7764
5156
4360
3151
6245
236
4110
3134
3878
6355
4994
6341
5342
4775
1283
2952
1631
3692
2420
5926
1056
6892
2280
7255
890
5862
2216
2351
763
4450
7331
1087
5419
4260
4403
2267
6489
959
2824
5621
2656
7232
3059
1384
5371
5451
2961
1489
450
6596
4434
6040
4289
3172
5925
1100
2547
4011
2498
4972
5728
1076
1299
7619
4304
2724
4096
939
4459
2300
853
6577
1006
5327
4882
985
3852
5773
7440
7992
5727
7293
3275
1408
6281
6729
5136
5401
3564
7091
2756
4905
897
1382
6734
5110
4889
3047
4002
6627
2670
1130
2987
4567
6181
2561
7381
2747
7011
3631
5172
4705
4617
4507
7252
194
2125
5536
7902
928
3446
7297
1891
6026
3380
4474
4168
4926
2201
3185
2062
5736
5816
652
6397
7177
4953
1628
2733
2035
7062
1462
2481
4016
2069
6307
5344
6787
4385
5485
3649
4998
6503
3354
1554
1906
331
6965
6581
3005
4517
2055
3448
5470
2524
37
640
1964
7900
7395
4561
2212
1527
4966
6139
2825
7318
791
164
1318
2073
2804
4207
2351
1171
7296
3783
6214
27
5723
4938
7385
2256
3564
7444
6824
365
1210
6630
6372
7301
6874
5235
6771
2395
5827
2311
785
800
3517
2516
7824
6025
184
1947
1472
6797
3449
2675
6505
1080
4847
4281
2485
6767
6180
4245
7723
6529
1999
996
2134
4901
70
3911
7300
3734
976
3208
1386
4936
4185
7716
997
5445
3007
1273
6619
1449
3529
2061
6528
5622
439
2232
692
3797
4084
7152
7306
2794
1256
3631
5348
1874
7978
4291
5818
6908
2451
5873
3385
7073
6189
6215
6280
1185
4811
6461
485
2363
2418
2631
7214
6761
1589
7930
7548
1558
1502
6424
5418
61
3528
1210
1267
5023
3466
3097
825
7777
142
7160
2722
3967
6015
2930
4317
4081
5920
2844
7619
5529
2426
3286
6424
6821
7406
435
7280
647
3688
1602
4526
1998
756
5561
4776
1633
1194
637
7014
88
1733
4945
73
887
3730
3928
7817
3208
3076
6344
1175
5204
5028
6061
2785
1853
6373
983
52
4923
7318
5602
4859
6833
1520
7648
5797
3627
7695
5029
5285
503
4350
238
4435
4253
5675
6766
2992
124
4345
4599
3270
5762
7220
3521
2990
7879
6688
3291
7339
6471
938
2923
5620
5562
256
163
1936
6610
508
259
3481
3920
7035
3076
4322
7492
1549
3944
3061
799
6917
7132
5237
4150
7471
3718
3426
4694
4577
305
4539
2814
490
1170
2814
4413
4840
6327
5451
6569
2998
7563
6375
569
7425
2120
6427
5248
636
249
4220
7302
1706
875
6662
1989
1688
1968
5730
7869
7597
4879
1351
3508
5465
5963
5052
910
619
4238
7228
4164
5631
4530
5426
3268
2068
3565
1891
2341
2300
6166
3435
3526
4844
1688
5983
2050
1971
2674
3154
209
3080
3368
3635
638
956
4234
83
2304
6926
1310
5445
7032
1309
7276
2846
2694
696
6823
6492
6728
2449
1395
5283
5361
2449
1111
3618
5889
4677
5377
3669
3750
629
3504
3747
2095
2581
1026
3879
4905
2389
2970
524
856
83
7405
273
4116
7920
2922
2348
4029
1920
7619
4043
1756
155
3933
3957
7639
7249
2960
4239
977
5178
2011
699
7004
6250
3623
1755
475
4612
7670
6067
6329
1574
5928
7852
1536
2050
2154
2933
5591
7884
571
3524
1627
527
988
3771
5656
7323
5268
1957
1060
7257
4381
1503
984
3263
5999
4627
2476
5470
3814
2912
2414
4312
3026
2646
5663
7216
4315
2909
1770
7290
6031
4277
4225
1457
7370
407
790
1063
2177
1275
7540
1367
2987
3635
6263
7190
4364
7541
7022
4904
4767
4342
5259
6191
415
1329
6469
4031
7730
6918
4619
5452
6194
768
7972
3269
6810
5487
2407
7290
5002
4340
3860
3447
5111
5979
6222
4341
7858
7330
3446
550
7059
4056
6245
2543
6850
673
5445
3314
5217
7190
6157
6792
2329
5577
1559
462
4288
4134
5023
855
7140
6260
4698
319
5431
187
5489
3871
1751
7616
2520
7516
4920
1196
143
5914
7408
1163
3637
718
4254
2928
5572
370
1912
6645
1389
977
4464
5471
1745
7682
2691
2401
6553
1521
7838
2743
3058
7256
7789
1523
6632
4366
6593
5525
1822
7478
28
5202
3368
7000
668
7223
5765
3916
4290
5863
1660
7634
3167
3840
2577
4351
5722
2140
4836
658
3232
2868
4839
229
104
7134
7866
7935
2978
6135
6245
2950
187
1755
4209
594
4175
3985
483
3612
7532
260
5590
3093
575
7980
7988
3347
5982
908
6353
550
6193
4180
996
7369
6398
5862
6498
244
4879
7029
5369
3918
4353
522
6182
6208
5804
33
4787
2469
6506
3824
1296
3101
646
7047
2637
1793
4675
3602
3442
5297
2438
4668
7420
1160
672
2478
5748
6129
6460
5749
5036
147
2402
5954
4953
296
3621
3338
3400
5995
5679
2510
1407
7856
5991
1781
5553
909
4796
5717
924
2742
4689
2192
2819
999
3013
539
7427
6138
4254
6170
3477
7640
1169
3751
3103
780
7536
2418
2167
4467
5616
6466
5429
4240
4054
6618
4339
5308
2238
6902
2724
4794
7688
7220
7118
1961
5151
5712
7013
1682
1191
4104
4741
2273
6019
3550
2316
4721
1344
7996
5970
5056
4193
7921
4807
642
7815
4250
7719
7953
5693
348
2332
257
2078
5581
176
2450
4131
1074
556
511
3725
2851
6802
3891
4843
6795
4468
475
2313
3468
1648
1878
5749
7935
4617
5001
4719
7961
3170
16
492
489
1433
4815
2503
7741
2877
2918
1413
1252
3374
2435
6083
5071
2128
5969
1726
4689
7531
846
7423
3398
7714
3066
1313
335
526
3563
6720
4155
7479
4285
1024
2177
2607
6823
5623
7978
778
5930
3128
6667
7869
1378
5501
2608
7378
7743
2096
149
5061
3789
1622
461
1791
5871
2521
7238
4524
6378
4208
7268
2747
3933
1197
7945
2417
3663
6242
3254
6826
3169
2609
4491
1134
34
239
6058
5932
3905
7540
6778
5462
349
4738
71
728
5625
5904
1031
2614
4811
690
4280
3777
7539
2534
6372
7413
7433
4989
2694
5106
6159
3939
2055
149
3077
3854
4385
371
4060
703
5733
7409
3202
7224
151
195
2140
4411
3831
7743
850
4410
4187
3741
4547
7264
1143
4622
2970
6458
63
4725
4984
1668
2403
2182
1105
2508
5945
6010
3859
3845
3129
4588
320
4203
481
5075
2909
4813
2937
4829
3842
3324
2737
3940
5906
7630
4966
143
5317
335
1539
5192
6945
2246
3332
661
1480
6175
854
6869
7082
6650
2523
6938
5466
3535
2953
1693
4094
2235
7282
2530
673
2412
4702
6185
7139
3366
5716
7758
1296
7791
4856
3454
3341
4573
3534
2838
6382
762
2397
1753
101
7825
750
1678
6998
6296
3507
4724
6086
1273
7173
2659
7601
4351
3654
7041
378
3865
614
3165
3581
4622
5376
2091
6785
3326
100
925
4937
1425
2608
2522
457
2302
2263
2973
3382
1978
5700
7341
6134
6587
1623
6452
7671
6055
6221
7871
7643
5342
1919
7889
7697
2145
5889
6692
6271
93
1835
4669
1243
6680
4084
7658
5593
3511
1401
1243
5951
5289
1118
1819
6036
7028
6027
361
3766
1754
1368
7095
4491
3623
3843
5630
7056
6938
6878
1788
205
1774
2054
460
5673
2307
7245
6496
4762
2798
7161
540
5556
2842
5542
5842
1123
1945
134
6358
6068
1227
6281
3774
2445
1577
3096
5816
1853
2351
1082
7048
3182
4068
474
3868
2423
1799
2656
3917
5198
5911
2619
7796
5403
1087
1728
7975
4647
669
1900
3983
7859
814
6341
1767
2149
4183
1695
4307
6238
6034
315
1307
1191
7411
2954
3202
3145
5782
207
3591
3707
6632
482
1783
5302
270
3344
4717
1253
885
6688
1384
1976
2295
5809
4743
2008
935
1663
6243
757
7225
3972
7689
3514
7185
2555
2835
2722
7526
4543
4513
7460
531
7186
6073
7882
1146
2938
2489
2656
4181
7878
4341
3719
2651
2479
1521
5545
586
6681
508
5191
5719
6265
4327
6701
944
1040
1313
3719
7530
7573
7728
3022
6220
7472
5582
7387
7479
4707
2142
1820
368
1539
2505
2404
1932
4708
1338
4252
1015
3284
3634
5015
1056
4925
6408
3588
6277
7342
3841
6140
7958
1459
583
5179
6857
3744
2762
7020
4730
3181
5104
6173
7804
2619
7866
6674
3904
2165
6260
2101
1760
5714
152
5547
6217
2742
2177
2625
2051
5176
5767
453
991
5182
1531
5298
2428
6725
2560
3587
4277
829
1348
2728
1770
1553
6426
6102
7018
1540
3638
5305
7802
2551
7556
69
5892
7623
3429
490
5919
3859
4678
870
6071
2267
7391
3124
1817
2436
5254
4322
1246
3576
4397
6592
1457
1450
4350
2548
6398
5751
6417
3627
3320
1832
7112
938
3143
3732
3976
5122
1101
5794
6100
6946
7188
7148
5639
5638
7190
576
7470
2318
5159
5120
1344
1385
1347
5225
2491
2864
7344
7984
1371
7055
3151
4168
3065
670
4037
1153
6591
398
6720
1994
6852
2494
6120
7767
2568
4781
5796
3230
2253
5898
3142
699
720
6696
3668
7667
675
1357
3828
4885
5544
1322
5171
5308
5804
6116
690
2034
2397
3344
6829
3567
4713
702
1705
5503
5173
684
7866
2049
375
476
3950
2123
7025
4736
4442
619
7563
5841
3583
3400
4491
5374
3672
5864
115
4162
2626
907
6391
1934
5576
1460
5401
2214
5194
7687
1507
4488
6858
7502
4352
1414
660
7317
7352
2741
583
2870
6727
6142
2179
5359
2392
6161
1073
2607
5411
5562
7017
4080
1632
4364
3524
61
2790
7993
1984
6997
4517
7492
1801
2024
4156
77
4778
2302
3128
7627
5072
6327
1002
665
7222
5357
420
1255
4274
2101
6928
3601
6300
261
2284
2316
598
3887
2214
3516
3197
587
6479
5412
1643
884
5055
181
1253
41
1734
6983
4712
83
7306
1189
1419
4965
6978
3138
529
2847
7950
2890
3021
2606
7792
5716
1586
2350
6891
3507
823
7055
3254
7916
5091
2005
6685
6977
3130
6905
2869
6316
7364
5229
6074
6888
3062
3773
6919
5096
3584
7761
3120
1451
3250
4943
3903
4647
6731
6557
4490
3170
928
1732
3501
5856
1062
1264
3882
2743
6876
3412
2329
4990
7063
7210
4813
228
6443
3928
6726
7005
6771
7406
5964
118
6846
3532
238
4746
2774
7841
6231
5389
7150
6862
5833
133
4967
5224
633
3097
1471
6812
7367
770
6615
2222
6745
6686
2975
922
1043
2723
2720
731
6900
4528
7013
1481
7184
3775
4615
7261
358
4535
2836
4816
5981
6366
4315
3810
3680
1388
6167
6199
6035
4346
3126
7388
2736
4698
7300
2471
7875
448
4473
1147
4414
6301
475
2218
3450
7436
2001
4598
5451
3301
4998
1840
4030
7792
7094
770
1585
500
1305
1928
3407
3885
4904
856
3623
4123
464
3042
3241
6903
3122
3059
3772
5633
4693
3860
1406
4468
2729
5967
5273
3675
5625
721
702
6205
4524
555
386
2612
5559
2611
5329
5084
1763
263
4755
4006
7606
3185
1689
2956
4609
3494
1604
735
6533
1577
4403
2876
7811
1165
6886
4701
5151
6807
2676
4299
6832
6273
7077
5553
2727
2907
6445
3021
5273
3597
4934
6975
5418
3575
7784
2372
7512
2425
2856
1852
7393
6030
4202
5799
1618
6803
516
2734
7534
6950
6705
990
7863
5481
4975
5807
5403
5350
2102
2563
6078
6413
1109
1514
6944
664
6634
3170
5291
3599
189
604
1180
2983
1337
505
3531
7302
1993
4372
6296
3682
5004
7672
1652
1863
308
7538
5961
6967
192
7746
6215
875
6163
3115
2381
3896
1393
1642
5296
2061
4823
7427
4394
6745
6068
7734
674
5897
4359
3985
1363
2671
3798
4639
1372
4990
1992
1790
548
3826
1568
782
4136
1612
2582
837
3107
7803
3220
2272
217
7127
2634
3764
7551
1030
1774
163
7690
5633
3795
4522
6738
817
5605
2774
7523
7027
4287
5462
737
6843
2985
3436
6037
6932
2737
6270
7832
6021
7844
905
538
400
873
2229
6224
2004
7547
7811
2424
2834
386
674
7690
7628
6092
1889
5564
5513
4268
832
3826
3510
1327
4383
2945
1318
3640
7896
1375
7610
247
3816
3560
6300
4042
6216
2127
7909
2864
218
287
2911
3302
3199
6893
5476
4192
4101
6557
3685
5605
6718
2701
71
1415
3307
2465
5991
4670
3287
4396
574
2657
2497
3063
224
2368
3506
4658
5599
5216
4140
7605
76
7188
1603
305
1245
3508
6661
7351
42
1149
2196
7972
82
5573
1429
3113
5818
1177
6337
1523
2869
884
6937
1659
1920
5086
2358
939
4580
4064
382
5035
6782
4959
7155
712
6747
4381
4901
5569
3581
647
1608
7213
123
59
2784
3532
5572
475
2200
4776
4611
7047
7795
487
1439
4922
6426
560
4442
7043
5907
2808
5785
4509
7442
2664
7234
5485
5802
5293
385
7513
1052
1883
6374
4096
3344
895
1832
2649
7522
5631
7181
6379
5651
7728
5473
2662
2400
2229
2147
6365
6256
3214
640
1953
3494
7300
4791
7739
7318
4847
1883
4357
4181
995
3511
5989
4650
1717
7307
6695
4128
5549
4469
1974
445
5386
4395
5047
1997
7468
933
899
4311
7138
5528
767
4081
6800
3356
2905
7280
2941
4462
3232
5239
6007
4818
6080
112
1379
1489
1945
6361
7269
7264
3260
3062
2664
737
2049
7269
5066
1090
4552
1486
679
1860
2890
6008
6977
278
4635
7801
7241
6047
4158
5638
5388
7451
7972
1704
5949
2909
2819
5520
2331
6706
7568
1089
5375
4134
3353
5547
7492
6816
3392
5720
1683
6568
6423
3583
2889
5257
5973
2102
3912
1682
1075
5893
3479
7030
1638
6742
7414
4563
3577
2184
1475
656
6982
610
4994
2655
5392
7012
5837
5410
256
378
2839
5418
6459
7946
4958
6170
1052
4716
4397
6890
7955
4281
2187
2439
6809
1980
1924
4568
1807
2118
4689
2780
6515
5470
1638
3887
7485
2709
6488
7723
2908
3958
1642
6699
5576
6300
2099
3115
5380
5983
7405
7819
7282
2854
3932
435
2130
288
2264
4112
1433
4046
2361
3835
4842
567
4447
763
4275
4479
7388
7201
2279
5522
4542
5010
4051
3579
2300
1570
2783
1233
1083
5978
4580
1104
7422
3036
6116
6277
5929
6750
2474
7843
3376
3922
6847
628
1185
7846
5510
5481
4490
5095
1909
1874
1032
1408
560
6249
2221
1889
7299
6728
5453
6459
2940
7355
7269
7911
2467
3440
7657
7590
2904
2123
2089
6915
263
5462
7839
2005
3785
2838
1687
3809
2522
4344
4283
7196
5299
7146
5050
6733
2308
3463
1493
5585
4560
3562
5958
1081
7076
7204
4045
7117
1141
2824
6232
820
6805
483
2253
1195
4434
6281
2232
1011
1451
5450
524
6536
5360
1860
2456
139
4021
1490
967
4161
4146
5602
3539
1652
2554
5477
968
6071
4054
2847
177
5831
126
286
1057
2573
1267
2247
799
1281
6844
7499
6511
5992
4411
7545
5369
2749
4458
814
1497
494
6392
5095
4866
189
1402
887
3791
6151
5839
1747
1832
6434
2261
907
397
6943
1410
1236
7874
1582
7072
4608
791
3617
7335
2126
1107
1865
3832
1630
701
4669
4852
4349
2182
633
2935
7326
854
7778
6517
5418
7601
6503
3119
5614
3718
5252
6801
1331
5716
3808
5867
6187
2361
2839
4234
4743
5209
1426
4530
6310
7719
7185
4539
7911
83
6794
965
7839
6096
4139
2842
6182
5569
1852
6942
5132
7359
5536
7029
3113
1353
2554
6769
6674
7113
3309
566
6824
895
4091
4525
6730
6988
5903
737
7594
3485
7702
5241
7293
4146
2183
4946
4876
5450
964
1465
7528
4845
24
834
2491
2454
6432
5896
2489
5434
6663
2177
4404
6905
1386
6716
7823
7968
4762
826
1034
5017
4927
3879
5437
7472
6489
5043
1696
1474
4578
3793
4295
6276
5520
6348
7979
1517
4278
5313
6882
7489
3018
4349
7537
1531
2881
6643
4344
6423
4695
6106
5387
2361
2411
2017
993
6717
6662
5392
678
28
7228
4989
7147
183
5355
1191
7549
5764
2529
5554
5907
2706
5786
2687
7073
1978
3430
6503
1161
5540
6313
2261
7729
435
6268
2301
5423
7566
7730
6909
7649
2124
3509
2318
5018
3195
270
2470
1463
7117
2435
6510
5199
5536
6042
4955
1352
6505
2748
6572
3591
2364
2549
4414
2943
7162
6040
4751
1259
5847
5119
5517
6998
1094
304
2906
4247
3460
1564
2527
3483
1406
1985
2634
5659
1888
751
6053
7916
5308
6567
468
7476
5010
2718
4011
3258
5378
5922
3050
6807
3403
6996
790
4489
1343
2451
6708
4135
6341
1529
5285
430
7306
4479
7577
3001
70
2428
7473
2063
1831
4490
5365
1559
4252
3017
750
4326
2687
253
3170
6841
2911
4819
3498
6078
2089
1
5233
6156
1523
6987
7755
948
7334
2401
4207
7855
2053
294
5651
5494
6110
5899
3555
5233
7179
6426
7645
4487
5093
4175
524
6484
7111
7968
990
2425
5818
1630
2532
3853
4162
5619
2278
6128
1156
4299
4641
3136
5714
6288
1631
741
4309
1485
497
1544
1238
5172
6538
3745
937
891
2043
6252
4982
4832
1478
5757
4901
590
5346
2603
2725
4120
3787
6184
2138
3554
6594
6321
225
4575
7976
32
6528
4020
1395
4383
4335
7547
6282
2167
1661
5156
3843
774
3745
2423
5559
6543
4446
565
3518
1131
6417
2204
4748
5790
4442
6024
5991
69
1829
5430
2756
1003
2452
5348
6973
570
5323
6805
4082
2702
7127
4912
57
7589
4988
2696
7235
7347
2265
3255
6156
82
7290
2659
6078
5719
7354
7714
7651
7488
3475
7802
69
5193
2436
129
4709
2269
3613
995
4308
4010
106
770
4656
7757
1082
5752
3582
6253
715
4919
1121
2084
3347
914
437
5143
173
7317
4235
5414
4831
5902
6593
7167
3268
7343
6908
5453
1754
1483
3909
7118
2026
254
4093
7491
3728
5034
7806
6528
3302
6171
6608
1827
1169
4172
3845
2337
7143
7939
4914
5500
6396
3287
6666
6993
6664
7954
5912
1165
5494
5809
2456
1152
2251
6472
4339
1930
2673
4930
5398
4337
3872
1095
7598
7637
3048
1590
2626
5242
4957
3601
6892
261
3999
7800
565
1346
2308
2574
2700
7202
4453
7224
2083
66
6146
6596
5223
550
5970
4390
4634
1860
7852
7133
270
2813
587
4852
6783
4775
5825
2916
6414
4229
3963
2710
7446
5400
1517
6343
4525
7758
1690
3525
6649
2457
4545
5142
4332
6235
6759
567
5469
6461
3838
1602
7876
3999
3055
1193
3538
809
1353
1182
4971
7232
325
1877
2881
3669
5685
5217
4302
1495
7177
1019
2669
6601
3198
98
214
686
3940
7324
6772
800
4426
1562
5413
4736
3016
5177
462
4103
5864
7077
6295
6203
7537
4888
1418
2366
7826
7360
2308
1216
2408
1215
5845
1045
556
6924
1978
2082
2556
2102
6068
752
7492
5833
3268
5090
5897
5513
6662
2883
5714
1051
2087
4281
5683
1284
4677
7767
887
7240
5409
2318
425
4980
1923
1730
2111
1400
5355
1787
3236
5420
7151
1330
7072
499
4022
7308
6951
1085
7567
4195
1339
7270
1455
7743
958
1212
4933
1251
5400
4702
252
1092
1473
5439
4109
7125
7211
3274
2813
3197
1935
5920
1274
6890
5523
7612
462
3647
3797
504
4926
3689
4119
3368
5569
6927
3719
4708
7776
1895
4969
164
7847
614
1827
4804
6341
2127
4773
422
3077
4205
4147
5558
553
5212
3152
7497
6048
7297
3656
6751
4773
6745
218
6343
2036
175
3905
353
6248
1384
2142
3967
7542
3320
4
2405
640
5751
1823
1328
343
1230
2241
2131
7888
7755
75
6140
5057
5717
2164
6869
7897
1465
2873
7910
3289
4578
33
7127
3827
5415
6956
1491
4157
2687
2520
1033
3858
1808
7055
1484
2310
2276
2096
3802
7811
5436
1080
3834
4356
5055
4877
2046
5806
6155
7783
3048
838
5741
4635
1065
7123
7659
5381
5253
2961
7486
6418
6098
6607
2077
1448
1183
3558
7668
498
2160
6550
692
3531
6312
4734
643
5766
5568
2488
1748
6488
7667
3407
7890
1251
7228
1181
7734
7391
4407
3590
4089
3367
292
779
7779
5790
4747
3979
641
6780
7737
7260
948
7224
5480
2690
5734
6996
3388
4490
5080
832
1450
2694
6871
3756
115
5093
3278
5165
7246
2030
1460
6987
5668
4057
5990
7141
1269
74
3023
4289
1944
7531
4739
3636
4895
5669
6443
2986
2585
4922
5083
4243
6769
7618
3264
5482
5043
1855
5557
4323
5679
2975
6196
2801
5430
5263
1193
3377
4801
1783
2530
7734
5234
405
6627
7474
7538
4793
3287
3517
6073
7643
6432
6341
3244
7700
143
5139
4320
2303
815
3062
6588
3053
1788
2958
1981
1983
3185
4790
3924
7588
4927
2959
2858
4976
665
102
4675
469
7148
2177
256
7616
237
587
254
6482
6730
4761
733
2233
5762
3736
1179
6187
5456
4629
2334
6911
6467
5417
4176
6568
1321
703
5668
1550
4777
2308
3384
2314
4208
6569
4947
4990
7108
7384
1101
2064
564
6577
5838
1601
4080
5631
6254
1261
2741
2236
1532
2593
1632
7549
7642
7188
1380
1851
1926
1220
2967
256
6451
1711
6119
3499
3157
4970
6569
6687
6524
736
3922
3086
3800
4203
5310
1949
5019
3784
7662
6645
5436
4538
6607
5606
3863
4926
7349
3383
5809
5286
3047
7246
1882
4693
7251
7800
2219
2838
5922
5014
4463
3865
6054
7461
6494
5194
7472
7400
3332
1743
1343
4084
6465
607
4819
2136
6953
2874
2079
743
7628
3208
4892
4067
4303
3218
1914
4743
1017
7831
6833
7600
586
3148
6134
3626
2053
2036
7818
5523
783
5463
1260
6254
3056
7586
3567
2247
5942
6107
230
6206
1208
3006
7035
5041
2104
185
4511
7946
3362
513
5403
2018
1649
4431
262
3024
5489
1275
1551
2515
287
115
3194
279
7724
408
744
5095
2016
6453
6542
2608
1692
6876
6856
7726
5880
4959
6022
1590
74
6056
420
6942
328
3062
472
5644
7941
3700
581
1242
7895
3064
5100
4323
7194
7957
6338
6509
6285
1373
5148
3315
1561
4214
6982
7949
3314
4631
6260
2366
2391
2912
5200
6618
5235
7572
2866
3730
3302
4148
3630
5533
6557
4920
262
1285
541
3756
7936
5388
7264
6886
4563
7417
6614
7264
2235
2498
3020
4150
5612
663
2410
445
5283
585
2646
4669
87
6229
5687
3213
3214
2897
84
1546
1677
3570
2586
5363
424
5815
3708
2148
5111
822
629
749
2665
4801
1513
655
2098
437
3241
658
7456
2399
6933
7366
2572
5450
6172
2324
2219
3497
2592
5183
644
7581
3060
6525
6972
6948
7175
300
1805
6944
5978
1907
5717
2367
3629
7030
6730
6667
1592
181
5004
4560
7189
7490
3091
2341
4859
7773
3911
281
3812
173
4591
2940
6672
1693
7873
391
1443
5201
2008
6312
6122
5444
6851
4398
6651
960
1721
3854
2170
7288
43
2192
2552
389
3826
7385
3829
6587
7336
5717
326
1576
4178
2368
6354
6825
1018
3922
7094
7272
5724
1925
2505
6773
4214
3524
4473
6848
7938
3506
2772
945
7488
5523
1955
7652
2028
6363
4273
4996
2256
1553
7273
2371
2674
1824
5533
2419
2221
1658
3171
7556
7389
2921
6746
1114
7668
5108
5002
4298
4842
7850
6121
178
2705
7822
3642
4274
1158
4895
5200
6155
5827
4610
6449
3794
978
5070
6165
5328
1180
1396
2126
6905
160
1993
1601
1351
7743
4082
3474
51
4979
3947
4510
3472
5728
6132
5922
3012
5315
2328
7033
7523
4359
411
4994
5674
7030
4607
3680
5140
5644
3315
666
7260
5352
4313
7907
3984
2588
4082
1141
591
4835
2729
2838
2847
2226
1464
4285
5997
4903
763
5262
7266
2910
5199
3648
5662
1571
806
5215
6163
513
2347
7533
4289
2617
3468
4772
5833
6158
1385
87
2801
5885
3031
5046
6195
3147
2384
4464
258
3126
7995
7667
7130
5389
980
1359
2114
6875
3768
760
4577
3135
2960
4010
3770
3735
343
2343
262
7323
1033
3548
6829
1542
1258
1058
5472
6638
7920
7264
5077
6069
206
3277
7520
2264
3997
6995
7275
5605
425
4303
2706
5897
4310
7349
7453
4679
6062
401
5787
1157
4360
1064
4631
6528
6741
2301
1978
4896
7882
1455
4093
7015
549
4991
6344
4290
1759
3632
2348
7810
4141
1287
2938
4068
7346
6002
190
1996
2692
2245
3035
7633
921
3359
3908
625
974
4203
4309
2213
147
322
3340
1296
439
6062
294
6097
6220
778
3226
2168
4855
7493
3820
1172
150
1413
304
5226
3790
7336
2332
5187
6192
3365
904
3549
7943
1617
580
3137
3584
1214
278
7028
5558
6718
6606
839
2330
2117
1160
777
5244
812
2622
7965
2424
6546
2183
3174
7871
4061
1968
1694
3905
7198
3766
5254
692
7699
733
1016
68
6277
879
6488
3031
6162
4308
361
1083
4357
331
4668
2607
4449
5251
6595
203
2749
2456
7619
5260
201
6765
1384
2496
7982
2530
3378
1930
5588
7218
3341
3539
2429
5932
5503
3086
5198
7948
6075
6885
6894
4470
7570
5125
71
526
3529
5123
1002
2038
2181
4329
6799
7781
1379
7265
2106
1440
6692
4157
1784
6488
198
161
2633
1057
4654
5646
7640
3402
5696
5067
3173
2973
3921
3250
3331
7796
2740
6868
5373
2230
6385
2058
6100
6317
2900
7577
7140
6597
1697
1601
4324
6500
2213
930
5580
6752
5543
3532
6801
1569
7998
7713
6156
5013
3260
2409
6393
3977
3528
7922
4634
3755
5705
226
3003
7065
6206
7771
5137
3813
43
4617
3708
7848
7726
7499
2924
4287
4656
5051
7263
743
823
3868
3016
4657
5911
2143
5068
289
136
7634
1253
4073
3283
1446
3049
957
1959
3483
7589
979
6280
3658
163
4921
6759
3278
2443
5138
1100
4624
5478
7214
2416
7598
2173
2821
2471
2312
2720
6992
7418
4454
3139
1285
5971
713
642
4589
6097
1421
6469
5475
2428
4535
126
2091
3026
225
6159
5804
7936
6911
585
7372
6956
2189
6032
4582
111
3031
2074
1834
5344
2788
2646
4434
4875
7744
1321
2621
769
7269
6227
7722
6281
7365
2352
6866
2036
2551
283
3937
334
4027
4781
4755
4465
4076
6051
2728
6451
6273
5789
259
1343
3903
7619
4389
5761
6591
4034
4992
4795
5399
1524
7419
6197
5864
5598
6785
5713
4
3987
1734
4732
4858
949
5528
4673
6335
1051
7965
4600
5306
4943
5551
411
4267
7470
2193
5944
2745
1586
7948
2051
6936
5325
298
1603
1748
5227
3278
1453
5244
7770
4398
7054
2157
2438
6447
3041
6010
2333
1372
4352
7093
4625
7810
2231
7133
3644
4458
4469
1060
1437
3507
3740
3291
5312
3788
6583
1468
1980
3148
6411
3028
5718
6574
2630
7051
7043
6188
1557
4305
4363
4790
1617
1127
1097
2511
3481
3655
7823
2821
7355
1265
7142
523
2123
4628
1971
5300
1302
4885
7541
6542
6577
6782
874
3033
6954
1670
7953
2339
4384
5433
2763
2177
4591
7684
7003
6124
4675
6559
6988
5493
6478
6551
7090
3238
2132
3447
7560
503
1443
3218
7097
7146
2721
7344
4858
1795
957
3539
788
6695
6535
7972
7743
4304
2268
7103
6250
4843
1722
5336
6936
6287
5298
3144
7524
2841
3259
4984
4069
7976
4194
104
3052
1330
5023
7901
4842
4801
7940
3749
3951
3406
6095
2888
1421
5240
1950
3789
4955
4385
3202
3045
2517
806
5739
952
5217
3704
5571
139
2988
7964
1432
5707
5491
4923
2801
4281
4062
5606
6209
1585
5894
235
3705
4056
5527
3596
5432
4641
5585
3490
1758
3133
7401
5390
5566
4509
5964
5783
242
869
2307
3749
6024
6510
1329
601
3737
5688
4858
1095
4538
2475
3710
3729
5836
4744
771
2721
303
3505
1521
4354
7571
6417
4918
4764
2798
617
10
7242
1482
2104
972
2074
6518
5702
1035
5600
924
5006
2786
4215
3571
7558
507
341
139
716
2228
1674
5701
5102
6686
3605
5477
3286
4066
3491
384
1361
3774
4645
7951
6842
4333
1229
2598
2183
869
1572
5054
3439
7610
1803
6638
5879
928
2508
5177
4120
6861
4316
704
527
6077
7855
984
5121
7183
7672
3318
7816
1101
1020
2503
1054
4233
4306
2333
37
5154
7353
2179
1424
4070
4821
5105
4082
7121
2440
4827
6113
2484
6697
6820
4678
7601
1316
1584
1860
5027
1966
150
3715
1626
3491
5045
3416
900
4605
7134
3347
4071
2355
5806
6116
6474
6764
7487
4842
4724
4766
5173
6618
844
7176
2291
200
4447
5768
4848
3861
5632
6745
100
6518
3018
4077
924
5212
1729
1251
4269
1349
663
1445
6085
2911
5770
2465
2269
1748
1642
3234
1482
7414
2745
7050
6387
7369
3243
7406
3229
6951
7756
1870
4450
2196
3521
6768
6657
5407
2214
727
7566
7281
4887
2341
2506
3189
7498
6602
5197
7972
6041
6376
3680
1771
1758
4037
5735
1532
4984
2988
5755
4846
3626
5408
4374
2962
4129
1406
6247
595
470
7214
5894
393
6410
5189
1346
7386
3758
4731
6165
5389
293
68
3193
941
5153
7693
4883
5334
7274
852
7502
4511
1213
7460
6915
6115
2129
1964
4372
3310
1205
6139
5016
7425
4565
7963
2736
2755
4763
2823
1272
1028
4017
457
4762
7662
7525
6133
5372
1418
2278
2300
7833
6188
299
7149
5997
1725
7091
4110
6154
2019
935
1235
1928
3599
2587
2041
474
7522
4275
2178
827
6076
1442
5197
3398
7587
1294
2705
6437
397
336
3382
418
843
2391
3792
5465
4946
6700
4216
3342
1126
399
6217
1627
5413
1473
1012
5698
2669
6299
705
3937
3627
7260
3875
5827
7489
3200
6198
594
595
2827
3863
1195
1327
1509
1696
7626
7062
3743
3774
5540
5611
3411
7857
7188
5559
7658
2848
365
343
120
6167
5166
7811
2689
1566
723
1851
1311
6519
3080
6223
2811
6835
2936
5196
825
3953
4292
6462
4464
4788
784
615
5718
4384
4855
3642
2427
1169
1886
6484
812
280
1894
1784
7096
6291
2619
3653
4495
40
2634
3575
3973
5854
3407
7958
5686
3288
268
4094
7492
686
7765
7884
188
7977
328
4770
4439
2011
5915
2904
7772
4761
910
5695
163
663
127
5779
180
6878
2396
3644
1229
4140
4595
1025
4738
1896
2277
5450
3775
7744
4217
5648
5417
4833
6540
4899
4579
4498
6054
4055
6829
6702
425
204
7270
2364
4067
1561
3506
1132
5186
2773
3638
2480
3175
5633
1664
1973
6803
3733
5444
1789
3646
3238
3713
2139
4614
6640
1795
1610
900
4422
6593
4841
1083
2451
7782
3415
7914
6412
7597
359
3137
5364
741
5312
4528
4875
5140
2900
2202
6612
5688
3067
5544
2178
873
1451
6906
638
1626
150
3065
4247
6654
6688
7560
3591
4423
1916
4505
1182
3465
1058
4188
2382
2493
2799
7633
5458
4706
3225
5951
1339
2494
6028
1341
2392
2371
2150
4653
1
652
1036
3529
3776
6342
7719
6229
413
2732
3519
6708
1669
7722
1394
3159
5462
4515
4496
7632
6409
1550
7766
3589
1213
7867
6342
63
3228
5236
4127
5218
6892
3518
3390
4087
180
7231
6481
229
7112
6905
1843
703
7028
884
874
1334
6209
6458
2553
3503
2919
3452
3297
4912
7823
1042
7419
2227
66
6816
6315
1117
2996
1876
3650
200
3815
2443
5426
253
6334
2899
3566
7933
5855
5003
4318
4158
4163
5927
6844
819
1117
4752
3214
5380
3108
3048
512
5661
1983
747
1501
2658
6028
1201
1066
512
2701
4624
1055
1439
3888
5790
5635
1908
826
7188
2787
4850
5135
462
4462
2208
5408
1774
1968
7622
4721
5857
681
6145
1350
5113
3465
7414
6122
7994
1291
4771
1627
5680
4267
1873
1685
7229
7493
2022
3129
5745
3980
2135
5978
7186
5027
5946
5221
7867
7195
2361
1450
5472
330
7522
1547
3567
4036
3292
3071
7442
2809
4789
1348
4817
2603
4246
1631
4565
394
344
6033
4679
5933
7535
2072
407
5295
3908
6174
1305
420
7457
7234
3017
4023
6854
1794
5359
7073
3992
2882
7006
1352
3193
3131
6934
5170
5235
3395
4169
7588
3661
2484
3643
1499
896
892
5698
4646
7300
5505
1517
2526
2371
5359
6465
644
7279
3615
2910
2357
7343
2341
7745
1740
3700
566
4259
3220
874
7604
1854
3368
7435
88
5999
4586
3597
1595
4407
5276
444
6721
4059
1566
4962
5474
2604
4356
3106
7958
4641
403
1316
2653
288
4761
362
1768
1051
5414
3649
5735
5015
6058
7828
7984
5640
2348
6107
1033
5465
2213
5296
402
1671
1911
2434
3154
2349
5965
2594
3356
5466
4496
7867
7709
7710
7490
1375
3333
484
2619
3452
848
1401
1022
3181
2288
4971
3512
5933
5785
2572
4628
4134
232
4438
5053
4839
4273
1704
5553
629
3684
7727
447
7160
4570
6112
989
1174
6210
6113
2216
7325
4067
1479
568
2970
2381
6586
3807
3911
3680
6325
383
2144
4344
5802
1861
1558
5684
1602
1286
605
4962
4482
6644
2208
6600
6473
3324
5204
5201
4598
2880
6954
4499
3558
7980
5854
1273
475
247
4781
3922
6776
568
1955
5556
2728
4002
6802
5902
95
7134
3615
1162
5369
3716
6710
4571
3838
7861
2141
3688
1479
6871
3174
7252
506
7278
3455
1066
1264
404
803
1058
1528
5525
2419
5970
4789
5545
6687
5492
1186
7822
5566
1296
2934
4226
2494
774
4131
6042
4213
5498
7608
3394
470
5596
5094
6866
1791
1426
3231
6280
2478
261
3674
616
6868
1285
4339
3245
7682
5466
3312
6698
7232
3624
3999
5186
6973
5694
7962
3328
5088
123
173
3924
4476
2397
4366
4907
227
2215
4874
4138
785
4334
1153
7366
7497
3713
200
7362
6974
3379
1644
3654
1767
3975
5974
2585
1973
4854
2058
1979
2209
2847
3785
6498
670
1932
855
7183
7726
3484
3735
907
6289
851
3474
2115
408
1082
4310
7293
3159
3444
4859
1846
1400
351
6913
6618
812
4003
2965
3103
2941
4570
5106
1727
512
5916
6949
2896
486
7270
6889
3265
3057
3366
1392
6387
3715
5477
4483
6897
2257
3281
7488
6350
4407
1894
1923
5530
7334
7289
5920
7680
5624
7841
588
3775
7844
6978
7515
6275
2061
5111
2275
2592
2741
3483
896
2666
6542
180
2481
2995
7345
1853
3808
5026
1960
6479
7551
6380
3429
5419
2702
7666
7382
934
697
3191
400
6450
5085
5052
4520
900
2411
6586
993
2983
4965
4348
5567
989
3014
4502
2810
2413
4478
965
1038
3726
6299
2789
751
3758
2051
777
2138
1439
1374
6330
839
2911
4240
6031
2555
4034
6692
1830
5817
2686
3524
3580
5144
531
6885
1327
4336
7317
3071
3981
2030
4183
2042
1240
7624
758
6372
2777
5386
6591
5151
1821
206
574
6552
2832
6153
2020
7153
2997
1666
5972
7873
1856
1695
5066
113
4368
4696
3624
3591
7308
2508
31
2879
5785
2610
4790
2645
5429
5160
5114
2912
4211
5735
3010
3672
19
6936
94
7160
1853
2879
4444
6719
4378
2965
4534
272
6928
7029
3163
7289
7832
2412
4312
5712
7421
5747
739
1977
5491
2232
4164
5317
529
7896
7073
2037
108
106
3108
2972
6418
4405
3659
3874
2016
961
7435
7973
7104
6987
2658
3065
2115
3282
2872
16
4567
206
2161
4661
7141
6400
4370
3570
5450
7204
3917
3474
367
3012
4202
2945
263
678
3476
2959
7716
5286
4606
7443
1719
2142
2800
2220
2530
1601
7986
867
6459
6087
5203
7276
7904
4226
7382
6796
306
2384
6586
5908
2032
4969
2917
3019
816
3672
3884
6826
2875
263
2178
5440
518
3891
7738
6198
1673
3966
698
3757
5054
291
2686
1539
2616
1348
2822
7349
7774
6303
4446
5726
3074
7455
7624
7838
7202
4751
5319
2582
3578
1065
4490
7247
4611
5453
6452
2810
5580
7181
1924
1362
436
7461
4646
1310
2753
1288
3733
6610
865
3605
7595
1301
1274
744
6214
3102
4848
6861
7769
1335
6195
80
3724
1124
3073
6960
1361
5917
7935
6642
2245
694
4848
6417
7038
6879
4751
18
2487
5896
1359
3062
5781
4061
365
1737
6997
495
1518
664
7893
3890
4155
4415
5243
6435
7893
6752
5062
1346
7670
7664
7407
6909
1414
6955
6907
3885
7926
1384
5088
1849
1725
4679
2001
4120
7661
7878
4904
5365
817
4403
1391
2219
4069
2108
716
4463
146
226
4294
4749
6021
5324
5944
907
650
6840
1361
5034
6666
7436
4036
7306
126
4107
2707
7469
7823
5091
4852
4756
7116
1826
5405
5125
3271
1225
6129
430
4877
3257
4039
7460
7807
3594
1427
2180
145
1403
3123
4922
5535
5059
536
6752
1383
5574
1295
2302
5991
739
6763
6768
6548
4330
7441
7333
2228
747
288
3843
1305
1641
3194
5224
5690
174
6132
4044
1199
7096
3670
258
1224
3025
911
2077
6667
7420
2680
2671
7625
5323
5507
3693
2588
1614
1280
6638
3199
2214
6667
2770
7050
4279
7446
1408
5128
4028
1231
4935
4279
5300
3757
2470
5659
634
476
1639
5631
6386
7491
4581
3849
479
622
943
3001
3858
1181
3909
5182
445
2344
3839
4149
5094
6541
2957
2431
6967
3096
7385
1917
4082
942
5833
7594
7617
2101
1376
2902
6379
6179
3396
1147
4195
2594
3162
4094
7355
1053
3853
1091
6326
7466
2286
4845
570
3924
6838
561
1700
5891
3302
6293
2806
970
1871
1483
1259
1037
3118
6436
6828
6989
2991
4787
1627
3282
5906
1727
2123
756
2155
7588
5011
2373
323
6
6264
1374
3933
1459
4295
4165
1043
5908
452
4280
3038
5776
2556
3737
3060
4350
7159
4661
3275
2372
2058
306
4732
1169
5577
5717
5507
7731
2905
6446
7075
1429
3874
353
1062
2457
4388
4433
1026
7182
2785
4714
6551
1678
5944
587
725
2551
1682
1231
3451
2180
3829
6519
2682
5127
54
2037
3768
6981
7947
599
1072
4654
7166
1998
822
4279
3454
1115
7256
5142
4176
5589
3040
4505
6883
1689
7287
7908
832
2382
6244
325
3872
1683
6001
7669
3223
7496
7022
3438
7727
6326
5263
1187
7632
540
3184
7841
4954
1815
4922
6208
277
5741
1117
1605
7488
7733
1533
3864
2822
6375
4329
3420
7566
6524
4486
2800
113
1217
2762
962
4423
510
6692
779
538
2301
1273
