75
156
114
236
496
457
267
25
233
39
71
209
90
131
152
106
471
171
400
232
216
285
304
107
395
294
490
75
261
179
63
80
330
190
320
238
249
170
424
236
455
244
188
260
492
354
460
142
311
62
86
406
412
176
315
217
345
213
101
72
100
456
244
203
193
119
86
81
343
367
128
341
254
401
198
490
273
457
7
293
198
113
253
155
67
408
359
310
42
278
387
37
493
310
418
280
68
450
88
26
460
71
177
57
498
238
1
359
17
400
389
479
370
218
430
272
178
96
116
8
374
147
247
362
290
287
426
277
238
352
298
136
191
29
198
150
31
22
393
219
149
115
375
305
475
282
385
129
198
302
225
39
360
315
159
169
453
118
251
340
428
480
288
309
496
175
440
398
200
54
317
445
224
170
460
214
455
435
71
350
337
469
110
297
429
60
370
380
77
418
441
424
214
383
93
283
207
72
149
484
385
117
123
175
382
209
469
267
56
325
462
99
349
189
292
60
52
350
52
189
50
201
409
114
55
173
162
331
497
268
84
369
4
24
370
339
395
69
149
6
50
175
414
419
497
97
162
483
322
378
80
265
420
473
11
349
68
13
308
1
464
486
50
228
455
302
381
270
227
316
52
153
455
254
325
63
209
263
8
439
183
279
363
307
131
456
301
445
9
227
149
316
394
76
102
289
454
200
54
343
430
79
263
0
409
281
102
351
218
94
259
250
307
194
446
494
472
49
73
62
257
464
42
477
446
425
185
332
107
405
167
248
369
186
466
17
248
65
181
463
174
442
422
62
477
455
215
21
185
120
327
261
477
204
19
497
440
413
58
122
248
214
137
291
19
242
247
114
218
261
113
42
347
283
170
254
414
169
479
141
0
213
58
377
497
246
360
353
356
368
117
317
161
486
236
333
40
125
356
326
372
122
108
454
332
129
266
343
401
229
54
386
228
259
390
114
32
98
269
440
203
354
487
468
436
310
48
257
388
20
193
433
385
423
176
461
44
424
66
224
411
122
276
96
465
416
468
309
335
366
330
61
155
223
151
368
450
269
225
161
87
72
85
420
279
9
326
412
398
432
267
161
88
261
245
482
475
51
303
280
221
459
383
219
326
443
174
319
62
288
463
395
97
455
376
470
31
92
494
142
