3147
2265
4634
1181
1967
4924
3048
2807
4491
2525
2443
3942
1076
3607
747
4715
2834
4378
3006
4358
3127
4536
537
3191
3083
2264
2029
4241
1102
185
1456
1482
2520
2640
1069
3624
633
3642
4185
1798
4072
4077
4299
4331
1770
4056
3439
2803
2714
2883
1382
15
1399
3122
2678
3592
46
2235
1258
1073
916
3902
2182
498
1088
4188
1673
4025
60
4736
1542
2243
2182
4267
905
1440
591
44
651
2572
3455
1612
2522
121
2402
4862
913
1202
3723
2229
3799
1075
3748
1465
3382
3724
1895
649
3010
2300
1700
4132
667
4762
2120
2427
4041
1895
1038
3246
3940
2807
3412
3302
3701
3599
373
2866
3461
1976
4550
916
4856
4129
80
1075
204
4907
2297
3531
1876
3533
1486
4041
4388
4408
521
208
3896
2653
3635
1674
3325
1611
4495
680
4388
4317
3939
4410
2334
927
3483
2026
4097
105
4540
4258
4206
588
490
3190
1379
417
3086
4916
2764
2609
2807
4000
3097
615
1979
3292
3707
4066
315
165
2513
1430
1641
3128
2738
898
2302
2003
3454
4165
1500
3665
1158
3338
397
2645
4148
1418
2967
1448
2047
936
3732
4333
4207
1791
3410
1585
274
4080
907
992
2841
552
706
3618
91
1246
2099
277
1187
4306
4045
2396
2688
4825
2432
2741
2729
3645
4221
1
699
1634
3390
4108
3456
1851
722
2732
3654
3442
4645
1590
1145
4990
906
4451
2446
2023
1902
3722
2149
3885
2875
2192
4113
4022
1261
2618
3880
3735
1380
2131
1706
1730
735
2993
2112
4733
2969
273
1890
1267
2659
2715
2772
924
318
80
4454
4952
3315
4975
1071
3257
2761
2728
413
237
4041
840
44
602
753
1146
1961
389
3380
3343
1257
3995
539
4492
2163
4848
2346
3378
134
4006
2513
83
1728
189
1517
64
2053
2225
699
2896
4752
345
2008
4818
4721
404
1344
1515
2939
662
3969
4467
4216
1000
1619
4698
2444
4949
4198
2465
4179
3672
3896
546
3232
1355
4170
1649
4851
659
2965
2780
4069
847
1998
2374
1379
2823
3052
241
2493
3130
1594
3537
618
711
109
1758
3842
205
11
1506
727
4566
2878
609
1233
3646
2212
229
1293
41
1700
2617
3697
474
1455
4294
3958
105
49
4049
3891
4476
1427
3901
810
3926
1398
3533
4233
2860
365
314
255
4044
3255
1426
4288
4681
1552
2850
3495
361
676
1506
4992
1807
2831
1734
1047
116
3732
4350
1912
2825
1815
451
1916
3455
2697
2321
4468
368
2536
2828
3485
846
2664
435
617
1672
1370
3698
4222
3878
2072
4995
1453
4666
4178
2324
1929
270
312
2891
4713
844
4
1982
3300
1752
1242
2096
3040
3322
1328
2302
23
2424
3884
2079
1679
792
2367
2329
2437
171
3380
529
2861
2694
1964
3938
4136
2361
3929
3151
2874
74
4781
611
4206
4780
294
4917
4265
3856
2632
1162
3608
3694
2984
2899
2495
2989
2441
3789
4775
3886
3836
1767
2083
3071
2248
2053
2872
4211
2644
2683
974
854
4765
1294
1623
31
1113
1317
3162
3478
4374
213
3244
2428
3959
1321
3645
1466
1500
1760
2210
2938
166
4953
3420
2530
4620
1657
2757
3039
4004
3109
410
4293
2017
3531
3561
2141
4621
2163
3320
4607
2604
3459
3119
1071
2510
4927
3532
3316
54
2264
1154
771
3611
3083
508
274
4362
2330
1163
1585
2014
1056
274
3891
2358
2638
266
2241
4865
307
4695
208
264
1320
2582
4913
4551
4304
4217
1998
4226
3086
4473
3541
873
490
4407
2076
752
460
1855
556
4341
3497
1233
1219
4654
1314
1781
3969
4038
4657
3450
1580
1628
2711
2611
623
2793
4377
4272
2493
780
2001
3172
1884
2683
97
4360
868
2104
698
347
3286
797
4170
4772
1945
750
4148
1150
3616
258
386
382
1136
1309
4981
3572
4781
1821
3141
740
1484
3287
3420
3520
1259
2102
1092
3332
1213
63
369
925
2250
1115
3329
4486
99
2730
4048
4793
3010
425
4392
31
3335
1111
950
2012
1952
4906
4760
2586
4272
2769
1538
656
2288
4765
751
3510
2164
2657
1765
2136
1852
4123
1401
4629
2674
1638
3090
1474
3579
3653
2186
4728
1014
1438
2862
3079
874
3233
4662
4597
3069
828
568
4128
1422
892
4255
1995
756
4170
633
1240
4832
4735
3271
1522
4780
2182
4349
3190
2863
4268
145
2038
4465
3798
3032
1041
192
232
1164
203
4318
4149
1458
3964
1737
3432
3783
3751
4298
2430
4723
1729
4121
4237
2702
1412
4181
3893
4502
4776
2210
4546
1907
1725
3611
1507
4114
2439
2303
90
1925
2317
1047
3656
2995
2192
2709
2557
4124
3389
721
1152
405
2504
3325
4729
3450
1589
1784
977
3761
971
1792
1074
1891
4760
640
4601
110
4915
3625
3524
453
810
3709
3273
3457
4616
2151
757
4040
34
709
4702
1244
1879
3463
1326
4575
2010
1658
4148
2522
2893
3693
3032
3485
1732
4917
3891
2952
4627
3812
2873
2976
1772
236
4292
1638
3857
4681
1182
1321
4386
1260
3723
2628
2844
2931
2304
1370
4375
2806
628
4941
3034
4205
2865
2486
1660
926
2879
1182
2977
3674
1742
1307
3816
1879
1101
319
4942
880
4684
1419
4145
4536
3722
3064
4090
3317
108
4798
215
4529
1123
1797
1964
3661
225
2080
3734
4566
159
1075
987
1641
1542
2297
3346
2194
3464
2632
1219
4736
4290
584
3522
1805
2769
4654
4997
3841
3413
2367
223
22
1854
3119
3440
4527
474
2554
2155
3297
3745
154
821
4339
1765
711
4685
2882
1921
2748
2820
957
4612
4894
3409
504
122
4816
4505
2595
184
217
3810
1674
329
4687
803
1224
2946
1717
1746
2748
3711
168
2521
3006
3104
1799
1478
4531
275
1360
4629
2339
3807
2008
100
716
994
2603
826
4928
3544
1641
1797
9
4808
1465
3256
908
3221
3583
1117
1483
3926
1912
4796
3077
2410
1351
2408
4216
2556
3465
4914
2535
470
986
4789
446
2653
730
4637
1994
1345
2762
2980
806
1575
856
3723
31
3805
1947
2545
4273
2106
3984
1547
2843
96
2330
3192
1654
2878
4304
1576
1043
2958
3617
2856
3417
1527
3803
3925
1326
2200
2888
179
3981
2378
3834
3472
926
4377
1805
2122
2307
839
2154
2313
2054
2077
341
3426
1264
4910
3972
1889
2252
1066
24
4467
130
20
4296
3669
2568
2504
3656
4221
1051
3197
4945
203
235
1234
2313
251
956
3289
787
3057
1465
4565
3794
4169
3731
4113
4504
3515
887
6
2675
3592
3869
1496
270
2715
4412
4926
4861
3351
836
3180
3841
3720
355
1318
3652
4720
3945
276
2583
3170
3151
2181
4791
923
1178
3353
4127
2113
3262
2279
1022
3763
2541
383
841
2771
4279
2885
1251
572
4563
4090
688
68
4611
977
2193
4527
4797
3387
3602
1853
1366
1488
648
4505
82
763
1046
2927
1302
80
4134
3602
2359
164
2028
823
3507
4609
2358
1417
1508
1685
3088
1082
1917
110
517
2218
909
3652
671
1679
3745
2034
2359
4218
4966
4083
3968
4105
3716
1293
2478
959
4238
3125
2660
572
3685
1015
2475
3706
4980
303
3655
4981
2759
2953
1138
4694
3549
2057
428
1533
1172
1872
4786
2552
2667
3317
2707
3860
3578
331
4178
4542
966
1220
118
3759
3618
1274
837
26
1951
3037
1518
211
1003
1943
1438
3470
72
1576
1683
4825
3939
4638
3644
1239
2789
2044
2281
306
2262
1614
3127
2269
3165
1535
2076
4843
668
1799
1136
2742
4512
3356
708
2616
3103
3627
133
1103
3418
627
3072
345
4266
295
2458
205
1838
4342
3447
2033
2346
3177
1032
3981
1828
1792
1330
2060
320
1969
4761
650
1204
414
4764
4382
3005
489
2521
4781
1120
215
4849
1616
1061
551
910
2444
573
4414
785
812
116
3176
505
4549
73
988
3382
2366
2947
2332
3491
2345
2462
2712
2809
506
803
3342
1464
4724
109
744
136
1058
1448
1587
734
865
3412
2775
2339
3687
279
3151
4790
3087
2128
4671
4802
2093
143
4677
4034
3536
659
310
920
3785
4924
3814
373
3935
3462
3042
2627
1308
2775
4158
3662
1055
2135
2038
2632
854
4326
3779
4884
2152
4917
1157
4899
3917
978
2151
4722
123
3598
1460
3597
2454
635
515
3156
1690
4703
4345
1315
2280
4502
196
4896
1955
300
1824
3590
1566
4231
1568
2350
764
2426
3338
3573
1835
2806
4087
936
221
3548
1317
532
4341
1814
4899
3474
2563
803
2673
47
4988
161
3954
2834
569
3564
3807
3423
3121
1669
2377
3712
1046
2798
74
1523
2321
649
4928
3095
1955
2560
1015
2128
2850
4840
2146
3370
2420
1927
350
322
562
1084
3291
3487
1060
3701
2784
3832
2349
3523
2490
2711
51
2531
472
1243
389
4782
1918
2027
1545
2383
2052
2078
4585
220
4443
1496
1593
278
4844
3095
4680
3187
2396
3196
4113
4331
447
4764
2061
87
1384
4670
1550
3133
1810
1711
66
944
2430
553
3106
533
3626
2874
847
4712
2538
305
1632
2045
1990
1955
4489
2946
2352
3059
4860
2505
712
4785
4053
2372
2862
489
2196
3409
746
1172
3292
1061
2219
2852
3747
677
4995
2840
2246
95
1852
663
4907
3447
2074
3938
938
3725
3955
3418
2424
1740
1943
3873
1673
2526
2200
4636
2929
2426
4662
1317
3776
1576
2506
4640
784
3643
2957
2043
1380
277
4284
720
4286
3121
2218
4551
3605
2113
2154
4108
3442
3063
3711
3313
4341
1473
3827
1284
3529
3126
4808
2256
616
948
2982
3425
4252
444
298
2969
252
3166
3511
2320
1607
4014
2707
2072
2288
4200
4497
1654
437
1159
1934
308
4342
4377
826
4572
4711
4310
2413
1183
946
2471
812
2684
2076
1460
2063
3996
1290
462
3808
2073
2432
675
4081
4823
4733
927
3370
4403
527
1767
2191
912
3398
1313
514
2424
944
3280
3362
3191
4633
4892
4743
2060
2292
1158
1448
3713
3650
1273
1011
3633
4741
4291
864
3137
1538
2962
2915
4727
738
2700
2773
103
1395
4543
1022
2605
1343
496
289
1316
1649
3767
619
2837
3335
1806
3097
2091
280
3242
525
1915
2020
1771
1604
3890
1378
998
3248
4982
4194
2593
1325
998
4064
46
2882
158
2769
3121
2567
2242
150
4804
4837
4027
570
1778
3197
4664
273
2911
4889
1636
2159
686
2305
2829
3809
1933
172
4181
620
979
804
4857
1873
2418
803
3847
3986
2232
3039
1244
4388
4287
1776
4139
1288
2843
1162
2338
1568
1292
564
1039
2930
4201
1171
4887
516
3181
3275
4367
3524
4206
380
1164
4234
1863
3149
2220
1614
512
2239
4271
4407
4068
1472
4912
2303
2472
811
4622
1240
2451
4273
3992
4754
104
4446
2949
1957
2448
3570
2704
1422
2269
3370
3506
856
4417
1610
4898
1864
1190
2186
1023
1388
655
986
1679
3304
650
2195
2952
4255
3945
2748
515
851
3342
3693
3528
170
4292
3980
28
1965
3380
1050
2288
3821
1693
3584
3204
4756
2461
1187
4632
3830
4684
3050
2042
114
3472
4816
3907
2097
4442
554
3380
1041
3199
4454
375
78
1611
2614
3352
4702
672
4848
4186
1407
4133
1091
1838
2360
42
1464
3822
2217
3543
4890
4831
863
2187
2292
2941
4864
1434
3198
312
4943
2624
523
4292
3437
1211
2530
3479
3092
4877
367
1676
329
2158
4286
2596
3286
3320
3179
2076
4393
2212
3928
1425
844
1730
316
696
1489
1013
2917
1978
3978
309
4202
3053
3459
782
3351
3742
1101
4270
4661
4177
4727
692
37
3315
1898
172
3593
639
3194
3071
4872
3301
1109
4703
2412
785
4233
4623
26
2751
4782
1809
685
4292
3420
2530
303
4919
3098
336
4109
1695
1285
1987
4685
4678
3498
3489
1807
819
3312
2572
1109
1949
4381
3486
1680
4211
3187
4765
1665
3609
1422
177
313
3085
4317
3753
518
1152
1050
1358
4194
1296
1624
4792
3753
3193
976
428
255
4180
2304
119
4667
424
2552
4164
4940
4844
1819
2009
2871
2406
4847
1576
2666
3454
4896
3129
8
2036
1487
789
170
2977
2994
205
1254
3385
561
793
3278
277
3532
572
471
495
2180
4508
972
590
4821
2576
2743
4922
4372
411
3108
3193
4515
2597
3298
3544
46
2064
687
4309
4489
767
407
337
2808
1659
3384
2691
3666
4903
1996
495
3579
1899
3452
4270
4829
743
4830
2335
1402
3085
3883
2507
4721
2240
88
942
2274
4268
4614
290
3848
1771
1784
381
3498
2894
1753
2602
885
1237
3391
2013
3330
4485
3520
1544
783
3976
3831
4899
4245
3035
2123
4744
422
4832
2404
1484
2944
1820
155
2506
4243
267
4222
2674
2482
1343
620
4310
1977
520
291
3492
2140
3093
4211
4480
288
3160
3942
2153
4753
3984
3887
4988
2614
664
3661
1798
4212
1493
114
266
846
4540
3564
4450
4326
2666
4367
1947
4459
2453
3452
3761
302
2328
467
1641
3202
4884
2984
2862
4705
3121
4173
218
4213
3396
1844
990
1058
1154
2983
2934
3189
2091
118
4747
4192
898
724
1780
1509
640
3911
575
4732
657
3706
1648
3699
1110
465
1084
241
2497
656
2456
2040
1192
1095
2514
1925
3008
174
41
2436
1322
3945
985
3100
3371
4337
174
2877
4886
2183
850
1026
3204
1165
2313
2606
3748
3723
2913
3055
4813
1107
1584
4202
2928
938
1333
2865
986
4611
3144
4728
4983
2913
1718
856
4835
1256
3621
3725
4881
1289
2390
211
2310
3321
8
4696
120
3828
2864
445
1609
2379
214
926
2111
3488
1612
3900
4397
4393
4512
3212
3124
881
904
1046
451
4566
245
2843
1983
1648
415
4571
4315
4312
1496
4371
4816
4680
4710
2544
3135
2932
1472
4314
2915
3317
2001
1048
3837
2542
3906
4796
111
3245
1034
1826
2594
4464
2969
402
1026
1968
3290
3704
1406
2751
2759
356
958
2682
1022
3939
918
171
1112
1666
4047
4349
2394
3689
2541
3572
3149
4516
739
3425
3729
2017
3401
1760
4158
4951
3472
654
3586
2756
1988
2698
2167
2968
1096
2862
676
1931
2248
3210
2027
2192
2567
4949
3683
3669
2705
4265
2828
696
4867
2250
4607
687
4119
1787
4624
364
4515
93
4164
4139
705
2444
2005
3498
4809
2729
1548
4316
4410
3029
1733
4601
3935
3561
2630
542
1302
3151
4082
1780
1701
3692
2914
2048
2213
373
4107
1750
2601
1874
2827
2243
95
635
1508
4830
4044
4590
4411
3673
967
2242
3722
1306
1723
1724
3401
3977
1808
1491
244
4365
284
1202
14
2487
2978
1977
3419
242
1956
696
1586
1742
965
1546
3378
1464
711
4945
3652
1183
2779
1836
726
4318
2208
346
4199
3777
4074
4729
438
197
2755
4584
749
3857
136
845
2651
1331
1994
4876
3432
2024
861
532
3569
3476
2813
175
675
1666
3251
3351
1972
65
3496
3352
2325
171
1873
437
4259
730
304
4227
2733
3361
1059
4316
1328
333
1622
4473
718
3327
4787
2159
1854
4887
2026
244
3716
4245
4379
326
1817
3191
72
3641
413
778
1824
387
3545
2527
1342
4926
2273
4701
992
913
1638
860
3123
1011
4994
53
1860
1733
3364
1907
3465
2627
212
845
4606
3831
1017
2516
1468
2369
4077
2028
4052
2351
218
2392
4673
309
3638
4590
4051
3018
4425
2716
4191
2654
1279
678
4604
3171
2257
1006
4880
864
4766
4238
3017
3612
1263
3556
1224
4189
3968
4011
2872
85
1099
650
4885
2261
238
1763
2415
537
3260
98
1693
4088
130
3488
3654
678
4599
4147
1938
4967
78
4459
335
1162
4529
3332
2809
1216
2075
3435
153
1560
1215
1975
2733
4185
3055
4046
1888
1867
869
3809
4128
4146
2677
372
4822
3640
139
1550
4163
1453
4009
1129
3021
2742
801
791
3121
1199
553
426
1818
3750
1244
2901
2751
1974
4908
1292
2283
980
4446
2708
2582
2618
2766
2153
1849
2510
593
1219
79
3062
4474
900
3767
1738
908
872
1885
3469
606
1249
1616
1473
3044
519
4494
4223
618
2072
244
3152
2516
249
4546
4923
4104
3569
4347
2084
4517
4638
962
1748
3717
3231
4679
987
3806
541
3345
3151
1326
3007
3030
503
268
2449
70
1096
4900
4999
1894
4803
1090
2947
2056
2722
4640
2369
3727
2117
586
460
3544
2998
2303
1039
388
3892
714
3458
1962
3688
342
4654
3865
266
584
4359
2603
4734
4670
165
1446
881
4606
167
404
3754
545
3069
3250
2103
1926
432
4157
4477
4650
2224
4368
635
477
4449
1762
3036
2537
1059
861
4327
3100
3749
4217
1013
1100
3726
3815
2582
3330
2855
2234
1256
1759
3584
3071
269
1139
1021
4661
2903
2532
4997
2895
1163
547
1551
1991
4528
3003
434
629
4242
1867
1695
4828
1495
827
973
902
3021
2435
761
198
1663
4694
2223
2523
3498
981
2153
2796
2696
4169
2739
4518
2992
824
1089
4115
991
3344
1814
4549
3359
530
4098
3697
794
2982
3774
526
2020
1188
4007
124
2427
4483
917
3209
1068
3850
415
4446
1746
4523
3598
2153
789
544
3562
1076
4357
4637
4972
2002
346
1701
2241
2322
1418
4969
2447
2140
3709
1515
4631
4096
3529
3033
4224
2166
2005
4204
4380
3975
3444
2016
4617
2867
2400
3022
2574
1948
3655
1853
2951
4320
495
4240
3263
4564
1322
697
642
2619
142
4378
1940
1214
860
3108
2673
3133
3970
4400
4674
2292
271
619
609
2712
1907
80
793
1145
2953
3053
3644
2890
2161
3502
4131
3515
1654
2272
1020
1408
3665
2830
1483
4338
3432
4032
135
1411
2647
3866
479
3519
145
4721
4313
4654
3475
927
2727
4381
2685
1111
1031
813
2742
4493
3622
1131
851
3620
4880
3038
4227
2475
3782
4384
978
2066
116
4659
4416
1686
1590
4805
1086
2892
1430
4654
60
2906
1829
534
1882
2385
4236
3708
1137
1095
1877
561
3388
265
2987
3186
3816
765
4386
1548
1318
2405
2301
394
889
3880
19
4738
4977
498
2220
2750
1546
1148
4693
4855
1881
614
4894
4891
413
1041
2149
1103
4606
1569
353
216
4884
2895
4092
26
3654
445
453
4020
1318
3683
2290
435
1958
670
399
930
2625
2920
2957
2539
1080
1003
3562
3888
4407
1422
4160
2754
4116
3202
3157
2963
1187
1943
1959
3719
569
3727
17
2204
1867
172
4791
402
3905
2773
362
1813
765
3195
3104
1488
1986
4538
507
3364
1947
3588
1436
2975
3522
167
1924
2247
2865
1543
671
4077
2008
3550
733
1254
868
1111
4950
3372
3544
3698
762
3324
554
3417
322
3529
3356
193
4062
758
3662
3173
3068
1152
3669
1541
2650
4977
162
3219
1040
1641
1497
1862
301
3671
3772
4807
1692
3854
1292
17
2890
4163
3668
3382
807
3890
2881
3716
3895
4263
874
2222
3916
1234
664
239
1482
1037
1794
4905
2630
4311
1232
4707
356
1867
3553
122
2251
1354
1803
4190
3399
3380
214
1853
3932
4262
494
1597
2249
3926
2620
4555
2896
1114
2911
433
2481
3710
3436
3699
2454
2012
2095
4466
4438
4245
797
74
1921
918
3232
4334
3845
3998
1110
4627
3803
339
2502
2986
4161
1685
1919
1055
1997
3826
1791
4999
2858
1001
3974
2934
322
3498
269
2302
1793
1154
3437
1844
4209
1796
792
2228
2680
4779
1014
3756
282
4828
933
2718
3475
3280
3537
3208
677
3744
1588
3725
3187
2913
1458
4014
4568
1446
3347
3587
4639
4013
2398
1187
2984
2434
4390
4884
827
3343
1763
1108
2500
885
728
4054
2299
4652
3037
2776
2758
2694
2657
328
3734
3146
4941
671
3883
1981
3463
4350
333
4035
4706
133
2864
2362
14
171
650
3791
2714
4719
1837
1842
3643
1180
2204
605
1102
2156
43
4722
602
1044
1175
3514
4259
700
1415
2353
3157
3938
4702
1695
4822
2204
2414
2986
3981
587
4043
2959
3469
4072
2937
4591
4312
1014
626
2022
98
3575
2616
1719
43
4731
619
194
688
3891
4040
896
1360
467
2567
1742
1006
1053
4231
3924
1743
4339
3368
3890
4873
596
3236
1560
3437
1120
4547
1291
763
4783
2633
1752
337
1851
4230
4473
2312
1358
1187
1476
3076
4373
2140
2195
1381
4196
2014
4726
910
372
2342
644
1850
4663
1347
4457
1238
36
4777
873
334
2766
3843
4619
3184
4135
1644
4777
4447
257
3834
2931
525
1509
3904
4291
985
3397
4815
3363
1137
4899
2728
1266
1395
1453
840
2550
862
2912
4824
892
1208
1665
4192
1979
3003
707
4688
4678
593
4906
4827
295
4872
2990
4728
1417
269
3395
1638
3871
2393
405
2195
3032
658
1969
3017
4603
1937
2655
1718
2703
4267
476
110
4179
3382
4083
2007
3549
4386
2739
3545
2774
2937
2828
1048
2642
4052
2691
3087
3349
388
1670
4747
321
1394
753
2113
2924
3795
3686
4517
7
3164
74
4688
2609
2646
4916
4469
4401
3965
3162
0
4043
1379
1780
803
2937
1652
785
2959
2291
3213
2520
2851
714
2750
3615
2324
254
1418
3095
4505
2823
4615
1257
778
4680
4550
4193
2645
2751
3568
2049
588
641
2218
2625
2278
2587
3679
1249
528
2916
4721
3529
4032
2358
964
3424
1454
651
2399
632
3352
4956
3295
2635
2992
2452
2154
1199
1020
3483
4013
1028
3265
3518
4475
3551
2637
2348
1906
2071
4136
4892
4411
1916
3086
1858
2254
1039
1660
4448
8
3924
3484
2433
3698
4549
966
4833
4655
2041
3861
4144
826
2825
1676
4549
4849
3378
3643
1847
2154
2238
4522
3119
3360
3749
1592
2897
3170
2818
1944
1793
1600
4288
1433
3139
1587
947
3825
2066
4152
3810
933
1370
1249
1786
463
3098
872
4351
853
3864
649
1259
2698
3432
587
1057
1699
920
3186
2859
3160
2555
956
1959
3804
3901
4581
112
2667
2445
4434
385
3112
3206
1191
2900
2776
1072
2285
1489
934
4429
2596
4666
276
3077
2352
4883
1667
3546
699
4119
3407
4408
4623
2725
4449
3236
1118
1473
1554
2125
1584
3855
953
4960
4176
867
714
317
164
4380
2332
679
1382
3935
4740
2617
4596
2311
3923
1916
329
4673
2289
4453
1645
3038
620
603
3944
2610
4345
942
3366
2474
4110
3787
4000
2659
3505
4444
343
124
2297
3196
1885
4277
951
576
4658
3617
2176
4785
1320
1903
3274
1311
2835
3951
4384
4151
1456
1935
316
4444
3673
1117
1528
2220
619
671
385
297
948
4126
3209
2448
764
3073
1928
3854
3031
1910
4149
4774
3731
1955
3150
3576
4781
4755
1666
4436
3699
4276
3871
3683
2509
4204
1838
3126
2036
2476
263
1024
4087
1629
2969
2406
3559
4007
3290
4111
1558
3433
672
1015
3304
3890
4586
1333
157
982
1142
3924
3371
4428
4103
1759
2388
196
1938
910
1313
4406
3917
2965
3539
4398
1437
4227
1073
2251
4275
3168
851
2118
4571
3135
2354
2624
3896
3211
2370
3868
3871
1126
2037
4020
4542
3124
4052
4896
3481
2791
925
2553
4745
92
4444
307
2833
3450
2559
1705
3630
3427
3211
338
2554
1514
4876
2625
1918
140
3789
1066
1434
3204
1748
3640
186
991
3873
3628
4318
1326
1707
1784
3798
1193
2911
4154
3776
4024
3598
172
4920
1373
2873
3368
1618
765
3500
4464
3863
1422
84
4635
2634
1867
926
2868
2006
4258
2870
4925
2966
2414
3745
4881
256
680
3567
1654
2567
3272
3608
2409
4411
2034
538
3700
4255
2724
3348
642
1207
1140
2738
3524
1284
38
2134
1388
4142
2138
3495
1734
1021
4140
81
3742
4435
1605
4457
3844
2473
1263
4282
700
2021
2870
4689
954
1837
3890
585
2635
803
2825
772
1567
796
857
1279
4891
3990
4243
1953
3731
3310
155
1840
3956
1100
1892
1920
4262
3427
3825
2776
601
2953
4573
3954
3807
3687
1564
1391
4791
3317
2179
4429
2554
3094
3818
3711
3414
1859
1074
4639
2968
54
1728
4818
902
3549
4537
3888
4115
25
2921
1638
971
2523
1700
3682
3998
1498
781
4395
394
2547
1684
4290
3232
2445
114
2272
3521
3111
1729
3894
3866
2985
2319
2075
2458
3012
4265
2222
4932
3879
2715
3088
3359
3847
1565
3428
4523
3081
4946
4758
2815
3519
986
998
550
910
1895
3072
3455
1512
2965
2337
1539
3730
2835
703
530
2460
1262
3869
2734
4440
2996
4626
1897
65
2157
957
3555
4297
3614
4023
4243
4711
1864
541
1430
2764
4781
3745
4310
3424
4658
980
826
3198
2936
2
3251
729
557
2953
3342
249
3952
215
4029
909
481
1744
4025
3430
326
4025
850
4998
1394
2724
2726
3372
4407
2136
3752
3621
2837
4292
4992
1465
315
4368
1409
119
234
1151
4719
2173
3586
2925
3103
2328
4915
1346
161
4148
3533
904
1480
536
4043
3430
2226
1906
1114
1937
1714
3707
64
2964
2443
2438
2912
700
3775
1594
1642
1827
1694
3425
4190
2199
4906
2340
1785
3677
2927
2798
280
3727
480
2858
3841
1968
4964
3105
4602
1576
2696
1740
2577
1873
2702
2010
3034
116
323
3462
735
976
1486
3457
1585
2992
251
3063
4869
3104
120
641
4330
3740
1759
1766
607
3429
4650
1126
2674
2769
4085
4885
3290
333
669
3817
78
1474
4335
4952
1414
2466
4315
4040
3823
1429
1374
2204
1421
2436
903
3120
1640
4041
1169
1338
185
3961
4855
541
2654
3672
2575
2035
3857
3367
821
782
1783
1788
520
3675
3644
86
1041
3819
4419
2322
1807
319
3547
3391
2168
424
2038
1244
4578
3961
4275
2409
856
4425
2835
2104
520
2441
3128
2145
3201
86
4217
4108
2961
283
4915
4703
3308
1806
994
4436
1826
117
1381
2013
2983
2917
2839
3095
4678
1407
1025
3920
2183
2839
2412
3911
4581
3507
2781
4503
1653
4452
706
4463
3256
660
1905
4305
2073
3940
3031
573
890
1648
2557
201
993
3138
4079
1191
4960
2312
2111
1275
1642
1507
3342
447
2137
3773
4754
4229
3845
2270
4891
4385
3767
3010
2360
3081
4043
2650
1807
2041
1324
4550
1721
1799
3537
100
3923
1008
2429
3856
3281
69
3685
481
4333
3910
4730
339
981
2177
3534
4973
1931
3558
2139
2481
830
1618
3263
2180
4437
1590
3860
1042
1340
4252
1260
3263
2039
2150
57
260
443
674
2490
1652
4460
1790
2642
2961
4393
1148
563
4208
4636
4282
3096
1630
437
3033
736
2045
1982
4087
1181
696
2953
4411
4268
159
1670
1197
1752
606
3809
3519
3055
4360
1216
3356
1510
4348
4921
1796
2568
177
1930
1593
3793
2068
2683
4681
546
2482
189
1768
3053
4484
4734
2209
2415
1935
1692
3952
4773
4300
2991
2216
1855
3091
2644
2428
1834
366
4075
3516
2658
2197
1722
1958
3348
3174
1810
2150
1593
2615
2127
1948
2966
2890
4478
1185
960
1603
4535
3533
1014
2737
2041
4879
2943
559
4444
2586
3218
2805
3690
4185
3796
32
4327
4519
787
362
2864
2077
953
615
4808
4305
4077
598
2148
2287
4948
2913
840
4487
4781
4425
1259
4242
4433
3704
4814
4338
2049
564
834
2598
2402
413
718
4014
4603
1220
3648
2241
4743
2527
4867
2785
2198
4301
1910
4120
1542
571
534
3417
3094
912
4481
1901
19
1963
1011
408
2020
415
1071
2455
2992
1769
1323
4905
2360
262
4965
2247
4942
1195
2012
3977
3484
3026
4119
1055
4850
1629
2922
512
1671
1699
840
3523
4928
1684
2314
4464
383
2419
1932
4993
4995
1839
3833
418
269
341
2597
1074
4795
742
4640
3349
1477
4289
43
4552
4116
3093
2667
3521
994
2532
114
2912
1909
807
4284
2965
286
4906
4751
327
2366
1204
1436
4550
935
646
2427
4271
2872
213
3627
522
2891
3710
1542
1808
2105
2573
3026
3574
1853
3225
1332
4609
4493
351
1192
4917
68
602
2235
4462
1605
1052
3297
4938
3234
1076
139
1257
1531
1820
4768
1593
59
2213
1180
979
4147
1521
4030
628
4482
3445
3483
345
2324
1577
2040
2570
1062
4886
3332
3937
2292
507
2756
440
2378
1731
3528
2676
103
1182
1155
2393
768
1282
2705
4547
1033
1510
1569
2231
413
1548
1769
2404
1318
2529
4744
3146
1816
3026
2614
3437
3728
3732
1832
1485
1043
4311
3032
565
2761
4344
962
1357
2456
4858
2089
1439
4316
384
2359
3259
2524
2866
1923
1935
224
2266
1221
151
2174
4962
2357
628
1668
1875
3450
2828
4864
1332
1758
1399
2596
429
4342
2513
2445
231
4752
640
1954
4163
1589
2500
4953
499
2766
2533
2549
297
4674
3958
3372
2298
2789
317
885
2214
2261
427
3463
1719
3198
4534
780
1611
3861
3504
2540
4231
2402
1684
1230
4226
1022
333
4465
2860
4116
2835
833
4105
1444
1851
4341
14
1794
2177
4581
247
894
3429
2721
4338
4388
3655
4237
1828
2275
2904
2369
165
3891
1103
2948
786
199
2316
2624
2368
4715
2492
752
2952
1407
162
383
2275
1968
1863
4098
2235
2096
813
1245
1027
4044
373
3396
2820
188
4731
3967
3701
3799
1275
3457
1639
1332
4267
3874
4546
2789
2285
3511
4103
3878
2767
3043
3900
3892
1224
2896
2445
360
1265
1182
3501
610
4485
4268
2560
530
