4636
5825
4489
2678
341
3666
1936
5232
1613
782
2685
21
4507
4796
5307
2472
3750
4872
551
5032
1031
3536
3759
393
5577
859
5530
1617
2336
2409
302
607
131
1988
3634
3957
3064
4726
3360
2086
907
278
3062
5402
842
5610
2826
5887
3136
512
136
1354
988
1335
9
363
445
4760
865
5711
461
850
1925
1902
2742
4611
1544
4644
2917
3346
5153
2461
3274
825
1594
2889
5961
4209
295
5616
3616
2213
4336
4511
4069
5176
29
3248
4812
2931
702
264
3698
2647
1540
4137
3577
1376
143
5288
3296
1946
1957
4521
2045
4109
2492
3174
2026
4180
2612
5727
3210
4812
3028
4907
3862
2616
4015
5516
3561
3889
4131
5265
2596
1450
5550
4949
3598
5681
125
1060
4460
4017
4690
366
5817
3621
5153
3092
130
5832
5559
1184
737
3528
3704
5041
3747
3544
51
4211
1960
3412
884
2541
1751
1888
5735
1524
123
3305
5219
5245
4111
5901
971
3056
321
358
876
5688
4805
3121
4339
5558
281
781
3935
5285
720
5487
1406
2073
5790
243
4839
5665
4911
3980
4419
1019
3108
3900
5784
5814
3851
1296
1747
4099
313
915
306
4117
3703
3235
3836
3959
1047
3584
5374
1181
257
4544
4946
4610
494
2031
3261
2016
1344
2180
3334
3919
3740
191
3310
2788
2325
3263
5953
2395
2102
624
2135
2976
5932
1249
3942
5334
2094
355
5928
3738
5578
3790
2133
1202
5437
3710
5885
2943
1998
4506
5044
1810
5655
3413
138
4459
1297
2013
886
2828
5276
977
3102
636
4616
1792
4598
5175
1298
5612
4882
1027
190
1678
5722
5565
4366
5891
4777
5970
3868
307
4530
1402
3162
3042
2912
4510
3347
4784
3799
538
1421
1147
1500
1949
5406
4596
1086
4190
2136
4319
1376
2761
5059
4724
3397
3303
389
1794
4390
4396
4160
3
4994
1545
5144
2411
1475
4817
271
5498
4393
4377
4511
5441
4213
793
2868
1057
2564
1599
916
3982
886
5363
5179
419
1578
4356
2567
3504
3704
1761
2653
5102
5466
3556
4566
4034
2808
809
41
1568
2158
2637
1702
3095
781
3554
1628
2458
3787
4526
2664
5839
4823
2594
188
320
3229
4296
3959
751
546
5238
1270
5015
5213
4896
7
5517
1570
5082
1765
838
2156
1834
5429
3873
3127
1996
3420
133
3015
1775
5467
1893
4968
4205
2728
5248
3123
1112
2122
1030
3417
1295
3152
4035
2191
736
5503
944
2518
3927
4615
2255
118
4949
4048
1892
1831
4012
2870
1412
4876
2758
2862
805
5484
3446
2388
2884
3934
1302
5043
2582
4080
639
816
4166
4420
1351
4419
4845
3880
2245
5698
2336
449
3072
1068
5491
3603
5621
1423
684
5534
1639
1991
4818
713
593
2676
83
1444
999
4006
1077
3901
2267
1928
4004
3985
1995
2454
4714
4716
5591
3308
1821
3087
2864
5852
3091
3293
4988
3547
832
4802
2390
505
4240
4896
1459
636
48
1144
4751
3544
4342
225
662
2877
4289
312
2126
1020
2442
773
5202
4647
10
677
2473
4933
2502
3577
389
4942
3670
3035
1880
5705
2371
1688
5551
4208
1854
2206
2739
1020
2413
3939
1397
5251
5152
5135
5350
4474
3010
1496
5689
456
1291
360
448
2314
5170
4125
3010
1516
1680
5916
3887
778
1520
5587
2762
340
978
1898
2949
5655
5310
5765
5067
1998
870
5673
950
2068
4229
248
5233
5540
5107
3995
4983
5087
3050
5259
538
4473
883
3083
1376
3041
4282
102
2408
2491
864
545
2378
2236
4350
4796
3501
2609
5479
5146
3426
5629
3255
1322
4685
4061
5656
4178
5587
2521
3939
2983
1919
4169
3363
5452
3103
1873
4501
1604
1612
4427
2907
1173
2951
5456
5776
4123
430
5042
4247
3862
3389
3385
5564
3698
5170
3096
1132
2577
3657
923
736
4151
5030
5023
3267
3809
4145
5230
4437
5202
2282
3158
5721
1580
3518
5989
5577
1288
307
4196
4841
4690
3645
1276
3417
3475
3
3321
707
3820
3003
5386
4805
525
1058
3905
4233
575
2152
4333
4319
1604
616
1586
2572
3321
2709
3314
2731
884
1119
1834
5522
5696
4037
171
3360
338
997
1348
2595
1000
3887
5433
5270
2509
5543
2513
167
235
5545
5281
3270
3757
471
5473
3289
4656
4318
504
2716
2582
2295
5770
1974
5878
2649
4810
3816
115
5787
972
1598
2375
3575
5660
2647
3900
139
2405
3218
2360
1657
367
3694
2962
1405
1880
3860
1237
15
717
128
2112
3534
1542
5401
4407
141
3244
1586
3018
954
1367
5161
2047
1129
2392
2989
2414
207
4735
1229
5530
5050
5626
3740
5335
4926
3579
2736
2860
2602
3061
1337
151
393
5843
431
4855
5253
4821
1732
4906
54
4056
4440
3123
231
48
2379
647
1722
3924
2958
1493
4386
2774
3795
1280
4925
2926
130
3626
1877
499
157
2638
5020
4549
1819
4106
4261
665
2737
4007
5202
3554
2223
4615
3895
3161
3574
5642
1773
872
1127
1405
4979
4920
3191
2608
2351
2309
2366
4145
4930
795
575
5338
2586
3904
4722
2484
2913
2478
5149
1959
3218
2426
3281
3423
4748
2582
1473
4652
3199
4095
4909
1126
1683
5492
3180
1723
4039
5572
4984
1287
3991
786
4867
1967
4520
904
1304
3866
1597
3109
2220
3228
2859
133
1220
1344
9
4747
1088
5505
2465
5933
3284
1541
4740
2572
5399
4807
5210
4143
3140
2079
2583
1691
1486
192
2137
5777
2081
2414
637
996
1427
3930
2833
997
3994
4572
2756
5725
807
5164
5802
694
5599
2524
1628
3878
1435
4710
940
3897
4757
205
5238
2811
3379
2626
4017
2719
1136
1654
2357
366
4709
4087
4439
3023
3687
5641
5888
4079
3578
5602
332
1502
3476
2161
445
2662
4476
3148
5648
488
5328
1381
4807
5557
2438
4857
3429
5429
1131
5701
2329
2952
871
5733
1938
4775
3665
1626
3777
870
4670
1990
5707
264
3205
327
3293
3791
3230
3663
986
2478
1817
12
4272
2573
3324
3656
2665
1849
180
3295
3501
181
5291
2712
2357
513
5514
2547
5802
4245
4182
189
620
3994
327
3987
3327
1701
4870
5168
5375
2929
4564
852
3684
5784
4823
4932
256
397
1471
1288
3990
5929
2039
2918
2917
2225
5720
2616
2753
3504
1783
2683
2163
4710
686
3319
374
1453
5543
2630
4178
5859
2533
4307
4311
233
4829
3729
4751
711
5218
2229
2806
3289
703
2321
5301
842
4348
5933
1337
3532
5955
5460
307
4529
3789
4632
1416
4730
1206
5971
5065
3625
5967
1436
5085
4612
850
5986
2185
5177
1823
2808
418
5304
1973
3805
3082
4834
5133
1607
3798
4700
1120
1803
3936
800
1593
1275
4328
4352
485
460
5173
4231
743
4243
1786
5006
3896
1164
2355
488
5612
647
318
5723
5951
4031
3159
4220
1438
728
940
3253
5858
1621
1295
2069
2758
1683
3546
4788
4106
4037
4060
5681
3073
1676
1121
955
261
2739
2433
5768
843
4293
2591
2069
5440
747
1297
299
1970
5846
1311
1050
411
3685
4452
933
5272
3908
530
2825
5049
3297
5042
491
1905
5612
3656
5565
796
4634
5733
2125
4160
5670
5191
3675
5724
949
1563
2820
3566
3460
1443
2256
5297
1408
5714
2052
5491
3266
1555
244
1860
2645
1242
2073
2730
4197
1634
891
5602
4102
1590
3243
3681
2686
5003
4736
4984
5728
5386
4620
182
4422
4252
5273
4839
2234
414
1414
3194
481
4771
4888
4817
3285
3353
2095
5681
2365
5299
166
3625
5835
3558
1766
3936
5121
4480
2328
1543
209
5698
4869
4605
2544
2142
4572
2401
102
347
3118
4226
2357
709
5850
5123
3268
2322
896
3850
39
4703
4260
983
3596
1785
3762
34
4196
56
2744
1645
2396
5398
3108
3321
5111
3325
4682
660
1754
4878
5042
4335
4227
3709
2701
5774
775
3754
5938
1673
3527
5179
4281
1584
4478
4772
754
1915
4121
3689
2899
3583
5588
5610
1277
1740
1357
4141
2458
627
3991
106
1925
5893
5182
79
2485
647
5057
1828
3063
946
369
73
4039
950
2452
5883
3724
527
3222
5925
4189
3535
3006
1315
1956
107
2504
3186
2669
5490
4324
4292
5322
984
2602
5887
4407
3249
3671
933
981
4776
5129
3022
1141
3999
5140
4305
3010
5985
5982
1746
4587
2115
1613
2901
2252
842
1051
960
809
2614
1731
2287
1574
2555
3579
897
982
2864
3005
1520
3022
1888
532
4078
3460
3774
3503
4058
2905
1174
181
5234
945
4383
3814
2259
5419
3020
1626
1452
5937
3634
808
1392
1822
1699
117
3545
2886
3896
759
4026
2007
2382
5652
1965
4250
1080
5724
1452
1558
162
3792
2427
4849
101
4109
1505
1300
406
745
1352
1434
618
3929
5162
5668
1588
4988
3003
1212
3198
3480
5958
5444
2678
639
4304
1451
2015
925
4936
27
4761
369
288
3026
5579
5494
1429
1210
4045
4236
617
1223
3250
3592
3474
2205
1538
3013
1932
1772
5765
1813
5401
5481
4379
3896
905
1754
4169
5079
1412
5373
2367
5262
804
469
1044
2484
5264
355
5570
3816
2435
3293
4431
1625
4412
3965
1248
4994
670
4921
2066
2097
4039
4602
5379
851
685
5691
3770
2894
3284
2176
1367
5849
269
3184
1253
812
2313
4913
380
2624
1707
1999
3971
5986
4411
1768
3539
4729
3878
967
3863
1217
4243
2314
5360
484
1056
419
5620
5397
3851
328
5110
3656
5790
5303
2577
1985
1825
73
5165
1671
5987
3889
4101
1109
2003
850
4431
4429
392
394
4954
3321
33
1935
4006
2032
2231
5525
2813
2449
5326
1849
1216
3902
5706
3692
844
5816
2271
2143
4011
4195
4368
5256
2726
4918
2745
3295
776
50
4696
4487
3582
3436
4454
2364
203
1209
244
885
1224
949
4960
2326
4856
2464
3815
4230
1434
3573
2036
5383
2504
4567
3047
1095
3324
5515
5633
1874
66
1149
667
4066
3064
2736
2710
5364
4049
2261
4061
2488
378
326
2614
3493
4436
5680
440
1574
944
5339
5159
4789
3352
2872
3178
5907
4586
3926
2942
3473
3664
5344
4467
1213
4202
918
4180
5373
5758
2823
5284
4417
3205
4664
2436
5720
1478
979
5905
1426
3104
4703
1082
2893
1073
3688
4143
4959
5284
1467
1780
5694
5639
5553
5717
4767
4858
2949
1493
2569
67
3315
1951
1397
3359
1758
3165
1781
3027
4830
2966
46
3105
2709
5441
403
1237
669
3080
5279
4415
1776
1545
5518
4539
530
4518
2553
1548
5039
3772
4829
4247
445
336
1735
4235
333
4421
4862
3791
4324
4123
3084
4740
2672
4289
3322
3033
5306
4315
3704
4926
1911
5790
2086
1472
2889
152
4449
2770
2744
2349
3181
3853
649
3789
5052
1086
1017
4801
1272
5854
5385
3172
3091
2799
725
1342
1208
385
3618
2810
637
4949
2708
2362
824
5849
313
1889
4667
4498
4070
2190
3197
2184
3884
3576
3238
2251
5718
5365
4455
5539
3553
117
916
4629
168
1851
2143
1089
5387
1163
1827
4968
2220
2990
1465
3067
359
2755
3562
335
2219
5889
5537
2093
2408
4055
5852
3238
2391
3524
5455
3731
2800
2914
965
698
3549
1020
21
5916
5065
3809
2669
3916
3459
1745
4701
442
4805
1876
1250
2174
3116
4794
2541
2192
3571
4669
2255
5939
1632
82
4228
2402
5627
4799
938
2578
4551
5046
2076
2216
2766
2399
47
5892
3453
4596
2024
1914
4777
374
2407
3777
3404
1422
4101
3061
1584
749
3622
4087
1015
1620
4106
244
372
928
950
5922
4554
3069
1433
4647
464
171
4718
4532
2621
3246
1854
639
4933
3135
1695
734
3792
1920
3340
3151
4355
3261
1202
4325
4414
734
3813
4508
5217
1065
2909
3917
2172
3844
4256
1006
5681
2776
397
1649
744
1361
18
1660
5615
1186
827
4152
2172
3125
2984
451
496
4640
3401
5057
1210
4563
1336
1007
2805
2174
1732
3384
4287
400
1205
4832
1559
4329
97
3854
3729
3777
1002
1750
2410
2642
1345
1684
3747
848
5531
1141
2556
282
5006
3839
3646
4824
4537
4209
2148
2947
4942
997
5479
4356
908
2514
2421
2404
4349
3711
30
1651
1544
5329
138
5813
2900
1573
1386
2278
5899
2249
425
3774
3094
1380
4895
5296
2426
1958
2451
2924
4223
4154
249
1156
329
825
2303
2940
549
3800
2560
1739
4178
4273
5444
4622
4425
31
5460
3499
794
1410
4397
1666
3684
4787
3745
5296
2129
2530
1268
157
5356
1371
5625
1446
3744
2839
4042
1509
4318
5550
5214
2572
1594
5081
5562
3952
2691
5174
5447
66
5853
5334
3675
1849
4845
3776
4695
4955
2512
5256
1996
635
1288
4154
4331
652
1188
3104
5560
35
5035
4980
986
1706
117
879
1938
2737
1526
2287
3237
2927
1288
2551
1127
1719
1588
5776
3510
4950
2796
5357
1824
4360
2872
5229
4226
474
4699
138
3887
2330
5617
2622
121
4218
247
661
1774
1780
1479
2109
5394
5175
4223
2282
2677
896
397
2694
3585
2980
2185
3877
883
4265
3215
1879
1011
5637
4855
2759
849
1678
1075
5536
1150
4032
1493
5136
4436
5437
3658
5044
4883
3550
2838
1938
3866
5720
2973
822
1182
5530
939
2420
2809
2003
3938
588
3554
1728
4158
2924
20
1587
1894
4319
1486
383
1664
3811
3320
1104
385
41
4684
1127
2033
3093
4472
3827
999
1461
1119
5659
950
5102
2630
5512
4323
4209
3778
64
1074
5581
2171
4941
3244
798
1501
4412
1775
2324
3388
1376
2610
5742
529
5111
4660
3029
4421
3221
2608
5141
5224
2908
2814
5654
3455
5357
5449
2665
3528
3288
4328
1726
4683
320
1500
5778
3679
1114
101
5365
5477
5779
3665
1961
581
4753
5090
5111
4452
2946
1051
4348
1599
5825
2759
4337
3206
2359
4022
5832
4343
1293
5620
4834
2630
3904
2103
1005
1735
5550
3478
3035
616
2588
4833
1182
3181
4378
3425
4031
2905
4958
108
542
2501
3885
4772
4003
3809
5176
494
531
1269
3635
4474
846
898
1825
3812
5653
3273
2411
2725
2778
5943
2799
1270
1919
1645
2645
4499
4336
1848
1021
5016
1197
833
1108
2587
671
291
1190
1829
4412
1347
5565
4926
2470
785
4935
3572
5725
5707
310
4120
5109
168
3376
3621
4114
3960
5047
3645
4672
1557
435
242
2687
5589
1419
3342
1611
5759
3203
4656
2313
2024
5392
2228
94
4345
2966
717
2458
3951
3314
3105
3041
3326
291
561
5898
2947
4163
324
5761
469
4916
3951
5063
4022
4518
3091
1577
524
3461
610
2782
1990
3087
4559
5017
2749
3570
274
4463
2554
1908
3829
4354
4206
13
815
4524
481
4798
2730
344
410
1365
1682
4906
2072
440
5052
2798
4971
2063
880
1085
1250
5406
293
5533
2850
4992
1112
5808
3487
2607
3497
2748
4890
5968
4098
4427
5495
1708
4868
5560
4954
4840
3295
5610
3150
3222
3118
2286
3185
1636
2125
3804
3263
3442
2969
4732
5658
1378
5442
5249
4723
1832
1727
67
2967
3105
2110
4747
1673
80
838
1399
1880
3666
1723
93
3085
5603
4221
3132
5491
1946
3006
5070
5251
3615
878
2571
426
3965
3621
3287
5178
547
2620
2474
5098
4596
5176
336
1515
5198
5812
1959
1576
4504
5577
582
5640
4948
1133
3726
2324
1332
4438
3928
815
4984
5545
3549
647
4902
84
4373
679
211
164
5575
3302
3821
5043
5631
2336
4747
2353
3821
4142
1436
4974
5882
4084
1388
2130
2118
1624
565
5753
1229
2490
2
1982
3944
4596
1407
803
815
63
684
4714
5724
2015
5792
388
4491
396
2874
1779
1245
5839
5491
269
4076
5925
2592
1552
1257
259
1187
2588
5521
3542
4528
2434
1118
4501
1757
3767
4201
2646
5555
228
5933
5049
3730
4718
4072
3317
5969
2973
1643
3421
3122
3547
4832
2159
1811
522
2554
841
3425
4674
824
2408
4343
2247
5332
4606
1957
3219
2040
415
4716
5029
1728
1080
1557
4741
2666
3213
2657
5890
1994
5342
3355
1723
4778
2277
2090
1398
4191
3886
1779
3472
1767
2739
3979
2178
1278
2803
697
2204
4623
1247
362
5808
2183
5393
5902
318
4758
1065
5280
4056
495
3077
4372
2513
4015
1436
3160
2598
4346
1943
5597
3129
4240
1260
1935
4822
2111
5865
5839
4293
1938
5897
3538
2923
1271
2038
834
3692
511
2732
3362
3153
5134
1910
47
3905
530
3143
5554
1056
1760
1302
3314
5153
3658
3815
4327
3001
5212
4002
2585
1618
214
1075
4919
920
1684
5069
1875
308
4473
219
5722
3426
5147
3717
2274
3089
5031
3403
4588
1750
3333
5793
2520
1005
4726
2055
4456
3342
5498
3748
4941
4904
5918
5823
2269
3068
2018
1129
631
4089
3305
810
237
3247
2233
2278
5487
5106
1923
4620
4025
3453
3996
1339
2370
3456
1770
1617
3269
1576
5754
2498
4285
3098
4686
3393
3546
2652
1845
2302
4928
4415
5074
2988
478
4956
2174
1166
4732
1802
5880
3309
909
5321
4331
4600
5844
463
5273
3161
339
2557
5475
5152
511
4541
650
4782
4431
4378
864
3248
3107
3323
4280
3286
5762
1629
3036
5695
4635
4844
2092
147
1021
1342
3988
2957
2114
1101
5431
5970
1030
2943
5416
1826
4758
3844
1639
2698
5763
1259
3224
3428
869
5472
1855
4620
5372
4950
4840
399
5346
2445
4691
2194
2669
576
1084
236
1456
2239
1000
3233
2993
948
4764
717
5413
307
3000
3193
88
2082
4625
316
4169
211
2316
145
5249
5659
277
1137
4420
4400
4847
509
5824
307
5527
11
3922
4935
5025
5178
2393
2286
4868
1219
3826
2047
5185
2782
3058
1285
1198
5358
194
4759
4466
602
740
4383
2425
2393
1092
586
1414
3113
874
2283
1128
3580
2908
4860
805
5888
3105
3778
5924
1018
2352
1899
1735
1934
662
487
1973
909
2262
5616
2789
2587
2522
5416
3750
3435
2744
4958
4876
4170
3905
220
3188
4469
4019
1023
5689
3032
5405
1380
1391
2021
2098
1500
2413
2876
1991
4892
3480
381
695
1667
1450
5959
5751
3576
337
3420
4083
5232
3491
2515
4886
5449
271
5721
105
1126
3215
1158
3635
5880
3499
2616
3486
85
4871
3534
1498
2167
5708
2450
1963
3043
2627
5715
398
4597
5293
2670
4889
549
5457
873
2271
5720
4509
1949
3619
3573
5325
1901
3940
3953
2586
5719
5207
1114
5353
1189
3027
4445
3604
5744
2389
5333
2166
1571
2099
2961
5968
2535
1534
5520
2313
5712
5568
4139
1634
1827
2661
1503
919
5282
2999
4533
5537
3958
4945
1616
5208
3576
4149
3603
4054
3372
4953
4252
5799
1434
2427
1377
3868
4362
2581
373
4495
4971
1837
791
4593
5809
5043
4792
5535
1097
5517
1959
643
1834
960
5354
3863
4873
4164
1323
5684
4392
650
4717
5384
3053
3562
1113
1574
5995
1588
5961
2360
3599
2408
3328
1247
3817
2178
5013
3739
1045
5181
74
4022
3365
5320
2477
1018
3005
3813
2906
4515
4778
4958
3323
1487
256
611
3613
5650
4094
5390
5680
4999
5552
584
3531
1408
1217
5796
3529
2862
251
4393
4996
4940
2125
4349
524
4710
4439
3596
3972
3367
2261
2376
4762
2208
550
2106
4161
3364
4216
4407
3549
5952
5601
2847
2954
2328
4060
5550
920
2748
2095
2741
4711
1866
2405
4835
4268
5182
2172
5100
573
2292
4429
4668
5983
2701
3428
965
5289
3055
4587
563
5796
1639
2423
705
4193
5867
4366
4389
823
3786
3860
5206
3816
2372
5361
5582
1023
2982
5792
3162
5593
4765
598
5886
2301
5548
2733
1269
4584
3849
1773
2278
4121
3041
3158
163
2886
5644
572
587
4394
3659
3695
1567
4140
5406
3349
3186
1036
2162
4151
4697
684
663
341
4146
4312
2032
919
5408
1892
68
1089
1540
3889
5169
1233
1000
5324
5408
712
950
3315
4499
3315
1541
629
2123
646
2211
3572
4407
580
590
1433
4886
5084
5612
2981
637
1827
5498
2448
404
3371
4177
2464
603
4253
4389
4103
5963
1832
1144
3656
3111
981
540
3592
5680
2134
2773
5022
5320
4715
5548
886
2878
5777
5216
5544
2680
2312
1158
927
3791
4975
2674
1177
1284
1630
2430
4794
1792
4367
5687
5213
1481
3849
1159
312
4993
4011
988
1531
1881
4402
3016
533
4738
2215
770
5459
1156
4376
409
3078
4855
5185
3593
2384
5551
615
614
3594
1653
4865
3749
3589
4944
4131
5162
3387
754
1880
1068
1185
1710
779
5701
4716
4120
434
1110
4828
149
4264
2087
5338
545
4614
4267
4153
2032
2093
2450
5052
5212
2866
5096
4932
4989
4278
2970
1364
2822
2625
4281
3
3260
1227
1752
493
2290
1766
1984
5447
2383
3499
4786
1069
4449
2896
5724
2985
5595
5587
5125
1010
1898
5878
434
943
1605
2087
1755
342
5059
378
24
310
2166
4549
1716
109
5813
1016
5028
4679
4983
391
3345
1620
3707
1141
2064
3332
4501
1678
5683
2337
259
2978
2713
5241
2509
5417
4096
3527
1995
2855
3291
333
2416
478
4686
1152
5044
5242
3782
3024
1504
3485
5126
3539
3027
1208
780
1981
2097
5986
5538
4333
474
2520
5424
4119
3305
4369
2318
5497
947
4845
4263
5357
5327
5194
282
1898
1061
2370
1146
3799
1343
436
3493
4478
2460
205
1170
4296
3587
3619
5731
1050
1269
702
4554
76
3131
2707
2424
4914
1854
4654
993
1977
854
684
3467
3535
3178
5107
5876
1215
2470
2462
3219
904
5467
5112
2647
4026
5232
2260
3357
1404
1494
3287
2493
3964
537
3219
4787
5108
3266
176
315
501
5897
4713
4501
5443
2184
4113
5465
109
1675
3280
1300
279
628
4862
5360
614
1675
1002
2369
3495
4706
3959
3932
4156
5062
1860
2786
3812
2865
1446
938
1286
2941
2981
1837
3594
5939
3520
2763
2532
2593
1277
651
1966
3274
2769
4367
2672
5240
1816
5094
1775
5004
1010
779
4319
118
2171
1722
1846
3328
5876
2627
4847
5092
4835
1335
7
3038
3828
5343
2344
2301
746
1100
4608
899
1495
5770
4717
2171
4195
1885
71
1978
300
2717
2570
286
3195
1694
926
4963
2335
3912
2741
2404
4936
4886
3328
2959
5041
1658
5262
2881
2235
1021
610
4369
2115
3571
4064
601
3599
2541
2053
1502
1146
1368
3584
4128
3785
1443
5264
2957
2841
4383
4811
3889
1416
303
5159
4264
4812
766
2905
3315
2675
1663
2713
4665
537
2496
2286
1717
5184
4104
1899
5405
5183
4095
1029
851
5113
4637
4176
3188
2168
4666
1669
5277
2934
613
818
830
5192
624
1598
4695
1207
968
2263
3678
157
2595
3770
5459
409
66
3582
1819
4270
4934
4958
5528
2750
1951
113
2042
1054
3583
5544
3422
103
5564
2435
484
5913
4053
3040
351
5611
3132
881
646
4563
4754
1657
839
2686
432
483
859
5501
2593
4574
645
3773
4989
2889
3156
4273
48
951
327
4174
3002
5055
1888
5571
1391
4451
4721
4547
2110
3467
1459
5648
2687
62
2086
2133
1062
1612
5699
1008
740
314
3629
2730
3772
5802
2405
3956
2739
4791
1581
5969
5392
154
1492
986
3652
1756
5008
5698
1715
1657
4794
1542
2192
733
1635
2320
583
4750
2853
985
5955
245
3620
5224
3952
4538
627
1644
2507
4859
5826
3121
3765
2856
4965
5410
4246
590
2401
1964
4350
2623
5471
5723
2535
4107
5667
4708
823
4557
2566
1997
914
5667
3423
1532
2764
5723
128
3963
3723
3895
4524
2997
3019
5501
3399
5968
5675
4238
5382
2135
1396
3857
5334
3346
2986
219
2712
3076
4331
3708
2057
2609
2405
2665
2336
2314
3764
4514
1041
5847
2153
640
3103
1087
2534
3869
3054
2055
4085
5151
1429
1973
4233
5522
5362
4991
60
1185
5992
821
711
2177
276
1944
3168
4282
2285
357
3486
1235
2298
4546
4104
4777
4045
1780
2395
2332
1517
3451
4570
5286
5025
10
3856
3384
4952
5286
33
4946
1286
5419
5118
1903
1513
2518
1399
2299
1066
4642
5227
1874
5966
5794
2331
535
1836
504
429
605
1529
1744
1725
1541
4303
5292
781
3429
428
3996
4524
2353
2071
1289
1205
5129
1357
4463
1950
3855
2538
3621
5121
3283
1155
1098
2056
4525
2671
3294
1809
726
2278
5930
5073
2147
2002
1229
1653
3295
2018
5043
1107
2339
5950
3588
2575
4837
324
1207
4602
3451
4400
4001
1444
346
3163
366
1618
5887
3435
683
2891
3033
1880
2973
2588
5665
2350
3761
731
1384
3470
3185
4633
4779
4351
5344
1057
1317
1586
3954
45
5554
1507
4027
4087
5035
3019
1075
3821
1730
1794
4418
2766
1211
5938
1965
5057
2134
3319
1165
4676
1381
131
4025
1234
974
4350
5520
1358
2366
1098
1621
5516
1288
644
3799
4815
953
503
5355
4509
4521
1210
3560
4606
2321
4570
3935
1379
3171
802
2277
4084
1754
966
3791
1282
2991
1392
3481
4299
213
2401
3571
5787
674
25
3032
2016
842
2610
3980
1958
4665
4358
2833
5536
3197
5618
4790
1064
1038
3810
2717
2798
5355
3275
3527
2429
1458
2967
1327
203
2300
4059
511
4047
5539
3541
1619
4956
2144
2801
3672
1836
3493
1819
3280
3464
1364
5294
2630
5651
442
1243
4472
5975
3772
1222
678
4775
2332
1082
2277
3331
1032
5068
4672
3898
5151
4668
5275
4298
3537
4744
501
3107
1442
348
2715
5161
5370
1588
5347
5928
812
386
1483
3794
3313
2602
5214
2836
4464
3786
688
471
5853
3367
1415
3841
1819
5139
3286
460
4591
379
5766
2799
1587
3725
4819
824
3059
502
961
3003
2263
4265
234
5348
3149
716
2805
1400
5683
1021
2355
4809
2638
2802
265
1225
2746
4669
4982
3190
4975
590
3856
2180
4012
2466
1103
4824
1602
490
5541
480
2272
2150
1048
3584
2038
4592
1102
4295
488
1542
1860
2784
481
4351
4779
4084
913
398
2783
749
5141
3604
5301
742
4242
5408
1041
2238
2189
3586
5025
1419
5449
4093
4154
4891
5902
5258
141
581
4147
265
5733
4798
137
4755
4527
2344
3027
5387
2806
533
1621
130
1451
3945
1560
746
1182
5325
5879
3330
3227
4992
2489
1424
2931
4920
5051
1070
4918
2358
3113
107
4538
4807
1513
2705
3467
1959
1333
5174
2847
3313
1091
1980
3396
5713
2578
1300
3145
3434
4931
3984
438
5107
4930
1653
1928
4700
3439
4975
893
3406
5245
238
5960
4241
2007
783
1586
1127
3434
5046
5118
2325
4339
1542
5110
3394
1509
1587
3767
1688
726
990
3398
1064
5672
2384
3341
5802
1679
4946
5207
4977
836
1081
3747
893
2453
2607
3416
4026
5254
3708
2118
326
4072
5924
1188
5120
3684
2521
5548
5676
3973
4385
5743
3491
5199
5379
982
983
2800
1995
1766
5476
4369
3949
239
1585
1816
1846
2049
630
4734
4029
5020
328
1320
1945
2210
448
3908
4060
1355
2457
2210
3341
4053
2888
4844
4612
2358
342
5284
302
3216
5049
2856
5184
1823
5793
4788
5624
5554
3454
2421
2078
3203
5118
1093
3914
5893
1412
632
3696
5561
1220
3138
5062
1325
2987
3283
4918
4226
2492
2624
5742
5960
901
3262
5781
5144
1024
1181
3192
77
2373
2208
5091
4400
2109
3701
1547
5375
4497
5557
2071
1898
369
4649
4575
5450
4368
2790
5805
1213
2653
151
2304
1826
5276
2375
2432
2477
835
4823
5707
3336
3569
2850
5870
5303
4616
2842
559
4134
2907
2942
3159
3041
5795
4331
653
4175
3116
5660
4590
4732
812
623
5016
3138
1219
3893
421
2916
1053
1062
4102
4678
1701
3039
5525
2892
468
1609
1868
4141
2695
3511
19
3619
990
2028
500
3906
801
5558
4556
2483
1645
4251
2874
1613
2540
318
4409
14
3347
4958
2986
2603
212
2204
1099
5394
3636
1014
1460
5592
1655
3957
4544
2596
3639
927
3512
4742
5508
5402
4683
5558
4965
4318
3706
3125
4621
3462
5647
3250
2888
4435
4782
1899
4052
3916
3908
685
4365
3605
4764
3179
4913
91
5953
615
2754
4890
2045
5120
1817
1932
4991
4360
280
3950
3611
1952
5880
3408
2508
402
3473
5288
4581
3771
1576
3028
4757
5139
1858
4794
4152
3450
439
542
2570
353
1346
3360
422
5522
1845
5278
4733
1181
4473
1629
1874
1233
4098
96
2962
3171
2385
3875
2290
765
36
3303
2688
4966
1112
4553
4123
3434
5503
5857
5055
198
2124
2980
5080
1202
650
5463
4568
1019
1597
4945
451
1500
3744
4651
375
1832
1309
5526
1162
4567
3676
3593
3916
5547
5475
2598
1499
221
1755
3688
2452
5401
5187
1627
471
4323
4573
712
2644
4916
4487
3900
578
5781
2388
5684
4319
294
393
294
5601
5180
5524
2159
2746
4309
5830
3349
3418
3465
5841
3496
4862
3615
4156
4554
2695
1816
4547
3415
4886
3549
491
2451
4067
1232
1204
2047
3036
2913
5304
1016
4298
3216
1552
2716
3984
297
2565
5081
2109
5073
51
2980
4816
2379
3130
947
1835
5848
1134
2008
5201
169
671
2906
4313
770
2291
4801
2820
172
1198
3406
2411
743
2660
5093
1921
3883
517
4152
871
169
5559
3921
3983
627
3490
5899
2841
5748
3156
4973
1769
1309
4164
1605
4937
4749
2564
93
1866
4588
3216
2477
950
3125
4788
4317
1153
926
1754
1060
4606
3717
527
322
926
3097
231
4550
5235
2321
2855
1245
898
4029
3217
1352
599
5351
605
904
3970
1845
3650
2985
3328
4127
1316
2552
1045
5319
279
4290
836
1945
561
4331
1137
3697
1086
824
541
804
5117
2009
497
684
2184
1238
630
2787
1457
1477
4833
4027
1639
2550
5468
7
4776
5819
4719
1386
2112
343
3758
5674
3792
689
1532
1184
2234
453
3837
3247
4297
4919
1337
5647
5197
2517
364
2085
5107
1897
2314
1489
5780
4455
2848
2771
388
2857
885
2554
4570
3429
5840
2779
5136
2839
755
746
2688
2944
5957
1560
974
4763
62
3562
2997
2456
3755
2993
1033
647
2593
955
3132
1714
4030
4390
652
2535
2651
2700
2345
2177
3742
928
2244
2626
171
1299
2083
4431
2890
5970
1266
1368
3637
5648
4995
1762
56
3644
5366
5795
3339
4959
2803
5978
5723
4084
1076
808
3764
1060
3952
2239
4139
5453
386
3301
2439
462
88
3108
5120
2145
999
3138
1872
4262
4876
2120
1655
2264
2126
4978
314
2671
4271
3602
1515
4561
256
5536
4547
645
5812
1906
3980
1014
557
5764
2540
5008
755
4613
4507
5146
451
4878
597
4800
1652
1407
1739
2779
2597
2711
2756
1263
2513
4911
4706
3906
1189
4244
3967
1508
2808
5040
1829
5343
281
1172
1084
3932
4711
1748
5471
1807
1113
3615
888
2785
1902
3017
890
808
1374
1687
1597
1957
4016
854
5299
2313
1781
4568
4921
5637
593
892
938
3964
234
4312
2669
1351
4184
4630
1711
886
5501
5993
1883
4782
3710
3115
790
4963
3247
4804
1879
2115
5805
4729
2851
1292
469
4590
839
4347
3682
1001
5630
1458
5556
869
1219
1781
459
3535
3472
5522
4642
609
852
4730
3433
1161
868
2544
395
4949
2360
5213
4415
5549
2774
3246
5145
3036
3036
5179
5632
989
5542
2404
859
4286
4720
2666
2276
3683
454
2407
2830
4154
3767
3387
5331
3191
5815
1476
3142
4684
4019
1801
4952
3302
3088
1747
5318
774
2428
1768
2655
3306
2230
5110
2883
4984
3898
5273
5718
1910
5268
1033
1124
1913
3846
2962
3919
1785
4629
4641
900
749
2109
4200
2908
3480
3556
1151
3342
5807
2364
2280
4737
3349
690
3372
2832
4118
36
4262
4118
4572
1136
4236
2936
3713
4487
2870
3426
3138
1472
1517
2073
4828
41
2097
4192
5287
5288
2886
2887
1003
2047
1164
669
5826
5486
1722
2950
3932
3922
3031
2375
2153
828
1636
3070
583
2397
5593
2191
824
1469
5851
1337
5822
1179
5398
968
5222
4830
2381
3875
367
249
2779
2085
3077
1549
2005
5609
2527
1113
2078
1646
5585
3501
3446
1322
510
3116
3920
3243
1245
672
879
1176
1927
1287
908
1943
4939
954
3846
3735
3806
5743
1031
5085
4114
5236
3791
4509
2050
908
1856
110
1495
3479
5749
3408
5850
4505
2639
1449
1783
1196
109
1018
682
177
5463
5057
5176
5842
5463
520
3741
4835
4533
5098
5149
1943
126
38
2953
1183
1232
796
1649
4573
37
1988
1008
3799
1481
3918
5800
3703
825
404
3771
1662
2170
4859
4675
3289
2419
2697
2095
1628
137
1312
250
4090
4757
2280
3545
919
3731
3723
5665
3061
4218
74
3891
3338
5123
4381
581
3523
4455
1160
1086
4817
4874
153
2462
258
1998
4461
2184
1259
2918
3538
541
3425
3400
4887
789
599
3501
3344
748
4081
936
2182
3400
1030
3600
5291
4611
133
236
1019
5657
3679
3962
2814
3710
4642
3581
3354
3213
1989
3953
1109
361
2063
1435
3416
5938
5123
2705
2062
3175
2454
3955
5868
4802
320
5205
1676
4708
2848
3755
1073
781
5770
864
5583
1784
3884
1282
1410
4625
5455
4541
4796
2436
3481
4098
5709
1043
2591
2292
1882
1252
3623
3264
3712
4917
3483
3078
5634
3101
3642
4072
2543
3920
4360
125
1839
4446
5350
5507
3787
4936
4685
5759
5228
944
2131
4178
2043
3485
5248
4426
472
4984
554
833
2279
6
5004
3463
2964
593
533
3143
3623
3605
2733
5832
1778
5205
5906
4546
216
4775
4417
2923
808
2067
2897
3485
2134
2211
5944
2406
2427
3207
4865
4508
4227
408
1109
2843
2292
2486
806
2988
1182
1457
2763
307
686
928
1717
3685
3228
3346
5777
2436
4245
3855
1398
3721
147
2329
2062
253
3895
2724
3217
3492
2457
1295
5740
4134
102
127
3505
1515
2057
1703
1048
5507
420
837
1379
5055
4621
5452
4528
3679
4582
5097
2967
5705
916
3892
4115
2131
2273
1733
3230
3613
2349
768
5732
4718
1936
5567
3754
4921
2842
1323
519
1051
3131
4471
3728
4292
5278
3241
3810
5744
2432
3509
3528
5169
4879
2919
301
3563
1853
77
411
4652
980
4415
4322
2693
5699
3964
4948
3209
1526
4994
301
1185
3829
1385
3343
2057
5939
5917
3756
4971
3526
1751
2797
4342
4102
3895
2431
5770
1486
4847
3213
4275
1488
4159
1384
4624
917
5320
4772
3583
3378
3247
1420
374
1062
5825
5558
5184
5328
5357
3808
755
4653
1699
3738
1722
4783
2279
2973
36
3257
1521
2745
5800
4534
5332
4828
3154
4570
217
2494
4015
1504
5431
3466
3361
3635
4065
2087
3167
2280
269
1701
1324
3560
908
1986
5779
1548
2491
1500
2380
3169
4085
1665
4557
1387
5442
3074
5872
3813
1457
5494
4221
3894
2349
4026
4324
1071
3439
295
4153
2065
1088
540
2140
5116
264
4938
2835
467
4488
1871
1783
1083
4000
5385
1384
5857
4590
92
174
1627
4533
3087
1277
4070
4534
5329
2148
3535
5677
2489
1442
5518
1658
2315
4853
5917
58
3046
4288
5862
2177
5066
5656
1834
4151
1511
1420
3166
5340
240
2895
4303
3657
270
2884
710
1365
5298
4676
4199
5696
1794
2686
2019
2927
5637
2540
5150
5141
5722
365
4299
1243
289
4165
4195
1036
413
2622
4708
5759
3425
2888
1030
5665
3944
4084
1801
62
1105
4489
2602
2236
1111
1585
4932
4852
830
900
2371
3326
3321
4863
5204
1161
4649
3200
1849
3604
1216
2400
1753
