2132
665
885
1358
1807
1327
3400
422
1553
2636
1606
3118
2550
3038
434
3952
2764
1232
1068
1166
1782
2568
2863
2131
1404
809
1450
1956
1139
1785
889
693
3173
1949
3967
536
3612
3233
1154
2128
2640
1108
2947
355
3434
3503
313
270
1076
2198
3561
2963
1760
2967
1892
2510
914
176
2909
485
3786
493
3429
1021
3378
2159
3237
457
1792
3016
3192
926
3528
2402
2370
2306
738
1535
2384
1506
915
2011
2669
3
859
3886
2911
1520
3642
3886
2300
1810
735
1554
1964
638
527
785
476
1095
1806
8
156
2197
333
538
3158
1038
2065
2258
2411
1136
3932
1732
652
3648
2746
2161
3282
3645
9
2249
122
110
1894
843
3169
2522
2992
872
2231
2294
3899
678
3331
984
2004
1376
1107
907
332
3434
926
1819
1859
1267
345
1488
1490
1443
2418
2840
3444
1668
3596
701
2450
285
1815
374
3050
2424
3371
3864
1147
2437
2625
3565
176
3192
1198
381
1638
2990
3549
1353
2364
1133
1928
1111
2294
457
275
2087
2062
1250
613
1731
3543
3979
1411
1109
3151
3974
1291
1779
1697
3338
3210
438
84
1703
1274
2249
1076
3424
1820
92
3259
3766
3502
3351
1467
422
937
3276
3275
3465
1817
1061
2379
2938
857
541
1461
1908
11
2891
1154
1849
1330
2680
2966
2767
876
2737
74
2212
367
3065
404
3731
926
2166
373
3455
1575
1483
2911
700
1245
3430
1376
493
1998
3152
2351
3847
3168
1154
1618
1813
1580
2071
3530
3893
1783
2076
1691
2976
3529
3203
2204
3718
3468
439
2967
3895
1219
2762
3486
703
1572
106
3819
681
948
2707
2993
1892
765
1790
1924
3715
430
3286
3842
2365
3951
3147
2845
2293
2560
448
262
501
717
1118
1783
851
3824
1836
3228
22
1443
822
1599
2705
2208
1898
3023
2157
3767
482
77
550
2027
3867
2291
1580
1513
996
257
1865
3334
2322
2757
3618
1300
2416
3142
3319
3393
852
2254
1284
3405
2541
2993
490
549
824
766
1352
1633
1810
641
1762
2358
488
146
3300
2872
2538
1342
1024
1104
3550
2799
371
758
1616
603
1925
2348
2279
3846
239
2518
1811
3701
1847
857
1923
3600
119
3215
1299
915
3548
2180
2178
242
2474
3217
193
3622
605
3186
1383
3256
2250
1798
2018
904
1604
3107
489
186
2746
979
1356
3454
3197
815
2669
3003
3776
2838
3527
3480
3000
3946
76
327
3267
3015
3246
3213
1861
1505
3507
2578
973
3833
715
1090
182
3643
2909
2237
1065
599
3549
1185
1088
2362
2139
1490
3685
681
1045
580
2137
1722
1676
2533
2001
2446
883
3017
2267
2479
3172
3090
2654
898
3982
1564
1439
584
1161
1731
1856
471
713
3282
323
112
3120
3177
1100
3517
3326
3946
484
2537
2532
96
3674
1243
1335
556
1316
2544
1855
1101
1123
373
559
1003
3012
3710
3983
961
3715
134
2772
645
3946
1955
2066
1428
1752
2341
72
447
1308
2827
3289
3852
1728
3041
3259
235
3907
186
2440
534
1951
1511
1362
2627
3945
2001
2036
2313
182
2168
3971
13
186
40
3779
1992
2668
3541
438
1654
1574
2068
175
798
1641
2677
2885
185
1021
1952
1571
33
1397
2635
860
3735
625
949
27
3025
3581
994
3289
1022
87
1460
1128
2519
1518
834
3660
3236
966
3287
2569
1608
1175
586
1880
3179
3509
2166
2995
3586
1483
1685
3344
604
353
254
938
971
924
2743
986
14
2916
1433
69
1815
2401
31
783
1437
1343
1226
1933
1984
3504
373
3544
949
240
3087
2909
1325
2084
2138
2162
998
2716
2079
3459
3213
1815
2156
3082
622
614
3852
637
1819
2409
2817
3905
2101
2197
2784
1917
601
3479
1960
2921
106
178
3713
2053
3735
228
1326
3494
392
6
2510
2475
3211
3955
2324
3022
181
2848
3841
86
1079
1577
3355
3241
3711
1485
300
2078
3719
2287
3322
2640
1119
2462
1022
2511
1554
2990
2019
145
1591
3685
509
870
3511
1586
1572
3977
789
983
1803
210
3903
3015
3073
1448
2864
1642
2180
2772
1439
2910
28
208
999
1720
2331
1503
276
3592
527
1878
1799
1754
3618
24
870
3769
591
575
1603
2542
3712
3414
3591
774
3112
2020
1051
1905
1754
1410
275
2439
901
558
2936
2789
108
2584
3280
3221
294
2361
1803
76
3727
3524
2605
76
489
1269
3091
3882
1011
1797
516
1194
3
3296
3285
2534
323
1549
441
1774
3366
1932
3748
553
3878
2783
2490
1817
123
2655
1208
477
1369
2735
1502
112
2375
2349
2264
3118
759
3909
2408
2231
2311
288
1330
3564
307
3225
260
2070
2101
3024
2175
2951
1883
1016
1798
1752
738
1067
706
1617
1844
765
2543
2919
2684
3917
2471
2207
322
56
3369
2129
3911
968
1830
1352
2462
2474
2472
805
3717
158
638
3459
2207
2567
2600
3894
1136
3905
3932
653
2676
402
659
1750
284
1017
3348
3040
1958
1635
3322
3260
1880
829
228
1885
2744
3972
2489
3166
1099
312
757
2275
3752
3791
3029
3383
568
3077
3547
596
2221
689
62
130
956
3891
3666
822
184
1962
3023
1308
1613
3906
2753
2223
3221
2282
2315
485
1306
3716
1656
3080
681
2165
2720
735
911
1756
883
715
531
3232
3205
1869
719
2369
3414
3333
3980
177
2204
3381
314
3260
1136
2020
2409
2338
1938
2110
2311
1701
3546
1816
2838
1981
796
3602
1960
2185
2295
1558
2074
1729
2714
3196
3946
647
3827
2416
1655
3707
694
2059
3252
3085
2694
573
2248
525
1091
1965
1413
2591
3152
87
2690
2795
575
3028
1335
144
2620
792
3893
1241
3315
20
1376
2791
415
891
1131
3693
3375
1666
3662
283
1495
2785
3781
2898
1553
3606
1192
503
2894
1160
3426
3875
189
1897
497
1078
3317
3669
1626
2795
1315
1655
806
295
2411
971
316
2731
3421
3998
732
1193
1590
1233
3606
3860
752
2557
2213
1584
2727
1552
395
2696
392
1173
201
1950
792
178
3771
2557
1726
1099
143
2346
2510
2116
1952
1465
3123
1699
403
3196
280
2452
2317
3158
852
2438
655
2350
1744
723
1935
3551
2069
797
756
2988
3159
243
654
2097
2712
2003
3727
500
3034
265
2410
3258
1701
502
358
3831
3793
268
1247
413
3025
2837
122
2869
316
595
1667
3980
3737
1315
3493
2692
2598
1371
3749
1580
261
1362
1019
74
3908
3103
2637
2068
839
633
1610
2078
52
861
736
1837
3323
3566
1915
746
2112
1079
2299
3187
1799
3116
1392
139
634
463
2997
402
1594
1038
198
1231
3775
3401
1983
2985
718
2865
3442
3509
1750
3372
2693
10
1031
3957
166
2896
3600
577
2059
3223
2931
3804
3626
3492
519
2898
1778
870
1737
2985
1541
199
801
747
754
3038
1420
2082
3539
1601
1675
2332
3744
87
263
303
3917
2827
3423
3445
1703
3101
2033
120
903
1459
2785
1193
3984
1325
3784
2953
1707
2774
1915
2539
3548
3254
3671
305
1120
3621
1414
1650
2917
1657
753
926
1255
3008
3267
2680
1571
3433
661
1058
25
1181
3547
2583
3587
75
1482
1905
1580
2657
3972
522
3183
2039
3874
416
3725
2213
1596
306
3082
1492
1880
2695
3653
3442
1997
1070
3794
2239
1267
831
2070
1317
2442
2881
1471
1828
1987
3909
413
3371
2766
2255
2944
867
1313
52
1487
2373
2337
63
450
2892
3184
686
1917
2277
3892
762
1738
931
2624
436
3314
1199
1441
906
2647
3644
1415
1736
3889
2072
3374
3996
3075
1535
2600
306
2105
362
1928
2782
3137
1925
1422
3768
931
734
2026
3648
3645
1688
3407
1187
2016
2943
3765
2135
1089
1622
2794
2240
2493
1293
1175
981
1932
3375
2507
3068
480
471
3494
914
3898
2850
2916
2983
105
1247
1028
1574
929
1379
3315
2738
532
2234
730
683
3055
632
1281
3312
372
813
2206
2079
207
2838
1470
1304
1175
3504
3663
1727
1219
1960
2344
2432
998
3342
3829
3245
2088
3336
1538
1763
2115
2403
579
1803
1815
3844
959
508
1226
1116
887
413
2880
1178
2646
2664
594
282
1078
2475
1870
731
460
968
2507
3183
18
731
903
139
2736
2204
448
126
902
2362
2027
1887
3959
3016
3860
2494
1205
2836
466
1661
230
3570
2342
1560
2224
1047
880
2559
966
609
3950
1924
655
1716
146
975
975
2399
3167
3248
436
2781
928
2988
927
2936
2757
568
2573
2664
827
1828
3330
2744
646
1102
1681
1705
1917
695
3369
1073
771
3155
447
1115
2045
2586
116
1426
2005
443
3524
120
2954
3088
1931
3792
3858
1805
659
1148
2733
2930
158
864
615
3040
1804
165
3433
1416
1226
3258
3773
63
2167
1621
3900
2670
148
215
2549
197
776
2510
221
3056
1293
2228
174
1217
1370
84
3646
2413
14
2605
1852
979
3318
1295
2984
1206
27
610
2640
1708
2187
2661
1635
1232
450
3284
3700
1266
1204
3683
2317
1998
2650
712
845
1593
3575
341
3136
3223
294
1506
313
682
3202
873
3438
357
337
1675
3920
1375
3662
3120
1798
387
1234
3596
2149
324
2462
957
430
2606
1447
240
740
664
2974
2115
3336
981
1051
3941
1171
3913
2086
3610
879
345
3297
411
3762
1307
1077
2234
3609
813
2040
2978
2909
2177
2648
605
3380
374
1543
400
2790
3458
1058
33
1866
3403
3167
2841
3805
2101
1523
2980
1343
3861
190
3700
650
2596
1140
2950
2991
3248
1224
732
1807
1612
1175
3049
3858
1192
910
268
3336
2587
1112
116
1658
2748
3624
2881
3916
209
1600
2859
2545
1086
1084
3900
3947
3103
2334
3000
414
3697
3799
1789
143
1226
3086
613
2814
3049
1904
1480
2333
2664
3060
639
3148
526
2953
2723
1875
193
1599
2036
1499
3448
1775
2486
201
751
232
3253
3768
1332
2263
1897
1906
670
1714
20
42
1181
3457
840
1977
3116
3113
1799
3252
2755
2966
2818
2566
2793
1701
1570
1359
1735
3212
1669
89
2040
3462
2368
2834
444
30
1636
2443
2444
3159
3003
2572
2727
1013
1233
2417
2315
2988
1039
1286
3008
1380
3810
986
3022
1157
218
3331
1807
3461
1231
174
2526
3915
382
3360
46
2655
3346
751
3000
3920
125
2902
2605
2273
3237
2489
458
1201
1884
149
489
357
3911
1794
1043
1845
576
2281
3379
2864
1911
2364
742
2188
947
22
2927
2254
1014
3921
2983
3762
1759
445
3825
1976
3401
1411
3979
3819
209
3159
353
3951
2517
2643
1692
422
3767
470
2520
3839
3777
3480
211
2557
3202
72
704
1023
3766
741
1948
3505
1700
1525
1624
2958
3106
325
2388
591
243
606
717
3573
2448
2272
3982
1743
964
510
738
2472
3280
2870
2313
2609
3600
554
3880
2054
3381
1568
2107
1568
1937
2706
1798
3543
434
3859
2153
1585
357
3039
497
139
3484
3550
1707
3810
1450
2805
2612
3230
1866
3784
3245
2045
3360
1040
234
440
471
3701
3848
2740
3466
3144
2494
1447
3102
1888
1005
3204
2956
1903
3345
1413
1469
1760
634
3284
2350
3983
1908
3094
2802
3748
2881
1428
2583
1582
2441
840
1152
1624
1800
992
1554
3435
1509
2130
523
960
3651
2365
492
320
1361
23
3063
1370
2780
1944
3475
3680
452
1058
2860
798
3979
2476
1176
1239
3818
3817
1556
2046
446
2170
461
3151
800
2253
3739
872
3794
3695
3112
999
1012
1621
1358
33
3639
3235
3485
91
1385
1880
92
3657
3631
1686
424
417
2577
1809
2136
2267
3694
2836
1088
743
1680
1930
852
3371
251
3951
1380
2744
2015
660
1606
2952
1197
233
2834
2230
3527
1418
3526
1081
111
2345
682
1886
1377
2804
622
290
2813
1826
1007
137
3004
1503
1144
2238
1156
3345
37
455
3478
2183
3939
1315
485
2045
3764
355
2465
110
14
1251
2225
3991
3235
1156
3040
1892
3835
2855
2094
3129
3549
2279
3430
287
2221
2452
1904
1609
2479
3368
765
1954
73
3911
2272
116
2631
760
3708
2391
3224
218
1208
3061
1334
3397
496
3702
3811
2271
997
1357
334
1143
3508
3006
85
609
3
1450
3333
1614
2456
1177
892
1863
3652
3778
112
2727
3965
3898
3560
3699
1257
2550
3176
86
3382
1535
3114
1981
2726
3250
3208
2219
1256
1392
1526
3130
3202
3209
3883
2671
3786
1440
257
88
3476
410
3602
2437
2373
2025
226
1793
2023
720
3932
427
2965
2546
1652
597
470
123
1612
3224
966
874
1554
3954
1808
1497
1575
3293
2296
1195
3322
3277
2964
2385
3154
2566
3035
3801
683
2232
1846
2228
2071
2840
83
2467
1734
2300
2296
3293
2080
2002
1044
3134
2447
1085
177
3983
730
878
1382
335
1100
3547
1065
3675
436
606
1378
3583
3429
2445
2490
89
509
1361
2354
838
1570
3941
1840
3851
3048
525
1876
354
3024
2160
265
31
523
2900
2872
1726
1052
3669
1558
1003
1691
641
61
3950
405
1075
2968
3921
2865
3978
631
367
3725
3461
1411
1658
1895
445
1579
969
2105
735
125
317
859
3652
3153
2254
2156
1615
3391
1142
2539
2307
2001
1242
1439
2558
3218
3857
663
3062
3910
2802
3660
2063
1235
1502
3202
1558
477
1223
2093
893
3632
2652
1649
594
2678
3986
2721
2686
3464
3568
1385
3928
3297
3831
1127
1635
1583
620
3060
1259
3234
3396
1217
3351
2663
2955
2044
651
1678
3888
978
3646
3046
433
3854
1298
2667
2974
2432
1301
2998
556
3353
3411
3155
1273
818
1846
720
87
332
1595
305
1304
1266
2930
2784
3156
3450
1266
2401
3257
3627
3990
1860
3407
2169
824
2836
2886
203
617
2348
3231
2014
266
3593
885
2562
202
27
2022
2594
2460
725
97
3873
1203
324
3054
2080
1949
220
1524
3036
3642
3533
11
180
2872
916
3679
3912
269
463
573
3644
2319
2153
1213
636
3731
1907
3052
59
1504
3123
3861
3988
2159
1174
2700
1233
3074
2753
2391
2281
3262
2053
1913
3747
422
1425
2043
1817
181
3969
3801
2681
504
1556
231
2213
2662
1724
766
506
764
2799
2696
3949
2425
250
3171
785
2387
2164
2293
2774
3637
3088
1292
2635
1206
3405
3600
3044
2966
3016
2184
886
215
3089
3110
2655
3478
315
1456
771
2948
428
1452
3378
1126
2068
487
1637
1125
283
962
2406
3539
1427
1273
2351
3259
2957
2161
3979
3811
743
1278
890
2273
451
2030
1136
2615
3346
2166
988
2700
3631
1878
3909
1417
1161
1451
144
2028
2648
914
223
76
2193
1684
1780
2955
724
2738
1972
2833
1155
3182
2726
2698
2029
1683
2298
1214
3720
2147
3878
2920
1020
1403
2476
3062
2972
1252
120
3453
1648
505
3460
3701
1998
3376
3486
2872
3592
3623
2946
1619
2622
173
641
1254
2836
3626
2595
3678
1758
1323
3176
3820
759
622
1546
1282
18
518
1054
1033
583
3788
2170
3490
1391
3874
1808
2391
3339
325
3256
1661
1438
110
3948
3753
2268
2693
3597
1292
2426
3108
740
3148
1828
1315
34
3104
2285
2596
2024
1447
1761
61
323
2022
1367
3934
2223
2236
1026
3998
3228
2852
295
1223
270
1479
584
3898
350
475
3999
1280
1022
1756
166
1038
1882
580
1715
532
3002
1482
578
1986
2980
1109
1290
3671
2142
924
465
3016
3281
3163
2331
1610
1065
2611
3102
3868
2808
671
2225
403
3771
783
3747
3779
117
2915
2343
2023
1015
2854
1517
2446
993
900
524
2658
2146
2921
2236
3158
218
2039
1184
2475
3777
1123
512
1823
1377
653
2996
3123
670
667
2877
1783
3766
49
46
1620
1956
1870
3655
3509
2238
3942
418
2643
3838
3415
1030
3292
2685
267
3417
3135
2747
1546
3507
3799
124
216
749
3346
1388
946
504
3068
259
1152
2186
1005
2180
2008
1268
843
3327
975
815
829
726
3036
3892
1902
1021
3915
362
3642
1435
635
698
3000
2445
405
2783
3844
1097
2825
2682
3080
191
935
1922
3462
572
2518
3351
2693
2568
3220
1047
1429
656
235
1194
416
1470
2156
472
240
2948
907
27
2103
759
2903
1903
1502
1752
2068
3973
1198
3598
2263
1943
789
1935
765
2134
1845
2558
2856
2271
3535
1037
568
3340
1607
3012
3746
1894
2196
2938
1295
408
3686
2304
1715
31
3924
957
295
2910
546
1172
1190
750
3435
258
833
3667
401
3683
3648
1577
2206
340
1046
1725
2901
1139
3391
504
3002
1154
3097
2390
27
2251
1180
3445
3450
3421
3670
2857
2680
2037
1831
2604
639
600
3159
2003
460
3964
2351
2748
1175
839
3739
2018
2432
143
2073
2867
600
2656
574
2937
201
3036
998
2389
771
2460
3637
1514
1444
2837
3983
3541
835
1206
2897
282
1498
974
1674
3833
173
458
2329
640
3163
924
420
1946
3488
2039
370
869
900
3255
3110
897
1956
2685
3640
2532
3355
312
2257
1291
3820
1183
2851
3147
495
2811
964
1030
822
1634
2629
3320
1274
3326
3219
2449
2343
3084
1224
3837
2432
1119
527
1599
2129
741
3059
3772
1040
130
770
2100
3790
3928
1251
3979
1919
3144
561
677
196
562
755
1809
49
569
282
220
3168
1186
2390
2310
210
3130
2613
946
2205
983
1017
2262
726
3095
757
1907
2364
133
324
2974
927
1786
358
3549
1547
2527
311
301
3669
3857
558
2912
2176
734
3407
868
2124
3659
2893
606
989
3096
0
1910
3267
2075
574
1612
2955
3817
1018
744
1729
979
2838
3727
1408
205
1125
1426
2968
618
2242
2112
3035
2915
454
1787
2468
3510
970
232
1156
2059
506
512
970
658
2386
3524
3471
2536
3096
1005
2459
3929
2325
609
3607
2399
1937
1249
1808
680
138
2400
2084
3062
3601
879
2797
3871
257
851
2823
2645
1757
215
320
3008
2884
3421
1307
2855
2100
3952
2848
2446
3896
2198
1796
3866
3567
3137
1648
3727
3259
1156
1201
3482
2978
99
2875
1354
293
227
1594
3321
2139
576
2743
969
457
1566
2212
106
1440
3447
2180
2488
371
2578
3002
993
1811
277
620
3043
3785
3889
3699
2772
1967
284
2562
3131
3691
3548
3377
3388
3593
479
2437
3314
2516
2024
1661
1652
3825
2756
2396
3290
856
3738
2510
1848
3760
576
3032
1481
3910
2186
3297
3431
490
190
1655
2103
3558
2435
255
1410
2907
888
2013
1533
90
2017
1051
906
891
1755
3834
2615
3966
3697
2483
2212
3484
359
2313
1123
648
1076
3981
3384
2728
2828
332
2752
1898
2811
313
2637
1189
3758
371
2831
3277
1324
2290
2031
2738
2338
596
3957
1750
3451
30
1385
201
430
625
470
2275
3249
1195
1323
2589
3532
3895
1499
1548
3912
2866
1380
3899
359
1691
2252
804
77
3318
104
3914
923
1948
567
2550
2684
1475
1386
172
1753
1926
263
2026
455
625
1603
3005
480
939
1740
31
1807
3295
3305
1521
3173
649
3769
3952
616
2618
3128
599
2123
2536
2368
562
3961
3957
2060
3898
2443
3803
3640
2737
217
3825
3204
2172
13
412
1271
2712
1939
3988
448
3514
3916
3697
3096
135
898
1715
580
1997
2326
395
3702
3964
725
1130
3442
2917
265
2755
1774
3789
2796
159
2707
3725
3831
1278
3457
1290
2296
1349
1454
3244
546
2216
1231
253
2206
660
3919
2112
3968
1657
2428
2827
500
2995
2977
1570
3255
2389
3246
2993
290
3473
2516
1862
3201
5
1132
1929
1603
581
407
1017
1673
2656
544
1573
417
3154
94
1251
1132
1639
1974
272
1307
1255
2941
1765
1145
3970
2298
3378
1986
1176
3210
986
2001
1957
253
3210
22
168
1118
695
679
1871
1713
3571
2861
897
1492
748
2431
3335
1799
3905
3501
1272
1064
1410
1747
1087
3672
1027
1133
779
89
3708
2057
1555
3577
1600
3703
2372
840
3576
2526
1544
1316
1884
3208
3797
886
2221
2622
2415
1749
370
2030
3899
777
3628
2120
673
1482
56
1384
1308
1255
1025
622
1858
3490
736
3722
11
376
2097
3218
3680
2047
1107
2422
1537
1640
1947
3850
82
707
53
2562
1091
1826
217
477
1883
3862
998
792
2752
821
2494
1315
454
413
1885
3569
1490
3251
2454
3369
3913
1700
876
2553
409
205
715
2474
2212
1365
2337
2862
2213
2391
476
2870
3585
2814
2080
1440
1227
3210
229
622
1715
815
2443
1042
1420
3292
91
2757
344
3129
92
2615
3859
713
2063
1728
473
2831
1223
3573
3189
2061
1576
3671
1703
2312
2395
69
1456
903
1611
81
1469
442
2207
3024
3470
1976
3412
651
546
1216
310
3763
3585
1729
28
209
69
2293
3517
827
3398
648
1362
1539
1633
2775
778
330
2852
595
164
273
2744
356
1324
3024
2700
2762
3061
415
3386
1631
1743
2193
3416
2041
2790
3745
765
2635
2903
389
2605
1739
1871
831
643
1678
1281
1203
3739
2319
2788
2034
1113
47
3431
436
2361
23
722
3173
2676
3545
2074
2422
2923
3796
3712
2004
883
53
2696
438
798
3163
209
2383
3458
3251
3189
932
3176
3682
2110
3800
1459
3009
2947
3842
1706
1794
3838
928
2340
2609
1420
3333
2735
2902
1696
3565
2941
3031
2500
2482
1356
2299
2637
1495
3344
297
3737
1473
3040
1550
1896
3494
3865
2813
2836
3805
3443
1456
3855
3573
2110
3533
1976
130
1368
3717
1625
3954
3790
1558
704
2557
2668
1359
951
1403
3587
1107
1378
2703
1590
3415
981
65
2113
2918
655
3818
1255
3717
2967
1352
2871
1744
2642
2481
2457
1826
1310
1669
1914
2644
1711
3260
242
1405
291
2078
3854
1911
2691
1361
703
2946
3800
2509
1183
2882
2120
2988
2971
3524
3916
1085
865
2654
1743
2679
2919
2643
2053
1771
533
3606
421
1714
3153
1382
2437
869
2949
3832
2896
3884
3887
2483
3559
3246
645
2292
2257
2983
1090
3985
1120
919
1330
2363
3426
3639
3510
3388
2880
391
692
2240
855
3427
2046
2609
3824
692
829
1370
1310
674
3610
557
2932
39
840
3103
3840
1663
18
2161
2152
1660
3229
3018
1696
1974
2201
1472
3108
3167
2377
2646
856
1972
3821
1215
2810
1487
2632
3873
3809
729
819
2004
2708
1694
701
649
3401
2265
3005
3624
3480
622
1046
913
1532
790
3717
3332
2342
821
458
765
349
3719
3761
1687
1302
281
3164
881
2123
3829
367
621
2427
3221
2359
213
2655
2328
1335
185
3268
3954
2161
3123
458
2973
238
364
1624
1966
2058
151
25
2883
2815
3770
2935
632
684
814
146
952
1569
3484
1789
432
2346
3111
438
2528
2038
40
1856
3595
3874
1108
1567
2542
3207
3547
1199
2477
3805
3465
1697
2313
1962
1775
2322
206
3020
1884
586
1800
1598
3684
3822
1781
2634
451
3587
1846
427
379
1408
1759
1182
1688
2862
3438
1253
2581
2015
3480
55
2200
2503
831
3272
1240
2844
1151
3120
2943
2406
1832
730
1674
226
3846
3915
1229
2329
636
2829
2163
2776
3824
1496
2627
2060
1439
1084
3007
1723
1329
1100
3878
194
3623
2858
2585
3751
1553
