117
1324
2894
1299
1138
1058
1965
2946
1041
1795
655
2304
1755
2076
2879
2455
634
2825
1844
543
3
1206
2426
1293
1537
1566
673
2669
1407
1648
1372
283
1778
290
2001
330
89
1934
2768
1695
170
1985
617
2296
1154
2930
518
2614
696
2472
2554
882
942
596
2797
892
2237
309
2742
2822
1364
1274
996
2991
2374
858
648
43
2621
511
1298
2632
1182
2017
2614
411
547
295
971
2521
238
1713
704
1274
2313
1993
1619
1039
1223
191
344
1148
2374
2427
2058
553
108
166
953
362
259
2961
1920
1174
2491
2991
2473
1837
394
2967
1952
763
2858
1697
2177
129
2647
513
686
1682
1211
2849
1153
1235
2048
1433
714
308
1746
922
102
323
1822
65
1517
2152
2507
447
2926
1666
948
44
1745
2136
2958
2203
2056
2453
364
2105
2459
2258
941
1455
927
2503
1903
2752
2458
957
1058
1148
197
2874
1299
2802
446
2199
843
268
769
190
1652
1252
2987
445
1208
1645
1395
1872
1013
44
1622
1659
1025
365
981
340
2454
226
788
1423
90
1462
2689
2947
2605
1096
671
994
1088
1883
1719
630
2751
1514
2082
1110
2018
913
365
2856
646
1382
1130
648
1226
383
351
2287
1857
557
1077
1607
20
2557
302
978
1505
1536
2372
1771
1036
104
2619
1636
112
1075
1146
2406
1705
2636
635
2455
209
1860
12
2646
2742
1688
2329
2386
2845
228
1560
680
2901
85
313
2163
1290
1468
1496
1662
2668
487
2232
1005
795
2097
2046
2034
2266
2634
1959
1123
2093
177
1247
904
2632
2733
1143
2642
1669
1659
482
159
1161
618
2788
2514
2396
2722
2024
1336
764
219
1796
517
1653
1530
1083
2741
2591
1302
1279
2351
2203
2377
2160
587
2067
578
1366
2883
1229
1519
943
1520
1460
2207
653
2836
1596
1590
1639
1268
616
177
1858
1505
2265
1561
540
1444
301
2270
157
2550
905
128
483
226
732
1122
1056
2786
562
611
2898
646
1018
1297
2655
851
2533
1138
1650
1079
435
2973
1767
1563
1020
2747
1990
1402
1199
2740
1135
1350
1563
2283
931
2450
279
2723
2339
9
2512
2163
992
2413
407
1828
862
2772
204
140
2669
1573
563
355
2501
2272
1009
267
2173
1724
867
1277
776
2314
923
1685
2510
1902
2753
2591
362
2622
2874
2395
1469
2810
1999
764
414
851
412
439
2299
121
1555
1303
505
1653
476
1317
277
205
2468
1700
2165
1598
296
1627
2917
1027
1844
1987
745
563
2852
544
2396
1601
581
1205
691
725
113
1712
826
1288
1886
2532
1272
1164
2954
461
1089
2626
693
2479
2376
29
1507
647
2391
2692
693
491
2357
285
2802
109
26
1061
1095
2642
2202
92
2216
1425
963
1389
425
47
2405
2019
2263
992
2198
1974
1220
1456
2415
309
2826
1703
462
2254
2407
1234
1520
81
1289
2910
1875
2610
1015
1856
1421
2541
788
2304
1853
2756
2577
2932
492
1404
2365
2729
1767
2758
2059
388
1996
2745
2441
2974
111
1124
2776
2582
1072
1585
2965
368
474
278
1619
2179
226
1765
722
1177
1930
1939
304
1359
625
597
258
2292
65
1670
16
1687
2685
2165
2770
321
1821
891
347
2697
1679
1323
2281
2590
252
2410
1893
2007
2052
46
2693
2438
2574
1787
491
540
1209
280
1082
1110
216
1689
2277
732
2581
141
2932
1746
2381
759
1459
96
1715
1130
209
980
2084
1349
330
1903
55
662
2281
1789
1047
298
2278
1318
118
1939
1728
2081
943
1947
2743
1113
2528
2317
2976
1623
2659
2371
2590
734
391
209
849
62
2328
1160
718
2065
1759
2607
1851
1289
2199
692
1749
2578
1558
2977
136
2316
3
1089
914
360
2834
1937
692
91
346
1011
646
601
1856
1478
2398
473
2113
1098
53
2503
2297
663
1310
2799
1659
373
652
2348
1211
1093
1511
1888
2496
575
2458
2502
2496
13
180
2179
2271
1836
1576
267
144
1483
2948
352
1126
2892
2507
2941
1023
2600
1263
1865
2774
2351
2047
791
331
853
1688
1083
329
128
2859
1646
1821
917
2227
2082
2974
2538
2577
2353
2684
262
1702
831
1809
589
2980
2249
951
1784
1281
221
1341
1849
2945
2769
50
396
1127
415
2100
1056
392
2774
2612
1909
1869
1516
2962
336
1019
1063
2177
2530
728
811
183
1271
779
413
2148
449
697
1263
1964
837
1752
1284
1698
2045
1001
619
1474
2789
2071
2464
995
2217
215
189
472
2995
2219
1577
970
1051
1254
1663
1204
2398
1758
2167
378
2841
145
1025
606
1983
750
37
408
1118
2554
1688
2162
1984
2267
649
1093
1277
2116
1442
852
278
981
2050
1291
748
2430
2799
2379
1967
1168
2152
157
1859
168
425
1088
2484
2929
1680
241
922
1260
2964
102
2327
1063
2117
2279
822
736
1838
2617
2782
276
2639
1552
291
2217
2407
2465
574
324
2279
2713
2082
2503
1178
221
1888
1907
2712
1960
845
1206
682
2466
782
232
168
2699
1958
912
2813
2020
94
2462
2724
2101
659
2885
2996
2049
486
639
727
2363
492
1556
224
1259
806
2201
1195
2264
2507
2721
1022
2476
2880
2587
837
2319
1674
2591
1148
1288
1683
1814
1861
1879
2760
261
217
992
2787
1109
1843
1013
1972
795
648
740
730
2591
339
2207
1888
1779
2053
2318
2826
602
2105
517
2166
1530
974
83
2576
2007
581
2561
102
1766
2090
642
1714
2283
2992
565
2566
2375
2045
652
2681
121
1621
2361
1816
2000
1746
2644
1984
530
2192
1683
351
2124
719
2623
898
679
865
1510
1625
1563
804
594
527
811
2826
550
646
700
1387
1936
2903
259
124
984
2486
466
129
1707
476
319
782
2660
439
34
2643
624
364
1760
1518
148
701
728
1378
1654
573
354
1324
852
1407
2151
335
2820
447
41
462
2778
696
103
1046
1831
2117
1781
1814
1948
1051
2886
2087
1723
1635
7
2565
2534
422
2706
792
2631
2017
2307
1668
483
2519
1451
2043
220
750
2262
1053
1153
457
971
2926
2580
1613
2160
542
2760
2560
2407
534
540
2459
897
1917
625
760
2781
330
2108
1390
532
2300
32
633
613
2069
2139
1263
1064
2502
2867
1102
1193
100
1093
288
3
576
770
2040
2287
684
343
1487
176
2280
1951
887
1555
1037
2143
289
1608
1233
1221
921
55
2825
2190
1503
2618
37
1987
809
1141
316
2231
2139
1436
2497
2784
2625
650
1173
647
1179
1265
988
582
791
1490
2204
373
837
1794
1823
792
1419
360
425
1297
1321
2743
1469
277
2695
2436
379
2886
2754
326
1084
2037
1461
1964
1526
1713
436
775
2954
912
1812
2574
451
1873
1519
2056
2745
2676
1579
194
387
1927
1538
2092
1852
45
2972
2626
1460
397
2160
316
1775
469
1258
1378
938
2496
1502
2880
1025
1667
1530
1346
1542
1408
962
2900
205
2421
1853
1873
771
1157
1445
150
2372
1928
892
537
891
193
2242
1587
204
1932
1658
2376
1997
2458
2708
39
100
282
2406
1578
1202
1686
1035
1988
1509
2095
669
2857
1171
22
1135
855
2170
376
1891
1567
2444
773
195
0
384
662
2387
1040
644
864
899
391
2462
2481
2050
83
2314
1814
2709
1738
2710
87
1496
1951
2809
2183
1771
1452
337
1731
166
288
628
327
1679
2501
911
2799
520
1696
306
841
2118
342
2484
2293
619
2344
66
949
2125
819
1075
439
888
2719
1464
1692
262
1089
319
812
1023
30
2710
1336
2827
1271
748
116
2340
1100
2571
1743
849
2214
1122
2568
949
2166
479
199
1479
1283
1106
2733
1090
547
1156
2072
2172
1810
126
927
91
2752
2686
1175
947
482
2692
2736
917
471
500
855
170
2157
1548
984
1629
311
692
2775
2814
2230
493
2148
266
2410
2322
1041
1864
354
2435
2104
359
39
1105
982
914
2498
1636
415
2502
2317
2119
1948
2746
1061
1981
1024
2237
938
1061
50
1118
120
2441
2183
60
789
1549
352
2758
1479
1850
444
2829
2697
1538
178
837
2930
1933
277
818
1395
2746
2459
48
2323
1082
444
2042
1129
887
1396
548
668
1946
2637
2421
954
1641
1236
2707
2492
1399
1397
2194
1770
1373
2022
240
1248
1574
2294
1767
868
2305
1640
694
843
359
480
2049
1984
2836
688
2604
1928
11
2863
991
988
594
2895
2187
2124
549
409
2699
957
2326
47
573
1535
1026
2870
1664
197
1470
1271
1240
1585
952
664
2260
2939
1706
1763
1209
414
2770
2186
599
1520
1661
6
905
1452
1513
779
2330
1302
2202
1297
1251
1634
1308
2338
193
2393
1351
699
883
1841
449
424
705
2807
2877
1553
1264
1772
1777
779
242
2970
1269
1636
2930
1801
847
1519
189
1330
1260
624
2652
2078
449
1388
2006
1484
511
1384
946
575
653
253
1098
640
1807
397
508
316
1677
2261
1346
732
2270
1342
1585
1917
1267
2337
2718
804
1480
607
2004
1288
2277
178
2923
291
307
1180
106
78
1625
122
197
313
118
1980
2633
876
985
12
2124
2828
973
264
1811
1501
648
1542
707
1584
2786
2123
1536
2978
1891
1367
244
449
2437
2705
1935
636
321
1171
2676
638
2117
2681
2877
1918
2243
1388
77
2950
221
117
1291
1525
892
2776
726
2755
1167
1535
2260
1881
2360
1015
549
3
1755
515
2828
203
913
2700
1589
1899
2377
722
97
2623
877
1225
2471
2972
1018
2410
1102
1553
2617
2157
5
609
2458
0
1915
2153
857
1399
2202
1356
1825
1424
717
2281
1652
2969
2219
749
1772
2313
1100
1075
604
487
2272
405
1312
1555
1423
1797
835
2407
371
2844
2024
2114
953
1038
1424
1641
1975
313
2961
1386
407
2504
2415
246
1457
992
796
1194
2032
862
2428
1387
1746
2706
508
2923
475
1637
1400
1228
2163
2458
1987
1248
2627
2036
369
195
40
2956
2449
1526
2638
1781
1142
296
2117
1079
1741
1234
2969
1907
1824
1928
1875
1249
2841
2487
1109
596
2962
1887
2107
1479
1417
823
1525
919
1642
1080
2953
2972
1460
2799
2645
2556
1957
2778
2874
2790
2633
2173
452
1488
2582
993
438
1798
539
2179
330
2120
231
173
1134
926
229
1619
450
2138
1293
2859
2246
2154
686
2554
521
2857
2832
1663
204
2626
750
911
1388
2592
1768
732
1254
1572
495
594
581
931
737
1680
832
2859
1468
319
1807
307
519
195
419
1772
2324
1138
941
2416
2338
397
1430
326
231
1459
1150
2462
2467
2021
2993
2535
15
1769
1683
546
2732
110
308
1059
2065
2096
2087
12
676
73
2484
2006
233
885
1934
741
2720
832
2990
158
1737
2326
1910
136
1883
2166
538
1972
89
2132
1816
1130
6
1081
1792
905
328
2778
1287
1779
2335
858
2854
291
281
1717
2311
2148
94
554
2935
1095
1686
1563
2759
1272
155
2972
1388
2878
25
102
2447
741
937
1999
1831
18
1613
2704
242
402
78
835
1651
1095
1329
262
957
392
984
2640
2469
588
540
599
2365
699
1656
412
1693
2345
1529
2052
436
2928
2658
1043
2877
2857
2261
1631
709
2206
395
2566
2792
2191
748
2702
2963
2727
2689
2911
1668
2938
534
2438
61
2829
1350
713
2184
1522
1775
2562
2605
823
269
322
1638
1898
1178
2043
83
2083
2499
881
1953
2766
1710
358
678
2683
1215
2682
1176
668
2585
2644
1171
2490
521
575
337
1692
2423
2499
475
1118
230
22
998
1434
1339
1791
1921
2749
2594
895
1659
384
531
493
2897
2506
2748
245
197
2142
56
284
1882
2406
2973
2634
28
396
1443
1932
1372
545
2792
2092
1353
1932
105
1328
1674
2784
939
2901
2496
1674
1192
77
2433
2494
220
2196
2759
2189
1343
2362
1839
2909
189
2998
1989
1373
1625
1216
804
2755
89
2441
2091
2853
1050
970
1299
944
2195
2293
1510
2272
2336
2771
306
644
2309
2379
866
2501
2378
564
1925
1299
2430
255
2775
1788
1340
28
438
74
1315
608
2800
432
2081
752
2784
1201
39
2068
423
2196
1559
235
775
1368
2977
270
2274
2560
2246
2188
2401
1732
2676
34
2760
1036
1456
1756
1423
1632
162
957
492
2513
1170
1263
12
1758
224
2951
1984
724
937
696
2644
638
998
554
27
292
310
935
542
1051
2563
2034
2875
1665
1938
2948
2354
1155
1108
2044
315
405
2578
2290
1787
2093
2869
1849
438
1452
27
2447
1646
2082
2014
1322
1633
829
2918
992
801
1910
815
1131
2084
456
997
2415
1716
125
651
2745
2705
487
2196
1759
786
2968
416
2534
875
743
864
1891
561
2984
1749
2
2464
54
1915
28
2581
1831
2555
2729
2312
388
2453
2282
896
771
244
1673
1195
2436
1628
2351
1541
828
1695
2002
69
833
436
2633
2360
2587
2241
950
261
1675
319
2911
2847
395
100
2240
1225
586
2719
968
2859
1322
283
294
603
143
1038
2537
183
926
1788
2113
1311
2615
2748
1061
2439
2177
212
26
2394
2553
1872
2612
2794
886
1294
2980
1812
92
101
2487
1689
428
1436
1990
182
1420
87
2351
1869
2952
2347
1504
1660
2964
1763
675
60
2588
2995
2762
1180
2723
450
672
1667
2357
1437
322
1533
2569
493
1784
253
2102
1146
2812
664
696
1986
454
186
1519
1002
1129
1386
509
1237
798
2504
202
2834
2755
359
622
583
1551
806
450
460
1612
2672
1283
211
514
1979
339
1899
1996
982
2974
1643
129
611
2199
2107
2434
1516
997
2079
1147
1521
2069
2213
2999
2736
301
965
2596
1542
1233
752
520
1025
2614
1569
2031
1808
1497
2121
2250
1058
2011
2871
374
115
1060
1875
1502
2933
48
1707
1781
539
2466
2495
452
465
308
1295
436
2399
1608
2413
2681
732
1446
1189
820
496
947
1313
2611
1329
1642
792
166
2879
946
846
1073
2419
2747
127
2153
2330
2397
885
477
2559
1280
1762
2155
886
1074
1215
1011
1982
184
1346
1612
2206
1188
1590
833
1112
1383
204
1072
634
68
2920
359
273
2081
1759
299
520
2002
1179
1038
2743
2236
2385
1724
607
2147
754
195
377
1360
925
468
1398
114
1214
1778
1625
2775
2135
2006
1633
48
1844
2908
1547
2519
1925
126
372
269
709
796
2523
956
2768
740
1613
2062
489
2835
1882
1697
1120
2256
653
2743
939
905
2050
2758
1820
645
1135
744
1912
1029
1861
2432
2807
1735
1752
1874
1671
929
561
1229
1715
2191
2413
129
2737
153
1446
1583
2577
1499
1551
2225
2186
1298
237
2326
766
1112
169
410
1406
2261
2106
656
104
1594
2376
2397
2180
699
363
1419
239
1400
2530
1142
1902
2679
1887
2238
2444
1218
2671
178
198
1393
1456
2389
2884
2180
1275
1168
2314
296
512
2844
1997
1507
2433
2018
49
2084
2463
1553
38
2244
1184
2322
956
331
1595
1699
1043
2729
2058
2319
965
2810
549
1495
2455
1117
2408
1111
794
465
1242
2007
632
1157
1934
2516
2250
2514
975
1955
2543
2486
229
2257
2398
2536
596
1090
2988
252
267
2244
1369
370
1778
1591
2069
807
1532
1595
1080
1159
172
1910
615
1724
1212
2769
2619
2320
105
1005
1475
1204
2146
1311
2985
1739
1736
2118
34
830
1007
1197
1567
156
1497
1345
1209
2685
1316
1336
2729
2971
2738
188
1446
318
1919
1363
2303
986
1160
836
1576
2160
1014
2152
2825
902
57
2859
786
2483
361
294
187
339
912
514
2631
2075
1924
242
2489
618
2720
1429
239
2717
930
2119
931
2125
1919
2284
497
86
1523
2632
2538
1447
629
2950
2958
305
1830
1730
1809
1829
1090
333
868
751
1319
2029
2148
1697
1394
574
2584
2045
2570
1153
691
187
1628
368
1610
1211
261
1843
2600
2424
1998
2290
1916
210
1081
95
564
1085
698
1366
2811
891
2737
1349
2774
2259
1212
2978
2324
2052
106
478
1075
258
1226
956
2880
2171
705
1525
2582
1055
2794
2987
880
802
2871
2960
2313
1816
1766
1802
1312
563
544
405
522
364
315
2446
2295
2076
1494
2624
2831
2285
1445
381
2349
2450
874
1593
633
463
1659
2870
1812
543
2196
984
348
376
161
781
2736
2717
1661
1787
2541
2264
2161
2981
118
697
2692
1099
634
2688
720
350
159
1499
405
2133
1317
2348
1279
2646
2222
2506
979
2060
2913
2571
2095
2170
2765
283
2815
2729
2795
915
51
100
2756
1649
637
741
2617
463
1745
811
250
1699
1118
1099
1470
1915
2905
1112
1585
2082
1160
1393
124
1987
2236
1501
1349
2681
2103
357
223
65
949
2510
2429
110
2496
25
856
1958
1059
2353
113
557
1408
1137
1879
750
2693
1527
1849
1033
136
2025
720
1734
2308
1410
1180
2957
2908
2945
1879
2023
1067
1167
1942
2340
1342
1331
2939
682
2
1371
2640
950
1247
2753
334
2003
1470
1632
451
1500
1263
2177
1146
879
2242
518
2436
961
1847
1162
2213
240
1994
2180
2066
2920
2110
