2647
2611
943
731
1767
2317
1995
2592
2882
689
1583
1910
2256
296
1032
2266
105
2754
1666
434
2187
1248
2273
236
859
414
2708
2403
2324
883
1995
2663
1501
1174
1297
1889
1100
1799
1932
2312
888
2839
1849
650
2405
1493
1917
1459
1225
1397
1095
2795
1819
503
81
1103
1531
1746
2189
1342
2636
667
131
2102
2070
302
40
203
1977
1247
971
2467
195
1486
2466
2873
162
2565
1801
2563
62
2103
1066
2746
1077
1998
2536
1143
1770
321
1005
949
992
1328
364
510
936
2406
537
1045
58
2450
748
1437
375
2274
2732
1836
1957
1796
680
368
1173
1954
2633
2125
1302
2842
2235
623
1452
135
1010
1834
331
255
1249
2964
125
1402
1190
1228
1403
1860
1330
1393
2920
2071
76
1921
825
616
1125
1277
2785
2676
2942
37
809
238
1861
149
157
2144
2759
1819
2537
140
1935
2348
1410
1086
1901
1667
953
1040
1041
1437
1994
713
2798
236
2627
323
421
2181
168
1679
2990
2520
2755
1920
939
2828
2664
1664
1752
228
1231
1579
2594
1434
2387
598
2568
1182
1287
363
2655
372
1368
2636
319
231
1166
1714
931
2678
2876
1633
982
1929
542
1385
2272
2527
2378
2052
2793
1976
504
2519
2532
1330
1403
2559
2820
2650
25
665
181
2257
1607
1533
1049
2249
702
1056
763
1730
762
1501
2176
1077
2192
904
1897
932
2839
2303
421
1852
480
2452
1628
2528
568
459
678
107
380
685
2385
2121
2491
1823
2362
2403
1663
1298
1778
1030
1029
2751
1642
1639
2605
375
314
1149
755
1284
1986
2290
171
2344
1900
911
492
2152
1256
1500
587
524
7
745
2336
1446
644
2291
2509
588
540
2342
1699
2684
86
2363
783
955
1990
2231
2530
945
1435
233
158
2413
1648
773
2284
1169
240
2225
1026
882
2186
2435
1961
1246
2100
1981
2925
601
852
2710
2950
2038
706
902
604
2247
2793
2374
1607
1802
1932
1290
2268
2544
2253
1436
2163
378
2801
1534
797
906
1767
2692
1500
2307
231
1172
1794
2774
1647
2890
43
1315
113
2092
2359
144
288
198
1311
1105
2249
2827
969
1252
2607
186
1975
63
2990
1321
1225
289
2041
1216
2035
769
111
1996
2873
879
1160
1998
2470
966
518
39
268
994
1663
1539
2206
1475
1094
464
170
94
377
1449
1194
2509
525
2603
2001
1562
1317
1099
770
2189
2650
41
2708
487
996
974
1163
523
999
2294
2528
1824
1577
2433
192
677
863
196
730
114
1199
2750
1145
1838
2745
2378
2833
1994
799
2305
399
378
347
2608
1425
1795
2295
21
397
2670
127
2594
2086
1023
1587
2668
640
2618
400
475
1381
2675
2055
2101
2344
1120
2557
2297
1622
2277
2417
37
348
2956
2029
1837
364
2799
1436
977
2513
363
2921
2409
2250
1187
2136
2415
1988
1214
2870
2313
1063
1262
2866
866
1698
1670
1023
949
2027
927
1738
2101
455
919
94
1531
1919
2534
623
1020
2107
302
875
814
264
1831
2236
2432
646
1701
819
644
557
1143
582
529
2613
28
458
249
2732
1771
108
499
2585
2215
1665
278
1184
1909
2989
836
2207
692
2000
2990
125
160
1197
41
1202
1403
1948
517
586
1057
2647
2006
1467
2134
1938
209
2101
94
1643
861
505
1392
313
547
970
360
1761
1467
217
56
1132
932
660
1994
1148
2096
2942
2652
829
634
2570
657
1432
1141
2353
712
2267
2874
67
1979
2644
973
2282
14
2348
1965
2745
1394
897
2918
84
1285
779
2613
1554
2624
2088
903
820
165
2978
2934
1961
490
2118
1577
2370
1263
1345
743
1817
1495
2547
2440
695
1982
717
2056
2954
552
2238
801
53
2450
113
1764
1745
959
1082
1891
538
753
880
2758
2948
34
237
872
2348
2077
1055
2437
1067
598
2531
930
2837
323
1720
2497
1600
70
678
2912
1880
1888
1154
1757
439
2651
921
1888
2530
1067
1657
2069
2262
2395
1015
1572
657
640
1499
1183
782
652
625
1767
840
1705
1280
2012
2807
495
1253
79
41
1012
1266
1813
2119
215
2111
2194
1296
865
514
247
2116
641
1275
2947
1510
2755
1800
2617
1828
836
40
1763
1779
2548
1659
971
292
2064
998
1586
1587
747
1621
599
174
2488
1672
2453
2874
247
896
2297
2312
2393
1291
1791
351
170
1794
520
2268
1171
2708
1522
836
376
2444
1452
2626
1028
2462
2292
1811
2911
1087
2400
358
314
2097
725
1362
991
877
1975
1360
2335
2339
1957
1728
2281
2109
2160
207
2020
2827
2856
2685
546
1631
2755
2653
2097
2904
2499
1853
1006
84
603
2221
272
1526
2230
2005
1239
503
2275
55
1639
1376
1721
2612
2813
2830
1923
2715
1860
2118
2969
1851
2084
1152
859
289
768
505
1674
2413
1699
2920
1532
2887
2751
962
2899
1199
1137
608
252
2954
1420
342
95
440
1632
1975
1560
2650
1935
1108
2344
178
260
1491
104
2291
2784
276
292
407
2546
631
1248
630
2890
2241
1178
1420
427
2462
19
1484
1995
600
1995
1360
1416
1733
56
19
528
646
2515
1429
2333
1284
1807
941
1283
1670
1302
1430
416
653
210
2816
279
2744
1741
1599
992
1707
1726
1185
519
2
2113
256
1576
564
481
1127
308
2211
2012
138
1259
303
2987
470
1502
1426
461
927
959
1166
1799
2032
1520
267
2482
717
2404
1493
1432
2181
1486
681
1868
2811
2332
1000
590
324
159
1157
1424
1747
1578
1056
609
1735
2293
2653
2587
2886
2677
1694
1938
883
1553
2229
931
490
323
2774
1006
1005
1953
1985
1730
2759
920
1557
380
1485
2212
280
1876
1357
2198
1435
1356
422
995
1722
1285
2111
1972
1602
2095
35
1607
1986
357
274
2946
396
2451
724
1471
1325
134
2574
776
1344
2590
1430
1240
1153
1850
1891
308
92
2680
486
1908
2934
2935
2781
1026
2380
331
2110
622
592
2132
1121
1067
1346
2380
590
1194
114
2715
2597
1561
411
1745
2500
1079
595
2255
35
535
2032
1794
2291
1174
2181
1965
1309
2082
129
257
696
1938
1304
2180
2234
2788
1843
1268
695
2807
835
1606
2359
213
2411
2848
1002
2116
2147
1719
295
754
945
117
1946
1715
2418
2522
1411
1017
2294
1566
2683
1750
1201
1753
746
664
197
2263
2220
361
2333
2819
2114
1090
1165
2135
412
276
1453
1533
2668
1867
396
1430
2030
16
801
2188
2307
2617
2829
1949
1845
2551
1420
2175
1541
131
2547
2186
968
141
1939
2159
2256
595
1643
1203
2206
1547
1108
1183
2190
37
285
2480
1931
2240
39
734
2897
1088
1387
2811
25
376
384
2969
583
2265
2265
504
847
95
1634
1980
318
1372
2290
655
1501
708
1364
704
2496
1309
1345
1295
1869
2312
928
2683
2008
1136
1765
2554
571
1814
887
2661
2459
2999
2170
1022
1598
123
1821
1903
2616
1866
1335
1888
1804
2420
2651
2443
512
165
2602
2896
2769
2748
2175
104
1917
2711
2829
201
2792
173
1405
2253
1022
1191
1772
1895
2560
1396
2657
539
2577
975
2916
2521
1744
1399
1058
1654
1736
227
2949
1766
1282
1152
2577
1258
868
24
121
1913
1483
1520
2503
623
2892
1455
2434
1839
1169
2646
2530
1174
2503
2081
615
134
203
896
1311
1371
1181
2946
975
726
252
1999
73
2235
1769
2447
2355
1689
1944
1420
464
2461
2761
426
2976
2947
2733
1559
2147
1811
2524
1274
850
596
1323
1028
1502
2887
2498
677
2770
2507
388
2901
211
936
168
1417
2121
1138
716
245
2013
1372
1913
1844
2442
766
2513
2297
832
653
2997
1792
1275
990
2427
351
2914
1102
293
1811
1540
2433
2613
2104
2789
261
2516
672
477
250
2450
943
2090
2000
1839
785
1764
2397
1504
1136
1262
2178
925
2414
2333
2545
0
2044
1136
2933
792
2565
1183
565
2035
1106
897
2118
1674
2210
2341
2708
558
565
714
2293
1016
589
1314
1667
342
826
2337
876
1578
2529
627
2752
996
528
2963
486
56
904
385
2778
1594
1167
2443
2999
2630
1754
124
2261
180
2011
2313
687
2592
2997
2632
1396
1856
1457
1564
888
302
2179
2939
543
149
206
2368
2589
2673
713
2676
2661
2679
1997
896
1188
867
1515
2805
1112
1745
1535
676
498
2123
91
2338
1021
737
1009
1987
771
902
410
864
955
15
1772
2891
2552
2214
1434
1302
513
1309
670
1683
1128
2671
1252
670
1066
2848
1403
1943
34
868
2637
2404
434
565
2760
2851
927
1734
1128
1045
199
12
1747
1574
2866
2717
1441
2057
698
1696
2270
2409
2257
2300
254
1770
934
261
84
2885
227
1600
518
2722
2181
1896
2360
1712
1401
2657
1211
328
928
338
2650
976
142
1568
2937
2043
749
1133
227
1357
1217
2695
1270
2645
400
20
2125
859
2392
508
1386
1032
1108
759
485
2325
629
5
1646
612
145
2204
1275
2827
2994
2292
1814
575
1877
735
1015
588
2542
996
1377
938
1501
1698
2019
1580
2679
257
2117
739
75
2509
2397
2575
1678
1164
45
1813
2366
1078
307
2067
1496
1813
2693
2712
1183
2330
2150
618
2490
2406
1538
1751
1912
642
1002
517
1010
1326
548
845
933
1094
1234
1953
378
1771
2309
2583
2780
1493
1757
2421
2598
2318
1448
1652
2086
146
1662
450
578
115
2228
943
501
2344
2245
1273
2998
725
889
2779
230
1382
296
712
524
2462
2952
2597
1654
836
2023
917
1758
2532
2981
2086
2583
2236
736
2952
858
149
2230
286
1577
57
1577
365
1943
2180
1722
2521
2523
2138
2637
2695
2159
1992
996
2733
2337
1079
1066
1374
2181
2307
1527
1778
133
2219
2203
1417
1534
2400
2353
808
864
1608
2297
1564
1281
2628
2370
2788
1359
877
2930
659
2809
1678
403
2218
264
251
2629
541
1687
1975
1858
532
484
2299
945
2169
978
1882
170
985
2636
2169
1523
2819
696
2364
2797
814
2574
2964
2790
1808
2668
2276
2139
2840
2504
1251
2266
1773
2120
540
378
1767
2017
2488
2799
2059
2490
1558
2382
1717
2196
1984
1329
2686
976
1199
2127
1140
2557
2121
635
2113
1749
2998
1775
1147
2659
1299
2598
674
340
813
1291
561
615
1735
2569
2012
1401
591
2591
2024
2833
1290
2015
1208
1661
2208
908
995
1584
2762
2894
482
1336
376
2364
2871
1312
839
2444
2506
2623
1391
1833
2237
578
35
1634
2807
1629
1226
1963
2062
2729
658
2523
1789
1715
2564
1129
141
713
1914
595
376
2154
2149
1620
1864
2464
316
985
2550
12
686
2521
759
7
1152
735
2505
1513
1843
397
43
288
2364
2022
2922
1821
2351
792
1160
2350
614
2565
2382
324
410
2501
1219
2234
701
1233
1789
1305
2982
2518
931
409
1675
1291
1165
2752
885
769
163
2048
237
903
963
353
2597
543
1894
531
1361
2265
298
157
1251
2313
474
839
1766
1343
2288
2984
1603
2204
2325
2949
2031
1844
504
447
1966
804
1210
2448
1048
448
243
2425
105
1681
1445
467
2575
706
109
1072
244
462
1362
1893
1291
944
2958
1623
624
2679
17
1566
488
731
605
474
1248
656
2717
2153
345
2278
2102
2515
2912
154
2215
2762
468
933
2245
2945
2777
263
1711
2879
1905
1488
1497
2696
2954
2411
2475
2625
2763
2007
2161
854
544
427
422
2841
1812
1005
553
1865
1966
2479
1506
293
1325
182
206
59
1533
1672
981
2042
1379
2730
229
2864
1997
1764
1296
2601
1370
2362
304
973
1801
143
170
308
2014
464
1696
2456
303
930
2273
2407
1141
1785
1571
1604
2869
2918
865
2465
614
1883
2079
1667
1629
1487
2754
1482
2715
2105
2301
748
1009
802
1005
2557
146
1828
342
116
742
2425
1263
2437
2672
1273
801
1238
1869
2579
1445
449
1796
543
18
1869
1829
966
1670
1913
1498
1911
1212
1526
1266
807
1108
1392
2452
812
1224
1841
617
2558
1786
1826
546
171
355
2319
2241
853
366
189
1827
2641
771
1442
610
1039
2256
457
745
697
1114
1689
1257
1595
633
1818
2777
2117
409
2203
242
799
1205
1738
80
1578
1790
2617
2004
1799
801
1993
1862
766
174
2790
784
29
884
1847
1406
1491
2507
2456
962
2472
745
2110
2780
259
1414
1430
2902
2487
1491
2058
805
1851
1045
457
555
1013
1592
1618
1714
1674
718
1445
2323
2804
1879
462
1732
961
306
814
2880
2884
1497
2232
2457
1986
2818
1109
2632
1818
1898
2629
2053
1130
653
1811
2930
1451
1680
2675
481
1352
1768
2578
2023
320
1411
1922
1168
2998
1299
2713
145
2185
139
1573
156
621
818
974
2518
2101
53
2704
2365
1498
1433
643
1501
213
1870
457
2170
1925
183
1283
295
1518
2661
1488
973
2718
2315
2187
2847
1013
1157
2248
306
2921
1042
660
1546
754
232
2998
2080
2640
1758
2565
1463
2592
1468
2999
1574
1925
1207
1442
1320
2705
1010
2755
1055
1943
910
2290
2199
2291
617
1742
638
2929
2948
786
2809
119
1463
1531
2218
1352
1359
2853
2054
910
216
2041
1466
2643
2357
1893
2678
2068
156
216
2538
1611
2935
8
2909
1647
2189
986
1420
1458
2143
1421
319
303
398
2316
895
2678
1761
366
1260
557
2140
2748
2107
1796
445
2638
2693
2845
552
1410
1242
1679
347
1874
796
414
1291
1073
1241
2384
1973
1809
1984
2302
129
180
1564
2957
328
774
726
2880
1406
859
1924
84
1434
2018
1144
1967
1651
1293
492
894
2709
1436
2513
2386
1801
53
2095
2526
2282
2947
2975
48
2900
1384
604
1441
2623
1495
2223
1387
793
2547
354
894
2081
2805
1100
1607
1703
2902
539
1053
2050
1546
1616
2817
186
429
2972
681
971
2253
17
2137
1339
1483
683
1640
1218
1431
2893
1162
1592
2279
2144
1015
1757
2011
2525
199
1658
472
2372
1784
1485
1328
629
2110
2361
2258
2556
2181
1836
2204
2826
486
1770
577
2062
116
2646
872
938
233
713
1811
2634
2546
1931
48
543
2476
2566
1968
673
1570
1011
2553
1276
2212
2164
2371
665
437
2920
651
2654
2553
341
2455
1832
1369
135
2903
1683
509
1551
596
92
2597
903
1712
534
163
369
1009
2984
1840
119
2939
1536
10
1542
2305
1057
1830
668
1456
2040
1664
48
824
229
1469
1912
1816
2308
609
141
2077
2266
1697
1956
2279
1533
1495
838
2152
2197
1406
1878
2129
927
2945
826
834
1832
932
715
2566
781
486
167
89
2345
1466
702
535
2721
265
65
235
865
1653
1414
1960
1577
1940
320
327
1714
319
1020
2022
771
2462
1966
2625
2736
2258
2482
2296
2177
495
1526
269
969
1028
1788
2536
2517
377
1406
185
2028
755
2818
529
830
1798
1981
1989
1541
1856
2956
2143
1416
1974
1077
187
2727
469
2572
1764
720
119
241
761
2656
1577
1271
1887
1837
1933
1168
2267
1248
1728
2707
1596
360
2409
2616
595
1385
1845
2618
817
1852
1588
1531
1603
1184
1801
214
1164
2414
2459
1349
2831
2986
2507
2594
1600
141
1121
211
1134
1575
983
1118
1470
274
1426
2260
2975
1746
2769
2539
2510
1545
123
140
846
327
2537
1395
1909
1310
629
788
2366
1515
566
1802
1358
1345
2177
1178
2845
2055
1886
631
1260
1818
1100
2711
1565
1205
1641
2387
619
996
833
580
2527
1585
2010
1560
1908
2605
1091
2987
2695
2448
1911
2586
303
1876
2610
1299
1741
484
2286
2593
552
1402
1690
1684
2280
2805
872
1629
492
2569
1058
1486
1394
1921
696
1240
1107
1079
248
1854
385
2596
1666
599
965
275
1271
2825
2489
112
590
545
1807
2191
130
927
916
2694
1212
2949
245
1908
232
1048
2692
707
1950
2896
1071
1504
272
1962
2933
2636
2275
2852
2669
2587
340
512
1910
145
256
2762
45
1212
1159
2212
2126
1101
2679
201
338
1872
2945
2549
784
907
969
451
172
2508
775
1545
897
2482
2541
1902
140
1125
2269
868
2750
418
737
1001
1934
191
2126
1759
329
157
1157
2402
1478
1538
639
761
2531
158
1741
1574
277
2830
777
2289
2280
1260
1461
657
2644
1800
2582
2737
1872
279
596
1361
1949
1442
497
2875
1441
930
1987
1686
2879
2942
2904
1769
632
511
1445
2765
944
2963
1227
1924
1231
797
2559
2560
2386
1510
1636
283
2269
709
1894
2758
1528
1194
94
398
2651
2488
2381
417
303
2240
2575
2455
2835
314
2326
1427
696
1663
1744
1431
529
122
1606
1567
1562
2285
1289
2383
2340
2063
1347
462
2218
267
2623
811
659
524
2671
1126
172
2684
2960
2016
185
164
1604
1860
2384
901
2523
1775
1747
22
87
2443
1904
1255
1835
2767
2614
1689
918
2179
6
1936
754
574
2796
1065
1028
1626
2936
2997
1991
1896
1709
696
1434
2477
2358
1099
450
222
832
2309
453
88
112
72
429
2744
513
2704
2724
2673
593
2102
2378
2612
2186
2691
2537
1121
1976
696
2145
2283
1092
690
2037
1290
1172
