82
254
99
198
268
390
13
201
11
212
115
82
130
345
230
368
229
289
341
183
238
374
130
33
314
175
306
191
240
394
158
304
114
129
215
124
108
299
22
253
89
290
81
203
36
188
58
211
268
184
322
243
177
23
58
308
139
261
138
260
315
370
234
0
57
178
285
251
219
253
286
333
151
19
115
42
367
144
158
141
236
136
243
65
294
287
259
253
127
71
102
170
223
39
104
258
298
165
282
118
78
240
361
91
185
316
316
67
151
186
294
308
200
355
252
135
48
210
33
110
185
251
108
387
339
268
267
282
75
398
1
98
281
375
283
333
195
48
240
25
95
30
166
170
358
288
81
214
100
131
151
157
268
85
191
307
329
356
376
380
143
114
6
243
143
88
279
22
9
84
227
273
220
336
178
341
265
224
119
5
278
168
42
253
158
88
100
224
197
229
371
172
185
212
382
252
133
230
322
362
63
283
250
78
81
52
45
40
309
361
385
182
89
308
78
354
242
376
398
44
140
225
272
383
335
169
91
242
14
116
352
205
217
313
72
278
99
110
380
247
14
223
388
14
193
10
279
289
27
330
241
363
226
189
323
184
84
388
371
297
319
88
340
52
140
179
257
219
293
354
35
327
311
53
18
336
147
271
392
252
303
257
225
163
378
398
367
27
220
138
10
4
251
52
372
97
122
77
106
1
284
195
262
346
374
287
49
370
3
359
151
265
225
369
211
230
344
134
9
188
299
270
146
136
151
141
130
394
280
201
21
302
75
295
168
70
350
194
309
197
164
7
22
91
309
207
154
216
161
362
133
383
69
276
97
105
38
71
243
258
315
237
25
164
215
240
15
397
211
241
256
32
362
17
10
230
46
222
234
126
361
141
118
360
126
81
122
266
189
182
170
77
309
301
87
199
195
244
397
69
