3035
1990
884
799
455
2607
701
771
3940
252
961
2259
1396
726
1646
3557
2008
2508
211
1839
2198
944
2958
3988
444
1582
3267
3787
3998
2954
906
1448
1212
2965
1343
425
3807
875
2269
1983
1250
653
1316
2807
2541
3542
54
1284
1404
1372
3938
2571
3614
1156
3928
491
1529
1346
3516
2278
747
1644
3989
3345
716
122
485
1012
2127
381
562
1950
1351
3577
2979
3752
2438
2464
1863
708
1441
3596
3918
162
463
3960
2299
2526
624
2875
785
618
2186
2787
2315
1460
655
1290
3656
1747
507
248
3299
3155
3097
3764
608
603
228
3144
3747
3255
2379
3376
2075
807
3918
2878
3483
515
901
174
1384
745
2080
1409
1838
37
1257
1880
654
540
3430
815
1778
1716
2394
1363
3170
3523
2571
1889
3150
3475
1854
317
3787
1743
62
1324
1467
1261
252
526
677
248
3729
3259
1891
2520
1982
3289
1146
704
1172
3447
2949
1397
624
746
3114
1654
798
33
398
2635
1854
2566
804
1198
324
2900
544
496
3545
1744
2410
1706
447
3589
462
2498
3058
1344
881
1110
2186
1189
2270
3592
3357
171
1789
997
1026
187
2597
3347
2159
2432
905
2711
2212
171
3470
545
3264
935
1085
1685
2065
403
1235
3990
394
481
1909
3600
588
2219
1793
1250
1319
237
3392
1095
1882
1634
2328
1984
2422
766
2494
1183
1472
2309
2569
466
246
967
2465
2730
169
569
1973
3976
3336
561
1004
707
93
1566
2932
3000
3761
1633
3735
3854
618
1740
2123
3172
3285
181
1352
2586
447
630
3732
1689
2205
1285
1242
1728
2059
619
666
2028
3793
1764
793
1347
2
914
1369
2493
2078
1469
2724
943
248
2955
322
2677
3089
568
3850
923
1603
2770
2068
3881
3546
532
2605
3369
1820
1597
548
886
330
3180
3681
1859
1278
2907
2677
676
1492
661
1901
509
2821
3956
2592
1414
3631
3323
1032
2039
208
749
333
2774
3313
1641
1085
2458
1856
1891
3352
1434
917
1023
135
1976
3734
2124
1836
2339
2966
3291
1685
1869
920
3451
2250
3851
3249
2355
326
3618
2539
3323
3011
2356
3942
2743
718
1094
3194
2576
1785
2509
887
3345
1167
2837
2957
2331
34
750
136
1637
3680
3411
1395
3284
3652
1432
3805
1555
1897
1199
3928
2223
2106
2423
2526
3826
2244
3746
1070
2042
2829
2626
2613
2613
1181
879
3048
2395
2330
1399
941
455
1043
2466
2266
563
1202
3905
277
3408
2388
3571
3642
3743
2485
2612
2043
2863
1156
738
706
1011
2262
429
1905
1151
662
122
1227
3999
122
788
1099
692
1200
3696
2578
268
2264
1563
1310
189
3307
642
2198
797
217
3325
866
3105
3249
3033
1175
16
1657
1058
2737
3492
765
1737
2936
1564
580
1591
1445
1761
3102
1902
350
755
2041
2328
2621
46
2803
2575
2671
1631
1866
3144
3416
3837
3855
2493
3827
2214
3417
1941
3031
3127
1974
17
3542
1959
1020
1590
3007
2176
2942
659
195
571
3066
1870
2517
3928
783
463
330
2519
2796
2536
735
2422
2339
959
2330
1831
1820
858
3369
1932
550
2694
871
2066
2952
740
1245
520
3830
3601
2789
3578
3359
1264
521
558
1667
2262
3562
1594
3362
3345
2333
160
3088
2582
3375
2536
1636
2726
1226
1400
3983
700
2575
1202
1514
3413
2947
1002
1801
1884
2727
1027
3788
2162
1407
2373
3187
855
1940
1372
465
2231
180
2256
2138
2964
1719
1917
3798
3243
3773
3726
3416
2758
3059
91
487
318
2901
1820
731
778
2925
3593
804
2920
1977
2224
3876
903
2763
1105
413
591
2442
1721
2757
3789
3413
3994
3958
2079
2696
1763
482
2008
2039
577
3043
3345
151
1650
881
3949
1532
3777
1676
102
2781
1379
953
1593
148
3245
2314
75
897
3152
886
3095
3726
1490
552
213
845
2122
3346
40
1022
1304
66
100
2381
575
3981
1593
1976
2143
3208
609
2350
1011
3382
290
242
2212
1244
2241
2687
3848
3792
900
3366
379
2223
1409
338
664
109
616
2957
1428
2568
3945
2715
3031
789
612
452
2743
2492
3756
2479
3091
2144
1142
2282
1738
310
2500
1735
3989
2455
488
2688
3591
2768
1495
954
1856
3287
3149
1319
1000
24
1494
2757
2254
1645
1216
3269
861
2796
923
38
3128
1082
2121
1888
3218
253
904
156
972
688
1753
96
1708
1775
1292
329
2038
1426
1994
1905
330
1399
1502
3696
2618
1496
2753
1854
2053
59
2338
1110
661
2152
3022
790
2770
2869
3361
516
2337
349
3241
2539
2460
1264
3826
3395
207
2148
1844
1710
2476
2793
3670
3646
1708
3929
445
3860
2915
1838
2709
2371
542
3598
826
1747
924
2338
611
418
3910
3300
2508
548
1101
3671
3199
555
2590
2320
703
1923
3204
3185
144
3060
890
855
742
3114
3275
137
1416
2097
2568
1233
3680
3289
453
1671
227
2425
3953
3081
119
208
1105
1703
902
1223
1912
2842
3902
2003
1476
693
1762
22
3479
467
304
3653
336
2576
367
2404
1415
3700
1653
3309
834
2698
1555
3951
2646
1102
2526
947
3869
3909
2971
3034
3984
3495
646
3523
225
1271
2270
1960
1528
2291
2545
3080
2728
1446
1599
2880
813
1083
685
3890
2117
1645
3561
2247
2856
3865
3317
272
261
341
946
1128
2394
2170
1002
1334
3087
1692
3770
2895
1392
1914
2138
3896
3205
1809
1003
2280
2032
3851
2972
1452
3811
501
440
3013
27
3150
2511
1612
1757
2170
3072
405
2411
2871
3424
721
2818
2504
841
1805
2740
3148
514
1080
2781
1363
2503
2786
3652
199
3829
2368
1520
197
596
3277
3108
3119
225
1578
376
2106
2487
2789
150
3266
2714
1303
846
2078
2239
2888
2806
3886
1083
1773
1282
1937
1191
561
1180
1619
2765
18
2816
2403
689
482
3542
1570
1215
687
1260
1463
3885
284
1551
2784
3468
685
3335
1123
3281
1762
333
3491
1082
2619
393
3470
671
1818
780
627
1143
3781
646
2193
1284
2090
709
1866
3068
1374
748
2518
341
926
2155
724
1260
2615
2977
2043
3441
1792
3562
847
3283
965
2182
80
3364
1407
489
2476
168
2174
88
2036
31
552
3078
2891
2701
3131
43
443
2851
879
3614
2914
1515
2776
1519
2634
2997
2951
3460
2039
1017
3151
2701
377
3720
1285
3782
449
3828
1696
2633
2895
696
1632
1453
874
3205
1516
3679
650
971
1427
2427
271
2624
3092
263
884
3824
2681
172
3517
481
2526
2482
1646
993
3728
1335
2902
3086
1808
1708
2408
1474
3862
1228
1226
2874
3571
378
2534
3937
815
1878
2718
2973
1072
1179
2332
3702
3420
3512
3144
2942
3254
809
146
3970
68
1489
3407
331
689
2902
1825
2097
750
3098
2479
2589
1716
849
2516
2297
2981
548
3251
1143
2256
2112
648
667
1170
2587
1529
229
1626
3014
1515
1855
2309
3016
1361
1311
2536
956
2271
121
1901
1224
958
3973
1108
792
2776
3784
3034
856
1714
1218
3703
3659
1946
2163
1921
2506
789
2474
3982
3068
2939
876
2487
3662
511
2621
1049
2512
3878
2223
1813
1996
953
1188
1814
835
3862
2529
3026
3110
128
2193
2346
3310
1270
2706
3820
2456
417
3841
2488
2849
839
3037
3263
2169
3357
2202
3751
1991
2234
2917
3371
2361
102
3631
1055
1926
1713
3224
3985
3011
2208
3673
1676
3038
1282
1645
1654
2042
449
157
3161
1639
915
487
383
1117
2896
3978
3446
1813
2302
177
3475
740
1801
2617
19
3061
3374
1793
860
1122
310
845
1186
143
2400
23
1221
2883
1751
3123
2360
3011
3107
732
2140
1133
2811
3040
2859
2446
2360
1286
1713
3520
3524
375
277
1764
2769
1488
3349
2744
3751
450
1199
2485
3157
1188
3868
3751
2313
3478
566
3242
2106
2290
2107
3933
1250
3793
170
2566
2698
888
713
2722
893
445
3945
1255
1406
1497
1
3160
1014
3788
1624
1092
2597
2728
2463
2747
2650
507
986
1454
3005
2716
510
3426
586
1233
918
2224
3160
3515
0
3005
1175
3679
1684
3313
665
497
2917
2582
1927
3551
928
3631
3700
3223
2833
1010
3566
1334
1093
3652
2384
2254
1130
3407
2741
243
1267
834
520
1123
120
3845
55
2000
2330
3352
549
491
643
7
3614
1806
3276
428
741
2085
152
641
3978
314
990
480
2071
2909
1188
3097
873
2380
230
3567
2908
1700
982
943
2079
228
702
2254
615
3707
2625
1694
1696
2862
2111
3341
2973
3623
919
1691
3440
3868
359
1461
214
1851
3214
787
2378
3152
3603
2570
441
3827
2463
1614
2965
3441
3301
2888
3235
2485
2433
688
688
818
2494
2728
704
3727
2354
1716
1799
3408
580
2489
3024
3550
1454
3921
2010
2066
1565
136
3619
67
1461
951
1693
1801
754
1499
573
813
1609
3664
2706
2703
1772
2671
2994
3251
685
2049
1776
1706
3450
1215
906
2808
1542
2344
2815
3303
3881
3390
3198
1960
2397
1725
3513
3745
2505
2841
3544
503
1339
1523
1482
1945
174
2647
3639
1894
3788
2741
1393
1117
3756
3450
2536
3711
2236
3275
3036
1155
3578
798
77
438
3100
2357
879
2764
3440
2071
3546
776
3229
364
3165
2243
2568
1460
530
3132
3187
1765
3085
1021
3999
3936
1326
422
3955
2991
726
313
821
925
1014
2657
2964
3921
2338
2655
3912
1673
869
1426
1074
1039
2894
962
1309
2554
1064
1770
3238
2532
1832
3936
2487
3651
1855
354
2318
1511
3983
2942
2205
527
3291
29
2379
40
279
14
2552
2434
126
2699
2781
2257
866
2218
850
3709
3997
770
841
1542
3047
600
1111
441
2081
133
3667
2823
2893
3877
2007
776
2273
1247
772
171
304
140
3522
1112
3656
2854
2724
2501
3355
3246
970
3889
1333
1306
224
128
524
217
1796
2644
3286
2180
2053
708
1556
36
3206
1180
2859
2394
642
2480
2867
1358
74
2846
169
2327
106
1855
1343
3875
2697
106
3379
901
2607
1734
2749
377
2849
41
3810
3604
1031
209
1702
172
1295
3742
2526
3585
907
587
2756
168
2581
1671
3139
1938
2002
3700
689
1405
1684
1915
3005
3383
346
1994
3966
586
3058
2988
3339
3944
575
2115
649
1684
3734
1060
383
330
705
2127
2853
333
2374
265
2555
1804
1826
1496
3670
3759
2863
2874
2005
1636
2085
354
3602
1376
3453
1681
2739
180
2672
269
1408
1166
2430
1248
1232
1193
2762
2128
1628
1042
770
246
309
2423
1053
957
2417
3342
3133
2201
320
2752
372
130
1756
1969
3267
204
3391
940
3806
835
560
1423
459
2920
821
3824
489
3267
3244
2059
3085
1123
2100
1993
2023
1210
3142
2350
515
2126
2529
2687
2060
3293
803
3022
651
464
1843
2788
2125
3322
155
2954
2978
46
692
116
3009
2107
1529
3947
650
869
2525
3189
3524
32
3193
418
1220
2955
862
1078
111
391
3880
782
502
2099
1363
1489
3137
390
2567
2933
3559
2055
3023
3018
504
1164
2440
3175
3709
3118
3029
1711
1112
1381
2895
1151
1765
1477
57
2040
770
149
3377
3011
939
1319
931
870
93
1305
1367
3137
125
519
3211
3301
3953
2955
2972
1458
3019
723
1149
171
903
3708
1994
1689
1834
1328
3447
2648
969
2074
193
1378
76
194
902
2198
1255
3817
2672
2917
2312
130
3500
921
2960
1515
217
578
3384
2152
764
222
2581
2202
2065
2915
1941
3040
3131
1292
1097
1802
3228
1983
3773
3702
1633
3863
1378
394
2293
2035
3725
3916
3862
3162
2681
609
1572
1673
135
3424
1493
2490
1766
178
2213
594
1389
521
1963
1352
708
2170
3879
1165
771
3576
2424
3324
1010
2287
2410
1728
2672
2393
3948
1372
368
1408
1439
827
1309
3601
2635
2997
990
2041
2636
2906
180
2751
1737
1214
1600
2302
3941
2977
2081
3325
3310
2554
2491
1132
2867
3295
2036
1661
3219
3540
537
3453
272
781
2301
3214
2275
2434
3233
3746
2185
910
3470
2262
3194
803
2175
2664
1818
879
1756
3447
937
1507
1410
502
3765
3365
2686
1676
2383
1108
1528
1899
1275
115
332
3434
1729
629
3347
481
3072
2947
1280
2241
3170
204
2119
142
2955
3338
3576
1851
2571
2733
3465
1344
1491
3526
2129
281
1956
1394
209
2174
3202
1377
3501
59
1288
2114
2040
2795
3702
77
1198
2550
1317
3148
3418
1668
2810
2823
2520
1148
2553
3658
3605
190
3697
2741
2482
3898
245
1665
2312
3147
3435
1738
613
2003
125
3229
2580
1107
2286
511
475
2343
806
1783
2046
1981
654
1529
32
688
1591
720
2698
2085
308
3079
2852
2785
2344
3989
3617
2533
3482
1315
3927
2375
2437
2682
1579
558
716
622
43
2090
1418
1121
469
3597
1768
3317
1494
1002
2376
1170
1772
393
286
688
3980
2019
2655
1858
416
3872
1105
3295
3624
1227
2338
3406
3329
2127
3796
589
2404
433
1205
766
453
3145
2957
271
891
510
2513
3908
127
2972
213
2211
3534
117
671
3356
2473
2097
310
2675
1084
3603
2872
3052
3035
2315
2027
849
2375
2321
1003
2563
1168
2724
3522
2171
405
3935
2006
1627
3624
2772
2141
3510
589
3241
3339
3864
1376
1964
2764
691
3637
3027
2605
488
1595
1332
2932
3662
2650
3166
1296
930
188
467
235
236
2600
2274
59
3401
1065
3365
3256
1338
2189
2356
3977
3656
809
484
1783
915
730
2751
3267
3990
358
3393
755
664
3041
2732
391
2065
716
233
3786
3190
599
2012
3844
2596
1703
1378
12
3110
147
2666
475
1986
3144
3757
3996
3750
3309
3627
511
3082
1761
1731
2701
1634
63
3887
2709
1827
1123
1914
1125
3247
1095
3167
2228
31
3783
3871
1820
3724
1923
2942
998
2521
546
2267
2270
3649
3922
3147
3013
1368
3822
2672
2724
2913
793
3899
3806
2604
135
2299
2783
3241
2395
480
1713
3406
75
1425
973
2368
1504
1382
2030
3745
3929
2819
673
3799
2286
50
3512
1365
2418
2908
1630
2440
2002
2243
2438
3104
2427
3711
1276
1209
24
1907
1789
581
1176
1003
258
1559
2254
2869
2262
3183
2898
697
2697
3869
2725
3158
1374
3028
1170
634
1183
2092
751
2141
1488
1364
3299
2267
1793
1874
290
2476
3100
1464
1555
290
3967
1797
818
3358
3780
2229
242
2704
2107
1703
2970
1417
3673
1577
1808
1310
1001
2401
2132
123
2049
2906
2691
1090
1232
2537
3291
3103
1620
220
2878
2153
488
830
2640
2615
26
3049
1883
3132
2106
3720
2482
1472
3918
1960
1106
221
1826
219
2596
627
2365
2248
3807
200
848
3858
1898
2304
551
3267
3167
468
2402
1333
1483
3474
1533
1949
1266
2961
3242
2677
240
3503
2721
2725
2874
842
270
653
1603
3799
3464
369
3674
1122
3106
96
2513
3682
1562
1955
2392
3832
1807
1215
1384
3460
432
2599
1436
1284
3056
3778
2297
939
3029
884
1102
3769
3695
1003
1206
1500
230
1769
538
1347
1452
2152
2164
1499
3729
431
143
3336
2934
336
3786
3522
1913
3130
1787
2665
687
2498
2800
3270
1903
1962
176
3327
2475
2027
3969
2870
3642
3844
610
3520
2641
862
3384
829
2288
3835
2087
3417
664
1723
2870
766
1274
491
2741
723
2059
1002
3482
3317
979
313
3174
1104
1317
255
3975
921
3049
1846
118
2700
213
981
2945
2398
2394
635
611
3582
1179
2037
1007
2893
2168
332
268
598
488
2734
3322
1835
869
1111
2771
222
2433
2012
1836
2105
1239
2867
3066
475
2301
2498
2610
592
1973
1283
1449
2859
2402
881
1114
994
791
1683
1286
3047
811
193
1269
1054
3209
2359
218
767
3780
469
437
2314
616
112
531
3746
3627
857
3984
1320
2531
1128
828
309
2673
69
1370
1459
1370
914
3717
2361
1879
536
3726
1537
3810
1869
353
2663
3025
2047
1606
800
2175
3264
131
3636
3269
621
1854
2586
2696
1181
1311
719
3692
2787
2708
115
2439
255
3663
1568
1744
1767
1322
455
2870
2861
203
521
2348
2222
2946
175
514
887
1167
2854
239
3475
3616
666
554
1845
3928
1422
1464
3551
3500
1494
2752
1133
3591
3921
987
1345
1037
486
2407
1804
1852
1241
1562
1365
1710
1034
2003
585
3451
3883
2956
2367
28
3836
2347
3558
3818
2885
216
526
1957
559
1866
2768
1040
3199
3546
91
3386
2928
281
3132
2679
2284
1117
2473
2125
1255
1814
10
2859
3736
1951
452
2035
3572
209
3684
281
2664
1137
2628
1603
1555
3785
3837
2128
2655
2995
2505
3893
2042
2738
1491
2210
3637
3195
3870
2116
24
3409
334
2243
2719
815
2775
3531
3894
29
3969
937
3244
3622
2645
1643
3447
3968
1606
1194
420
3722
382
2563
1497
3060
2148
1856
457
1752
3079
3126
1490
518
2346
104
823
1309
1452
2408
3477
2358
1554
637
3237
1338
84
3457
2701
2932
3681
1729
2370
385
143
584
3199
1572
579
2101
3515
2166
985
392
2793
3707
2993
3804
1873
3439
3830
718
3911
3903
652
251
2821
564
3093
936
2314
2985
3105
155
2638
2046
2864
2087
3649
2342
3172
581
95
3611
1384
2557
1010
2610
3031
2084
2500
3688
2154
671
2718
3707
3074
1734
3490
3925
462
4
1602
1315
1945
2523
2172
3973
2964
1380
3634
990
3452
2068
3978
1386
2471
90
3647
2159
2416
2693
1569
3500
2076
2786
2288
3119
2024
834
624
3363
3633
2682
2217
3270
3776
69
574
1304
2896
3940
3784
2383
477
3238
1999
1960
1259
1858
3588
2136
3856
2497
1246
1696
1151
825
1807
2303
3794
2675
1890
2017
2803
2574
3763
1877
391
1213
362
1565
599
395
1814
2846
1117
639
1699
1752
1095
634
2775
3055
2571
3421
3950
3015
776
648
1456
3726
1076
381
364
756
2439
547
3284
22
611
3015
1908
3511
3551
636
2000
3311
2735
3907
3065
382
2353
3462
75
3033
694
862
806
2597
330
788
1255
1250
1474
3172
1123
2558
2178
2654
3167
2987
3785
1767
2671
586
3577
3036
3625
1926
3750
3830
3141
2366
571
2473
1204
2042
3875
166
1177
1759
3355
1537
520
189
337
205
3962
2021
440
3426
1994
1880
76
1633
1135
1179
2268
3310
3190
1255
3673
2140
3900
2108
3417
2343
837
2678
1352
2171
3804
3480
3468
338
679
2628
3732
2586
2533
12
3068
1876
3431
2019
287
2553
3849
205
2202
503
1004
2229
57
729
3217
2269
3104
549
1107
1840
2456
575
674
2004
84
2987
1048
763
447
432
3961
3320
452
3704
556
430
3288
3827
3632
3364
3016
2139
3773
565
1179
3538
57
2852
1732
1191
3251
2349
3879
376
383
151
3621
433
2798
1733
134
1395
170
2988
1665
2320
2219
2782
2859
2387
313
2725
346
3900
638
1003
2580
1993
2983
2486
3865
3280
2103
49
3497
3304
3048
1925
52
2088
351
1544
1885
1287
1098
940
2634
899
1657
3671
1546
2269
2743
2162
2307
257
259
3771
2839
2051
1359
1014
1554
357
564
1792
3187
3861
1648
3299
596
627
2717
2470
728
3473
2927
1404
1073
435
2570
3037
1707
3605
3454
945
3448
3724
2176
40
56
1732
3174
2983
2596
2441
2686
2686
2199
1410
2220
2997
1563
1175
2398
611
1132
3059
2189
513
1450
3044
722
2643
2624
3871
2371
2822
588
833
1801
2680
619
3441
2367
1744
66
385
3433
558
939
754
3182
2045
3226
3159
3988
1765
2315
914
3831
1757
3435
3995
2789
1630
1631
2528
1625
435
3188
3685
754
3757
1380
3948
3727
1842
962
3376
585
1461
1186
299
1165
2273
1448
3256
2452
2607
2571
2259
1281
2679
2950
1916
2487
3778
123
2170
2837
1470
3492
2332
1646
747
3767
1050
585
275
1301
1787
3794
3447
3888
2224
315
3332
2903
1949
1235
3140
3743
952
1056
1296
3663
1258
1948
1251
296
3410
3274
3306
3663
2729
1971
1848
249
3296
2081
2390
1746
2117
2136
88
585
3301
460
3018
828
1643
1091
3753
3067
710
3015
3534
956
2473
2727
1349
2298
3212
2348
1404
1290
3056
3508
3766
1437
736
2988
3104
1323
3155
2222
2619
2050
1966
404
2360
3786
1573
3576
3298
116
3906
2923
3924
447
1502
1006
1387
1990
141
2288
310
3177
791
4
1195
246
3584
638
2547
2613
3656
3754
1957
3021
142
2312
3408
1302
3440
3144
2258
2748
3886
543
2470
3116
621
3363
3642
3934
1879
681
3934
320
127
1432
3705
699
2466
169
2197
2211
1001
3390
2266
160
2027
2044
3097
1812
1968
3782
3166
1449
2160
151
1737
1336
953
380
3958
184
2255
716
1848
3298
526
1700
1508
1309
1772
1827
3081
426
186
191
2398
2574
3400
227
3092
1239
1704
1190
3403
461
522
2472
3392
2327
231
363
3587
295
890
2124
2502
1667
3368
1053
2866
2289
1184
928
2708
3774
510
897
2549
1675
1417
465
2183
20
988
1275
1370
2814
3106
2085
3215
2749
442
3941
2340
3007
2106
637
3182
121
3248
2517
1541
2987
3236
691
185
946
2713
2777
2530
427
338
3451
3253
31
1105
539
2226
623
2427
611
1786
3549
2263
3614
2750
1524
597
1684
1459
2774
2699
3744
610
3616
474
2704
2300
2171
2032
2553
1034
2050
1159
3508
322
2091
3179
2648
2390
1525
1592
1013
3878
2412
2913
3818
1173
2683
1165
356
2682
3150
1532
2196
2317
1443
1352
236
3201
269
3367
2902
2161
2469
1292
3632
755
3725
269
679
2441
3554
2623
1679
3414
702
1373
413
3789
3014
1224
2210
1541
183
2792
1828
2282
1864
2897
2234
685
3932
481
1379
2811
3270
613
1316
714
2553
3675
605
3504
3339
2227
2918
3598
3654
558
1163
2378
235
2664
3745
3450
1795
1331
3716
3164
2531
2585
1838
1027
699
3778
3734
2059
1115
2038
3331
3085
290
2906
3500
2479
3557
279
2285
1555
121
1209
456
623
93
1779
2069
2589
1670
2399
3719
1864
2472
643
157
1831
158
1296
2722
2214
1303
3523
3074
512
733
686
3945
2889
2883
817
2329
1192
618
1442
3367
3969
3344
1612
3667
1392
3958
51
1955
530
3564
2133
3259
2717
2011
1676
474
1617
974
593
3796
3270
126
1978
1256
3748
2969
2084
2461
1169
1166
844
1150
1764
216
118
1742
2841
1285
2129
2602
2974
3585
1586
3258
1674
3780
604
372
3949
1044
2402
173
835
1848
515
2332
3330
2971
3444
2542
3442
25
3867
1471
252
1225
3127
3739
3483
2823
2493
3761
3375
2685
1662
2385
305
2797
3684
1058
705
606
2811
2114
283
2560
2412
2267
2152
2877
3941
1758
2320
1503
3188
3487
557
1720
2738
3437
2074
2482
1596
1644
43
3187
701
1137
2038
2412
424
3961
751
414
2400
1479
754
1482
1978
3160
1785
2612
1370
996
3982
2675
123
1203
3514
1719
3115
985
3195
919
402
336
2868
3991
1363
1424
3934
3667
3146
1070
220
2250
3254
3054
141
73
1680
2470
59
1234
2521
3665
3216
1994
307
2477
1736
1244
2661
2802
833
1101
2434
3662
2543
2077
