61
47
228
300
75
360
205
1
39
331
251
256
382
48
331
268
25
57
308
253
256
59
167
277
280
233
129
334
396
398
383
322
57
375
112
373
372
363
390
355
375
296
134
274
232
107
240
84
42
123
264
219
12
18
82
360
112
185
317
323
359
95
70
129
87
390
61
100
350
219
324
101
160
128
36
326
141
375
138
343
110
333
319
40
173
336
181
374
148
143
253
163
30
12
389
166
394
144
302
252
111
220
28
42
153
344
311
161
288
74
351
396
361
372
156
360
70
170
211
208
297
62
276
53
199
10
240
278
71
394
313
114
25
115
65
375
371
212
52
85
263
359
242
149
176
308
180
223
219
115
112
77
67
299
360
138
228
140
220
261
321
261
368
296
2
115
328
272
165
104
47
312
244
323
183
326
375
1
171
226
240
143
113
159
117
299
219
375
91
295
76
263
173
280
88
100
108
369
100
88
336
359
140
221
125
289
195
85
97
271
133
276
153
339
201
10
164
288
386
49
175
237
388
175
255
70
180
56
125
112
41
36
107
119
334
152
389
86
281
4
243
209
181
344
155
66
28
148
339
175
97
42
132
293
9
226
330
259
73
26
71
53
27
216
216
250
154
158
208
69
125
136
304
205
337
388
328
81
14
287
214
364
187
184
13
384
78
323
2
338
140
365
112
386
142
151
315
102
100
337
225
306
276
356
45
198
27
155
309
339
308
367
307
315
6
270
368
52
183
8
268
217
127
309
107
78
167
326
9
173
112
86
46
226
304
45
189
63
200
354
54
141
113
25
267
320
196
96
352
101
264
322
91
346
358
215
331
298
153
233
38
261
322
274
42
24
199
103
36
173
139
75
63
18
329
209
101
30
218
291
289
310
166
280
388
203
263
277
118
252
57
275
245
16
317
328
57
328
173
117
