648
381
728
559
59
553
151
539
685
504
320
565
78
385
657
265
470
315
137
387
350
363
595
57
603
734
556
424
216
18
626
439
270
78
236
760
451
51
336
685
221
426
533
455
609
316
86
489
749
768
414
747
78
655
726
186
670
436
361
733
637
704
273
659
171
410
256
792
224
51
588
327
584
310
375
664
543
478
730
298
292
131
302
604
797
108
183
22
231
200
718
325
247
184
361
675
338
740
41
724
390
622
575
620
387
579
763
335
570
461
19
785
304
645
493
124
190
102
362
463
745
765
78
579
89
317
400
745
760
80
154
623
168
103
733
2
513
594
117
558
167
459
340
224
676
364
46
12
103
97
673
586
376
248
254
315
630
213
440
298
464
162
584
366
572
388
91
236
535
712
505
601
250
604
178
445
437
59
166
178
234
128
497
300
233
668
786
371
260
34
247
299
334
159
455
437
597
519
587
270
152
426
314
437
102
454
735
554
726
342
585
722
93
296
687
119
207
621
702
524
85
617
448
46
487
42
75
582
166
693
643
300
728
475
780
677
257
299
49
13
379
2
586
111
370
93
558
48
639
239
245
652
318
78
135
537
302
423
711
360
164
18
86
74
268
672
197
654
286
720
123
392
761
610
542
398
766
387
610
636
492
71
491
343
211
84
33
654
471
218
15
381
387
673
728
396
199
124
119
724
496
281
368
161
291
442
633
18
790
285
607
381
490
23
790
688
584
160
512
371
247
232
729
713
632
232
701
406
62
274
567
346
685
106
647
442
366
654
430
384
364
657
281
377
750
389
744
476
145
406
666
427
417
596
471
625
437
41
281
172
484
457
24
708
295
294
177
89
589
3
370
347
757
481
132
786
171
693
757
670
162
410
226
281
74
3
126
281
686
649
33
274
110
386
463
759
244
83
451
449
788
92
184
712
357
753
725
14
278
298
531
443
623
208
556
323
549
343
1
228
249
651
487
12
46
451
688
343
486
275
210
245
440
317
470
330
783
391
703
15
770
552
372
631
491
155
780
364
615
758
437
343
425
181
641
382
539
15
46
647
754
586
720
123
780
11
669
38
41
357
725
795
323
339
396
757
364
737
566
599
739
131
46
469
402
617
98
236
486
171
702
236
44
798
371
342
325
265
644
512
102
657
365
149
46
175
305
569
708
132
190
682
653
291
191
707
743
492
606
218
453
281
692
169
72
625
526
778
278
443
797
731
793
108
571
576
791
545
693
648
361
328
217
328
474
761
93
100
798
354
521
332
236
31
579
195
762
393
117
794
595
453
797
763
408
221
689
770
208
44
140
37
365
691
154
181
253
425
796
221
745
143
88
518
430
96
0
669
469
488
189
460
145
332
248
293
53
103
164
798
335
565
332
21
389
71
277
661
362
183
239
305
797
566
765
781
95
321
446
412
399
210
792
227
611
243
769
29
357
429
41
312
648
574
103
252
69
329
478
364
662
360
43
485
559
636
110
323
660
197
211
643
26
685
252
323
446
414
12
710
92
244
339
627
398
397
785
157
513
445
233
62
213
286
516
572
369
709
702
269
160
656
145
343
332
59
636
784
277
594
79
676
494
352
790
149
437
549
351
253
781
231
234
687
314
256
461
635
120
533
545
112
279
134
492
347
695
481
619
526
157
529
796
604
175
468
38
129
18
747
773
287
29
554
214
67
377
207
347
229
599
559
235
782
622
172
441
564
336
163
0
193
457
513
488
402
115
598
567
219
504
290
631
232
677
555
511
510
646
497
97
127
612
441
272
396
89
645
332
38
780
100
204
333
365
326
486
9
558
520
317
167
91
430
584
123
344
302
635
228
