42
255
27
290
238
14
192
290
248
230
46
79
187
157
134
44
66
269
2
111
143
104
1
92
220
286
247
71
147
279
130
216
182
44
127
18
79
15
221
49
197
291
201
143
210
298
295
179
137
270
236
152
44
275
277
104
203
112
119
8
135
22
218
17
254
166
293
73
248
266
223
60
163
134
260
51
140
245
65
134
215
179
179
286
149
151
233
6
221
66
217
291
160
167
89
288
18
78
117
88
262
120
153
202
210
172
122
190
149
112
278
10
238
287
50
102
58
71
131
18
297
129
120
101
198
17
200
181
242
56
35
265
291
83
152
160
158
297
71
50
30
290
12
66
31
120
117
50
112
44
247
279
145
45
200
208
222
224
170
117
17
179
168
265
195
105
127
201
14
241
187
258
234
47
116
31
262
180
28
107
202
25
98
1
32
201
86
73
96
248
208
212
77
249
195
233
113
86
143
182
292
263
147
14
66
172
237
49
79
71
199
18
261
110
104
65
73
127
96
225
27
78
26
189
56
28
224
119
257
120
36
279
42
220
129
250
161
47
228
254
46
171
219
57
268
291
257
3
254
209
192
130
123
181
19
237
299
137
163
109
236
273
186
127
126
264
131
6
71
19
213
49
191
74
298
66
135
97
88
254
105
56
184
113
204
57
200
267
114
268
292
121
217
29
136
210
102
183
124
241
