1991
2678
4569
1309
2667
1207
4171
459
2183
4947
3515
4277
4467
498
2978
211
4747
2364
3832
2578
1859
3895
926
1596
3223
2983
2396
4385
4295
3256
3513
348
48
1851
88
2387
3517
955
2983
3844
2052
4995
316
1921
3861
1286
3856
480
4213
3906
1645
2170
1473
3937
1556
4990
2382
1110
1526
2033
3765
3313
557
1131
2995
4038
379
2345
2343
4552
4136
107
3501
2942
2353
154
4335
152
3123
264
1675
4744
136
35
4104
1807
4144
3967
3482
1019
1704
3607
2285
4562
896
1472
3022
3133
3566
387
4036
2492
3753
3420
3934
1386
4616
347
2390
2365
832
1175
4363
2716
2948
4602
1772
2469
1327
1125
832
1482
4925
800
4443
2007
927
342
779
2259
1958
2635
2465
1993
1087
3259
1626
2210
4532
457
3781
88
1939
1368
1415
2129
3319
1842
2890
2982
2852
1450
228
1631
2993
3136
3532
1982
3694
4744
1799
292
3301
2295
1128
1691
637
1492
3391
122
1984
2919
1160
3950
71
4465
4772
4011
3724
2711
4997
3135
4076
4284
4634
2335
4944
1377
4402
4177
3584
388
1366
1893
4000
3819
2767
1184
3703
11
4263
4278
2026
1385
179
2283
1720
3588
3894
1319
2046
101
217
4012
3859
2549
3205
1165
1445
2857
3683
244
2362
4612
4947
984
2747
3698
1786
1434
3619
324
4151
4154
2109
1516
3051
4195
3627
1407
3840
4855
835
2386
642
504
700
4450
1555
1173
4374
3788
2955
2805
2823
2989
324
42
2618
3912
1979
2613
3243
858
3802
3635
1069
75
1795
4905
996
3404
3535
1321
1062
1471
1973
1888
2867
3791
230
2851
1606
125
3596
206
2972
1140
4331
1480
194
2410
728
3751
1827
3115
4622
291
870
1451
423
2210
254
1744
1575
3551
451
1506
1013
936
1765
4520
2675
2195
3873
544
1636
211
2413
627
3061
781
1661
4483
2548
3049
1160
1881
4565
48
4156
3703
2220
2377
4533
71
332
2351
4421
2094
734
4611
646
1729
3165
2361
3467
1618
214
2145
4540
1295
2214
253
944
3343
3699
2722
133
3762
588
277
4563
2036
1365
2707
1806
253
306
517
250
1216
4476
1542
3321
1342
170
74
1616
2678
4063
1740
4320
4700
2257
3716
4000
4963
3858
1252
3463
840
7
4630
2431
981
1134
820
2093
4654
4660
1691
325
3731
3660
1076
1051
2202
3332
1568
3932
305
4994
1608
1323
2501
2795
2343
1359
1042
4788
3412
3553
1584
170
895
1388
4822
907
71
2861
4405
3063
3174
1602
3924
1521
4522
2543
4555
2232
2345
3995
206
883
4416
113
4600
4041
4824
1971
2593
4189
3654
3680
3774
560
4109
870
1324
161
2641
1611
912
4767
3563
2933
518
3472
2156
1722
4164
1066
4160
4321
1833
662
4929
1967
4528
196
4357
158
19
4786
2125
2968
614
1582
522
1681
1402
1395
4286
298
3890
2880
3524
4946
861
3483
4174
1719
2288
4973
3657
3450
4983
1863
2863
1921
2696
891
2657
4950
4501
1293
542
3628
3332
3480
4532
4377
340
4509
3394
2887
3454
582
3575
3205
566
2632
1467
1227
1300
1599
2169
2307
75
2411
1493
4578
2974
3168
2959
4693
2354
2628
684
401
2500
866
1462
282
767
2819
72
2445
1042
292
1343
1626
3796
834
1288
3017
2637
3226
3634
3158
1234
4429
1136
654
4692
4641
590
4857
2990
643
3564
1850
1249
4807
1012
201
1766
3762
2652
3129
2208
2615
3665
3357
2659
3038
3272
2934
1205
2795
3282
3944
3583
4186
1083
395
4335
848
1159
4076
670
1396
3106
1563
4913
933
618
4944
2990
2181
988
1839
4893
403
1279
3266
4416
87
2928
1998
4833
3326
4707
1813
1046
4461
60
146
83
257
799
964
4037
125
2794
3913
3094
1038
4604
4908
722
880
1346
4226
3341
2188
4710
4117
2919
2025
3724
1683
1117
3798
3787
137
2012
3994
3372
4737
2260
1994
3211
1868
4856
2521
2647
2960
3982
1119
2711
4169
295
2536
802
2134
2484
325
43
427
978
3496
824
556
1197
4920
2749
4201
3613
2061
2642
4492
2582
1613
4150
3575
1290
2821
1998
4027
2979
1963
1174
2276
584
224
2698
1464
1502
2971
2769
1414
4672
1992
1943
835
4452
2704
1894
1847
4403
3778
3040
1158
2549
4327
4084
83
4159
908
2058
2607
3578
2648
68
2855
4321
124
3068
1748
679
3066
460
2043
1810
4550
3502
3612
128
1394
784
2264
4308
534
3235
1716
2805
4796
585
2547
4908
818
232
807
4720
112
2799
3032
2655
3377
2196
4925
1083
1686
4992
1806
2350
1886
784
357
948
2034
3721
2969
3780
2500
142
1506
826
4776
241
1411
2492
3667
1516
312
4167
1768
2666
193
3485
3761
256
295
3357
2331
3593
3076
2432
1794
2858
2119
3939
2147
2387
4388
2110
1273
4367
1586
927
2462
3544
4958
3332
1163
4345
1126
131
820
2522
4975
1624
2642
3602
1375
3523
1060
3500
1535
3186
528
2040
3808
4194
114
3444
479
3606
4183
1111
3659
714
100
523
1394
591
1119
2588
1163
2970
4335
1505
247
3139
680
1918
2705
2351
4454
1379
3604
2235
4787
1229
3740
1374
3491
1279
3700
2385
4556
3541
4215
3085
452
828
50
3945
3266
4281
2294
4719
4439
3517
2251
3002
4101
1145
3840
4991
1405
4476
944
3468
4391
4438
1902
3609
1490
296
81
2858
4171
3779
4362
4686
2610
513
3418
1255
3297
2044
4393
3702
4422
65
1273
4626
447
2943
2481
4165
4213
2058
1413
2483
2865
727
4979
2800
2754
4252
1472
597
1673
1486
233
1263
2484
837
3718
1668
4503
1464
1792
3330
1345
664
3236
406
3873
2364
4375
4030
809
3049
4001
1932
459
259
2254
1903
4185
2293
1823
4303
353
1425
1488
4469
1268
3892
3122
4277
1824
1697
40
4089
2483
4504
3527
2267
3984
3947
3583
3142
1286
1797
614
3466
219
2136
572
4018
2761
2177
4953
1923
247
1721
2978
572
896
667
682
1445
2960
4037
1277
2133
154
1957
1632
2932
702
361
52
2953
1776
435
2786
3785
2709
567
176
3469
2471
2763
681
454
1239
3810
1395
608
1929
924
3858
3504
3243
1342
4234
539
1736
3705
409
1125
1601
4594
4035
547
4651
2893
647
3909
1076
2423
551
1923
4646
1519
3941
4075
3718
2799
1840
1501
3158
2821
1750
1771
3518
4904
1780
688
4018
538
1592
4795
397
633
3911
16
947
3881
4651
515
1260
2
3900
1378
4068
2249
4944
3671
1719
3453
4909
1454
3914
3392
226
3057
1372
417
1734
4254
852
3586
2688
4337
3308
4867
1517
2667
2755
4922
4432
4423
4705
2756
1868
4197
3219
3109
2741
2389
3902
1584
3165
3481
1736
1075
2810
1839
2954
4611
4004
210
3369
1583
637
4940
236
2451
881
3986
672
1580
420
1148
2567
3426
3955
295
4736
511
4970
1233
2551
2547
21
4553
3837
3154
2114
4048
1506
466
332
2840
3511
2620
2282
3239
4208
4270
3390
4015
1494
2467
4602
86
4723
3656
4172
29
4711
3188
2618
3936
1351
3667
1648
1665
2837
775
4327
409
10
2148
479
4355
928
221
2541
2558
237
752
3792
1792
4745
1195
2429
2930
2160
2954
747
3948
4595
3495
3401
1325
2001
4300
227
4750
4539
2007
2355
3028
542
1338
3332
417
1569
4327
3849
1518
2037
869
332
4959
3508
929
4419
3955
3635
1723
957
1638
3145
1708
571
1325
1090
233
889
1501
1741
1519
3507
1664
4624
4659
2548
2013
325
4828
2490
3115
3030
3808
1126
3025
853
2951
2663
4005
710
472
3470
3512
893
2023
4388
4931
1620
3431
3111
520
3853
2073
1643
2294
2062
2353
3070
3354
2786
18
4852
279
4388
2718
2377
803
3390
3
429
4181
1655
261
3521
334
323
196
3616
1339
741
1242
2968
3148
4728
227
3864
4964
763
481
3939
318
3346
3939
435
1096
3713
2882
1609
2247
1244
2280
4097
3631
1425
2029
1674
4612
3855
183
2386
3642
3480
2581
2265
4429
354
728
1260
4750
987
2495
1162
2195
3114
413
1267
2666
4419
617
4372
425
1098
3202
1422
3397
2265
4997
2991
398
3068
1477
736
2323
386
2765
285
1527
2582
1060
1908
231
587
2966
4581
2510
2670
4203
4424
1512
2493
4431
1083
4775
246
2438
3770
725
2818
1649
2481
3879
3032
4088
510
3378
4949
1798
4177
3046
4897
3212
1573
2387
1430
4347
2904
979
4362
1154
4070
3046
1259
831
1004
3004
4938
454
3448
2659
2728
3012
4750
621
981
2470
2638
180
1975
4699
3849
3501
2991
1658
4353
4111
3704
2642
3696
2238
4585
876
785
4465
4066
4286
2571
3524
4459
3975
1364
506
4807
2539
4386
4130
3751
2898
3437
373
4100
9
496
1938
1308
4796
638
4326
4518
702
4753
3827
1952
2055
1229
3460
4837
2368
3275
1178
2613
2558
4250
4950
2412
2449
1888
4060
508
4384
3223
3400
1014
331
2346
159
3580
4477
3110
2597
3562
972
1798
3774
4907
301
630
3475
2088
4921
4025
1204
4395
2830
2334
1620
1018
3675
349
2749
166
3053
4352
769
4547
927
388
3346
4330
2105
3711
4823
4834
4783
3787
1899
4006
4980
3312
4091
3512
4356
3049
1484
4266
3851
508
1359
3781
4213
2261
3162
1283
3691
228
1413
1038
470
2258
3525
2076
1612
3779
3072
4474
2988
605
2606
1221
4527
1864
936
2671
4565
221
335
3254
2025
1016
548
761
4187
722
984
4876
4768
4679
1671
1740
2567
1519
4357
4844
2514
1784
2725
604
3679
4720
3154
4035
4387
1360
4372
323
2314
404
698
3067
3893
2751
998
4835
800
2003
3233
4312
3734
414
2259
3879
2540
4696
1607
1982
256
1121
4289
3886
4764
103
3421
3325
610
2509
1901
2440
1301
2328
1335
389
2529
4235
3265
4102
2169
2218
1858
282
4035
4731
678
3677
514
48
1813
992
1352
4681
3064
2771
2278
239
729
87
1609
1203
3391
2856
1002
3661
2555
2775
4659
1177
4410
1390
4281
4827
734
4733
642
2427
2363
970
181
1804
4228
3756
2048
3014
1999
2584
4089
155
228
540
1109
1303
1373
4793
3591
272
2994
1495
838
4341
2820
2016
4541
2251
347
4902
3112
2435
2407
4024
1560
3431
543
223
2715
4251
4690
248
691
2136
1280
2378
2233
4923
3227
366
2110
1261
511
2447
3646
4283
4372
2287
2497
3302
340
3993
4463
2877
1021
2725
4576
14
2068
4061
3061
3163
2516
4727
1254
1273
1162
2091
217
4732
318
196
1603
4543
3744
4307
1655
592
1468
3687
4984
2439
3116
2905
2581
3102
4441
2892
3256
2780
4158
3594
2138
1044
3273
3521
3255
2531
2070
1556
3961
1047
369
1006
4740
2258
3584
4881
1941
1510
307
2140
624
4026
3297
4020
3380
4667
2408
729
4525
3270
4857
121
4158
1473
1645
1634
3305
3057
2728
4881
669
4454
2609
1560
1331
379
314
1971
3245
3602
1427
4435
4674
1525
109
2380
4610
3222
141
1241
1675
4655
1864
1928
3702
3390
4821
3487
2777
64
604
3157
4458
1071
3985
3886
1812
30
1748
2742
505
3153
1728
3783
1893
3441
2118
2174
602
4485
1485
2591
541
2164
1288
4449
1733
1279
893
947
2059
844
4541
1646
3866
4676
4093
3653
4213
1934
408
1910
1399
3013
2887
3484
4747
2996
166
4262
1712
2866
2363
783
4136
1193
1614
2352
470
488
1864
4715
4474
2408
4889
398
3339
1891
2810
1775
79
2296
4139
3295
3714
2131
827
2431
1928
1714
3602
4407
1881
2427
940
2710
3504
2633
3100
1019
1367
1957
922
882
2075
4616
1339
2314
4144
582
3651
3419
2545
4511
354
1556
1206
1472
240
1827
2098
3078
1198
4318
4655
3602
4443
2502
3385
3720
4159
1284
3420
1010
1487
4620
1634
1577
4078
1397
4133
4147
2949
1338
1053
3944
3983
4587
3815
3022
1923
764
1291
3893
3462
2575
2336
2253
2156
3142
1934
3267
51
4528
4455
3923
1469
269
1842
183
3192
3981
3422
2541
1923
4858
2280
142
2847
270
4193
3307
159
54
4080
4634
3166
254
751
1375
4796
2847
1603
2414
3020
83
1405
724
2941
3145
4081
1917
4075
3260
1616
127
1585
2654
4198
638
1726
2418
4001
3353
3049
4102
2044
4802
1577
775
800
4187
4390
4303
710
4892
2582
2041
4091
3065
685
2341
3040
2207
4748
1391
4061
2167
412
4410
2554
4891
2367
130
1922
3446
460
2511
2884
4689
485
925
4407
2591
2966
960
1417
4033
3069
2565
1508
622
1552
2412
253
4938
4591
1658
3835
288
1199
4931
4681
4410
3680
4700
1984
2165
868
1365
3068
1074
1277
1645
760
1998
4857
1713
1928
2939
3620
421
3108
1623
2283
1187
3140
4914
920
1440
2221
2542
1631
4827
718
2071
564
1570
4007
617
1358
1133
4895
689
2236
3507
3719
3828
1459
4403
913
163
3673
187
2991
1904
857
4980
4665
482
2931
4847
863
2036
919
2312
4334
445
4686
785
3947
4072
29
2482
2506
979
879
4659
1937
324
1494
412
3150
1552
358
3860
849
1741
2646
2765
1087
999
1596
4129
4301
4208
27
622
3285
960
2140
1268
2184
389
3046
3184
1360
259
3283
2649
3257
3796
4961
1319
4987
1363
3697
3675
1358
3099
1991
1266
43
2028
4223
3723
3107
4021
3504
2896
1639
4493
1688
2521
3595
2355
3964
1171
1255
2470
2506
3712
4939
3583
3109
1640
3318
899
1940
2726
1675
2228
3447
1837
241
102
4559
2945
3478
863
306
114
4135
904
303
4738
158
192
4180
3680
3217
3752
3065
405
3291
1225
352
812
3545
3585
524
1391
4139
2813
4939
980
4316
1032
4322
4958
1888
2146
4467
824
858
540
4701
3644
223
1607
1065
2418
4530
244
1388
3588
4533
118
1669
3670
3240
4988
3061
1971
2618
1226
2342
3450
4121
3191
1618
343
2559
4474
3825
3110
4043
1853
2590
3747
841
540
1279
485
1287
951
4487
2217
885
4186
3697
50
2497
3206
939
485
2172
4624
2861
75
1876
3119
4980
992
1870
275
3992
2537
3847
2337
734
1307
408
2235
11
3837
4884
2364
3798
3967
1664
2929
2391
716
4686
2563
2130
859
1005
2505
1059
2100
2528
4619
109
1845
2753
3609
1859
1668
3010
1641
3137
1135
4376
3224
3096
1263
3877
1264
3588
4075
1360
3319
2484
1873
1899
264
622
735
3569
2467
2460
4008
1442
2479
3167
530
4812
2128
1526
1228
4664
2891
227
2700
2086
4527
1418
2678
1541
3334
1295
4473
4491
648
2035
1948
2685
4984
3042
86
3941
2656
3861
43
2757
1976
1791
1450
1996
1860
702
2707
1204
4291
4919
3710
852
4355
4134
3103
3793
898
665
2621
1612
2576
792
4257
4592
3968
2796
228
2771
4237
3377
1506
3207
3002
3057
3466
3827
569
3174
2615
3194
940
1979
3409
4824
3498
3639
2252
1053
658
1832
1451
3455
4555
4872
4109
1048
2060
575
93
3161
151
572
1927
2953
4976
233
1206
3247
2459
3106
1947
3928
3171
609
2944
1501
1151
4490
3051
4932
2176
950
486
2993
2917
3894
1507
880
4111
3606
1964
1330
769
3899
600
410
1790
1235
914
3011
2806
3111
1636
4296
92
3991
4505
2079
727
3938
3871
4403
2440
1360
1595
1972
155
919
4519
3653
3102
2222
2710
4986
2070
2810
2225
148
777
1530
2098
995
4879
3329
4293
1686
185
4343
230
4994
3276
604
3749
1253
639
4315
3214
1862
1639
118
4189
219
3396
4348
4479
1901
3548
1771
1388
3716
765
508
193
2171
1376
1858
3690
2304
4289
4398
4076
1938
1963
3819
2400
23
4008
2577
3795
3729
2238
3320
1466
29
117
826
2243
1592
1333
2477
3447
29
3749
3107
4492
23
3566
1328
4591
2920
3046
1288
214
3300
3616
4219
4844
2357
784
4534
2781
1587
2484
511
1209
16
1087
557
2566
445
2815
377
2125
21
3766
4637
4383
3284
3053
871
4505
2939
4724
1841
1146
1203
4847
3377
13
298
2747
2000
2697
1559
2878
2050
2678
3471
1507
3233
2995
3602
2957
1581
1755
1269
3971
4780
4502
4684
2722
3290
1603
4948
4936
2997
1530
1970
508
2664
4911
3876
4996
2
2692
3570
4502
2530
1158
2791
400
3770
2959
2042
2922
4077
4756
540
4569
4917
4548
3397
3015
3581
4153
1936
774
3632
1731
2951
4700
341
4927
4644
191
2432
615
2502
1961
829
3892
1148
727
2043
1766
2777
4052
4851
236
4004
2059
2212
3958
2602
1857
349
175
1235
4961
1502
1545
3766
465
3283
3881
2577
2857
1573
617
4177
3036
583
3916
3154
1679
138
1756
3027
2790
1214
2295
498
4870
3085
704
207
37
3165
498
1888
3197
243
4583
4209
3112
2062
1983
2429
446
3079
3324
1613
2417
1707
3202
396
2753
562
316
1429
1908
4079
3097
2745
1661
212
894
3473
1453
2290
2445
2804
1391
2434
4731
3469
2093
3243
4479
1285
3801
1456
4781
3536
4054
189
3291
430
4724
2662
1107
4169
2146
332
1183
798
2773
1077
2627
1250
1663
2167
980
402
4731
1240
1367
2223
3805
3677
900
2340
2343
4374
3792
2093
3517
1090
3754
3350
3626
548
3333
2341
1627
3505
4420
741
2994
1124
2693
128
2637
4448
2780
2328
828
946
4776
1986
2946
3497
2298
399
2707
1531
1257
4296
204
349
3275
3286
4327
2038
222
36
565
2304
1437
73
302
2517
3590
4541
285
330
3296
2952
1871
4714
3689
3418
2098
4218
2742
3074
3329
4516
1156
4030
3333
1154
4914
3307
496
4401
1370
954
1571
3688
3229
247
2160
75
2451
3623
2369
528
1212
3718
31
2061
1536
3923
3503
2300
3250
1400
319
1765
2988
3593
486
4526
212
1600
4833
305
2532
3051
4721
3370
824
3587
3714
3892
2992
4593
543
1455
1300
3263
4049
1383
4287
3385
1239
4708
4181
4934
4270
42
4918
943
3457
405
2196
2938
829
2850
633
3459
4171
1828
2306
2768
3681
66
2600
3424
2242
386
3853
743
3256
716
2675
3384
3012
1813
1808
3840
669
2655
1206
3635
2724
249
343
485
3848
1224
2165
1983
3709
1794
3599
4811
128
3810
2328
1638
877
349
2514
3810
4129
2736
1288
4421
460
1636
249
4641
4750
671
751
353
42
552
1199
180
3735
1791
3156
1217
899
3943
3204
208
3115
3632
3092
1609
894
4669
1799
2091
2800
1639
4330
2562
3537
740
3395
2022
3725
872
1279
4549
2359
4214
1090
3580
4982
3451
3345
1471
3122
23
3804
4802
4127
464
592
1763
4640
4213
1257
855
4815
77
684
45
1777
1338
3130
4699
1991
3053
3280
259
1694
4310
2059
1513
4648
2615
706
1620
316
2823
532
990
3176
3406
1848
4346
1935
4426
1075
1401
3973
2565
1331
3001
3974
2344
1746
2467
4231
3121
2303
439
2149
2356
3671
4838
2970
33
3281
3692
438
1282
2174
4248
401
4062
175
3905
4694
471
2569
4471
564
4485
3899
3546
4462
2589
2272
4491
3802
4193
4240
1126
2879
37
3865
80
2127
467
427
2979
4452
1092
3376
2219
879
1012
1114
1164
4531
1216
1063
2674
1120
2831
3752
477
3628
4730
423
119
236
370
3422
2707
1440
2188
2965
3107
1348
1115
2851
1470
1738
4498
3558
76
277
3004
3277
1272
3241
1866
1226
817
278
4984
2493
2844
2724
517
3524
122
3504
4326
2903
2834
4452
3654
1335
2146
2468
1395
3278
2623
3684
175
882
2087
4128
1746
3796
4599
860
1249
3573
3070
2658
3285
2191
381
4401
1626
1049
3577
3754
2178
2005
1983
4038
638
4652
330
1700
4312
505
1356
2159
3664
4706
271
243
1249
4098
2455
2832
1935
2484
334
1991
4384
667
1803
1057
1964
1604
576
2807
4866
653
2950
236
2280
3359
4335
223
4598
1910
1312
349
584
497
2505
2043
2999
2581
346
2169
4074
3092
676
3378
3590
202
1722
2143
4079
3000
3946
179
1402
26
4219
3361
4969
4204
2956
450
2481
4233
3567
3483
2700
1219
9
1788
3614
4367
622
2891
3814
623
1437
1030
1563
2323
1918
2399
2568
122
3844
2217
2693
938
3747
1273
2156
143
966
4633
181
512
2749
2734
1766
4965
3338
664
763
4444
86
3050
30
3083
357
4959
315
1400
4739
3773
1586
4413
129
2654
3993
4479
2560
376
686
4493
2369
2103
4974
4997
942
4128
285
1754
2353
4318
3610
3706
4567
3090
1590
164
1888
4635
3193
807
4101
2597
3417
4925
4910
3029
4401
4318
2296
4626
866
2633
3120
2784
4040
3165
1175
1871
571
2398
3209
512
2583
659
1699
2031
4275
2660
2529
2395
3763
3714
4025
2339
2498
454
447
4123
1344
1931
4846
3276
1980
3367
3120
2985
1286
3356
3410
3149
1548
4902
807
2362
1382
1045
4312
4397
4992
3529
2420
2486
4204
4141
2602
2147
4145
4181
4648
4019
1988
4297
2422
3512
4785
1484
2797
4758
142
4982
1757
3704
4804
4556
4207
1409
2771
418
2024
1320
2001
2815
1239
381
3831
2782
668
2729
1977
3453
3276
4474
2447
3998
957
355
924
4027
4778
3482
82
1886
2011
4754
3368
3462
1837
313
4850
46
4393
628
4859
848
884
4903
2266
2943
907
3433
3158
1666
4624
2155
286
548
4861
1577
962
4656
1100
2665
4128
513
8
409
2988
4688
1276
925
703
367
2550
574
2946
4506
3824
214
3127
4509
3547
1255
980
2992
1023
1707
765
3192
4308
2046
1222
4423
94
4544
3722
2283
2889
4543
1946
3556
3705
4562
1637
4103
1291
4024
1008
4440
2286
2902
4139
2076
3840
1991
3912
4612
3231
1517
3536
3453
92
3094
1668
4157
981
3971
525
4424
4000
2626
3384
1280
631
4667
2450
3707
1293
2519
1531
3070
1347
3004
4242
696
4247
77
4286
3273
1649
4014
4979
3865
3851
86
3689
2573
973
3101
1405
4604
3955
4493
1282
719
3115
3309
1632
3591
1774
3623
1823
2737
571
2811
632
796
4346
4221
1560
2875
1372
1778
1930
4974
3972
1232
936
4923
898
595
1822
4426
2900
3419
1523
4078
2737
195
1844
2903
4772
4493
4687
4484
2249
3808
3345
173
3287
1723
4412
4623
2170
2364
1865
2177
2804
961
3182
4668
4815
3096
3228
3487
2185
610
3511
4488
1413
930
739
4982
4322
4555
4351
243
4138
3559
2473
1639
2945
1828
510
4552
4600
4352
1364
14
2797
1014
4582
1626
1673
1225
1155
1071
4125
4221
4163
65
4842
3197
3399
3305
2252
2238
3684
4298
1498
3963
4684
2206
100
2634
2409
4034
2945
2107
2382
217
173
553
1844
2211
3251
3665
2854
1926
220
1504
562
373
212
4609
2021
1276
3886
4459
2073
2742
1332
3112
4797
1574
1213
3114
1137
3729
2386
4057
3157
997
1702
360
1677
4379
1034
4541
3203
1567
3291
1022
4585
4544
2537
521
2081
1339
4948
972
2427
730
1469
4332
4650
802
142
4913
3603
3906
711
1445
3267
1847
4958
1573
1917
2773
4778
2408
2988
4719
3188
4213
779
2215
2131
4178
871
3346
2435
3783
2765
3674
4952
1240
789
4879
1301
1137
3226
1576
1139
732
629
523
200
4334
2750
3180
1359
239
463
3690
3189
1200
4732
709
1007
4935
3874
4948
741
1006
4355
4067
2923
3522
812
3585
748
4935
4267
3055
3747
1745
2648
2301
2208
4213
2158
4887
3964
1742
2982
3660
2665
3251
233
2743
3776
573
2032
4486
0
3087
794
3464
4160
1422
4345
3012
833
3176
2209
4156
2595
3665
1998
1416
515
1248
4969
3279
2917
4896
3262
481
3676
4362
973
4840
171
4576
1972
2660
1967
636
3909
4285
2707
4719
1449
3339
3311
3686
545
4578
4031
4999
2516
2202
4987
1761
722
2522
2792
3585
3427
1868
1546
553
637
3692
1004
203
3889
4938
286
2867
2217
2183
3513
4898
3240
2011
2771
3823
4021
1157
10
4504
126
797
2238
2790
277
3203
2503
4814
153
3274
2063
4516
1180
4047
4110
3178
100
3155
193
4943
4721
4576
1558
4906
58
4649
423
837
2884
4089
1520
2855
4816
1277
2663
2538
2863
2622
4807
3891
180
1743
1312
4455
4775
4541
494
1578
2722
4204
2596
3627
4433
1646
3998
2644
3619
2302
4016
870
3575
531
4319
4449
2245
2768
2489
3304
3755
1000
1611
603
3808
2279
2127
1390
552
2355
4920
4871
5
1153
4892
1853
198
2548
1332
284
767
3617
1763
2852
3140
3062
3953
2249
331
3265
1051
3278
1989
452
3688
2675
649
1533
4130
4709
1238
812
1831
4212
3818
4158
4268
2936
1219
2199
4293
4892
2689
4812
4811
1573
1439
2286
266
1284
180
3907
1990
1743
466
982
1074
1310
3235
1431
788
4016
1874
3509
3832
1358
245
2863
40
63
1781
170
1925
1371
3311
1740
772
1060
3947
2536
3488
726
1062
4147
767
4783
4734
3147
3404
4144
2473
1463
2353
3692
3442
2328
495
312
4442
887
4420
4616
3263
2041
919
4395
979
301
3218
4420
484
359
4388
562
1891
1420
4211
1417
2811
4901
2827
2175
4201
385
4885
1987
2218
3339
4727
1647
2797
1395
964
4630
4461
3144
4384
784
683
2043
3177
763
4527
983
2381
372
4584
3476
13
1995
992
4586
371
316
4341
4419
3389
4594
373
634
4469
910
289
2863
4564
3037
4204
4892
2683
2359
2265
3658
3230
1812
1687
2284
4853
937
2986
4925
1920
128
2438
1870
1775
3830
4218
2015
1035
2749
3671
3991
3837
3762
28
4575
2768
3473
1864
2144
1005
2332
522
1125
1972
1547
1888
2547
513
2133
1899
3492
2987
2420
4059
2939
4484
3375
956
2963
4669
2696
941
432
4466
2086
1224
2318
4181
4662
2459
1680
354
3538
4947
1401
4190
4059
303
3431
3437
291
624
613
3695
2147
2123
951
862
931
1551
2168
2878
1448
3218
3112
2785
887
4883
2994
4006
328
883
4545
1213
3854
942
234
1818
2266
4279
4028
3828
1567
1317
1324
2201
3969
3848
189
1344
2055
2567
2781
754
2551
3442
2883
3301
216
4151
4293
2207
4035
436
4494
1580
3043
151
4155
4779
243
1197
662
1779
590
909
2964
3102
3410
3153
610
4631
3590
1616
1285
1813
1803
290
310
4708
4366
218
1940
980
779
2649
4779
2536
845
4148
2378
3022
1418
3796
1298
1390
524
1374
4523
72
4258
2903
4209
1870
829
406
4227
123
2966
4446
3460
4296
1373
2334
4834
377
2692
1422
3332
3736
1906
2640
4625
1149
1331
489
2987
184
3132
2323
739
2981
4381
3088
830
2067
3368
1869
3684
1073
1549
4824
4521
469
2208
2568
3573
539
3794
3984
4118
4662
1123
3687
3869
4238
3010
1255
814
646
539
63
2792
4408
279
2792
2277
944
4466
3856
1652
1402
3717
2774
2474
1528
3395
1444
519
1540
1969
1034
1348
2967
4367
4380
4594
435
4211
2706
4341
3403
228
3584
4160
509
3828
4025
738
2921
3695
1381
2767
577
16
284
529
3365
4315
1014
141
1202
3229
192
682
886
4327
3941
2723
970
4162
1439
1502
4012
4980
1456
757
3177
3576
1538
3754
1955
2148
3662
4064
2380
3708
3869
3812
3304
1172
2057
2122
2936
4554
1335
716
3320
2018
3628
2022
1126
4339
609
4580
1261
2271
3908
1788
1950
4991
12
3496
1842
3637
2553
364
3239
4035
301
4919
3516
4169
3715
4868
4130
2132
3347
103
345
706
4606
3917
924
1042
740
4452
962
4271
1760
2049
1410
4038
4541
4889
4570
1693
4160
3991
4012
2211
1945
124
3694
2831
4415
4077
4572
4656
998
2942
3148
211
1680
3924
2990
1595
517
2865
3966
1651
2696
4120
1839
4703
2953
1152
2062
2025
1160
117
3936
1935
412
1713
4521
3585
2656
3346
4186
3776
1895
2766
2638
4738
1204
1369
1209
2346
584
271
2374
3509
2232
4717
907
4191
3298
73
3395
3604
4125
4554
312
4794
1179
1897
122
4547
2204
4559
2033
2729
3951
2369
1475
4026
127
1647
1026
2051
2608
3994
501
297
1076
2691
2673
1379
903
2704
812
4266
1243
2705
3999
1682
1929
1913
4957
3515
2949
3008
4211
3192
2532
1829
4182
208
3133
25
524
3411
3241
2359
1208
4508
3944
3079
2614
4285
977
4953
1622
3465
2182
967
120
442
98
3116
1325
4506
1848
416
4382
2879
3121
1957
3924
2448
2673
156
3163
3764
4823
4560
2523
4066
2600
501
1860
2442
4982
377
3485
1546
4682
4696
4705
350
4555
4198
3744
1575
1161
2284
77
4619
2171
1758
4121
2949
473
1956
3587
163
3023
4332
3682
2006
1167
4960
4089
2999
3370
3979
4229
3764
10
2679
3294
2009
1479
2699
3927
3996
3652
2192
2444
2113
501
3210
912
3324
2736
3252
3736
3604
1885
4756
4168
2100
1611
646
3231
3070
2608
3564
465
401
1556
3306
3593
3137
3971
3991
761
3189
3741
4608
4080
275
4748
463
1686
3680
1289
1617
143
468
684
4174
409
2121
2430
4425
4116
2997
1700
3038
4382
1221
2690
3051
232
4761
3970
3207
4112
1431
3320
472
4883
2807
4067
1889
4991
2605
3970
3336
714
2581
1432
1757
3179
2105
4285
3158
4875
3678
2579
2327
2575
3205
1954
4367
725
1957
2088
1398
801
125
3521
