334
669
24
526
256
334
149
589
830
691
58
846
507
531
959
46
427
75
407
900
991
242
59
284
935
949
892
945
722
153
988
967
533
496
289
69
350
690
631
881
907
284
553
846
916
814
244
241
66
95
568
569
522
411
804
821
26
860
349
263
583
390
554
862
665
4
415
705
435
905
76
951
787
49
242
332
738
854
137
246
48
542
553
926
887
9
787
305
194
672
970
94
259
657
100
922
398
871
895
879
101
62
106
763
816
549
769
357
384
780
932
986
601
293
509
709
986
127
916
30
562
573
537
673
289
429
204
55
632
564
172
162
198
134
275
953
416
196
755
948
931
414
31
521
249
432
744
492
990
770
595
310
854
350
891
892
278
742
304
721
355
862
891
486
186
765
140
93
45
929
179
325
903
296
232
663
941
643
279
399
272
901
75
838
931
681
326
324
93
873
378
899
564
875
847
47
519
54
234
714
277
218
46
964
447
398
857
567
335
547
830
536
132
181
706
945
507
649
325
60
963
610
983
466
957
982
229
890
639
37
455
85
515
426
487
965
280
482
687
366
189
282
751
429
93
477
786
421
916
306
845
248
348
604
707
539
588
683
192
290
22
464
728
226
595
445
554
437
542
723
150
832
194
93
416
329
984
66
489
404
881
760
897
669
20
907
323
391
228
22
908
691
649
392
705
381
554
159
636
256
420
667
954
561
970
624
917
472
65
199
217
483
206
895
485
62
678
461
824
701
857
506
190
34
996
667
341
193
626
524
616
64
111
478
927
948
161
456
537
991
531
417
551
462
959
731
30
679
351
539
465
431
463
773
105
337
979
749
98
227
545
312
771
539
291
625
353
151
979
703
200
753
699
172
872
329
384
8
144
236
938
971
265
731
851
818
353
214
841
657
659
191
346
991
0
540
291
207
812
260
557
155
351
746
284
955
102
303
957
58
765
314
820
553
868
603
223
605
691
101
571
612
811
209
953
453
683
695
28
789
867
632
449
526
609
871
419
274
822
973
3
309
19
524
497
232
341
235
425
18
523
472
500
97
720
93
514
990
985
593
377
983
668
374
133
902
818
258
876
598
164
327
973
725
246
646
644
661
802
513
956
597
723
557
378
85
484
14
201
63
893
980
616
664
169
636
876
293
335
777
971
91
427
817
638
823
569
236
666
996
685
535
236
730
41
551
734
443
796
937
75
610
780
167
362
869
904
164
434
681
580
472
915
260
409
151
780
325
8
683
679
359
11
266
405
701
489
979
559
984
404
226
226
620
217
667
110
801
795
499
68
524
28
833
609
157
929
396
843
452
944
550
622
133
481
190
668
66
790
444
487
864
152
237
692
425
664
222
974
464
983
549
12
572
563
10
288
788
662
293
253
384
884
370
340
680
801
743
523
238
580
990
131
158
532
973
532
14
190
651
959
688
992
741
288
508
157
606
741
66
989
230
488
766
65
313
197
604
480
568
432
987
72
149
574
662
108
79
438
13
694
614
629
842
498
968
74
63
39
898
900
285
443
890
150
792
169
665
956
614
218
30
590
46
357
190
582
885
564
895
806
99
293
379
291
365
369
51
128
491
469
457
537
481
522
695
21
931
475
525
30
338
578
253
617
795
528
811
284
839
976
849
337
669
262
199
54
970
265
935
117
755
241
487
799
474
999
375
544
764
113
314
327
563
910
529
709
751
844
635
807
671
427
969
505
285
549
525
817
728
29
939
885
715
986
864
443
122
702
695
395
29
407
915
242
77
193
790
462
324
957
895
425
337
539
562
692
744
679
242
65
472
107
498
45
678
705
945
440
240
435
899
138
740
793
396
196
229
190
559
400
31
480
877
143
818
818
241
405
915
40
88
834
617
581
367
199
130
116
724
619
606
674
358
906
275
996
297
889
87
363
857
936
845
536
144
564
374
925
354
104
192
858
157
15
173
185
799
737
290
63
712
640
880
103
246
629
472
788
326
228
78
362
992
921
472
26
972
181
400
169
593
305
29
563
709
357
0
449
702
662
498
892
262
930
195
277
997
185
637
876
680
34
471
656
952
687
541
281
286
254
213
504
994
860
428
775
930
392
735
362
423
586
22
506
868
902
714
18
728
89
152
40
826
415
925
962
332
382
601
897
160
922
600
823
240
646
923
385
370
708
182
520
575
873
42
658
205
312
282
40
162
865
995
324
393
622
405
394
921
738
190
791
817
334
374
986
304
889
53
973
88
796
384
191
187
239
578
754
5
715
207
21
921
853
620
125
448
228
458
317
115
839
970
246
178
118
266
12
614
