6657
7556
7334
3210
1182
5459
8683
2527
8631
7830
9369
3136
4657
160
1386
6648
6199
2493
6817
9768
8827
491
7045
5776
5975
9750
9192
1354
9903
140
856
8961
1701
5087
1377
7487
5591
4809
9148
3683
57
7305
9433
7457
3179
7355
5892
4564
5976
9782
3287
463
6666
8335
6252
2945
108
187
8253
7142
7598
5538
1546
8474
2543
2687
7670
5704
682
260
5087
9153
5823
9130
6264
9513
6396
8982
8724
3419
9416
3191
6321
1932
4173
3915
3663
6941
9903
5505
5548
5146
1069
3642
8365
5183
9203
1497
6859
7306
5641
4697
6343
2876
3484
6494
1739
2345
1223
3347
2463
8016
4974
5458
4757
3348
7142
9491
34
7736
7108
3836
3737
4745
2177
694
1765
4373
2423
6528
3890
7865
8394
5085
7657
6120
2085
2136
1638
3624
9072
6136
3576
2679
7292
6382
6165
315
3163
203
4215
1478
2959
207
2135
5208
4397
8556
9700
3230
6364
6553
4864
8825
160
1538
6264
2250
2446
669
9054
4233
7484
5367
5988
8308
2135
6461
326
6836
2719
1991
8149
7948
2099
9214
6460
4363
7812
4414
2641
337
6697
6711
8185
5133
4975
4141
5080
2453
4699
3536
1269
3039
7517
5910
3990
2460
306
3923
3324
3253
8870
2763
7277
6493
2644
5022
1754
1270
9837
8258
589
8015
6688
5663
4290
9067
5867
3795
5054
9917
2751
9510
2496
4127
2377
1719
5122
3202
2258
5573
1259
1280
2613
7435
1173
4845
8936
1331
455
5228
9961
8043
9230
7742
6790
3572
9677
53
8569
1623
2973
5094
2478
1346
1714
8317
9091
1152
3213
7754
9931
199
8103
6906
1406
6347
9585
2641
5841
5840
933
7154
1053
1548
1608
177
8591
9227
7758
7983
3771
2540
6810
2117
494
9865
8385
797
4127
5540
570
1257
9280
5676
8708
3094
4199
1199
5044
9707
9395
89
3065
684
8334
651
4462
12
9678
695
1179
2527
7863
4680
40
8061
9217
5134
7728
3042
8417
8950
1149
2210
1798
2281
7718
8586
1507
4235
4546
9186
3588
2163
5095
366
2318
8635
5508
1924
856
9581
4727
2279
7616
957
2556
658
8187
486
226
7201
5373
6748
4763
4393
1313
8881
8225
24
5637
6019
6848
3399
7942
50
227
4988
131
4255
8206
267
6160
832
6885
1805
4298
1217
680
745
2498
6340
7053
4766
7495
7097
376
2627
7076
4393
5384
2069
6788
3627
3425
6448
6781
5161
8289
7049
1856
9101
6401
952
5355
5077
1979
4739
2553
2871
7299
9380
984
1453
5251
1357
1380
8561
9622
7842
244
228
6129
8133
9409
135
5049
6032
4703
6637
645
8314
665
6168
9281
6108
3565
5568
5547
4909
5185
9282
270
9834
9905
7621
3305
6737
7671
4296
7532
9644
6645
6247
2078
5452
5265
4652
8381
6331
78
1089
4771
1507
2451
5252
6209
8109
3514
9668
3963
6225
8119
4072
1775
6940
9090
6271
2819
9056
8468
3154
3467
9941
9418
4997
3956
8893
4057
812
2640
1189
9358
3258
190
8088
304
3333
3637
8270
7605
1174
2685
8689
1261
4796
6890
2144
8847
4047
710
7964
1567
5746
7513
4063
5112
1219
151
7341
4379
8524
71
1059
2116
3867
6908
4876
4726
8127
7426
9491
2611
2585
1462
1426
3193
3618
4978
3337
412
6635
2788
3850
6748
5406
1545
3904
6003
580
7595
7056
5901
4305
8245
3768
5940
4745
4255
3109
3272
7446
9003
2640
551
1041
7354
1832
9870
61
3835
9307
7164
628
4337
7709
527
4233
4928
7595
7758
7325
6916
4778
3634
4733
7919
121
3954
6680
3997
5525
3225
3614
3284
8634
9478
4211
7405
1735
7280
3331
5834
5466
4788
944
1139
6187
381
6743
8417
3093
1438
9265
2614
4158
1663
9445
9207
488
1249
1707
5736
6704
9120
8283
7730
2500
2212
7011
9011
8738
1636
6023
2226
539
312
2627
1133
9142
7432
5772
5521
9121
2727
8165
3733
9362
3558
9134
3188
7179
2998
6374
9285
6844
7870
8529
4104
4083
516
5700
3712
8222
1756
9981
9447
2641
219
1840
179
9683
3078
7996
8419
7315
5500
4637
7925
4568
3884
3898
1000
501
8773
3086
5688
7147
8760
3476
6779
5193
2636
5387
5975
6063
8990
3545
7230
5504
6498
4908
9272
246
5962
635
2155
7263
6146
9372
6825
7941
1110
1199
7431
7899
4081
4183
1557
1235
5507
312
4686
7052
2621
6795
8926
1881
5676
2015
8715
2205
3520
8298
9633
3026
1000
1422
3518
7210
8700
6182
4823
1628
2551
6863
5653
1376
7983
9636
6656
4518
2353
5425
630
3359
7614
1033
2359
303
7500
2899
608
5387
1098
5839
1011
1053
5237
9879
9007
6710
9792
432
9137
563
7763
3936
87
6920
2514
8297
1149
9720
2248
3987
1670
3527
8673
4440
9592
9239
4385
9097
6980
3230
1076
1342
5968
8073
9267
8091
1139
7785
8992
3870
6941
2012
6926
1748
1232
583
2783
4651
5151
239
7163
8306
6738
7079
7802
4269
5651
627
8927
6869
6056
155
6450
3052
221
27
8200
7374
2077
7079
9792
2963
5677
8396
4844
8369
6053
1970
634
5470
1596
6941
7791
8275
863
5507
2991
3372
7005
2664
4315
4315
530
308
7671
8909
718
8982
7494
5380
3714
1923
6933
8228
2054
1799
9938
4217
1145
4251
3575
1029
8694
5639
9974
5992
8384
5167
6866
4088
6282
4633
5191
5712
7222
2399
7016
8228
7063
416
7139
3570
612
8353
1651
4356
9900
7152
3442
8930
7809
6313
5385
8117
4771
5169
2277
4374
6426
7760
5000
2901
5822
6860
4361
1766
2134
1776
9064
8789
684
9435
2722
5242
2922
2085
574
9448
211
5356
5362
2223
1792
5885
7525
4769
8229
2495
2177
1698
2895
905
660
520
8925
2195
9732
4786
6632
8313
1132
1973
2753
7516
2952
7457
1333
7923
1593
579
9119
4128
2517
3412
5754
6573
3982
5982
6113
6660
7853
8366
7318
5358
3803
8388
3579
3699
7100
9768
3600
5328
9000
5320
2681
887
6775
812
2011
2000
5145
2938
9124
7837
511
2228
8292
3292
7865
3855
635
6117
5901
1375
6321
563
8144
4143
6588
2912
4117
1340
6481
4168
9760
5841
1594
3200
3429
1341
4384
1503
8001
6240
7173
5210
6980
1941
2977
7822
1434
7769
1592
2198
9237
7354
3716
8605
2729
794
3827
8781
5507
275
191
2662
9959
6036
9206
3370
3716
3802
2679
2901
7062
9306
9656
4938
6056
9178
8422
3720
3284
9935
6617
427
2681
6129
2531
3791
9560
4859
2790
6368
2171
1263
3023
6412
5457
2678
2035
8650
7994
9093
3844
5636
4588
7323
1664
4688
336
9703
9302
9581
9916
38
1109
8920
7918
42
5283
6989
6673
9974
3831
8907
8831
9317
1364
7728
2932
59
6771
1924
1738
7396
3804
1618
3558
9032
2096
9921
7839
2784
4757
4369
1750
4434
447
6512
5062
135
7016
1132
106
6878
1132
8707
1109
2154
3651
9974
2146
7766
523
7068
3224
7337
7394
3955
5417
6724
333
1377
4584
8681
584
8264
6229
7957
5531
6088
3735
8222
357
7695
3877
1464
3175
8699
5600
9184
3359
5088
8112
4812
3391
4757
2441
2762
4746
4057
4985
4276
5227
6147
2161
5669
434
9351
1726
294
620
1284
740
289
4158
3530
6294
1079
237
121
7492
7437
7709
6532
3073
48
1683
8229
5759
4585
2297
8938
7194
3404
8239
7421
94
9370
7288
5825
7589
2375
9080
4744
9009
2950
1447
8673
1442
1600
2338
6255
4965
1507
5407
1749
1082
3527
6043
1374
1840
4716
5779
1465
9791
3487
9019
4977
2129
7835
4877
6618
1470
6268
6833
7047
4098
3248
1909
6265
6045
6406
9610
6898
184
3016
9980
7352
639
1444
6699
3013
6943
597
7706
810
3404
6914
8660
4484
6511
6236
2902
4967
9964
6043
6428
3542
1004
5970
7196
5333
6235
3422
6777
646
8831
7742
501
4639
8035
1900
2679
1741
4176
9114
1444
6674
4999
568
8221
3769
1117
4738
8677
4858
7475
7653
7054
2793
417
1490
1839
7449
8623
9467
7347
9790
832
3211
496
7968
7947
2610
2611
5196
1207
8286
4357
180
4786
6613
332
8022
1630
7599
9745
9610
2041
1568
4217
4692
7063
9475
7810
8138
5870
9970
972
5744
7726
2193
9777
4271
6491
2011
4210
1652
4744
2101
4704
308
8546
3070
7828
4669
7286
2760
8443
3192
7488
6176
5378
6539
2881
9352
4681
9323
2907
5047
1463
2478
5949
182
7147
4606
2342
5963
7930
5098
7943
3010
7753
646
9754
2615
5592
4355
8713
7377
153
986
2684
3112
3485
8913
9715
4887
9786
2064
9548
1069
7034
7789
1105
3373
5106
9443
5985
2565
2941
2769
4585
8507
7397
735
639
3187
2958
1724
9819
1822
2559
1651
4290
3373
7277
8443
3073
5507
5862
7629
2802
3880
4839
817
974
2505
4603
7041
6895
8669
112
7791
769
899
6039
8674
8581
343
2136
412
3536
3283
3168
4519
8486
9810
5848
5901
7279
7152
467
8727
5460
5741
3283
2797
7753
7088
5305
3676
4262
9224
5431
1702
2435
8334
9988
3860
6031
5062
7083
1494
669
6197
4208
4586
9724
8652
1985
9435
7106
8114
5572
145
3684
6752
2963
5830
3364
1957
1456
8729
8472
1962
4886
5739
4051
6320
2303
1671
5650
4245
1228
4383
2597
1206
1188
4913
4935
1054
6811
5704
1740
749
9054
3071
7095
7172
8329
8656
5205
5036
3253
4443
8841
9382
4513
3634
4885
2381
9260
7601
1793
9368
1037
1051
2620
6363
1663
8383
5708
9085
7804
2634
8883
7237
7060
6118
576
9629
2458
9375
1999
2969
4619
5958
223
2433
2716
6127
7517
8377
9680
5093
3570
7825
3043
5534
6566
5225
8485
1337
7551
2685
1878
2771
6586
2158
1226
8264
2340
6000
8762
8951
8326
9712
3927
5071
1387
3374
3163
9573
5568
1496
4350
2696
2359
3383
4818
4059
151
6114
5019
5745
9139
1056
8078
8264
3461
9116
293
5675
887
8641
3357
3419
5742
292
7340
6153
4996
4929
8194
3562
5552
5614
2779
9644
9140
6476
9405
3032
8435
4763
1445
5149
4877
4093
3576
9148
152
3235
8329
4211
6333
8995
470
2289
7852
4827
6991
4856
2044
2960
6452
1808
3491
383
42
2519
9935
3748
8426
9655
4735
1641
69
7120
6624
9174
4680
3253
4840
1351
8424
1091
5353
8795
8635
8474
3858
8520
5427
736
7896
1084
1031
987
8220
8927
4607
1149
7401
3796
140
2989
7037
1838
4433
6911
1442
5295
5746
4005
1639
6316
2872
6974
2255
1340
863
5245
5254
2047
3004
2790
1036
7884
3597
273
2287
8674
4495
3008
2313
4720
2790
2237
7523
2352
4973
7629
2964
3389
6746
8913
9387
3462
8813
4363
9893
9019
2773
9293
7211
6036
7087
3372
1515
9569
9980
6916
5905
4444
5229
7686
6721
3547
206
6413
5124
977
3628
5118
8925
9508
4148
8652
5335
9417
5898
9115
2365
9019
6594
9869
4053
5931
3247
441
2122
8066
2678
8889
4836
9265
8014
2546
2406
6393
9718
6639
1060
7191
2434
2198
415
1495
7748
7772
4511
4841
8483
5716
3788
8113
9467
5938
5912
952
4624
4654
4780
7265
240
5460
4046
4614
5109
7641
4668
2384
4355
4424
2951
3700
3764
7610
943
2043
7165
6947
343
1403
5245
7289
9797
8337
322
7504
7448
9792
2343
2913
1430
1986
3566
1049
8929
4861
8134
877
5990
2897
5465
7036
1906
926
3605
6076
6288
1715
1589
374
2019
4433
7915
2190
9709
8910
9308
8603
5178
9589
1512
9461
9196
9578
3668
5388
3251
9259
7350
548
1273
4450
1500
4382
7239
3912
2026
4019
6040
3764
8238
2137
8392
7120
7442
8056
2232
124
6605
5414
3217
7868
9910
2606
7330
9756
1766
6832
3719
4484
3736
2706
7656
679
3456
6643
1468
4997
3846
9088
1336
5265
5022
3936
7801
4972
5620
9722
1017
6048
9321
7798
3856
6937
4149
2529
1275
2493
3544
4682
3970
3901
7457
1433
6728
1475
2953
575
5636
7851
2029
6297
4295
6399
5559
30
4441
8042
504
6360
5525
8382
6836
5135
5869
304
3113
7537
7435
6033
4925
5726
4374
904
2900
1135
6733
5819
6971
8454
3155
1981
3044
4321
935
7937
158
2728
8766
9084
1872
1670
2672
3721
1521
6405
6572
1558
8871
8578
3304
7419
3771
5071
5721
4523
6453
4423
8235
2
5098
1228
8445
6719
6830
1100
1197
5932
6455
3074
907
6520
4944
6809
2845
2661
6966
8220
5263
7149
4739
5032
1124
9504
5796
2147
4125
7208
3433
8501
7765
1309
5449
4996
2327
2853
9552
3263
5292
9075
3302
3152
8005
5344
9692
8260
1297
2567
4278
8983
2315
3274
1888
7816
5844
9651
7358
7468
3592
4068
1524
5262
5056
5200
5678
8308
4915
2098
141
5789
9721
7035
671
5350
94
7306
7449
332
4719
6643
6964
2763
2341
562
7570
8229
4843
6680
5163
799
1565
1460
9720
6229
4607
4430
3595
1710
5271
5036
1385
906
6104
2279
6453
9591
6252
6200
9467
6931
6973
188
3637
1996
2064
9895
3645
5187
1134
3156
3792
1967
6592
9851
2843
5806
2599
5323
181
2711
2198
4998
4809
7226
6028
9228
4686
8472
9298
9040
3717
927
813
583
1310
5438
2272
5230
2390
3479
8209
2267
145
3074
4518
7804
4257
3838
6380
5852
5857
4882
5444
4196
5632
1762
9530
7022
2557
5773
2515
3972
5403
5363
7827
5271
8273
4004
3657
5788
5057
5940
2951
2752
1106
8762
4081
1053
7805
2952
8353
3701
3601
8596
3461
3914
451
4069
9718
1248
9653
4762
4117
6778
1249
6852
1796
1713
6627
6323
6607
1459
9729
8542
3845
3016
8135
9772
2807
2944
787
6032
9739
7897
1818
8738
6157
5996
8773
6791
1843
3062
2476
7042
6428
1540
1964
6356
1892
8984
2632
8655
3126
5017
3690
6569
7247
5175
3316
9020
9595
3371
6024
3066
5086
5964
9456
4046
6913
6638
4570
8333
4054
2677
2004
1323
7274
7064
6720
2841
2135
7569
2116
7228
3651
1056
5089
7354
5304
5327
8685
7438
6657
7313
4959
827
6653
9107
1687
7900
2291
7828
6967
6649
9763
241
3826
3543
1637
1113
1216
919
7984
9167
4651
6702
7752
1742
5465
5044
9237
375
6070
1269
45
7397
9036
4630
2253
9266
5266
6274
201
7442
9311
3154
2637
7437
3210
5978
5503
7691
9648
2176
7300
1863
4544
8344
3387
4006
7926
987
6026
929
2914
6550
8579
1485
228
2111
1202
7036
8919
4418
9270
9692
4551
2329
9689
3774
1664
9722
6334
4849
4725
1322
3030
8957
9785
8927
7327
6939
5373
8036
5050
5361
6855
453
423
3324
7131
2602
79
2278
9752
6001
4910
8823
8994
644
9563
6295
3160
2233
197
6481
8882
3432
9324
7748
2264
2039
7785
771
593
3169
1786
2652
7223
6982
9006
1878
3859
1356
121
1939
6587
6643
245
6805
8853
9286
3510
8573
9958
6636
6584
46
9083
7774
6663
2800
3251
1876
3627
6977
1943
3913
7806
1782
1527
5197
1179
9263
3571
6536
9140
7048
2834
1659
6432
8747
451
4307
5215
2179
797
2439
9772
8284
1749
7201
6782
8342
4732
7690
2138
4440
898
493
6889
8290
6283
7069
8242
874
4780
6594
6835
6792
2771
8079
7841
3245
8752
8015
602
8254
8691
4222
7859
6047
9635
596
3891
554
472
4364
9851
7694
8838
5443
2032
3476
9991
4219
4743
2365
6900
4063
859
3656
7360
2881
6638
9632
5089
5887
5546
865
5675
2821
1187
8283
1418
891
9339
9935
235
3647
849
262
168
1518
7623
5489
7759
6299
4734
2459
2223
5954
9232
7403
8750
4438
9514
2742
6729
9190
9924
9393
3512
6239
5598
3140
5117
6011
9753
1673
9257
8679
4624
9268
204
1778
2513
349
7255
6241
8379
1672
6991
2591
3381
5654
929
2066
2873
7412
1996
553
7804
5409
415
1169
8730
1758
7872
5511
8738
4333
5350
6599
1404
5964
3044
563
7443
7435
5235
1744
9795
7816
5403
2922
5647
3308
5277
9720
3823
5903
4655
5114
8437
5062
7365
8015
3035
1293
4968
5555
7466
191
3014
2565
553
4818
8679
9462
8640
2336
8231
1869
7944
6463
932
5560
4834
194
7686
9565
560
2345
2773
2863
2580
1364
7740
6396
1827
5573
9801
9587
4229
6594
7197
3603
3867
3114
8310
4174
3198
4975
7462
7980
9584
2785
2224
6300
7985
1468
5295
6038
6673
7415
4147
4795
4076
94
2905
5102
3703
1690
2149
44
5718
8027
2047
4006
2759
6279
5271
5295
8734
8749
9670
8977
7150
6466
9139
2314
1969
7053
6430
1668
4020
3550
6332
5539
1362
8440
7456
1703
236
1520
8338
1297
786
6493
3903
1378
6688
6559
4157
7550
2135
477
6761
752
4230
8935
5247
1879
5878
9113
277
5166
351
5104
6757
1818
3290
6311
7717
8252
5556
9179
7812
1750
4172
8141
5763
570
8314
8357
5549
3630
6219
2180
6789
2764
2205
9202
3067
9830
8771
7877
4234
4902
6437
4339
7441
8196
3112
5791
5307
5009
7333
5167
3486
7983
953
8078
9501
3811
3417
3966
8954
4723
9951
6373
4684
602
821
1896
2216
7739
7165
5493
6527
1954
5242
714
4388
5829
2191
1507
5848
8361
706
1984
3108
5601
2589
6021
4978
482
4833
7164
4041
2946
9414
3317
4323
6606
8308
3901
3020
8874
3399
8924
7321
3956
6963
7640
4291
6050
7284
1848
8143
8537
2544
9139
6027
4575
299
8374
8919
3080
342
9780
1981
9517
5030
9895
6702
124
4348
6965
8443
5992
8342
7487
6988
1344
2450
1731
5905
9405
4970
145
4851
9749
7841
5034
9334
4126
8968
5604
5006
3788
7149
7882
9546
7674
8592
4912
3089
2999
8947
9733
2408
5800
6734
5649
5565
6044
5213
7741
3331
6013
4934
9538
4586
129
2794
6490
8474
6688
2024
3347
6588
2624
1384
5650
613
2957
5611
9796
3344
9412
6988
3855
9159
3550
6867
5063
9374
7258
7334
1292
3836
8659
524
8625
8198
1393
3664
1495
746
9531
8734
3400
1541
9850
429
1456
1361
5656
1241
6534
1103
9879
7740
6952
892
1471
200
8212
8835
2415
8435
6595
2304
6277
6272
9839
4732
56
422
1350
9754
3698
3295
199
5964
8204
8495
809
1939
9697
447
2906
8593
8788
9109
469
892
7454
8018
8589
2498
8735
5847
6294
3748
6518
2693
8755
1440
2028
1728
5225
9103
474
7407
8131
1111
4794
3266
9615
1822
6379
7296
3061
1964
6095
3197
3432
9531
2047
1668
1541
2382
1838
535
3736
7851
5994
880
4223
9942
6047
3746
2230
7036
4485
5329
6096
9017
4586
4731
4311
9878
8203
4017
2683
2722
9723
3078
7590
1180
8406
787
8001
3530
1455
7061
6415
890
3270
6004
8487
2802
7797
6640
9535
7493
5961
5258
9379
549
6366
732
2437
5296
9316
9878
3151
2265
3197
5222
212
8579
7032
3219
8068
2300
1224
2822
9006
9428
1277
4390
2736
4360
980
2207
3546
8591
570
6958
8640
3921
8428
939
9006
1455
762
1842
3942
7107
7497
6096
6372
8117
6984
3864
4643
1558
6651
4975
5001
573
5315
5850
9917
220
3646
5537
8761
2110
6650
5456
1754
1967
1317
7530
5204
5256
3985
7755
4019
2741
5443
4280
8092
8917
6474
5221
7858
2734
8108
5811
8756
490
6700
2291
163
8290
5144
8764
8994
2037
5439
1125
1830
6372
6656
2543
6541
206
2781
1170
9579
4419
4895
2179
255
951
6291
8750
5908
310
6337
5702
8019
4750
8477
3350
4550
5645
3734
2355
8855
7896
572
4064
1719
2292
8432
1933
8731
4149
8227
1550
6321
5745
8000
659
5952
4384
9893
6857
8573
2227
2284
28
7690
9774
2185
7479
393
6131
3052
9562
4894
7131
6806
2983
9298
3700
1304
1705
5860
1570
982
7985
4426
4195
331
3166
629
5108
2694
2168
7954
4489
274
3673
1357
7869
340
7353
416
1078
4653
6533
6185
6739
3552
3787
1818
1830
5981
7109
8858
7832
6571
2623
7113
8093
3236
7351
928
6917
4362
8384
6487
9100
5511
2210
4192
4303
6323
2369
4400
635
5759
41
7150
5844
4110
4563
5748
9758
2419
6743
2739
828
3572
8702
9203
4035
2430
8882
1527
7305
307
996
8527
8784
8559
7945
1607
5273
9032
7475
5517
5638
7668
3704
3600
1169
6756
3905
3795
1970
8333
6881
3201
8081
4791
8272
1963
5896
8047
1955
1261
6116
6199
7945
6510
568
2270
772
9398
9662
5082
8146
7386
6315
6672
4536
2771
1566
5302
1050
124
7221
9185
4361
4698
3963
5800
5353
6198
6994
3625
7262
9814
6057
6249
7315
6090
4266
3111
9414
6001
6291
1034
8867
9468
4366
9161
1628
1994
1792
6105
7602
995
6522
5233
7938
6112
2495
105
7967
7031
9235
9265
5031
6533
4316
6286
5781
6788
2649
3055
179
1644
6715
3310
3290
8582
1875
5697
3272
6891
2762
7120
924
7115
5239
1954
896
5065
7425
1824
1812
5987
2721
1963
5395
7104
8610
4249
7060
8930
8280
2090
6111
4204
9050
7193
1546
2413
9822
1998
5408
7257
7280
832
2909
8840
7598
6583
2952
9960
6131
7552
5788
302
3278
1866
4773
7754
814
8174
3684
7848
3804
6955
6351
3715
6405
8911
4648
4676
8147
6049
2968
5176
1303
2747
6760
4847
8965
9782
8124
8769
2571
3981
3500
7643
4911
2068
5121
9079
2325
785
536
8010
9018
5912
5893
5478
8096
9652
632
4848
7174
497
3493
5420
5394
8359
9970
820
4174
849
5426
967
2285
8364
1192
9950
3016
6203
3531
8475
4170
6983
6437
5370
7620
2307
7447
1817
4653
2525
6845
9684
5994
1041
9177
4425
7942
264
9903
6330
2686
6989
924
3632
9148
3776
8148
1741
3325
5940
4951
7466
737
7811
1007
6943
879
6193
8152
2305
7378
6989
5740
1061
3156
1860
6474
611
4918
1856
3810
2549
7097
8014
992
3263
6892
5469
8803
9289
8914
4386
8777
9528
959
2985
9577
4811
2735
8262
1100
1008
2627
6233
8824
198
3369
5423
4251
5982
4230
8485
2273
8155
4819
6984
1265
1768
6962
136
6506
2520
2123
6683
5734
1049
6759
7069
7976
8434
7224
5477
9143
9371
3347
4723
8455
5372
9339
134
2208
6494
8379
5178
4365
5117
3120
2510
3268
5599
2897
1796
7229
6014
3468
9345
3344
8193
2606
3268
7119
4105
5582
4563
6078
4231
3462
1409
2379
6139
6799
9532
557
6279
4409
1827
5437
5521
8276
2533
3099
2568
3885
4117
5743
7182
1944
5721
6157
1364
2327
6401
6660
5267
3908
2468
7411
774
1521
8630
8952
9157
1017
407
4551
3341
6754
2245
6483
3675
7138
705
4140
4519
3771
9487
3509
1677
5029
3031
4560
5702
4198
5256
6553
8357
3088
1292
4044
4030
6119
199
2275
4177
2973
4217
5680
7476
9148
9731
3428
6414
1872
5062
1817
5920
6655
8983
4690
1630
2773
1870
9293
5531
8016
5070
6738
6675
7509
879
3644
2721
5997
1671
6240
5265
4191
6487
3134
4944
1307
6513
835
7071
5344
248
5096
5607
9707
9087
9163
54
8894
3652
5369
7415
1256
1142
3924
720
3462
7760
1286
7061
7574
4250
6611
3962
4883
3157
5700
2661
1026
6996
2693
1154
632
7562
8268
8912
4342
4846
948
4424
5954
9563
1814
9182
3571
9060
8243
3857
7032
5541
9681
5260
5142
8180
255
1455
1693
9494
8390
1975
5525
4878
1278
1097
1994
8433
7578
1183
2017
9637
1873
201
246
5704
8938
4725
7668
9580
7011
7961
3552
4080
4062
4924
4034
8010
3353
660
8752
5968
1272
6427
1033
7733
6737
7451
3611
7601
6388
1688
34
1514
3365
9757
4414
8798
7767
8414
3935
115
5655
9116
2080
7669
5730
2216
93
6270
276
2047
4690
197
5854
7203
9729
6269
5699
8058
1679
6077
4239
7967
8444
624
6181
9479
3422
5379
4307
5294
1577
1004
9396
464
509
3642
9442
3203
4827
1991
4277
7473
9301
9641
9085
948
9522
4824
600
970
3322
1115
4448
4216
1540
9547
4612
2283
8266
601
9617
889
9717
8267
3853
502
2859
5505
6609
9331
513
9254
4256
6832
5230
2130
4904
1490
239
7372
8851
4544
6976
5005
3834
4711
9389
2960
4167
1950
5734
1477
7414
1380
9608
8437
1000
5029
30
159
7891
7771
35
5185
6985
4592
5794
3475
9762
274
2652
2045
4617
9376
7957
7240
1809
9377
6780
4802
898
1924
6853
9739
7492
3265
1397
1756
7686
7230
985
4104
8892
4142
4916
3515
2707
901
2275
1167
2993
9894
2158
4813
5022
7421
2541
96
2537
8984
6804
53
4329
6880
3149
879
6673
5413
112
8279
1278
4936
5378
2912
528
3762
3496
152
7010
7185
1830
1387
7496
2692
6104
8050
3429
5659
3707
3928
1990
8849
2665
6845
3663
4166
3472
8356
159
5877
3502
567
2450
6148
1324
7802
8163
7834
4595
9053
3500
1723
4175
4107
9868
2318
1310
4591
1747
6127
7285
4950
653
7569
4128
6015
2312
9899
1348
6687
5828
5683
35
2002
8743
9033
3674
7371
6234
5594
4026
6317
8963
7941
9570
5026
7071
4137
645
3976
7916
7661
3277
12
3952
730
428
8974
8410
6691
1947
7812
4339
9285
1457
8987
688
8169
5553
887
695
8694
1185
1884
7580
803
2066
1013
3623
2250
2497
7842
5251
5896
4889
8463
9285
9537
5122
5854
5271
9681
3226
5527
8656
6445
8222
1462
6930
8216
5926
5922
9792
4114
3899
9582
8570
4170
7701
5209
726
628
2133
5600
9677
1333
6379
8178
4287
3595
917
5620
9044
7850
8581
2251
1152
1729
9470
7319
6385
3723
4891
7424
7928
2146
652
2760
4642
2589
525
1039
386
2890
4069
8454
8685
3767
6856
3259
8994
3066
9273
2803
7940
3633
8128
214
4581
4484
468
9715
3984
6342
4197
1252
819
6554
2824
8397
7528
5825
7488
3198
7006
7010
789
5464
201
7619
7364
2380
2082
9588
8099
671
1356
1467
5151
2266
8069
1961
4612
1805
1701
3724
8184
8211
6326
4270
4436
449
7967
650
896
5641
7615
5006
2602
1595
9395
5388
3907
442
2756
5739
9750
4796
704
2747
4822
6171
2371
4694
3699
1802
7617
289
7112
657
1971
6450
2724
2489
6428
6187
2563
9379
4039
5812
4792
514
2703
5655
5657
1817
7530
3957
2535
7519
947
6198
2681
5823
2723
414
9236
2620
6635
3322
7401
8786
4624
4474
8923
4167
979
8409
1067
1761
9244
3943
3890
8561
4386
1911
1802
4317
6442
7780
3337
8219
1146
9119
3499
5928
1225
2116
140
9145
7461
4587
7903
1257
4159
6362
1773
1570
3191
6295
7741
1895
8320
7818
8668
3341
288
7825
4394
8281
8615
1726
5761
5556
297
395
8962
4572
2089
1966
5117
8324
4883
1863
3901
6444
9158
2726
9343
3147
253
8089
4269
7688
8105
5651
6603
8072
7661
7801
7260
8146
4549
534
9266
6207
9347
2622
448
2765
2775
8399
2382
402
9147
4115
8089
9773
3880
4082
52
488
9705
3813
1455
1610
9818
2741
5058
9753
6908
6674
790
5612
2360
5407
176
3934
4045
8699
3211
2943
824
6235
5809
4869
7087
7522
1157
4529
7402
9458
1888
5484
2142
5036
7031
2655
4663
2820
9701
5649
210
6720
5610
3403
612
2335
4623
3272
1259
3894
8357
7976
2927
2005
9370
5796
7539
5145
9239
5915
3902
1770
1768
9755
4785
1045
7336
8924
9877
7972
3993
2790
9234
9896
2957
6162
5230
6329
7957
8942
3296
8724
9059
1818
6864
9459
2605
9040
6749
9211
3793
5873
6058
975
1327
8585
9366
8481
9800
868
2198
5433
625
2139
7281
8462
4884
5463
9352
8001
3251
5430
2177
1897
921
1754
3919
4744
591
3438
8991
9869
8344
341
6880
3043
7322
5227
5344
6567
5769
5149
5440
135
8370
2116
6611
1781
9393
188
792
1338
1823
7699
2721
9480
1979
3916
3344
7432
6020
227
7069
2914
4832
2556
3718
8475
348
6196
4868
4041
9425
4697
3717
5073
5471
3157
5740
2193
8937
9269
5265
2874
2844
6649
6534
5077
2269
3220
2583
1911
238
82
2749
5615
6941
3513
4351
3932
874
4105
3877
6011
9058
3853
9595
9309
2220
8915
1103
968
6672
9672
8167
1364
6719
2892
3041
8934
5859
9285
9673
8393
868
5696
5984
9064
3859
5634
6191
7992
6295
7964
3065
898
7953
9709
4373
4606
1710
4849
2208
491
8778
3207
5646
5900
4859
4449
1305
8044
6097
5829
7752
6994
1335
7376
5981
3903
8310
8185
2987
2740
8007
1843
2401
3633
3043
413
5864
9705
2601
756
2101
7361
9002
4008
9755
6422
7813
59
2656
8846
3194
6166
6218
9542
4029
534
6582
2587
4202
4963
8277
4885
5039
993
3636
8829
3290
4144
8438
6064
1007
6094
4960
4539
8454
6589
4656
5494
8848
878
1275
909
3268
9228
9522
937
906
8086
6064
4190
178
84
9059
7293
4994
923
8116
7626
8555
587
3269
2056
3334
1957
2662
768
4913
5642
2451
1408
4944
7791
6542
3216
5249
8301
8964
5407
8656
1093
9503
6572
7508
6160
2680
7362
9540
1236
2710
1675
1706
8482
2599
389
242
4204
7530
9041
4558
8053
1815
5384
4186
8993
7916
488
70
2843
7541
5965
4038
7829
3782
2987
4690
2218
6520
4854
5578
3232
926
5396
3098
7433
8802
6939
5078
2984
1345
5045
4162
8528
8960
7394
1505
6840
2410
7644
5016
3979
6023
1589
3757
9469
586
7788
6401
3191
1847
8335
8248
9571
1311
1723
7489
2275
3817
2558
2502
9900
7839
7357
6642
7584
3298
8658
6233
3897
2827
1470
3049
8609
3856
8428
7227
9470
7438
1189
4694
6443
9641
256
7600
1474
6462
2465
6834
3462
7968
1826
2647
4396
5911
6800
1664
9241
834
7484
4359
7558
9540
3250
9198
5169
466
6838
7524
3358
3208
5818
8995
9866
7763
1580
5481
5968
4718
4060
1872
4
9036
2204
7100
5772
1870
8368
8545
1327
9554
7188
6239
6453
4793
9437
7323
4622
4915
807
8859
9376
1529
8670
7421
4184
9271
7641
1476
2561
3540
4160
1488
8434
8127
6222
4202
7249
8744
5009
1625
1717
1608
878
7251
6362
2302
5154
5700
1086
3254
6740
500
4120
4232
5814
664
3304
8315
2714
9895
5497
7204
2784
855
7027
3919
2445
6980
6606
7320
2360
636
8128
2071
5743
9322
2503
4102
7510
4060
1459
1648
975
9779
9994
5383
6133
8008
5231
4594
418
9590
6253
5361
3505
2759
1581
9103
6766
4990
631
3315
6009
7070
7492
2611
5017
9845
2162
6213
3629
7433
1858
595
7614
4382
2107
8987
1344
1328
1841
7152
9063
6563
2560
3216
3526
5013
7266
739
1395
5149
2496
8157
8903
9314
7941
8224
8641
5258
4750
3313
250
8862
1294
9637
8723
1958
2526
7
2474
4054
2994
1209
3884
1188
3078
3381
276
3749
2983
5519
4322
6468
238
9545
2230
7438
5911
8738
1467
8365
6544
9644
754
686
5805
9512
259
7953
7496
9041
728
7165
5733
5393
8693
93
4132
5828
4191
3739
6384
8935
1869
4727
2756
6444
908
4725
2077
6221
5692
6528
5691
5163
1176
3759
3345
1970
8611
4530
3083
8554
7517
9208
7007
9181
1590
5361
8445
9392
7065
5547
2208
7472
6313
1867
5030
9386
9018
1818
6188
7974
8134
6458
3779
1697
7984
8051
2095
9862
2853
5822
8253
9945
7118
3357
4180
6144
338
6645
3109
1501
6601
5929
9533
4828
8363
8148
7209
6966
9734
4786
2488
16
5263
5388
8492
4211
7679
1071
6570
6648
207
1576
834
8640
255
1310
1768
1181
2495
459
8736
3921
1921
8840
9625
8337
1045
4437
5744
5893
6132
258
9445
8047
7785
3196
2826
5733
2745
5911
5384
4429
1107
7124
1036
3540
8547
2224
3263
7082
2496
8874
2435
6718
1765
2398
8121
7650
1293
9970
5567
2635
8375
3788
9254
7831
5561
8334
9042
4810
1185
8991
6939
8551
1815
4455
9633
7336
5294
7799
6476
6011
7273
7139
8193
137
4474
909
1456
9027
3750
7535
5258
3211
4500
2341
705
476
324
8341
3767
23
8764
4603
5704
7228
286
5141
7332
6577
9829
2263
5732
1266
8702
8012
3918
5509
6996
4747
324
6488
7683
8722
550
9994
4734
6481
9928
5250
2364
4997
6894
9984
1181
1855
9251
6783
4299
6944
6105
1667
1036
3924
1227
3028
9171
5017
1295
8663
1222
6234
9271
4918
3546
1052
5286
6651
9546
7620
7343
3646
6791
4994
3385
264
841
6783
3984
7316
9892
2415
2533
8497
8902
9042
7125
726
3036
7805
535
3315
2052
6895
8734
5439
8046
6131
8142
8339
6636
1202
1548
2867
3880
2545
2654
2164
3556
7550
9874
7647
2172
7507
2283
9072
7944
789
7637
9387
5789
6588
9706
5068
9956
3550
5917
8281
498
3322
6675
8150
8006
9662
209
7733
7922
8454
721
3944
3361
7650
9294
5268
1974
306
255
116
7845
8768
6433
8151
8171
298
716
2695
5383
4827
5399
2375
5244
4438
9832
6104
9631
7550
9924
7544
3003
4644
9940
2007
6452
4077
2152
5575
8296
8959
3621
9728
3137
9033
1323
8990
8936
7597
8242
5560
4035
5578
3186
7037
8863
3018
5217
2636
3897
8308
2006
8656
7270
687
2589
3734
6882
1493
6068
4221
3173
6879
9586
3097
5634
8306
1335
7716
6217
4310
7887
3602
2092
3599
2240
7679
9679
2858
4690
8151
3832
5926
6302
8241
2246
6732
9999
9193
4078
668
966
3337
5857
5397
2521
7891
8601
6945
4475
3309
3762
1835
8231
4538
2293
9662
4166
5361
8672
9243
2016
2604
9041
1894
239
8479
2529
5598
142
979
7534
9143
9649
1822
8496
8278
4879
2353
9101
6920
697
9534
7783
4799
7518
2675
115
2554
4263
6728
8902
368
8846
9392
7192
7033
6588
5455
5930
457
895
4825
2499
6170
8202
3971
4886
7205
7350
5096
1247
6780
983
6762
3149
1447
8009
5763
9722
9321
5433
6966
6340
7006
8288
903
6272
4035
2010
2132
2245
3442
7973
7263
3667
2697
9797
6745
6007
2902
3876
8284
8454
6225
679
5956
4646
5046
4843
2636
1900
5917
8158
2209
160
3992
3979
2149
510
1352
8893
5218
4229
7133
9492
5000
802
104
3606
9989
9703
750
8604
9808
7540
235
3533
2994
4071
5440
3513
2546
16
6716
2987
8476
3485
7378
5793
4301
837
1324
5144
8685
9904
7916
5201
1481
1539
3035
8064
8812
7018
4736
7571
873
9117
2942
9055
9608
7797
554
2789
9754
5112
7128
6388
8427
5487
9761
3081
1588
1593
9651
6465
7657
3545
6693
4223
5029
4123
6517
5720
5376
7268
1569
9755
3259
6198
4702
5151
6552
4754
4520
6133
1688
3624
9670
4509
882
2058
8441
6164
3629
7312
4641
5626
5307
1524
6044
994
7826
4733
8124
1362
3687
5305
6516
970
6585
5427
2431
3154
1512
7476
4812
5164
7776
1541
8554
8553
6390
4179
1884
2664
9373
3035
1450
1528
1877
8725
2980
7950
2001
2046
8755
1858
5668
2797
2237
7124
5384
9239
3268
4476
9226
5565
1421
5951
2789
7523
8664
9821
2857
4044
785
8567
8232
5537
5969
6079
4957
5216
4385
1944
1033
2609
8717
4684
3883
2772
7585
3019
6043
8886
5971
3297
1892
9395
3260
65
4508
4229
9412
3661
8049
7002
3769
3992
9169
7251
1948
4626
3638
6201
8168
8098
8252
1691
5951
3571
5425
6290
5619
9717
7208
149
8334
5476
9897
8936
2975
1414
3064
7791
2034
4029
2273
3953
6762
3692
3341
3816
589
5031
5812
9652
2508
7651
2543
5071
366
5676
9864
1435
8072
5541
49
5448
9771
1610
2829
4706
6281
4882
2975
7254
4597
2368
7805
4149
775
6985
1168
9730
9609
288
4763
6149
6226
5804
2918
7938
5980
2091
6486
2675
4435
6464
4826
8514
5196
9959
1764
6547
6863
6282
8482
8510
5731
7100
1337
2106
9573
6754
1885
8565
5717
5330
8895
48
7373
9923
3924
2023
4462
948
1933
7135
2088
3096
4488
5591
1366
2703
4531
9937
2292
2353
4424
7386
783
4723
7625
7621
6711
6107
6713
2246
8435
3600
1701
4745
5521
4219
3581
1859
2008
7386
9027
7457
5516
2339
7263
957
9245
998
4956
2015
8205
9243
403
9807
4812
8826
5346
1656
3394
6953
4504
9336
1816
8880
6624
3861
4163
8296
1207
6314
318
6114
3163
3470
2914
9285
1827
4373
3157
3487
4277
7840
5261
3868
7656
288
7071
1524
7670
2760
8409
8799
7357
640
1144
4052
7699
1798
454
7727
6948
191
3619
6368
8122
5035
6607
8368
4167
6646
4210
5375
49
842
9896
3625
7594
6690
3260
5639
3291
1930
6176
3249
7773
1106
8470
1473
5908
7649
9663
2947
7433
2182
5325
3928
6754
2746
9782
1130
6080
8737
9688
6490
2756
8208
2323
5461
8318
6696
9272
5653
1348
1648
396
8595
364
7153
440
2171
3190
7530
9537
4776
5961
9108
607
7422
3785
8880
6092
3222
2657
7357
2938
2484
1682
9398
6561
3300
1992
6215
3653
9283
2085
4447
8768
5642
8749
3953
4817
8405
4878
1078
5856
146
7865
2861
6028
2501
2545
3490
291
1672
2351
3036
3006
5152
5776
1487
7719
9291
5596
8562
2376
2549
3299
7276
1297
9977
7829
24
4020
3301
2494
4743
1553
4326
7709
9172
2265
9490
2064
5330
1618
453
7790
7506
5574
2243
2016
3985
5768
9757
9837
2734
7860
9918
4400
3625
8722
4533
7720
6231
9943
9245
6860
8178
8775
647
4361
7198
9291
1609
7145
2406
1850
5360
6465
7220
6360
7201
9592
7775
6696
5102
2383
8943
6655
3364
8034
2412
8439
7776
2121
3060
4956
3362
8731
8364
1815
6857
9664
9166
6660
8430
2448
9232
7058
1917
8525
6037
4998
8526
6171
2589
5564
8882
3720
8648
9484
2969
2011
967
293
4768
9165
3235
7848
8103
2574
1415
9332
7905
2406
9896
7897
1797
5914
8182
3083
4225
9030
5130
6789
2590
2685
4959
6807
9886
9210
3613
3726
9970
2449
192
6207
9384
4120
7063
2175
4450
9644
2137
4738
4530
2113
34
9982
625
6185
1322
251
4127
2720
8279
4937
8900
8450
3881
2110
1621
137
531
843
9586
5463
5706
7242
5885
1741
5029
7910
8341
3238
2068
4934
3696
3667
1854
8007
8039
323
5266
8037
7803
5950
863
3350
3285
5614
6831
9044
4811
5419
7246
9061
9935
8178
2920
3289
5041
7777
5808
1727
1477
9745
1758
2739
5775
6224
6080
4808
4811
8219
9345
8142
9849
6676
8710
880
9877
4070
1733
2685
9061
9714
3601
2769
9787
5588
9056
2080
7978
3767
589
9774
70
6338
7881
7550
4516
8494
4925
8469
7840
9060
6794
5769
5726
7016
7937
2475
8440
4620
7519
9070
5766
5730
3200
820
3355
6739
5429
4612
7276
8293
4704
4489
539
6203
9867
8874
9986
1951
8840
4929
4812
3685
9139
939
8045
204
8292
2715
4833
9094
8753
6907
3842
2929
1424
2480
2035
4049
5738
8808
5657
9628
4619
2947
6810
7858
8918
4443
2669
6647
3142
3746
1313
2623
2895
2727
8522
6485
1138
7076
6949
6007
4255
6662
2109
9601
4357
1354
6006
8308
1109
545
311
9443
1301
4799
6437
5514
4528
7558
2170
6028
1050
3674
8596
6263
1106
2593
2825
7990
0
1113
3785
3043
2621
5205
7196
8518
2210
4246
4554
1279
57
8450
8313
2492
816
3507
1041
7175
684
1710
8140
7040
7545
9519
8393
7186
1791
1454
2031
2548
1153
7376
8094
5214
1744
3228
6338
7846
1900
2455
8001
1398
8042
7823
4979
7228
6720
1745
5570
9326
6045
8088
3927
8183
2343
2323
6483
1907
6764
8673
9679
1891
2442
5643
4075
7005
8746
5518
6643
7379
1286
2739
2144
4254
5596
6445
2378
2534
8746
4575
3627
2865
1801
8599
559
1223
7335
7435
1560
8317
876
206
9085
8790
942
8191
386
3026
9456
3071
67
5585
1621
8685
5115
9801
6850
575
6305
784
3394
2319
9873
7526
9155
3536
7225
7185
3149
3899
7434
5367
6227
2314
3550
6834
8162
4736
3737
4419
2886
6292
2151
86
28
5528
8501
8957
9474
9066
8828
2427
7051
8502
5784
2128
4367
166
2904
2252
174
5367
6765
3842
1397
777
3989
9130
4905
4290
8625
2819
2417
2736
6466
8931
9120
7146
1971
5036
415
1313
5648
5150
9258
6424
596
3187
9777
2445
8144
762
4110
8819
7319
3043
3750
5677
534
6820
6376
217
8593
4662
3875
1351
5657
8975
2997
9189
9321
5516
4813
7097
6320
5499
9442
9161
7497
3955
6156
7066
1637
8112
8816
211
3387
4911
1354
2637
1429
8402
723
6793
4572
7648
5729
446
7118
572
1454
6286
3435
3232
4496
5540
4704
1303
7319
2669
6762
1940
6326
1440
4236
3474
857
2394
9740
392
677
1370
3191
4408
4861
4502
3797
2005
4416
9321
807
2895
3151
793
9149
9661
2220
553
5108
341
8783
2312
4140
2138
5634
1795
9528
2403
5932
8206
7919
2452
6603
8938
4543
5468
346
356
8529
266
4482
8218
8983
5580
637
6555
4082
3989
5621
921
5825
8858
9787
6141
1715
6986
4644
2264
3741
6568
7950
418
5176
3894
112
2081
8657
7599
1807
7894
7220
1025
1981
1127
9843
4758
7163
7733
8191
7918
4080
5003
4714
8090
8562
3362
1187
2967
6800
8546
6672
7828
7154
5913
1162
1010
3688
6129
4834
6440
3664
3154
4546
2032
9155
8532
1326
4354
8879
4670
1416
8138
9887
3712
5955
5224
405
9673
5168
293
6538
4454
1124
9565
6429
2136
7275
9341
743
1121
7541
3977
4944
6666
5646
6442
490
9492
3276
3
698
1033
9105
6303
567
8110
8720
617
9739
8616
2653
1000
1430
6679
5133
6820
1250
8707
93
7017
66
5426
8414
3399
7667
6836
1117
9219
996
971
8961
2830
6610
3402
2702
8432
2668
7992
662
8369
406
8849
9807
2948
4776
1498
5408
3696
7686
8607
3829
2924
635
6586
1153
5638
7102
4882
4451
7648
327
8254
4946
2199
955
7812
9282
4641
4002
9667
4264
6931
5802
3913
2218
349
2229
2402
5439
499
3229
878
1462
5272
8759
9661
1267
6601
4645
1977
1860
2931
5606
5312
2898
6434
6840
6717
3522
6423
5598
1090
2603
4020
9964
2388
4226
1960
9807
2499
6592
6258
4730
1957
1238
403
1930
6430
2231
3397
8923
6189
5619
7666
1844
8150
8117
2514
2830
6551
3106
9780
2098
9834
545
6840
495
6886
7962
6871
1355
1362
8455
4768
1873
6759
903
5520
6761
225
6497
1373
9525
5266
6150
8991
3783
1747
815
1164
416
6792
4678
3086
1747
5582
6432
3090
440
5331
9463
4192
4685
2994
4870
1282
3287
3802
14
3668
6470
8091
9398
8134
8950
8284
7487
6672
9906
3499
7765
3491
7875
8546
8769
1736
5894
6530
7307
4583
2939
9183
9901
7622
8105
6616
8291
6508
6304
9137
4703
8865
7862
5743
1417
388
4483
6783
2563
2392
9640
6739
1290
9372
6794
9226
8920
5766
6189
1131
6391
3403
1307
1246
240
9453
5508
6551
753
9362
303
1743
2957
8077
5966
1745
7950
3995
6399
3822
9045
5611
9215
2510
2146
4811
4986
1348
9647
2380
4013
9148
8822
4321
4477
8659
6548
3929
6560
8579
5061
9735
5464
6666
8030
7930
5584
3542
1081
4142
2575
9007
2283
9950
3274
8721
8930
6323
7478
8228
8730
9678
7595
5482
9391
7054
9748
2644
4140
9087
9922
6465
5170
143
9696
6900
8708
4494
9442
9057
4255
5202
7543
7653
8807
3299
7037
7551
5965
777
1187
3934
1052
2465
537
2232
8787
6534
9140
5315
2381
9026
2383
3876
5964
9024
5563
3155
1236
7932
2422
1095
8147
5994
9705
6867
1534
6576
9756
6588
8535
5905
4020
6358
2171
3031
7917
6362
775
5852
226
3254
4667
9941
9385
4721
3175
332
9852
8585
4578
7512
6994
3659
2953
6619
8540
7662
7284
920
7643
8221
4708
7903
9550
79
729
5782
8377
8309
5184
4389
4210
6255
5418
1182
1349
6171
3511
200
6792
2347
3553
4071
3656
7426
2822
6233
4546
330
8701
5167
926
2757
1113
3606
6933
591
5195
7649
2979
7948
8289
5909
8615
5667
4141
2896
7736
4566
6817
1655
4850
6365
4630
5659
3646
4430
2236
6855
6351
8428
7676
9193
4969
7097
9641
5978
6396
6296
9316
7068
5326
4340
7007
1023
2502
3318
4617
1280
9732
4135
7496
9230
831
8083
3925
2538
1127
966
9009
9882
3272
8982
4934
4698
800
2540
1752
1345
9159
4832
2970
8619
8573
0
1549
5848
1826
5436
8450
3248
8799
9409
1617
6097
8370
2913
6098
3335
4934
9691
5577
9702
8801
6589
7471
103
7127
2738
4779
189
7387
6089
6191
6226
7366
4484
9999
9619
2864
1753
1036
4117
187
457
3278
8387
3856
5370
8289
5269
8865
5492
8790
2590
7661
8324
8507
9234
2706
4432
165
386
3164
7800
360
8502
3820
5205
2297
7686
3764
545
7307
4708
2318
5458
6661
9337
8508
2484
7525
11
699
7714
3422
4599
1905
1729
5421
9537
885
5497
6538
3190
8317
2417
2697
2522
3026
9318
5199
6978
6177
9672
7186
2400
3019
7985
3690
3319
5051
1554
8708
8186
9639
3451
6869
2021
7056
1591
5482
551
1108
3202
7550
1643
1635
72
1430
4338
846
8380
6646
1454
8539
33
822
4317
9733
8792
4671
2400
9857
4647
6064
4935
731
1794
5805
5307
8111
1817
6854
840
6115
2350
7942
7157
4913
5665
7106
5218
2979
426
4753
2716
6727
1250
827
6223
6594
6910
1850
7385
2257
1912
589
4119
6874
9132
6748
3806
7473
573
3061
5320
1510
7410
9093
4058
8284
144
4450
30
6325
9284
7157
1553
4600
6237
9701
7322
3701
2532
3102
1382
4735
9050
6497
1805
3096
3532
4917
4898
4507
2261
8827
7388
2098
2640
9151
396
3559
8745
7786
5946
5272
495
388
1952
2739
4359
8855
643
7729
7328
431
9610
8656
7119
9054
6524
4905
7463
652
7466
1616
1958
4907
9558
5865
671
4408
3087
9431
9647
4174
9642
3919
4462
8660
5903
8012
4293
8231
7565
2988
9382
4146
922
6152
1100
8601
4346
4305
8784
4134
6251
9237
7637
8074
3500
2976
8384
7141
1208
3871
7832
9169
227
9584
3382
105
8095
9574
1945
4807
4283
8393
9065
1706
9081
5786
9845
5270
4235
1779
6299
6710
5945
6285
9172
1724
4929
4299
4650
921
3611
1092
4886
7720
2552
3998
9178
4053
9527
3814
8904
9004
5123
7468
6029
4955
7645
6266
6670
9753
7409
6757
6413
8768
2519
2477
4456
7173
5193
3055
2782
8057
4572
297
3886
7560
8957
6861
8735
1310
4649
5727
5126
9033
6024
745
4295
6746
2840
158
9451
9237
9698
7690
6105
6920
7946
2328
1349
6521
6776
2350
7554
727
1182
5219
7525
8674
9510
9665
5671
55
122
7478
2967
436
287
1188
9402
5818
9918
9415
5007
463
5184
9798
7012
1379
5798
1027
2014
7019
82
4078
8697
6009
9590
6518
1437
5277
807
8222
4825
6500
9821
1502
6398
2623
842
3776
1898
127
5748
1739
2176
9707
4609
3246
7713
8052
6590
226
9705
2544
5900
8161
840
258
8520
4021
7003
1147
7733
5592
5974
8474
2519
5387
6161
1551
9375
947
7356
7613
3118
2398
7152
4349
2360
8980
7940
831
3063
3816
505
6572
2793
3292
8050
2663
3399
756
8403
178
6482
5476
6757
5516
6508
1299
4563
5752
8320
176
964
5417
4800
5107
3189
7849
1865
4189
9234
7785
4389
2809
3873
6722
2060
4244
3996
1803
9528
9784
2105
9348
2436
7764
4695
4734
9727
9880
807
2141
1475
9435
405
7350
2157
3791
6081
5362
4168
2589
3870
6597
4779
1018
8279
5400
2091
8907
4825
562
5982
4581
9409
9733
1998
8205
2066
3989
7781
8702
4210
1539
315
4793
5203
1704
5274
3398
4009
4525
8426
7976
6589
135
1966
4431
8205
3888
7577
2855
4013
2160
3966
3854
3438
7115
8340
355
6361
5427
2866
6138
6873
318
6092
2924
2466
4611
1274
651
6002
5118
1122
5442
8242
3283
4545
5035
2728
7007
4475
2683
4525
5482
7660
5576
8246
616
4762
8810
3457
943
3290
1535
1662
1762
5883
2377
3687
1852
1458
3986
6382
3897
1795
2080
8593
718
7561
3747
7228
6633
8067
3226
5644
6931
1404
1798
9531
3777
3844
2839
973
554
8496
9058
8710
1795
7114
6100
1590
806
4742
3296
2562
1009
2771
884
8335
8651
2234
8730
2077
6849
5831
9914
4415
5231
5729
8909
2195
1770
5031
5068
8930
6489
1976
6886
5333
5236
4287
3409
9793
6261
6394
1560
4225
5228
1061
4147
9311
5758
7576
6469
9183
9597
5162
1470
808
994
1487
1504
7488
3751
5301
2334
4115
1953
9560
3728
943
4667
8637
9828
7119
2846
7537
1951
321
4412
1438
9105
4902
7132
9926
7287
9846
8431
7791
2089
7502
1937
1068
8995
1719
7707
164
4290
932
1126
6658
4340
5256
3466
7288
833
4705
3892
6304
9273
2981
197
3440
371
1319
7415
4249
3621
598
3724
2716
9633
1619
3679
8650
9356
6316
571
1255
2410
4202
2778
9002
7765
5267
517
8996
6989
3181
1515
9754
1593
9248
8861
6032
971
5415
614
3348
4626
9411
1255
1221
457
9195
9968
8366
8429
6611
7051
6146
8523
72
8899
453
3768
4454
2738
6677
5002
7238
5959
276
7155
9736
998
8899
3823
1641
2730
732
9763
8944
7910
6764
8373
8906
9305
8795
2730
352
4671
5706
7386
6307
5988
3479
8208
7220
4675
2880
7341
4849
6029
3570
3117
9551
1846
2204
8161
4577
3785
4101
3435
291
3339
8855
9561
8517
4637
1846
5928
1159
8475
4481
3369
3390
6769
356
6737
3808
3357
3799
9531
2817
9728
6519
7928
8043
4063
8527
3703
2371
5366
1539
8479
4446
9675
7192
2296
5184
1344
5011
8938
1708
1938
525
9310
5821
1055
1503
145
1151
1844
8128
3430
1691
580
3128
2714
5406
5749
7856
1523
7637
3093
9273
4354
7238
2746
2501
4520
2942
9110
965
5333
2931
2953
5536
6763
8949
1361
9133
2481
9846
7212
798
4420
7826
4974
2105
7239
2573
6334
980
5499
3848
9082
8491
9721
4560
8507
5873
1756
2291
6676
5009
1437
7279
9668
7024
3958
7625
7931
5330
2727
5175
8184
6965
9159
5755
5313
1565
4866
4316
9580
6061
3985
5426
266
79
6888
1998
5572
208
2744
6020
6829
667
4437
9894
6935
5504
5026
3230
145
9905
183
6023
7070
6425
9141
4056
7713
4569
2112
4815
2580
9025
3003
9798
4008
9351
3474
309
6599
7463
960
7124
7925
6903
6001
6666
8837
3717
8818
2519
5576
8223
565
4314
8768
2735
8336
3296
2802
9889
7188
906
3626
1586
8844
4905
393
5064
6764
4217
1193
7992
3848
2151
9297
1608
2150
2784
1011
1569
5356
7544
2723
6096
4067
9508
2195
57
8526
1236
1193
6312
1251
1440
8082
7814
8407
9630
9231
2885
2569
7182
4957
2057
6996
9218
2244
354
3224
3708
2693
9705
4563
2806
454
871
6024
8217
4186
6605
5073
3642
9097
7715
7009
8919
8415
8209
5442
3322
6320
563
2317
6791
1945
6124
8729
3336
3970
3179
9162
1219
6671
4210
1818
6308
8422
3369
8454
8876
5003
9326
383
9654
3334
9782
1665
6290
470
3253
4384
1760
9951
8374
877
2346
6783
6871
2473
1950
4527
404
5697
823
853
6159
9319
2311
3237
473
689
5187
776
3424
1450
9099
133
5732
3575
8724
3899
6247
6581
580
3969
321
2733
9545
8436
4445
4009
6711
2928
964
3280
1660
3146
6084
4253
8930
1162
6812
1838
6368
5798
1367
6856
861
5897
2754
6200
1506
5186
8444
4116
7723
9193
2505
7008
6426
3644
4371
4605
5591
6264
3277
8684
7768
7955
2341
2912
137
70
7094
2193
4425
4456
6599
9740
1169
1894
9204
1863
3841
2126
3463
4131
7928
7739
9538
7195
47
8347
5067
4697
3939
6235
7940
152
766
6932
742
8788
2609
9823
4699
2013
9168
5716
9573
6570
9418
912
9933
2937
4995
3605
235
9797
1791
5835
1647
8913
7134
9732
363
5089
335
5981
3789
9945
6866
7697
796
2956
6157
9208
1054
6550
6474
5484
4835
7301
5804
5948
8610
7426
8381
8121
8062
5566
9445
5757
2661
4951
8169
8028
9509
5994
5165
2435
9291
306
3287
9517
506
334
6994
3989
5732
9265
4427
581
3959
6867
1772
861
2759
8197
7843
3967
1140
834
686
1798
5032
8465
1925
9863
8415
70
227
6272
2035
7768
5475
606
3315
3629
6595
2346
5568
466
9047
6003
8836
5223
2397
9543
383
9447
4585
858
6015
8693
7965
7114
3851
7105
6022
7721
4044
9530
229
89
5305
878
5480
9670
1597
461
4213
6140
7207
4140
2370
9322
1502
6965
4292
3278
6479
3163
5491
3216
6757
5931
4886
5547
3443
1534
3456
5557
7072
2779
4374
3360
8160
5321
4795
7193
7947
7234
1339
9438
5021
6436
9296
4733
7161
4097
1796
7559
7610
1878
7492
7731
5752
8120
5677
8927
8355
4042
8806
4977
1488
2411
794
91
9901
9885
3888
7453
2898
7120
8057
2869
7861
7053
2197
6001
8330
5535
4098
7221
7190
5067
3330
4216
3166
5008
1111
6505
4225
3449
3118
8511
6094
2624
4582
8653
8979
9565
1467
8373
5028
4795
404
9011
1316
4988
9701
6346
4755
6243
6177
4428
7061
6431
6063
9107
138
6407
8232
1757
5743
9040
8459
756
128
812
6093
8091
5352
6125
4224
228
3847
695
5023
1598
3262
2468
3363
5468
9178
6625
9733
1585
7083
2933
4161
9415
2528
1217
2755
4032
4497
4547
208
259
8201
4117
1908
136
925
4722
9955
5967
7773
7561
366
8585
6679
8906
2981
5274
8738
6141
4291
9671
7245
8370
1562
1098
8404
5058
3516
2148
8508
9285
9971
1026
7341
3549
525
5928
7097
9872
1976
1193
7724
8259
5190
9977
8594
3857
4253
5450
4111
2715
9230
6098
5199
6937
1151
3534
3243
5631
2295
3664
7044
8394
1750
4771
1728
5082
8015
4799
5790
2074
563
4008
135
4954
1706
1281
6291
7294
3456
9614
3349
6239
4107
8935
5381
3087
9556
9112
9944
7498
7577
8917
781
7656
1326
5627
6694
1966
7580
9522
5825
2708
4871
8974
3138
2386
3327
8069
7760
4292
7987
3083
9801
8813
5436
7816
2610
2327
3470
9052
9134
7432
1798
1561
9946
9984
7135
4526
8659
5647
3544
100
5493
8900
9994
128
9218
3311
4360
7113
8459
7976
9320
9460
3917
4617
7176
1355
7275
70
6478
6093
771
1885
7937
2111
2400
152
8942
7103
6092
9920
1959
1193
6816
987
7198
6226
1961
9942
1594
5922
7048
4174
8324
7887
1719
3687
1313
2996
4995
6960
9179
7072
4138
3134
5262
7979
3346
372
716
2100
6404
1796
2110
2677
2355
3744
3896
9624
365
2009
9592
3315
9069
3385
2043
7230
9978
7211
4859
2421
3407
4952
3448
7897
9144
7677
9570
9233
5798
2215
368
2335
7647
81
9921
8429
5605
2900
3149
101
9809
2717
1526
3936
2412
1757
5536
1062
5354
8490
8842
6356
6947
690
3641
988
1551
8591
5536
7190
909
342
29
2661
5889
8074
3330
3524
2040
9886
9247
5022
6937
7671
7369
9213
7097
7487
9657
9579
1067
6
8163
9508
9698
707
1009
4301
8436
8505
3564
9677
958
7028
9671
4953
350
211
4984
2622
97
1055
1075
2679
6745
745
5860
2255
4954
2707
9545
288
8465
7108
7098
4778
8129
1087
582
9167
9596
45
5787
6427
5707
2278
1153
7377
8682
2015
4052
2992
2003
5134
5069
1028
6277
1177
3708
4729
3729
3500
4339
2251
4368
6729
8498
1977
6356
713
2074
7959
9050
6913
6816
7362
5065
4608
2897
9743
1770
7636
2796
6013
1699
2317
7841
3257
3234
8409
7748
6607
7330
686
4909
9902
4125
5671
3919
3797
1295
54
9618
6793
8850
7959
1760
3032
4315
2949
6873
7736
1504
9621
1316
2377
7205
4416
290
3209
8482
991
7984
8022
6034
8991
8329
302
2331
5571
3925
3122
8581
1641
243
7241
3112
5413
9806
5105
4694
985
1631
6880
8898
1942
4206
4952
7372
6668
7606
9657
3483
2285
5349
1281
2821
496
1196
6574
5614
5666
6617
3124
4730
6902
8207
378
3281
2589
6959
3471
7358
9905
6693
3482
6115
9723
4593
751
5789
7749
8992
1117
4320
1993
7638
4868
6031
3656
2522
3700
5786
4118
3503
9392
8180
227
8219
4306
95
7509
8934
5432
4582
5472
288
9916
727
3976
62
8673
4476
5230
8819
9641
6997
9077
2872
4083
7203
5896
4392
3202
7763
677
6426
9561
5749
1265
2747
483
2200
9647
7671
7711
6244
6092
340
7816
3763
8577
5979
6482
268
3707
7380
1504
7582
6039
2718
1779
9830
3415
9624
7613
3389
9777
2654
7684
3393
7991
6195
2466
1454
7057
4359
2312
7993
8966
549
6435
8217
362
2460
4375
3698
129
4008
1335
3615
9874
8748
5735
6940
102
846
9113
8141
1328
5616
2451
494
7991
5190
9938
2183
1342
6201
1816
3772
1716
4199
1744
6895
3351
3316
7779
5026
6516
5329
562
7533
7209
7815
6259
408
956
8208
8074
8326
5588
2035
1916
446
6997
2906
2441
775
2873
3217
8258
7311
3034
477
4213
3288
6092
8663
9578
7487
2455
4004
4581
4187
7074
2146
4764
1935
8139
6865
7539
6571
4787
4587
9363
9125
6470
4081
9209
2736
6568
1492
6986
8102
6091
285
7460
3672
301
9498
1440
2030
8639
8005
4372
6732
9600
3970
9045
2100
5303
9460
4905
4162
2480
7437
8506
2489
3821
3137
4247
4823
1678
9286
6933
2583
1804
9018
6402
4131
5454
9584
8218
3043
9359
5912
3186
2022
5063
1210
7778
9196
7269
7311
8592
1791
6942
5404
9719
8396
5471
9340
4679
5441
7423
5001
2085
1540
4976
2615
9923
3261
4676
1069
1579
6513
4155
49
7556
1661
747
3246
2535
9787
7833
1300
2860
9732
2307
6013
6525
6626
656
600
7164
5521
6415
1667
7616
5697
7468
7753
2219
7914
7393
1062
2935
9869
2073
6451
9038
9859
3551
2211
1721
9173
9414
3241
1264
86
2786
7059
4064
2305
6179
8775
1243
506
9330
440
858
4564
1539
6245
6653
3935
2474
8414
7490
8155
4123
6324
8260
6013
3129
700
7563
2509
8128
9648
17
2218
9231
1523
3237
3739
1100
910
4265
4578
75
5339
2341
3583
9402
4525
1246
4271
8131
4986
2993
5406
7541
7159
2537
4080
3596
4206
5025
424
2460
3278
5524
6483
9597
6239
8703
148
9664
4689
8775
2333
2208
5120
3575
3606
8228
8166
2898
6669
6769
2525
551
9531
2716
5215
387
8559
9292
7132
4592
6233
6414
9783
8042
8453
5522
3326
8786
8273
4035
8996
1500
3645
9492
2604
291
8671
8790
4308
3245
1583
7542
5100
4745
4406
8259
3201
1236
798
1005
9067
9802
2245
8153
4015
5194
6964
3617
2657
7603
4406
5400
8570
4778
9640
3243
2338
1486
2444
8611
875
4194
9529
3048
7962
2969
9938
5231
9314
4993
6497
8003
7342
422
240
2178
1322
518
2532
2878
4399
8965
4359
292
2953
4999
6304
2745
871
4058
273
3216
3711
8743
4189
9945
75
5021
9220
8435
1348
2093
6364
5122
1609
4005
3869
7932
4972
5524
9722
7757
4345
9804
6967
3386
8580
789
1099
6226
7374
8525
7203
8369
1443
2414
6736
8302
3204
152
2959
644
5132
1646
547
2958
3889
5805
3473
4652
2216
8678
4344
50
7557
2668
5659
5647
7870
89
4508
3019
5931
4107
1462
8521
3677
8908
9543
412
3720
3423
4520
5654
2366
4646
9867
4875
8745
6257
1744
5349
9060
592
1908
4689
214
3146
7078
7062
7005
4150
2695
2630
755
9350
2286
2604
1503
3796
3941
8197
6379
4933
355
8732
8318
9754
1895
7118
6229
325
990
4332
3794
8856
7249
4222
8001
2841
6958
4724
4211
7713
2400
6888
7913
7668
