6953
3035
1485
7104
7303
5430
6305
4688
6411
7106
1137
6982
7021
2229
888
4689
6870
5388
1401
648
3448
2652
6508
5332
777
4359
2883
5227
5210
6473
5399
7287
4056
1266
5492
4693
4061
6894
2493
1656
7860
4096
4926
110
3240
5773
7437
7547
2951
7573
91
2657
4536
2300
2972
4225
3766
7622
6481
2075
3112
3426
3182
7474
1567
4573
2733
715
7147
7415
7727
6867
1498
5011
5578
5280
6862
4423
2611
2576
7866
4372
1289
7438
2809
3887
3644
7219
7883
4542
7064
6024
5612
7774
7282
6314
5779
5089
2285
3207
3588
469
4009
7684
7634
7039
4170
6721
7477
2791
2016
3764
4547
7245
1144
4210
2639
3001
3070
4748
6683
2800
2253
2902
7930
579
1045
3907
1159
7041
2664
4460
571
7628
6433
5359
2287
4105
4337
5172
6319
3889
4231
2571
6775
7813
6172
7537
141
1438
5592
1074
4602
1442
2596
2472
6886
146
2125
2209
6415
5697
1041
6367
2214
160
5578
4984
3270
7668
7732
5214
3922
6184
1053
3897
7785
3326
1064
2096
5193
3169
7485
7111
1405
983
6097
7203
5252
4242
3405
488
3392
5285
3998
899
5271
6932
216
2883
2154
1732
4423
5282
6320
5009
4500
2018
3438
2623
3793
787
1173
7752
1505
4081
2232
7123
6471
1706
6760
7558
4425
3068
3438
6322
2944
4477
2084
7149
6847
1396
2160
829
5470
101
30
6128
290
1003
1305
1801
394
5053
7686
5845
697
6291
6141
923
5563
673
4773
6961
181
2946
4843
2155
4270
4528
1759
5743
6132
2992
7339
5028
1388
7115
4400
5193
186
2742
1151
2274
3400
83
6896
1228
2487
1680
7331
6578
2080
7021
3857
2840
70
5212
6349
6677
5914
3713
4701
2653
3561
6937
3567
508
3622
6262
378
7007
2576
3944
3442
6413
3839
6328
1767
7155
2641
6670
6715
4124
4715
1586
62
575
3502
1071
3944
3954
6904
4564
1266
2301
3860
2836
7889
2569
3775
1293
2896
4088
3352
4965
1609
1102
6051
3665
4287
2508
6777
4656
7131
5277
7248
4435
5761
4458
5667
1184
3151
2568
6846
3084
5170
3409
6440
3077
612
2448
1260
3826
838
2326
2886
7250
3861
6889
4903
6593
5708
6172
6117
6105
2199
3258
7554
565
4847
7388
5016
657
1430
5274
2142
5005
2673
7966
345
1552
3517
212
2017
6601
751
5949
7310
2385
5228
3747
2880
3245
290
7911
1608
5359
1857
6454
6711
2619
6234
2074
3840
2791
2066
429
1228
5820
2754
4776
6619
6234
7407
985
7634
2423
1313
5235
4965
7048
98
1727
3681
3896
21
7345
3926
85
7216
7957
3424
4106
4567
6248
5522
4103
3350
6275
766
1597
6587
370
7330
965
5070
7972
3186
1696
6126
4922
4541
3097
5322
1986
6527
1415
824
6845
5508
623
1717
4700
2676
7174
2746
6794
7679
1875
4535
7459
7205
6387
6831
1346
1186
7222
751
7735
3253
6951
4332
1624
6412
2154
2424
7534
2382
509
5985
7824
4804
5856
2918
7758
5093
529
7191
5188
3644
2993
392
6286
376
770
4337
6298
528
5330
5861
6872
4177
2673
3437
2639
5765
7197
5185
3529
3586
7487
6946
239
2572
1102
4695
3311
5480
6034
577
6553
7614
4227
6173
329
2665
5584
5974
7167
3615
6459
3205
5067
7544
4705
7366
6115
7389
6424
7864
6935
5646
1649
144
1243
1679
3228
2650
6659
4912
6379
7182
5326
696
3119
5067
4313
4589
2430
1395
3252
1219
214
4962
466
5343
5660
139
2970
3334
3645
2801
1498
550
7542
4864
2011
3649
366
2310
1359
1266
384
2769
2535
286
4183
7589
1153
184
4083
5850
4287
3824
2056
2960
7795
7865
965
3600
5686
1397
5426
5825
5144
832
498
3716
4401
5782
168
5804
598
7906
1142
7901
744
3876
4769
7808
7174
1021
5072
6432
3106
7706
3827
1764
7857
1979
1153
6889
2748
4831
3929
6459
4692
6798
1738
3441
3682
3842
3822
994
5212
6579
5425
1095
3796
5950
1072
815
5419
2289
3004
2713
3746
4917
6845
7921
4241
5337
6195
2666
5488
759
4504
4404
1106
5573
162
2203
3570
5434
2020
5308
1830
6106
4884
100
2800
3552
6503
6790
2420
72
280
7513
2307
5686
2312
396
6933
6
1728
3559
3158
5937
5458
4223
3479
4952
7837
981
1317
7408
6574
5325
7543
4107
4868
902
7744
7167
7276
4890
2021
5173
7627
6771
3593
4240
186
6920
4803
5687
3915
5939
2289
7809
5738
1137
3430
4476
2399
4277
7358
2330
688
7657
6931
7225
2084
7682
7240
7693
4450
4094
642
7789
3191
1789
2999
5878
1014
5049
2270
7520
4665
3812
7814
2907
7750
6429
3651
5093
334
3150
3011
491
3471
5221
2558
3097
1176
7788
588
1088
7212
583
3728
1187
6848
6922
402
286
5983
4916
6379
6900
3374
6860
4825
3956
5129
5719
754
3910
5515
627
3190
6743
4973
3988
7357
1055
1094
2840
3983
4619
5552
4296
3986
2124
4107
109
6942
1276
4187
1037
4653
3944
4429
3649
5038
6910
4247
5684
6136
596
7804
2746
2716
7250
6895
5002
3539
2686
7183
730
2454
7970
1809
3093
5389
3676
5308
4284
2527
6530
3853
4630
1576
6831
890
2645
4360
6703
6676
7047
4568
3587
3269
309
4344
5393
4281
4060
1860
3371
5210
4933
1701
7610
7155
3267
5571
5511
3382
2889
920
4837
3736
6885
5984
3519
1818
5213
109
1978
6435
3429
2327
518
7625
1337
3088
6662
5231
4765
4949
1434
264
3887
3904
2821
3066
5542
1274
0
6429
1705
2383
154
2722
1678
3546
3146
6353
429
5919
7827
7850
353
7991
3410
2477
7067
3558
6823
1142
1378
2632
4158
5248
5099
4842
3833
6666
3536
7478
2108
1558
6896
5190
1620
6158
7460
1689
7812
5570
6105
3363
2222
5132
1167
4670
4315
4437
7213
1599
2471
3184
3966
740
6476
7075
5196
873
5961
5063
4311
5113
6894
6021
7474
6465
6407
6528
7675
5729
1699
7441
3509
4668
1983
685
5124
6767
532
5860
6916
6238
5690
386
3590
5546
631
3736
7655
6975
4073
7317
1615
5641
3851
5837
3
1542
2407
156
104
4151
5848
3684
5013
1328
7611
7729
6611
6415
1586
1278
5300
6153
3220
7121
4620
1696
2293
2497
7057
1712
3085
2584
1547
2793
7559
5139
3703
279
5864
3526
2494
5213
2650
5596
13
6273
5653
2236
6417
5984
5545
520
4880
2
7017
3839
2023
1416
5047
7426
7836
7042
7593
6004
4831
4125
4117
4282
34
7802
3199
7650
2065
6937
3035
3551
6256
5236
7360
2354
273
3432
3436
6693
2478
3726
2734
5810
4008
7209
3572
5952
2397
7607
4593
5709
6432
6442
6954
5159
3864
6769
606
7572
246
7599
6672
1361
6612
6861
2866
3383
1191
4779
2544
7802
3809
6897
2070
268
4134
1476
7198
4255
1832
3477
3930
1223
7777
4435
3002
7869
44
1600
5371
5568
577
4065
3821
1109
5835
335
478
4592
4136
491
3688
1579
6972
2863
212
6643
4402
3743
7914
6530
4241
3550
7831
6854
3510
2140
6009
3169
2996
1773
5897
2314
7364
181
6885
6992
2667
1792
4793
2175
4263
5230
201
3355
3285
4171
2910
5065
994
5053
1931
6029
6827
982
3227
7086
4724
906
3162
5814
7810
3642
2044
7382
6102
46
2093
3494
2502
5986
2037
7817
3129
5495
71
2223
7358
2378
4648
3252
4297
7842
2167
7013
5132
6467
1053
6947
7791
3231
145
5921
4715
1580
4296
5832
2760
4049
5944
3513
1521
506
3528
2802
1649
2059
6358
1866
6156
4080
3620
2262
6972
3923
5343
4270
3335
7527
3726
2378
3897
7010
4564
389
5059
3527
417
3780
6832
33
2363
3312
7744
6795
6949
4446
3619
2284
553
272
6611
385
2631
3093
1614
7123
954
1291
4399
2375
5027
4997
1832
3860
5205
5639
1247
1615
6460
7470
2082
34
1450
2093
4359
5467
5504
6066
100
4768
4213
6950
6439
6017
3974
980
3156
1574
2362
4961
1754
4839
7697
2745
5008
5050
6152
3595
7249
5319
204
5674
7280
4632
5049
7124
3866
4076
3597
1744
5063
3755
6701
6896
348
2931
7060
7350
3105
2640
3540
5267
3994
6091
2826
3274
6788
6105
7203
500
365
2164
3780
1244
2288
7688
859
7498
7437
3779
1216
4637
4385
1039
5447
4305
966
7900
2724
2081
7689
918
59
7622
4420
2038
5572
1693
4760
5109
2776
6630
5321
602
4250
937
5430
7284
3012
4595
1203
7268
2253
894
3269
2834
3956
686
1401
4736
6764
1400
5025
2875
4772
4573
7468
2797
1714
5524
4961
400
7131
1670
5496
2429
6657
7795
1493
1059
4010
1778
5410
2067
2345
4885
71
3639
4587
1771
6409
4131
7328
3742
188
1731
7875
2237
102
6900
648
1429
6450
4208
1378
4152
1550
929
5742
6751
2209
1494
7487
6443
7084
7571
5126
2631
5628
4610
350
7530
5769
8
2226
1017
5423
2163
4236
2121
5510
2639
7354
7618
3616
4376
7135
5855
1182
2889
2963
785
1711
4435
1976
2244
3687
2153
6362
4665
4856
2936
1602
2770
4751
7156
1176
3820
5197
4302
6642
7206
6816
4610
445
6145
702
6028
3398
2272
2878
2938
998
1710
5522
5085
1736
7774
3813
2841
4248
5197
7501
3356
714
453
1837
2411
5252
4187
6634
1560
5609
7992
7688
1168
2819
5236
4768
273
2892
5918
3008
2232
3546
6808
1823
4408
1764
735
4987
3175
4533
2025
4817
2098
2091
2791
3192
2545
556
3114
4315
341
2279
5986
2257
4606
6530
7745
6299
7658
2789
2877
6585
391
7202
693
1897
7017
4096
4203
4157
342
3811
3440
5272
2367
6873
1309
1797
5706
7107
2429
4339
1098
350
3400
401
4944
3437
7050
2818
1499
6213
4195
5949
2026
4405
423
6853
5682
527
2021
7167
3436
6935
3525
4405
5318
7816
3595
6502
1081
1469
4152
4999
1402
4163
3215
1626
4810
3000
1781
2986
424
7647
3569
2400
7463
3972
6548
4933
7002
1222
4658
6805
5227
1414
5646
3260
4811
619
5396
3632
5187
6607
4671
5290
6121
1225
6171
6210
4271
7511
7524
166
1622
3944
4942
7414
640
836
2590
2048
1314
5849
5941
7955
6936
6051
4653
1794
4242
3190
1628
4983
7660
5355
2166
2161
4316
5477
1999
347
7940
2943
5821
2122
3176
6292
7452
5395
6841
2666
683
2183
1552
7547
2387
3085
54
6690
712
4250
5152
7839
5320
5071
3448
6535
2625
7598
2774
6411
7823
7610
1677
5346
3683
7019
1698
150
639
1419
3032
2024
3421
1392
4455
4129
2928
4246
4811
2551
2434
5528
6968
7512
4412
5003
7914
3029
2628
1976
2139
814
4096
6067
270
4278
1210
7068
585
7779
7836
7922
1311
4724
2330
5775
5419
5759
4526
5892
3097
2966
5503
3281
4062
6613
7195
1153
7752
2507
4963
1120
5103
2371
1222
538
4363
6254
677
2482
5087
2030
2390
859
148
7361
197
3511
1952
3400
7732
7017
7333
3059
610
7705
4054
1868
7370
4548
7636
3996
5826
828
7063
1406
5380
1091
5767
7102
4554
5312
2603
2860
1618
5980
6968
1155
5313
60
7819
7729
5988
4827
7795
4419
657
3650
3429
815
7276
5543
4562
5565
5574
3680
5078
2962
2783
3266
7559
6234
1676
4890
4718
6033
5812
455
1938
7215
5940
4595
2031
6830
3362
3500
7174
825
431
547
3342
3186
742
511
2760
1504
3985
6239
240
436
5498
7019
6671
4406
15
1621
238
5969
3807
6386
5925
1399
1025
3119
4049
818
4499
7409
419
265
608
4173
2389
6731
5275
2977
2744
5563
5320
1037
5162
2839
4410
7377
5859
3271
1719
3077
1966
6303
1015
5551
820
5073
203
6596
4659
306
4635
5566
6286
6951
5064
6358
383
4972
1648
7135
7784
4032
5775
7871
2758
1265
2562
3594
518
895
3560
6460
5298
4592
2017
851
6404
7344
3832
4231
475
7330
1373
2983
4171
4679
4619
6418
7567
5193
4936
6158
7322
3237
11
5768
3211
7796
4471
7656
4990
6484
3078
3472
4798
1207
6209
4530
1689
1544
1579
1867
7757
6581
2046
320
3230
4189
5389
4627
5193
1880
712
66
2514
2525
4446
4156
2106
6100
7933
3521
1485
121
3893
1557
4823
5545
5178
1440
1974
2253
7880
4261
2443
4640
6369
2461
4554
3870
626
2735
4465
5323
4819
4623
3798
3420
2093
5872
3225
582
3447
4775
4024
1250
1177
1310
3776
5370
561
497
4385
4211
3955
5992
3739
1622
5739
2770
3989
1404
5406
7098
1804
5334
2062
4617
1256
4055
861
3960
7210
3454
6729
5487
7938
3587
7126
1087
4414
6173
4553
3769
412
4014
3856
1897
7680
5773
2879
50
4353
173
3509
5319
3997
6830
3293
7811
1741
5632
1744
7718
1012
6832
600
7597
5681
4177
7888
4493
5779
264
4327
5515
4588
2867
1795
2491
3902
5878
3905
7891
2770
1892
1499
3754
3432
4167
4131
467
4553
4173
7916
80
4728
3343
4552
7861
5959
7358
1771
2587
2245
3628
622
637
5461
949
4080
3506
2970
7112
4375
2119
4238
4949
3700
2168
50
2645
1604
4107
5280
7473
6035
586
1468
2000
6396
1563
9
6400
3275
2621
2775
1472
835
1057
3162
2599
5627
1123
3735
4213
4579
1123
5943
1205
612
3717
5374
7819
4069
5633
3733
3104
1643
6503
1667
806
3352
2483
3066
6282
1108
3848
7054
118
5577
6349
4225
1472
2504
4961
2553
2098
2121
4860
4755
4150
6927
2915
4432
1630
1642
6087
6509
3982
3606
4731
2065
7111
4289
3408
160
7440
6954
1040
7725
3458
7141
4179
4876
2737
4091
2880
6532
6642
3502
3556
419
4110
6042
3048
4588
7042
374
2290
3180
4975
6394
3611
6443
7396
6683
5832
4861
5126
4594
3303
5496
602
7674
4872
6400
7727
5752
21
4861
1707
1333
2864
7918
5744
6055
3560
7319
2090
2478
3735
6870
2615
4602
4698
5716
1524
5321
6318
4246
2913
7182
5091
5171
1008
1133
4736
5216
815
3363
6708
3239
1038
5507
948
6007
3535
1435
7477
660
6091
5941
1032
111
5723
2937
6669
6736
3113
4208
4757
7279
275
995
1560
3491
2104
4962
1743
1138
4835
6112
816
5447
1490
5180
6724
321
2402
2650
230
6375
1368
5360
3162
378
7374
2461
1671
7971
6264
435
5522
6348
914
3925
1881
6027
3112
124
5385
2232
6401
1620
669
3423
1449
4099
7795
3025
3354
4169
3084
4373
3142
6402
864
7612
1668
6409
5212
6610
2772
3255
5114
4464
2448
5385
4794
815
754
7455
7234
7159
700
7457
3215
3189
5064
60
5079
4203
6508
4298
7741
5025
5769
3728
1648
7417
305
2144
2849
4064
4850
1247
5983
2785
963
7073
464
3987
4234
368
1678
7283
6536
2988
6491
4108
2274
7116
1475
5074
3149
5762
141
3791
7956
3005
477
245
73
4232
1001
7249
5766
912
5910
33
3167
7747
2222
3324
4454
6931
5248
7791
6617
537
5845
3753
620
4375
6986
6028
6319
7638
5775
3043
6685
6382
4538
1203
4160
3044
1033
5098
4803
6189
2867
5300
6806
4497
7081
2029
5432
5483
7534
6001
4324
6541
5264
5518
1114
1792
834
2587
3528
6376
919
1250
3285
7238
3229
3960
2955
7192
1940
3310
7199
6811
2825
3936
2589
7793
7316
4906
3508
93
7850
6203
1372
1898
6112
321
2463
2795
3901
7492
1739
7966
4666
1359
5043
618
3864
4808
668
3976
5470
3041
7115
2046
238
7271
3177
7621
7171
6520
2384
1548
5514
6866
308
4309
153
4678
1713
126
4752
1419
1068
3162
523
7726
1897
3070
833
3879
1577
1880
1148
4423
3582
7288
6645
4494
7917
2099
7691
4698
4413
2780
7392
6969
5666
2995
208
1823
1473
2394
4815
6515
7712
5634
2462
6468
5612
2277
6954
985
7717
5676
3969
7909
6058
5680
3825
601
1245
3421
6079
5780
1394
883
5761
7990
4185
6566
7577
7442
2630
1638
7374
2113
1689
2233
5704
4243
2159
4803
872
3681
6916
6056
5762
1022
5443
7752
376
6732
5997
745
2612
5802
6305
1907
2625
4427
6989
1876
3911
4194
5874
4739
7713
1721
3469
3234
6429
1761
1511
1405
4879
5124
4155
560
6866
4822
2239
4452
4828
3754
6033
57
5245
2017
1599
2496
7156
4221
947
4959
5742
7572
4473
6104
5084
2783
943
5539
2223
6770
7944
1143
1011
6854
444
3752
1477
1074
144
1258
7027
7289
253
7219
4590
572
2688
3007
5486
4176
4925
6125
6755
4778
6929
2311
6291
1719
6451
1119
5332
5768
4805
5076
6760
555
4797
2100
6960
6421
5994
4603
7567
3643
5094
5754
7196
3711
7383
3219
5379
455
3233
7264
3641
3178
2988
6132
857
7492
1101
2553
2656
6505
6739
3576
1281
1910
6065
7864
6822
5379
6659
1405
4549
5876
766
3698
1178
2671
889
4833
7494
7848
2898
4126
7364
7767
7422
3716
7236
1995
7729
1111
5478
601
486
1225
1812
620
7052
5464
3068
7744
1805
7956
7465
2666
3515
1662
2749
3727
6873
1036
4941
2805
2244
7754
1177
2678
5757
538
7526
16
915
1436
6650
6490
6321
4264
5172
3922
6018
6136
6341
2833
1276
2147
4623
479
80
2308
1688
1123
4077
6137
4715
4787
6251
5831
395
74
347
2523
5717
4375
5992
4908
817
4018
1833
4348
884
7913
7047
252
726
7417
6214
2831
5707
7128
4657
807
5823
7983
4774
4748
4723
7142
4859
2363
2927
3415
4172
2283
4195
4644
4643
1834
2782
6180
2690
1190
1386
7800
399
520
7170
6140
5853
3451
6000
1113
4051
1291
7047
4792
7483
7144
7866
6993
6761
6089
3096
3297
4037
6061
4133
7034
3256
1148
2454
2164
7983
461
2792
769
1487
6721
1565
6815
4533
1164
5268
5158
7336
7828
5636
4225
5982
6065
7829
1849
7784
1941
7386
4845
314
6021
2031
6814
4571
581
1580
6823
7973
3282
7811
2954
3834
4745
508
2660
7683
4581
4297
1667
6182
7142
1864
4366
3652
1100
4630
7330
1707
4994
3722
2366
5151
2072
4245
4244
3968
4457
5172
6400
7704
7324
6863
6676
5955
3397
7602
7314
123
299
1637
4595
1088
101
1577
5220
1056
861
2002
6672
488
6646
1020
3224
39
4682
4267
800
3867
5964
2499
2563
3131
1741
6048
3558
7520
3034
19
7594
1233
5698
7162
3835
2410
244
4347
5957
3431
6983
1117
3591
6802
5396
1922
5440
3975
1342
2693
1157
4897
3282
6636
5748
899
1225
7562
2947
1541
7018
2676
7986
6328
6284
4317
2143
1880
5306
4881
5816
6605
5679
1546
4810
6238
6208
7219
2616
6387
25
2998
2760
2692
4895
6532
7640
5092
629
4961
6574
5732
7962
424
5356
1829
5552
355
4322
7742
6488
7487
3966
7046
5112
6703
6878
4734
6366
32
1670
4766
5822
7892
5613
4410
5463
1630
1074
6801
2676
7096
4652
7666
5135
6916
5023
1228
4432
7134
4618
3792
3315
4378
6557
7877
6215
4383
6535
5800
2962
3935
814
3197
5394
7474
4600
1462
1118
7950
1670
5631
2027
3621
193
3684
5355
2779
7884
7328
5264
6627
4121
3331
4719
1269
3799
1022
1087
7085
905
974
7232
3523
2226
5699
2488
2787
4269
428
7192
7081
2649
3297
6782
4923
6769
7597
7060
1410
7609
6102
6549
5445
6036
2314
4400
5988
3507
2023
2949
6383
2408
3238
1228
2465
3224
933
5269
2364
2255
4433
2090
5442
2670
1517
6800
5389
6143
2561
3500
2188
1833
7521
195
3738
3775
6936
5594
2620
7858
1330
4988
119
6439
2147
2522
588
5283
3735
7884
3218
3171
4695
1462
7534
1097
7061
4998
1584
6640
6036
3353
845
2464
6006
6269
2741
7389
3491
7889
1361
858
6868
1801
7899
6475
3321
7118
5145
4504
4237
4674
5175
7725
3252
4769
3328
5102
2381
5571
2681
7496
858
2686
666
6115
329
2600
7401
6835
1823
505
7797
2542
4480
5967
5869
3480
2013
1228
7707
6522
7226
1562
3904
1009
5851
5199
588
7842
1290
6379
3578
2891
4808
1406
2246
1653
1358
7399
1676
5446
702
4087
3775
818
1643
7347
4034
2258
4673
3256
1126
4621
6867
7609
4097
4722
959
3621
5927
6248
7744
6372
6280
6204
1936
2239
2918
3866
4792
5919
176
5655
5749
5549
512
1003
2249
7385
7214
2940
4955
2166
6351
1941
1419
7747
5582
7861
7063
4485
5604
7876
1315
1871
7479
417
3688
2532
845
2838
4796
3187
2731
4461
2681
2624
7310
5340
5581
484
2885
1179
2654
6891
4841
7127
4375
6043
186
4991
660
2580
7896
6907
5542
3091
3227
1084
835
6480
79
3566
973
6664
1295
5962
637
5333
380
7625
4844
3576
5019
179
2494
3769
3785
4885
3243
1893
6107
5329
7147
4919
2966
3088
6270
2321
5575
1234
149
2537
5697
3621
7776
6145
2481
6452
6709
2446
1631
6647
5530
7226
7747
968
6447
7493
3842
2582
4987
7110
7748
6130
2513
5584
1714
647
4382
4592
2897
2470
5650
2642
374
7423
1833
6531
4325
7533
3733
7825
4746
3304
6154
4814
3027
6622
7653
2676
7592
6683
2874
994
3528
7460
6264
2308
257
1444
5115
2002
524
4478
1775
2287
7618
1025
2075
433
6783
1081
6929
6336
3922
674
369
4311
478
3320
3413
5864
2256
5354
2332
2524
1276
684
7766
6712
7255
5740
9
987
2827
5084
7582
996
1275
1966
363
3056
1171
2590
862
7872
4490
4457
2498
3898
2039
1115
241
4294
3597
7494
6103
2201
5365
1294
7454
3214
6406
7202
6843
5744
5156
4485
3477
5396
2034
7306
3149
2211
6517
5406
4654
5430
3846
831
5747
2650
1523
2123
5295
2035
1396
7923
861
5116
837
142
5572
428
5796
7178
3271
4340
4265
4861
3079
3301
6333
2713
2229
7663
1912
6654
6711
5637
3675
2474
5238
5532
5095
7372
7746
2513
4568
2422
1379
1898
3393
7024
7677
756
6277
4264
670
3340
2607
5320
5736
378
2735
7264
406
1848
242
4290
748
6160
7068
557
4671
7459
7461
2593
6750
4550
5389
6801
156
2310
1661
3255
6011
5068
6716
6785
759
4060
3466
3881
1708
6647
4573
1890
2020
4385
2037
5358
6145
4285
7646
2445
7107
2260
1474
3151
4791
6196
4072
3595
4349
3317
2509
360
6708
6743
3101
3864
3716
1095
7950
677
5639
2048
2906
2467
853
3150
4823
3269
7274
2350
4276
5964
3126
6354
5202
3674
6082
3009
6204
7717
4410
1434
7109
4103
5211
1144
2621
7410
6713
4721
1423
3840
7533
4537
4794
5864
7835
4196
5290
1933
3484
1545
6386
2544
5708
3202
4649
7174
6449
4367
7838
3749
2374
26
2041
2519
1060
4949
1135
2449
76
511
2849
5886
1299
5958
2002
1204
1194
6343
7555
4552
3593
5041
1581
4221
3192
1543
7706
4055
6650
6468
5921
4302
918
536
4796
350
2307
4305
3271
1915
7727
4693
5336
98
812
203
4789
2443
3000
3802
3894
4091
935
4873
1144
7989
1903
4870
2811
7184
4688
5826
601
7780
1950
5369
676
1118
3052
3663
6618
6835
1623
5910
71
7281
6124
2925
1656
881
7543
5826
2967
297
1833
5943
7016
1310
5668
3042
5663
1334
1319
47
2523
5803
785
1057
323
2076
7443
7925
5244
1086
823
7079
516
7215
135
3406
7470
6379
3419
5794
2170
5335
4995
7646
6672
1787
1485
6080
3353
4685
1395
2862
2235
7208
3044
2483
1711
5276
4909
5606
5312
6623
900
1643
1505
2848
5297
2579
7083
7932
3098
7327
6771
6794
6569
6498
7109
2001
7835
4804
5375
3865
744
7266
4939
7006
6539
5523
7930
5857
2797
3078
6266
6554
690
5575
5684
5640
6303
5088
7556
6952
6885
1372
6230
4484
7055
3687
7321
5218
1157
4241
1571
1181
6651
5041
7713
146
7289
7206
3449
7985
7303
185
3518
5171
3508
6238
2959
6954
4931
2777
7053
6964
1331
3134
3190
6025
6122
209
1315
3316
4605
7051
6618
1503
6110
3774
7121
6
2659
7696
5696
7182
751
1763
5409
878
7935
7829
1991
4363
4051
6243
3288
3298
6838
2920
6825
1631
684
5636
52
4170
7672
5143
5560
3681
4039
1453
7534
2048
3196
628
5219
6205
921
4648
1911
1488
1415
6735
6000
111
2370
3680
6523
4025
3491
4479
4737
2504
7947
2467
1250
7145
5993
1881
7057
6568
7721
2209
3852
3012
6074
4086
6838
2241
4857
1644
658
1245
6847
177
4254
730
2692
2741
4234
7354
4910
1254
6164
4553
3002
7764
2817
6036
7877
7668
505
2871
632
2560
7040
6804
1934
5819
5005
6240
6596
6867
1673
7383
7516
415
229
7760
1869
2631
5144
2283
6666
834
3956
422
2221
3770
356
6479
1152
6477
4164
2068
1320
4461
2653
6646
1455
743
4155
5340
4076
7105
1517
3716
1361
1532
6745
2324
17
4024
825
7822
7916
4023
2934
4962
2840
3705
3039
4574
142
4807
7046
7745
2478
2380
3127
1901
5199
6557
342
6010
2343
2202
3092
935
7828
4844
4238
683
6725
1710
3010
3818
6407
232
1838
6659
112
4662
711
2438
6370
6535
3923
5891
6972
2241
1763
3517
6243
7426
3377
4990
7912
4162
1106
7812
4759
532
3543
4953
1115
459
5638
2240
2705
6777
944
267
999
851
1711
7690
6576
6896
4094
4190
7816
2160
3637
5803
5983
825
5663
4715
4259
4573
7289
3360
1166
3544
3466
4321
7369
437
1690
2070
3324
5327
3984
2111
7667
3125
7467
3502
2926
7655
3869
7445
3333
1981
1279
1402
5174
6567
4725
1607
7885
4047
6944
2237
5806
1371
6265
5897
3394
4558
6864
3119
6140
2254
5026
355
6471
2496
6864
3062
4174
7759
6914
6253
743
1676
7639
3182
5213
176
4423
7764
4440
444
280
3362
5867
5505
634
7123
2490
2556
7103
3919
6470
3545
3897
5818
4375
408
4786
2599
3269
3533
6914
6378
2466
5825
145
3339
3719
4790
4330
2839
1786
4296
7223
2576
2873
5359
1183
3588
6629
6753
1657
3131
718
4565
6443
4234
6871
2529
5731
7044
966
5060
3633
3856
4139
4736
6656
6230
937
6240
4976
5779
6758
6424
529
4173
1291
7625
6717
4512
2488
7267
5778
1142
7880
2725
7562
1173
4987
6592
5498
3218
5638
6937
3620
5155
7348
3054
632
1234
4087
4176
4078
7566
975
4750
6713
1308
2006
7282
1128
6570
165
3493
478
836
3431
4653
1324
288
3896
4695
4744
3283
4281
6384
685
3174
1971
1709
5006
7364
7013
2026
5815
4298
1196
3663
1539
6081
4365
6159
3316
232
6178
6666
1202
425
7071
5331
7971
1518
4737
1419
5219
5965
3474
3372
3488
7135
2395
5602
6101
2478
3302
5715
5793
6924
4462
3520
3907
1216
3813
7491
1141
7004
5730
3896
2274
2986
2854
312
2948
5445
6281
1345
4574
3331
3782
6705
1491
4176
287
7793
1314
4246
942
1903
4927
2840
2506
7043
4175
3294
5266
7923
1343
7435
5721
6674
3200
5002
6702
3331
227
5479
7686
5915
5134
7802
6217
6820
7769
3325
2550
254
1544
3135
4915
1697
4324
7666
6133
4221
1464
3934
3016
1026
3493
1912
7163
6268
4643
3021
1132
6869
596
5849
620
1342
902
7797
846
3241
7494
940
4753
1134
5979
4782
743
4365
1318
1245
6369
1747
3540
7941
6138
4629
2621
6441
4093
537
3164
5432
659
6229
4843
7199
7533
3279
283
4536
2186
5347
1517
3103
933
3043
688
6629
2559
1688
2135
4766
3844
359
6710
3285
2909
1295
217
1696
6353
3279
1537
718
3352
7269
2364
3260
254
1584
5984
775
1073
1207
4196
4315
7463
1154
1562
7722
366
1958
77
7865
2577
5215
4659
1812
1892
5205
1103
2466
4653
7937
6310
7763
2479
1769
1371
3381
1428
6919
873
7526
4854
2312
6333
4324
458
4912
6958
7105
1001
154
4570
6258
2940
733
3422
4486
4036
6667
3249
3315
1604
5011
2206
6987
7243
5638
1244
2959
6626
1078
2891
1178
7950
1787
3533
2302
898
1551
7615
1260
2980
345
3731
3724
3962
6599
4939
5485
2865
7252
5588
7446
1034
7721
7677
3899
7969
1440
4818
1355
603
7395
6745
6950
1900
3443
7784
2220
3651
4997
5345
3697
2706
4742
1676
2957
2813
703
4751
1423
7774
212
2188
4625
7283
6311
1175
3110
7077
4954
6355
3504
2230
2993
6312
4047
3078
661
5282
52
1729
7860
6057
4627
4328
1926
7001
887
2107
6187
3326
5295
4032
6704
6765
294
3827
4721
5505
2064
5450
408
4273
2049
4964
7107
395
3736
5773
7172
4431
3096
5744
1410
3306
7959
7066
1596
1294
1934
4839
4718
6122
3089
5643
5644
6859
5978
6015
1899
5263
4414
6597
3263
3201
4225
7194
1151
5910
7941
6712
7205
1603
7965
4485
5457
3129
1215
2075
1677
5054
88
7861
683
5289
2170
4786
7947
2106
7601
5705
2425
5524
6515
906
7795
5272
821
1293
5064
7134
7002
697
3995
722
6342
5619
2695
3753
1361
3488
4061
7295
2904
7577
7752
6095
6573
2603
7122
4302
1198
3911
2367
1380
627
4044
7639
3784
97
6767
2369
246
539
4165
1547
6736
7513
7533
2118
3535
2832
5341
7886
4900
7633
2759
5160
1455
7598
2791
4356
5786
4310
2988
7265
7444
5826
5696
5136
4710
3912
374
208
7475
5709
6224
7576
784
3608
3177
1140
126
4545
2565
519
256
7624
7475
4015
29
6018
7133
2309
7156
3949
7532
5699
2423
5029
5850
1281
4678
816
7957
664
424
1395
3469
2535
4904
6920
1627
4788
3978
871
3981
874
168
3200
5714
1920
2414
4523
1471
7995
6702
1655
827
3466
5665
3615
2829
3535
7739
4507
3264
253
3818
3090
6065
3228
1962
2988
3061
1001
3911
4294
3817
4571
1521
6463
3543
3265
2421
495
1281
6471
4126
3128
5646
6744
1959
4980
654
1181
6619
2446
6956
6819
4427
3820
1007
2266
3244
7754
1708
7609
75
2274
2188
6847
7277
2567
4022
4757
583
1490
6745
1872
918
947
1303
6098
4060
4521
2961
2192
6393
7948
4939
3886
7714
1415
3708
2949
3264
7780
5493
3399
7783
4608
5739
4346
6641
4573
7523
7584
4151
3734
4345
5944
2539
1517
12
5724
7829
2304
9
3403
6056
7963
7251
5825
2240
7463
652
7043
1531
3839
7875
7927
3121
6179
5946
4911
7441
2885
5522
7750
729
65
1749
5219
6449
4394
3488
7515
1445
4288
7083
4787
5118
7037
4151
6722
6267
5198
7186
2677
3185
4383
522
365
5052
911
6892
4611
1377
7683
5559
2923
7938
7574
5794
5110
636
302
5319
3313
1121
938
7979
683
6669
2487
170
1108
1767
258
1220
2561
2934
264
2174
7437
4125
4169
2806
3929
3253
7578
6727
5107
6469
6106
3284
6868
6944
2364
1013
4227
1244
3332
7996
4184
3114
1421
7139
5339
7447
5190
2515
6795
5278
7933
1043
3450
7335
4947
5195
853
3552
1744
7028
1346
3767
4815
4895
3938
5361
7194
5086
2486
1834
1488
3667
478
3689
5891
6931
4603
7071
2590
6134
5750
6269
6467
1277
5658
4399
627
929
4765
2872
7207
3508
3324
2859
5115
6710
708
1347
2378
3959
108
1376
6293
4579
991
7454
4252
367
3161
84
6351
6879
615
2854
5790
3569
6416
3720
3053
2601
6866
1231
7843
1786
7813
1461
5794
3342
1949
1769
529
7539
5067
3089
1300
290
386
541
669
2540
3159
2121
7772
2947
2241
2223
7186
6754
1024
6470
4227
4570
5083
4539
3722
5050
4609
6122
4870
3035
5585
2937
1842
5893
501
6801
723
385
4329
5242
6218
765
2202
7826
137
5653
4713
5674
1826
964
3662
1662
1339
4326
2650
1102
5790
7529
7188
6045
813
464
517
3589
1459
5923
5648
2613
2005
2935
4729
4041
4263
5077
4678
3908
2267
5642
4866
7789
3604
3083
414
6147
2456
3650
7539
1181
7268
3065
4515
3363
6362
3170
2589
931
278
4992
894
6993
4574
7734
2325
1502
375
170
191
6963
7828
7766
4529
6474
554
3499
980
5033
5087
290
1931
1533
1440
2400
4496
6031
2194
2628
3260
2213
5280
209
421
6071
1651
7347
5089
3916
2752
7536
3753
3313
2107
7980
2714
662
6825
6232
7125
901
5523
825
1925
2752
1558
3920
5184
117
4951
5548
4423
4640
469
904
7208
3134
4951
481
5763
6569
6596
4569
489
85
401
6785
3231
6885
5588
5767
5571
2731
1400
4411
1542
4667
4810
2047
3863
362
3823
5323
5921
7784
7096
283
6570
6839
3726
5622
4124
5831
7112
5402
6689
7344
6235
5513
6503
3147
4849
1258
579
5165
5522
414
2482
3713
6143
6624
2810
7297
2078
7960
2862
7953
7567
4988
5585
2936
4828
4643
5586
3452
6223
4008
2678
7960
30
4215
2196
3676
7490
7799
6265
7010
1126
1044
4652
1064
7930
3944
5899
4879
6438
4741
3284
2607
3676
5473
7872
3988
5574
3871
1225
6618
4383
5494
4493
5344
6046
4160
2058
6380
6220
1057
5065
4187
7351
4114
6808
2499
6783
5833
4463
5863
7885
2183
4661
7318
5476
61
6618
7904
3279
4636
4132
5750
2810
3192
5960
2205
4381
408
2286
15
6163
5212
6424
2862
4041
1739
2075
7973
7377
2617
7051
2974
6294
4625
7477
409
4586
5573
1669
5999
3131
6927
2504
3236
5989
2658
6540
1890
6305
5106
6564
2520
6234
1437
1736
2799
160
5044
1817
3876
7670
3306
7617
4294
5574
6808
121
7694
2612
3051
3556
1622
3663
4075
3161
2488
484
7336
6974
3332
3693
2627
2511
7069
871
854
574
5232
2241
6337
2741
2386
6064
4498
4919
5750
6623
3088
1764
6279
3524
2532
1243
4328
6926
7589
1338
2886
7546
5375
2688
1878
517
6847
7508
3632
2300
7101
1055
1800
5743
3174
2003
3525
5380
2148
3855
4031
1383
2285
2587
2010
5983
1381
2702
954
5436
1137
911
5857
7213
345
312
7596
6190
2137
5590
1447
4702
7364
5837
1160
6446
2838
1305
3599
4533
276
495
5687
5537
930
1025
3161
1737
5665
1313
7774
3229
6210
4413
31
5247
44
5704
1947
4971
2502
762
5460
6672
2081
1325
3846
6403
1413
1576
5637
1033
3031
4217
178
3474
2276
1083
345
6661
4044
4152
1451
1462
1293
1255
6931
4405
1323
6870
4278
5696
6201
7267
6732
1816
5703
2148
5526
625
7145
1959
6331
4930
2975
2131
6979
3197
2278
3373
3502
6361
1754
7287
7282
1290
710
7858
1040
6546
5706
965
5394
7921
2152
1462
1891
5752
4715
5076
1419
1980
756
5367
3909
5605
7906
5088
4414
7846
2525
6330
2860
7687
6399
1666
2377
6941
736
1282
171
6236
7037
3832
2
5571
3589
1814
5933
5493
2239
3747
2425
6824
1114
7167
2167
822
5779
3715
3128
2001
1789
4102
2279
2132
6192
4477
5892
4660
3984
1466
3385
1429
1913
3413
474
2873
7620
1448
3390
1235
6841
947
884
6138
785
4321
6372
6265
870
7714
580
4227
5689
2615
3507
1475
6944
6284
1590
7954
1994
2623
1676
1538
6256
7551
1135
6039
6042
1871
3306
1686
1099
5226
273
7861
587
2241
2146
6641
6287
224
55
2175
2054
1838
4580
2842
3266
3987
307
7547
5505
5236
7161
103
6808
7321
6676
2530
7931
4080
3396
7233
5547
2603
1124
5213
508
580
1860
3619
2882
864
4707
6281
4376
1873
78
2843
3468
6966
143
7859
234
4861
5268
135
2276
1353
4638
413
4315
4015
3682
409
1676
601
5824
7030
90
3661
1437
1683
1459
5256
2463
7781
3682
6660
5636
7819
5361
3993
7968
319
1145
5184
6705
5608
584
1074
5664
3660
7917
5742
7639
1954
1954
2202
7289
1029
6935
6913
6658
2821
215
635
1725
6616
5913
7850
3740
3182
358
736
5239
5666
6945
6686
4452
3724
248
7544
5935
243
870
4180
5302
7712
6562
7889
36
1677
5159
5124
2696
1725
1697
1117
5585
2597
4529
7720
2344
1672
1181
6512
3498
4384
599
7358
4992
632
2088
1919
669
5463
6905
2947
596
1942
3134
6433
6548
3219
4672
3513
1857
4286
645
466
1071
4816
6749
2593
1021
6364
6924
3499
6412
6014
2767
1473
6683
4976
5773
3498
5697
3963
2331
1056
6022
7241
2284
2480
1565
4377
3219
6980
2562
4493
3127
7934
2668
7134
2898
3898
3823
239
3365
502
4658
7166
1148
7118
136
3831
1049
6111
4908
7907
1856
6606
6046
2046
6367
6753
2260
3621
791
5002
1119
2030
427
6532
7580
978
4100
86
2003
2501
2526
6709
3951
1255
4755
967
6554
2834
2050
4673
1076
5971
2716
4977
4081
7094
5194
7064
6221
1275
4670
5167
1900
3813
3285
2506
4433
2096
358
538
7355
3106
7594
461
5207
3514
3144
1680
2790
1989
507
5492
7853
7440
1058
6254
3347
5368
1828
7353
4954
669
3197
2710
1853
2805
6314
6643
5858
1212
5229
4330
7995
2505
5437
1312
6207
7613
3982
334
1537
7316
56
5340
426
5341
6406
7145
4375
1094
4254
7528
3217
849
7240
3876
6117
4899
988
4899
7200
4283
2061
2985
7465
6080
6732
4756
7739
7794
7002
1572
7997
6403
4973
5917
5119
5631
7550
965
4755
1766
429
1225
4678
4314
7314
4796
4218
4723
7649
1343
993
1712
2809
4091
152
4489
3081
4235
1949
7200
1567
2615
3695
5461
7759
5659
3649
6840
7804
6695
6106
4634
3334
5183
460
6076
2064
7491
1230
4329
3244
3817
2873
6112
2086
7493
6044
3881
2346
5226
3068
5832
5458
1003
6059
6159
3280
251
6915
7758
7349
2226
4351
7974
2332
5488
503
3644
2037
6812
3063
4105
1969
3334
6522
3725
5895
5163
3208
6499
7778
4502
5737
5296
7271
4067
3845
4661
7526
7647
3098
6404
2588
6795
3224
16
4770
1664
3676
4317
695
4844
7
7510
1893
2426
1723
2749
4178
4240
3249
5501
2789
6514
3130
6235
3794
3139
1040
6219
2564
7916
5400
3743
5286
5845
6711
4634
7310
2449
4942
7523
135
7190
5459
981
7162
873
5901
499
6648
3288
7084
633
3751
4961
1154
1485
3590
4081
6498
2901
7518
70
6100
2338
3783
6837
7794
2825
4308
5320
7522
2002
4060
1087
559
2826
7398
7799
6662
755
1968
1000
1803
1308
6428
5129
3606
7691
5560
7950
398
6998
5992
3473
6367
6097
114
2895
2715
6241
2982
1097
4331
7791
2728
1034
4464
5177
7003
201
7354
5378
7724
6244
3747
1002
7160
1164
4361
1816
1115
6592
4903
3091
3862
3186
976
6960
6492
5062
135
1446
6713
4536
4541
4349
2464
4252
1959
5285
5903
3969
7612
99
353
7151
72
934
7664
5904
4400
5880
2276
4715
5187
976
221
1995
1720
5380
5817
6142
1098
2587
2754
5177
6125
6785
1975
6489
6827
1171
437
516
6112
3866
7746
3886
5582
5077
5175
568
5150
3055
3975
2290
7348
2896
3632
6273
7853
3984
3900
220
248
197
3252
4656
1038
1277
5090
1060
655
3079
3906
3191
6075
4972
965
1412
6537
6908
2689
6887
7975
2
6392
5690
7759
7513
3650
1465
6274
3032
4890
3524
5029
1000
1283
6978
756
4599
1621
2593
5287
2821
5288
2940
1440
2012
3355
1814
2189
2076
5122
1347
3616
436
4202
7142
488
7597
3785
6677
4044
1632
1479
3673
2724
3144
4771
7121
6324
6834
6404
2357
966
1873
4189
120
1443
6574
187
967
5998
2364
2158
6319
1308
7049
6097
3035
3667
3281
2296
5626
1822
1005
4534
6399
6539
4905
4488
1922
2402
4787
98
3588
1986
2286
4307
848
6809
3942
3799
1596
7167
4127
2553
7311
6448
1030
6755
2428
5476
329
324
1037
5389
3842
5404
283
813
1998
2407
4921
6417
4348
4771
7345
4973
3425
7616
5606
6101
4105
1508
1497
3862
2504
1944
6407
2159
2862
7762
2414
1775
7256
3039
560
4460
6307
2349
145
4573
5180
6834
2075
5717
851
4413
4833
2460
3630
4823
6880
6636
4314
6677
1793
1093
5884
2109
3002
2477
261
2067
3093
5704
6532
1407
393
3215
7317
7644
2692
5040
5047
5791
4618
4291
4732
930
7543
4132
7705
7244
4448
1201
3485
5599
6360
3937
3775
1630
4366
3903
4687
6681
1044
4930
3919
855
3706
11
1627
1758
6937
1595
2307
929
6316
3374
3769
1671
1048
6423
2278
6612
1228
1336
1431
3894
6467
5183
5524
110
678
1976
3217
2777
5007
6515
4606
7386
6185
6451
441
5606
627
2512
7587
5932
5155
2218
4048
543
4839
5450
3096
7585
4550
4886
2762
5902
1509
5489
2561
4385
7782
109
5006
5575
7467
366
2772
5886
6969
3292
5939
3178
7223
3460
2140
7924
21
5324
900
2783
5001
3217
7732
553
7284
2591
4220
2522
739
5388
776
300
1586
3441
2634
1622
6092
774
5591
695
7053
409
6862
3292
2056
2411
4083
3246
3812
4903
4698
2491
2337
3520
1278
543
1913
3301
3249
3470
7201
7204
1134
4929
7470
2008
1802
7867
1429
4432
73
4023
3211
7358
13
5616
3275
2905
5289
4940
6006
272
3092
166
3924
3242
505
7607
1400
2815
1771
3040
3010
5644
1846
854
7934
1527
1681
3882
7402
4640
5295
52
5846
7776
2932
6875
5731
6305
4421
4612
5549
4826
2808
7253
2821
7461
5611
1317
7959
4990
624
5442
2027
2778
4518
4638
5959
1250
5027
7062
6769
3530
7821
1568
2833
7891
4488
4369
7541
7833
713
6345
7791
1945
2121
1276
25
5123
6422
2717
953
6008
1540
6376
4095
7329
4928
1356
1067
7787
5764
3444
5131
482
2150
4529
2594
4521
3468
6278
5349
1940
5434
1935
670
5666
7244
1614
3892
1242
895
3347
706
3968
7785
2760
803
6004
2377
983
4879
4136
2105
440
286
6076
2368
2458
2796
376
3204
685
6614
7333
7516
3594
5664
5448
1156
5184
1784
6012
3370
2428
7445
7403
4005
3860
4922
2089
5893
2928
3479
6893
901
6485
5518
4716
3869
6287
4051
7060
308
4923
3436
4770
4147
1966
6104
4064
1525
3334
140
447
6170
4043
1560
5708
3067
704
7721
4882
5239
4812
3623
5261
1644
6016
3646
3142
6530
7813
6075
4560
5217
7395
6220
7901
1539
6448
362
765
4835
4883
6290
7285
2965
2612
878
376
7407
7490
2195
6532
5733
5728
1764
3548
5235
4653
6675
7133
1715
3758
2247
3392
6606
7834
3226
6059
2063
3394
889
628
7955
7324
815
5363
3357
363
7611
5442
1734
204
2525
4884
4561
7966
4208
2863
5340
1359
6065
1415
7667
7104
3101
3448
2431
4756
3257
3168
156
3226
6827
2584
2504
6036
7302
1613
2999
2148
6435
382
1283
2066
3562
2068
320
4668
5744
3481
2990
219
7674
86
4743
4909
7392
3982
1913
5573
1421
2704
238
6251
4579
7869
3718
3441
3579
3927
934
6611
5066
4801
618
5130
6431
1241
1590
4973
4808
2990
106
6724
853
6496
7027
4459
5748
6995
958
2848
251
3599
4808
553
5253
4216
466
869
115
5540
5168
1645
3732
286
2559
5286
7455
5879
1782
5222
7709
7235
6166
6144
3492
5879
3195
2606
1661
477
1237
4506
5543
4209
2800
9
7605
7516
942
1188
7890
6986
6999
548
4901
2410
3079
6490
719
6977
6790
4953
6097
1388
7796
2049
4171
4144
7651
4840
3999
1983
7871
3238
2036
2506
2920
2493
4311
7357
3744
3683
1211
3676
5344
6830
7329
3768
1733
2395
4435
589
1384
3771
202
4283
907
5755
4975
4127
1262
3342
6270
7118
2306
2809
5575
6574
437
4923
2447
1904
2156
5334
3987
6829
4175
3006
7532
4700
6525
7901
1294
4078
7584
3137
6250
5126
7516
2851
2100
5400
4833
3221
3647
2717
7329
4615
5571
7216
603
2357
833
6536
1108
5169
5181
5203
6183
5448
7338
1643
4788
7060
2148
1655
4020
1246
4247
6753
1133
4525
4669
1327
2304
4783
4740
3521
2912
5379
5133
5798
3741
7009
5585
5594
6174
7143
5150
160
2734
5825
639
1272
1901
6195
6394
2046
1959
134
2163
7967
6465
1869
2862
248
4559
1298
6898
5196
3267
5922
7496
2210
2753
1778
2403
1529
6413
4909
2201
7785
166
6235
3280
4632
7084
2543
1908
2965
6332
941
7908
2900
2972
2742
4844
391
3794
2673
4845
3669
7183
600
5529
6649
6985
2396
6491
7290
1254
5110
5459
4802
4500
2700
4607
6942
5621
5180
7925
5841
4024
5383
5580
6869
2883
5021
7131
7023
844
4737
7193
7982
7943
1816
484
2111
7929
3988
6621
2800
44
2807
7600
5311
6139
582
1457
1502
6861
1101
1122
1350
4318
329
3985
2421
1977
7349
1502
3334
7298
1844
2651
4523
5103
4375
1228
1289
6231
1292
1293
1391
4579
3428
4819
1908
33
831
6282
1517
2295
5015
2398
6024
3444
357
3542
7177
4610
2163
1370
2142
2936
4863
4693
6432
6796
329
2613
1001
1574
1658
1167
6092
1487
7665
2336
1269
4424
2986
1583
7070
2359
6989
4046
7659
6332
6353
4158
804
1378
1739
4338
396
5362
6359
7340
7778
4129
481
1028
7859
3177
401
6407
922
3701
5137
7356
7190
6005
3708
834
3078
6482
740
4437
3459
5179
3968
7983
602
5854
3696
4555
741
6131
7983
1157
4805
2226
6740
2845
637
5413
5765
4890
1582
4248
889
1803
7019
3884
3943
2792
7224
5387
6032
5336
2148
2869
6118
396
4352
1721
6936
1864
4795
4608
7291
3074
7707
6660
5718
4643
4698
7902
5770
2026
5019
3260
5468
7216
5191
2672
1633
6982
6281
3238
7941
2490
4578
7790
55
953
4585
631
3380
7566
3875
2909
2543
3016
5370
6873
5530
1274
1246
1559
2900
2396
757
2597
6191
6479
5696
3911
3868
1982
1931
7911
5046
32
3728
7977
4007
7385
1770
5405
2747
5440
1777
5390
2687
3644
3446
5943
5141
2759
4636
533
7384
5461
6033
24
230
1485
3048
2611
462
1846
4053
7699
7447
7917
2372
3244
4971
4498
3158
1710
1823
2563
4281
2519
3680
3136
1634
2978
1019
4782
2154
6685
1608
2615
5634
4312
7476
4558
2196
6969
4522
5648
2552
621
990
4230
2128
7929
6198
1415
3009
2734
2773
2683
4494
5883
1284
506
2898
668
5631
146
4442
2416
7130
7271
2141
4009
6158
4405
7641
3421
5476
3186
779
7097
5309
3471
777
6100
187
1244
3072
225
2064
203
1862
4287
6561
7244
7515
4075
5142
7704
4161
6293
577
7562
2869
2896
360
423
7369
6050
7345
4862
1375
6523
2921
7595
6020
5507
2544
7221
5734
2636
6789
7319
3827
4391
1834
2908
2960
5394
2356
4131
6003
4303
625
6082
6622
2640
5941
7879
4473
3341
4995
7130
7818
632
3541
6910
787
200
2761
566
840
5042
296
4356
1515
3383
7699
7628
262
1238
268
472
5060
2721
94
1077
7149
1901
7530
7802
1469
3747
4816
2472
287
6387
5558
557
5707
5801
7736
4099
6585
5591
2284
6070
5248
7730
4752
1154
5840
7673
1811
3290
1480
4752
5948
3717
6645
5931
2043
5155
1704
2725
907
590
7219
4849
1216
1308
64
2023
7410
1344
6797
1600
3974
336
3144
1245
1174
3041
1346
2945
1148
4942
5011
4640
768
3416
3723
3919
1499
7015
7824
1178
7208
6959
4953
7924
1766
2542
5318
2313
6892
7633
6873
7472
4202
1270
1301
6652
919
205
5809
6194
2812
1047
2425
3092
3293
2768
2370
1884
2495
1514
6856
5828
219
5166
358
4738
5277
839
7472
6738
6105
90
2800
6507
7307
6733
1660
2579
2121
6569
1905
6798
263
2970
1998
4530
5511
1811
431
22
5083
5710
2467
4649
1176
6513
5549
6942
7001
1805
5780
581
3949
575
1319
6645
1118
6393
4753
6054
4447
7003
1108
539
5713
187
6757
7996
7986
4740
612
3841
1954
4474
3255
4107
4115
3739
5826
1293
3213
2913
6277
3495
1372
1509
6225
1747
2839
5341
2472
312
77
7366
