5168
5853
3683
2992
1620
5098
2630
9341
111
2709
3445
7873
5020
3354
2597
4146
1817
8482
1136
6149
4614
7624
9673
8945
1817
3320
2957
2399
9295
9333
9445
6177
6093
5255
3128
7372
7620
8944
3054
163
3251
5114
8687
5569
7670
8911
2537
1011
6813
9796
6193
9359
5159
9474
1488
2709
1341
242
8751
1537
8427
933
5486
7146
7097
125
3389
7115
4120
1260
4510
6459
6247
5543
3345
8378
533
550
959
7882
3121
1210
5331
9895
4734
6076
7650
4837
9346
4686
6299
166
9645
8720
3338
9892
7863
6514
3510
9089
6050
5553
8202
3704
1679
560
289
6943
4700
5747
8490
4460
1147
7771
1659
49
5070
4089
7778
389
5038
481
2871
6145
9722
3789
5869
4259
9165
1914
2343
7810
7608
1235
2327
6160
7967
3673
4738
9829
8144
6347
927
9885
2013
1048
6590
5600
4587
5998
6581
6713
9731
6349
5654
2166
2181
2318
5692
6123
3421
7962
8292
2339
9166
8184
8249
9445
1066
7302
231
6063
9219
6306
6385
4929
3852
2902
2878
6376
937
9983
6030
5797
6470
1288
7179
1546
6867
3688
5035
704
7580
9828
7585
6024
1846
7442
5075
1836
5829
4123
5190
4033
8571
5692
9573
3708
4972
8602
881
5166
6461
3327
9426
2733
8586
7397
6460
336
4230
350
3645
3734
5805
8590
6674
2676
6614
6373
425
9753
4388
5149
7042
5168
1260
8172
2558
4290
4224
9366
5258
2085
6618
6595
9861
8212
2549
4008
8044
8780
5220
3861
8566
1361
1910
6634
459
5595
8321
7255
6641
2912
5275
9886
4110
9375
4456
167
4417
6934
1902
4400
4764
3649
3092
1215
9626
1728
5977
2102
8542
5443
8720
3489
2076
3189
9705
4414
8288
5730
3451
2202
8844
8133
382
1348
8848
675
7253
784
8322
9342
6760
6683
7085
5543
9872
8902
7797
6099
9947
4481
1080
6905
2703
2053
5008
9717
4859
4573
246
9036
809
8706
1968
6460
7120
9618
9643
9183
630
717
1156
5197
995
5675
9455
4554
3184
8013
8635
5283
7406
9071
7213
6736
9412
4214
8249
3735
5744
6604
399
269
8862
5157
1521
3529
3142
8380
4915
8695
9408
6383
5035
3110
403
9189
6216
1503
635
2680
4511
9170
6824
6898
6769
4382
5075
8344
552
573
8364
3469
1280
9626
2254
3445
5074
5952
6132
7303
1196
4400
4485
2221
4188
2638
8843
8523
267
6985
7026
3466
726
4245
4651
2384
3400
5207
9056
30
4532
7036
7570
4982
6957
4870
1326
7782
4792
949
3454
2789
8089
7821
7883
3625
5499
1641
4240
6419
7804
9053
4795
7032
132
5824
188
7500
4278
9630
1312
8221
6270
1768
1543
5161
5707
6310
5393
2493
7974
4699
2407
124
4512
7427
2662
1688
763
2348
9830
976
6143
5469
3832
6629
4236
743
3983
9866
6575
1415
102
6649
1213
7125
3375
684
3036
1853
7275
1422
401
8536
6565
5743
3572
1061
2936
4941
3552
8073
1409
5222
1047
608
6048
5943
2355
5150
9448
6607
1606
9767
8006
4117
979
3303
6862
3442
3365
3968
1456
9149
9581
8318
954
3602
6025
1208
5943
1949
5088
2165
6309
1577
922
695
4596
3888
6300
7465
7066
8621
6705
2337
2788
6678
8340
2210
2103
1487
9355
5778
1733
7341
6205
8130
9803
8153
7779
9503
4326
7388
1884
307
3781
7501
8619
9929
9738
4516
9468
780
7355
490
2996
1098
5621
3951
1237
7242
8960
312
7184
8247
733
6563
2805
2568
8411
3992
6102
9358
3177
3438
1595
7881
7926
630
110
3991
1253
584
3222
1498
1821
6201
1713
4661
508
982
4009
5507
2203
3583
8538
1908
6092
3347
6026
7812
3120
4947
7046
3370
7173
9126
7918
554
4044
3209
3479
7399
5593
5056
2399
3769
3620
7934
77
3334
2013
4365
501
5009
1692
4090
9483
492
7686
4352
5280
474
5404
8895
7928
726
2589
3352
4524
5465
8219
6009
7610
7996
2299
736
7034
2731
3382
6077
4892
754
541
9192
9789
8871
601
8732
1465
3827
5984
8623
2186
1582
6772
8367
9262
6566
4005
2090
1686
236
7751
729
7419
1755
9742
7835
508
1926
9445
2170
2866
956
5919
2156
1892
9114
2437
9257
2838
2510
9693
7875
8284
8340
6027
7830
7165
8639
7522
206
4771
1493
7523
8112
4318
2023
6486
6022
3096
332
9494
5098
6899
6489
4887
4653
3535
6399
9635
9621
8056
6433
8177
2993
9883
9136
4503
8522
745
9556
6086
8409
6245
5002
5332
9119
7815
6245
9272
9940
5459
866
3901
3727
1795
3852
3241
9215
2817
1336
8248
4628
7265
5086
7633
8557
2939
9157
6490
6431
7126
7290
7687
6574
5888
2605
8686
1963
7626
5496
5670
26
6720
3916
5998
4559
8647
2681
6474
4997
9470
5290
6903
6138
5447
1724
272
875
7903
1017
3049
6759
6057
3028
2825
6786
2777
6051
2325
7481
8939
4884
2422
2332
4244
7870
6637
4189
7825
3205
1421
3076
8620
8153
7398
8668
9261
4700
8210
8638
2716
5982
4664
4375
8500
8215
1326
9113
5459
2352
5452
1291
9007
1486
1276
8110
1651
6444
7693
3005
1462
6500
4518
8911
3644
3977
4967
9853
7894
7268
4828
602
2117
3865
5387
8036
6700
4358
7500
9798
8371
1432
7800
8087
3240
6793
8618
9699
2176
5706
5139
6403
7243
3016
7546
4619
5381
5214
4655
3953
808
3735
2720
5077
6047
2575
9605
4113
5398
4853
982
9486
1981
3423
2701
7040
9931
9274
8966
4416
3919
8027
5651
2772
4514
6615
3499
9356
8536
9404
8434
3868
4886
3818
8180
81
4365
2802
7467
7874
5460
393
4977
4805
116
136
4527
3114
8124
5220
3187
152
6789
1013
5616
7234
8064
8757
1840
2214
2684
7302
4644
5250
3891
9968
4028
3427
3364
8599
2929
5083
3259
5445
4784
3502
6300
9833
9362
6793
3168
1467
6934
8976
6742
6186
6256
6499
7738
901
4810
4988
2227
9682
2776
6423
7461
1006
6394
766
9543
3090
2347
4800
7872
5742
4663
366
5643
7924
2873
8642
9065
52
6513
1500
3605
9008
325
6890
7602
2475
6655
1235
4593
3811
9764
9456
4975
9543
676
3559
6939
7495
157
9798
4021
9415
9450
2921
4786
9215
473
6999
6748
8386
506
1135
6199
5945
6692
1723
2846
4348
5794
9662
9291
5900
9594
2575
1797
6783
2253
6898
900
9753
3338
8175
144
1028
5454
1682
3639
540
7382
8622
3614
426
2341
9118
1855
7338
2032
4442
4336
1515
4487
4626
6948
8642
5502
8202
9451
3691
2042
4418
5285
9038
9319
5297
8547
2906
9749
6414
3534
4129
9220
7866
2625
4303
6852
3885
6065
9207
5807
2043
9022
2236
9570
5683
3681
6601
7254
2324
8165
479
9389
4012
8946
3769
5368
7871
3396
4764
8758
8832
682
416
4262
7999
3627
7301
6045
5807
6531
3556
6819
7091
5418
4500
3384
6004
6518
3862
8292
5025
7943
2589
3452
1572
9280
4445
2369
7405
2678
5231
7922
5902
7008
4286
7169
9169
7870
1
5059
1817
854
3973
4129
3540
5754
8934
7660
3370
3206
1419
7038
4118
1877
7579
3803
8237
4931
9039
8197
5807
2460
7078
4319
4041
3571
8063
9785
5797
3808
9654
4763
671
1473
1614
3069
2100
5905
935
8546
4745
4709
7773
8053
5333
8115
8493
7628
8381
5694
5220
8313
1306
9724
2581
368
3928
3128
631
9890
6973
8803
3545
8071
1876
6934
3651
203
3990
4818
5594
7167
597
9640
7375
9248
1156
6773
1910
757
8389
6981
4878
4066
2864
2889
4353
7769
4445
6227
7897
9600
4527
6701
9821
1133
7965
5001
343
6094
9646
2547
9956
6854
6449
307
4983
6114
3510
911
5066
7977
9835
5133
6562
8209
6679
102
3597
5247
7229
3734
8443
7254
8558
4960
8310
1889
5838
4687
3632
9723
2177
1415
5368
2395
1473
8809
696
1182
7663
9749
6829
7180
3443
2698
7508
6381
1298
3337
3838
9220
1180
1960
4160
8953
4286
5762
4217
4309
2394
4827
3536
6246
8465
9442
8106
7587
667
4063
9013
2281
1059
3243
3157
2803
2849
2799
9800
2008
7397
5653
3015
5583
4989
4203
7835
3581
963
2214
4634
1087
1942
8754
3245
1811
6100
1495
8335
5744
7713
1448
1284
2359
5126
4310
7347
385
3752
7121
8962
6487
1716
4398
9164
5345
4917
5843
2210
6534
8449
287
4155
8226
6134
6456
9305
7126
2284
5404
2618
5944
487
8793
4999
7291
3772
648
7485
6778
2861
147
6677
7134
3891
2040
9058
6800
3415
3973
439
5175
5853
451
7906
8082
6493
128
1449
3618
4111
2964
4896
7503
5491
9701
2707
2427
7690
2326
4086
9587
7636
3498
7703
6881
23
4694
7724
5199
7592
6101
8031
7462
5946
9493
147
1732
8656
1678
225
3756
6352
6035
1012
4775
9383
2145
605
1705
6163
4500
2355
2383
7712
9225
8202
7156
5618
3006
4447
8946
9340
2454
4430
533
4475
4873
161
475
7315
6455
1557
6664
3187
7533
762
3030
4983
5344
9447
5514
218
359
9927
914
8886
373
6516
9802
1626
9651
4366
9661
1654
61
6888
7065
662
4675
9136
8683
169
9743
3577
730
285
1974
9847
6271
728
8391
9606
7474
5045
6497
1110
4144
6074
5218
6167
3128
1602
2841
6430
9701
8508
1373
2225
5109
5294
8198
2693
6601
6231
1369
6865
7733
1760
9154
2990
9911
2702
682
3166
7252
9160
4999
8501
2638
2479
8642
9545
5922
3854
1172
6946
6253
3615
4666
5469
3935
7304
6872
4275
9896
4080
9434
9665
3150
66
6437
5203
6337
8365
3148
6386
4069
7557
7694
968
8255
6794
4492
7468
8555
130
7864
2318
186
2758
8042
4496
7001
1590
140
2302
9292
7994
261
9084
4329
9942
531
1387
3313
9208
4129
7320
5418
7841
4664
7249
2007
1198
8706
2949
2873
9283
7417
8199
2286
8643
5198
6957
4584
5326
6390
7499
6825
6855
3007
6584
6602
7184
4352
3258
3643
9700
6046
7699
8228
8449
219
1463
4986
9153
728
152
1742
2067
716
528
4383
1083
6701
6986
2592
4562
8730
9262
5956
4587
7787
6615
101
2292
3248
2723
3075
2325
6583
662
7962
5512
7705
3147
5821
2228
5699
5529
6703
2680
659
9469
560
7009
8424
1354
1028
264
1340
8553
9935
3243
7390
4958
1677
4342
9015
7178
8526
4446
8095
1815
3790
1690
9080
9347
2835
3086
2087
4155
3392
2373
3667
6051
3126
4986
7254
0
5001
7347
672
2675
5105
5035
8171
5746
5767
8923
7050
7604
8191
7620
5994
1784
3590
6347
1434
290
9216
9249
7527
3908
3172
2510
3344
1701
7044
378
4089
1425
4564
439
4394
9261
4203
5135
1703
3589
4007
8181
9403
3988
9275
7786
9005
5630
4084
5935
2053
6157
3705
4914
8216
4583
8080
4295
1086
6024
8046
6772
325
3393
4262
9001
3550
7565
3667
6122
6422
5340
7313
5626
2735
7326
309
2502
2044
4573
1612
4779
2060
2039
9825
3556
5565
5927
2792
6052
6018
3695
9336
6429
4479
5796
1526
1867
7745
5318
3772
497
9338
8715
2376
461
4058
583
1089
5401
2730
9289
884
1601
2370
6693
4284
333
5595
9674
976
9066
1870
4319
87
2265
8634
591
6646
9395
4485
1117
1690
9431
330
3382
9553
3970
8673
5410
8147
9466
7004
9046
7998
9975
8237
9482
7439
1630
1813
1298
7596
6380
6967
7627
5230
6155
2203
2131
5244
6788
735
9685
4818
401
2840
8784
1520
9901
9414
6068
2303
9403
3781
3352
5919
1808
2320
8410
9404
9134
960
7796
6543
6509
9138
8935
2577
7144
230
2695
4906
5970
6739
8883
8775
243
9048
6319
7097
7843
5518
8976
9178
129
2234
387
6107
6640
3774
1754
7289
4431
9535
5876
7055
5651
6561
2776
2996
8420
5230
6638
2676
7697
9350
666
4733
5200
6863
1894
2064
3302
2670
2298
6119
7887
2830
6059
7062
3979
8573
5373
778
8262
1175
6294
4382
5618
8137
2065
5212
7970
871
9740
1184
6805
8442
1902
9656
3693
3265
1896
7032
9020
4552
2919
6811
1242
1814
787
5507
7670
9360
9976
5185
2198
3179
9550
3968
3916
2367
6519
1772
4487
3783
3540
3728
6755
3908
3604
2221
670
289
4139
5958
1096
5586
4394
1352
3638
5797
561
8952
4371
1259
9470
2052
2948
240
304
8811
8742
4117
7421
7064
3047
9903
3916
9081
8253
9257
1087
9759
1847
4660
321
7118
7294
574
5000
1188
4199
5328
9367
7239
9480
2498
2099
8022
7460
4489
576
5857
3285
6129
8935
6373
2645
6261
8294
527
8937
5787
3364
4658
2363
8301
8063
4724
1106
130
6756
9634
7264
5739
362
3716
7976
2057
8892
7612
5113
4635
6129
183
2236
2053
9418
630
9734
8109
2647
8390
778
6207
9814
5307
734
1553
809
3948
2456
5712
8195
9015
1926
8857
7599
7157
135
2004
8668
744
7064
2362
1641
5377
2206
8007
5625
6799
8205
7962
1587
8562
8676
2346
9737
9197
7222
6323
4595
7529
5109
446
1752
7046
4076
4702
136
6124
8393
4151
1176
400
7269
1337
4586
9939
2466
9994
3273
3012
5376
9057
9998
6278
1115
6894
3778
700
197
2888
1745
2960
5307
3198
3959
9827
6567
1343
2938
6670
2850
8822
6787
3272
9715
2668
5082
2592
8761
7265
7789
7578
769
6117
2492
6023
2132
4657
9989
5468
8815
275
8727
2197
8880
2086
3909
434
939
3792
7577
719
4150
3093
9857
6066
7335
7560
8091
9150
984
3314
7769
3556
9140
1483
4273
6553
8993
7957
1764
6802
5450
3001
9993
1131
4167
6649
9109
6824
8203
7412
1481
4259
5946
5992
3111
7396
4421
8993
7122
8159
5812
6448
2274
8150
5230
5847
6177
4879
9304
5072
8661
5809
776
5037
1514
5112
7876
4043
4075
7224
5788
3200
2397
5150
5809
9395
9337
8145
9776
9786
6643
2695
1423
5294
827
501
4771
9756
3952
4431
8412
9173
5436
6493
7805
6484
3824
8814
2300
5663
4556
4838
1650
6503
8827
1683
1823
4938
8697
2829
7965
9688
9506
6476
6127
9298
5369
9572
5335
7022
8881
9339
9889
6775
4780
8027
1151
7474
285
5810
5457
1563
4492
6262
4544
445
2709
9943
8696
9457
9709
381
7648
7086
1331
6928
6487
5087
1391
8679
4253
6194
6298
2216
7131
9276
7465
8429
9008
2074
8519
7896
8009
3282
365
3933
2411
4680
97
6382
6848
6316
6649
5924
6124
5025
7322
1641
4763
9593
9137
242
6506
9339
8269
6041
4510
1415
6184
7322
9428
2128
5168
9651
390
7304
1126
6750
7863
3177
5841
9195
8187
9983
752
2790
150
5620
5787
9192
1264
5523
1284
9754
1441
8894
1344
6836
6943
9995
5852
8067
3777
8393
2061
873
8478
6113
2664
3790
2599
8423
1675
9508
6750
8127
9606
2952
9314
8780
8809
532
7896
8051
7036
9970
3111
3711
2117
1515
3344
9534
313
7358
7304
9721
4770
4236
3252
6912
5161
2671
9872
996
2897
5819
2380
9790
3984
5805
147
4732
2330
3792
4745
2908
8107
7150
8496
7633
1505
8163
6871
3699
4692
5006
8672
9667
9859
1777
9804
3611
524
3591
7766
7316
8456
7445
1977
4737
5569
2537
1982
7209
544
5183
6086
3938
311
2931
3936
8217
4136
3376
9991
5438
4960
2119
235
4667
884
3899
5755
1877
9862
8137
1340
76
2340
4870
1081
3341
2125
864
8951
4086
785
6038
6722
3001
3380
3
3098
2570
2798
9318
5268
9251
6802
5837
1870
6935
6729
720
7251
8274
8346
5530
9239
479
4713
721
320
468
8153
2519
7377
5160
2591
1337
3988
3797
7205
2612
8562
3208
8007
9608
6514
3094
7229
8805
2733
8104
5046
3362
8970
7062
5645
3644
1051
4114
7195
1563
3010
3435
9336
8273
2017
7123
1855
7211
4781
5338
910
2618
4942
7513
8983
6811
2950
5130
1718
5202
8443
9236
1678
4758
9811
261
3618
7461
891
4857
6813
4648
452
3143
4239
9618
9578
3226
6453
3458
9090
7580
3876
9431
5616
9902
8801
1459
6434
7413
5168
5160
8093
7231
6951
7696
6242
9844
9709
8649
5388
3479
5989
7372
4728
9274
9793
4078
2849
5425
5061
9616
1256
6575
4058
5649
189
1262
6491
1732
5356
3466
1903
3980
5606
7468
4419
7907
4987
1301
4771
9050
593
6992
7669
875
3668
6794
1459
7306
6570
7565
2995
7002
6898
6504
3668
7372
5432
8250
2359
8321
9703
3741
5848
6897
108
160
951
8741
6066
9469
231
9646
7888
5273
8131
1624
1547
2857
8808
6105
9577
9410
2995
6068
3811
153
1335
8330
8838
3641
3915
3600
9271
7682
9870
1355
1584
6575
8328
1128
9772
1136
3470
840
2458
438
9521
9976
9249
2445
7668
5407
4913
6051
3976
7953
545
9111
5271
7073
4715
4653
5833
563
4816
958
8821
3199
3673
4379
2648
1361
6699
8962
3227
1869
4294
9722
7492
6719
5578
4281
2284
3601
1623
53
7432
9479
576
8758
86
7828
186
5962
646
6895
7751
2003
4450
2943
2681
6635
2428
4163
8069
4071
4291
463
5526
3002
6560
2945
731
3584
4851
7090
4638
3563
1798
6920
8754
6490
2858
3479
1032
3413
9830
4343
8318
2790
7785
9617
3733
1537
1800
9924
9101
8068
1272
4596
9343
1113
8794
610
1046
4424
7902
8742
811
3161
9061
520
2540
3112
4727
2351
9193
3345
5485
8625
5019
6331
557
8329
8560
5937
4288
2758
2679
3723
3425
6112
6068
2331
3060
3717
2145
7828
8528
2050
3986
1845
3802
3197
2675
8274
1616
1567
1056
3571
2543
3695
4273
6390
450
2697
2303
8672
6151
5438
663
4273
6783
5621
7291
8838
4770
191
4287
2199
5453
7160
8919
2928
9065
2682
522
7197
1433
6923
1058
8895
624
3030
9571
9467
924
8311
5606
9426
3011
9616
6306
2203
1000
1049
2565
1340
5242
8020
708
3271
778
3566
589
1089
5607
3394
5669
3326
6871
4871
5123
1240
7364
6090
1816
4527
5680
9158
5593
1178
6167
3855
7146
3931
1616
4735
4169
7329
4383
7496
3588
3527
3498
9384
4248
4378
3382
4458
3032
8743
9965
6424
6710
3251
1262
6382
3601
4868
5938
2379
8619
764
5718
6145
4421
3991
2554
7019
7129
8314
5700
1374
1236
4811
7826
2568
8974
7967
1819
1909
2919
4862
6032
8577
2704
6499
2484
1880
4691
5983
6004
6936
5552
8558
677
8680
7414
2401
8522
9074
9194
2570
2751
3019
2774
407
9637
6020
1953
2389
8809
6233
7767
1813
6531
4135
8261
9644
6824
4458
4275
149
4365
9667
9646
9905
4121
8889
2689
591
6821
583
6895
5110
9794
4227
2416
2190
8535
9215
9926
7279
2950
4088
3850
3778
3194
2572
5144
5667
3040
4393
5220
6872
8462
2544
8823
3803
3444
2856
9898
1459
9870
2078
6141
5745
9299
6442
3813
1718
7229
3726
6896
5970
9093
2535
7654
6407
4730
3894
2670
812
8750
2808
6874
3854
6893
17
9616
1568
5659
3096
8005
4339
8089
3884
4440
4496
9188
4484
1289
6386
2874
7027
6164
4514
1609
3930
2750
2074
1958
4472
3899
26
5239
253
5529
1913
1646
284
6460
9091
6978
5086
9975
9505
2683
4308
9284
7799
458
9076
3984
470
1139
9380
4038
7218
152
3317
518
2749
9299
1287
9970
7634
4479
522
5061
9486
7748
3108
6288
2745
7309
9087
450
6771
3111
1738
9236
3817
2777
943
398
2182
9531
7109
9881
7430
2180
3660
5714
8822
8212
9093
7800
855
4922
9540
6178
274
4723
1438
8352
7925
7280
4364
1084
8092
3778
5986
6588
4090
2341
7353
5848
70
4390
4360
3122
6595
7042
8162
4247
9192
2525
3160
512
9630
1532
3263
437
5864
3695
9580
7711
3948
3007
6828
2504
607
7983
7057
834
1456
6642
8470
6800
9082
5257
8691
3893
5037
9655
2316
7559
2710
4771
3300
8527
2683
8921
2399
1921
6915
9950
4356
1122
8066
3133
3649
2986
3826
2979
4234
184
780
8915
5209
7996
2454
5735
5001
757
5479
8309
4798
984
86
9817
6043
9609
8257
2500
3447
4633
7561
6545
6458
9293
3946
1168
2241
118
4408
2289
3409
5666
7732
7614
2312
8335
7599
7957
1534
7351
1942
7617
7147
1533
6187
5988
2707
4290
2852
1795
5612
6611
2012
7982
3712
3427
3736
5370
1630
6465
3204
5485
1082
8678
9420
9206
2101
9549
7127
2726
2343
1647
2317
175
537
474
8217
4295
6543
8365
7337
1768
2274
9747
9794
3976
7388
7193
3777
7585
7244
9165
4620
6988
5786
294
2247
5998
4277
4458
2803
4207
4647
5072
6321
8770
7674
2643
2532
7862
6595
9823
9299
2665
3741
2683
6830
2340
6881
275
2136
7047
7281
8000
5395
7857
3348
5798
2458
7291
43
6379
6519
3810
1714
9663
1589
6368
851
6076
2735
9590
3476
7435
7239
6920
7264
5904
9748
4805
4483
1812
9666
3825
7887
1981
2061
1201
524
7324
8488
1906
6045
3394
8791
4166
4157
5072
7982
2988
663
4602
3712
9883
901
1894
6537
7418
7521
4231
503
3711
5959
5553
7475
67
8043
9000
3358
8559
711
9946
3302
4981
621
4725
504
2284
2411
9958
4495
7785
8044
9935
7882
4503
8202
6036
9020
9988
7874
6227
5165
3399
3904
5709
7918
3713
4329
3877
1194
1919
5192
4948
9351
8857
5408
1143
9596
4571
6560
8774
3565
3309
7908
4033
2801
1552
2248
3833
1605
9128
5879
3720
4905
8945
9618
8174
6600
5295
5261
5945
7637
4822
1059
9248
6352
6338
7497
1948
4520
212
4640
3747
2443
6842
1652
4467
3689
7626
2226
1176
5831
3387
8502
4458
8319
4063
5058
4326
6948
1793
922
1382
3027
8151
3852
2928
1685
52
7758
5048
881
7229
7472
8611
1022
3925
8432
2889
5542
4168
7356
2854
935
320
753
6893
547
7
8707
3721
3911
58
534
6850
8360
5959
5800
2936
2537
4883
1601
3727
3081
7849
9139
4008
6858
8962
8940
167
172
4638
3002
4838
7944
285
8638
8917
7369
3629
713
4908
3060
8928
1539
2464
4328
5977
666
301
3632
9330
8615
6390
8086
4781
4941
1814
4754
2598
3499
5426
943
113
3361
61
4478
629
9983
3191
5157
4676
1816
1475
8815
5622
6629
7828
3559
7457
6086
2691
223
7239
3700
8528
7962
6684
2290
2082
3546
5107
770
5404
4323
6644
9716
3151
575
5067
8632
198
3099
6720
725
6226
8894
7055
7826
6594
9641
5460
6977
4958
186
9269
716
9424
7243
1019
1783
2544
9207
9517
6181
4203
2781
107
2695
8655
4397
3589
3007
9654
8575
1910
6226
6940
2467
976
2956
3134
2050
3413
9134
1377
5284
4863
3170
5676
4475
5149
4863
9796
1629
8730
5688
7810
8959
8347
3614
8226
3436
6469
726
9643
2917
2057
7622
2966
2786
6606
2840
2205
9622
2121
2145
7761
9521
1130
4587
9447
2240
7526
8014
6689
9487
8845
3598
9829
4846
9736
6174
6700
5601
4353
7474
4105
9505
6254
8130
2579
688
6731
2762
849
1818
9747
7086
7970
3014
3163
4155
1654
2300
4427
2601
5996
8785
9193
2205
4008
8702
1860
8314
9968
6735
683
5703
2516
359
7656
8508
6456
9040
7676
54
6816
3936
6487
9754
2999
375
7620
4758
2715
2869
9471
1363
5688
2185
5748
71
7839
1443
2165
8759
2563
8027
3720
1225
881
5067
3963
807
7577
7943
9781
1375
8397
7421
1978
5160
8117
839
5050
2640
2700
1822
9638
9488
490
9304
6896
1057
5663
5250
351
199
681
2552
1852
4923
4658
5505
8012
1527
7114
2761
9274
4347
7132
7766
4687
6620
5279
1147
2769
396
6331
7562
421
4229
1398
8756
5171
3070
2971
1757
5557
7168
3157
1707
6731
4370
8541
189
4766
2081
3102
2089
8078
2524
9105
2909
395
7867
1834
1110
7293
5247
5630
2191
6528
1924
9711
3857
399
8372
6438
5177
843
9605
2348
8072
2409
8674
1941
772
310
536
7930
9243
9479
135
9233
183
1713
7176
7210
5453
2865
5101
3640
9616
9962
611
1739
883
1641
4549
3398
6763
6790
8411
4850
1810
3113
4047
5662
5336
8055
8912
4833
4756
5368
159
5902
3753
4117
6151
4003
4819
9539
8138
6862
6785
5415
2054
2475
2076
4197
3398
7982
8789
9817
8452
7530
7966
4449
4621
2525
9502
5189
7037
3336
8744
9348
7706
9550
1541
1004
7004
7176
9405
2758
2073
5938
1749
3979
2063
6438
5667
6215
4123
6707
6237
6921
7334
1641
5535
4051
1023
244
5963
6341
9380
5459
3338
480
3898
3348
6177
4442
5436
4829
1631
9789
5871
5049
9442
7819
3764
6526
5098
1315
3495
4247
4341
2297
7845
3059
2969
4725
8922
8953
2769
186
1144
9925
1342
3009
6004
7828
8255
5889
7290
8024
748
7661
320
5096
7803
5867
1976
1800
4581
4461
8575
1488
2083
8621
6163
9787
8034
3513
1682
2862
2885
4217
2749
2675
2250
2953
9019
6802
9973
1671
9178
2171
4472
1595
9296
50
7156
3182
3248
2471
6313
7496
2744
4705
5065
9274
230
3702
8683
4068
1915
3993
3308
565
7224
3489
8127
4333
6197
1682
3781
3824
993
1131
7144
3993
707
4395
3585
5928
9710
976
6025
5226
8756
1485
7165
3459
8337
4152
7482
3195
104
8845
9096
8226
2332
3506
2276
7793
3732
4393
8709
2991
5089
2875
1391
5820
4476
1031
22
7310
6824
9447
7498
7381
6999
491
7921
2269
1529
2148
3267
8800
3759
7391
2383
3637
8445
5211
2346
7913
5341
5033
2519
3176
1008
6912
5250
6648
3040
2970
3223
5347
2114
6911
8800
9503
1719
780
3163
3867
2577
2767
122
264
6466
9473
3715
3057
7375
7776
3528
9273
996
7192
2609
7472
3218
574
9269
6145
6051
8201
7512
6331
622
4525
2334
4170
5142
3093
7854
7985
2413
1788
9825
2919
9237
8937
8250
1419
1543
9588
7008
3908
13
1785
2614
234
9929
4360
7179
1659
2185
1175
6301
1883
6770
7141
8249
9259
393
4347
285
1300
433
9601
7151
9536
2702
8809
630
4998
7752
6012
3094
1168
3019
7472
2345
8474
9403
8851
7497
7114
6101
9095
3898
2502
9281
4666
1652
6678
7844
7728
4846
2935
8609
8527
5926
6745
5231
2455
3901
3126
9542
3388
4207
8144
9907
4193
3440
8757
3675
9731
2338
8001
9677
3199
9683
3905
751
7745
4259
2591
4842
4122
2484
7327
7586
941
7002
3045
6381
5782
1570
2784
1318
2039
1582
5079
2201
9761
1038
8719
718
3563
2571
6870
3923
242
1756
3503
1105
2542
4188
9066
9697
7500
9875
8975
6711
5389
5104
7287
2748
5290
5592
6007
1050
1746
3608
4186
3297
3906
2119
9626
7671
1552
7479
9371
3419
8853
6474
3316
7578
6196
9360
2619
923
8682
6159
8203
3221
1748
4060
7685
3600
8248
1973
4640
2185
6353
705
2494
8399
106
2575
8973
8858
7830
2651
7158
3067
3514
1103
8309
4942
7608
6
5126
8861
5897
1083
6104
6302
8853
913
5057
7165
3170
524
4254
9396
8007
7244
7157
7046
268
4585
457
8523
6544
8602
6873
8421
2470
9664
7766
5906
1726
1119
6222
3498
2891
4493
4954
4904
4806
995
8368
6566
2430
9537
2710
1793
3241
1773
1284
9803
4364
5435
8596
111
9827
9513
7753
4703
5966
129
1961
3513
1865
3074
2537
9256
9126
3448
5235
7591
7992
6599
854
8432
1518
1783
8827
8211
7995
3465
8447
242
5886
7576
9778
2153
3747
4587
8970
2907
1109
5623
7284
8311
8238
3953
2057
4089
348
6224
4361
5325
2546
7425
9383
7375
9624
1908
3809
4414
9632
2276
9594
5678
8343
2836
4293
9757
2307
6693
5584
8365
719
7924
4075
8464
48
3808
6275
2850
8547
3945
8352
5360
8166
8276
3463
9494
9440
6907
77
6982
2621
2625
2297
3205
8649
1523
2115
6351
8616
922
6943
2635
7984
5917
5489
9097
7316
9700
4764
5911
2159
9911
9931
1699
729
3125
8426
1883
4760
704
4738
9104
2149
6197
7807
5417
7914
4729
592
1028
8566
8671
1931
2551
4973
3511
8266
9173
862
2528
8342
156
6722
3982
8510
8426
5502
8183
3668
4672
965
7351
6692
4815
7630
6499
8690
3071
877
3418
3055
8847
8976
9752
5720
1542
5192
3572
6283
1256
258
9369
6566
8884
9313
4530
6590
2442
202
7695
7896
5434
5868
2788
4856
7975
3322
656
9668
395
8278
6122
9476
8628
3787
6376
6073
9996
2711
1210
599
6918
8051
1123
1104
4212
7073
2743
7230
822
3361
4272
8364
2605
5456
9819
3666
509
5197
2143
9051
9089
6809
2478
8852
3576
4587
2595
1156
5181
3565
5771
8642
5156
9254
5665
4248
3664
9636
4626
4290
2994
5238
7359
6291
9372
6228
7056
5924
6324
8572
6165
7017
4852
8602
904
8227
9518
6483
9950
6075
8332
1838
557
3537
6325
9806
6439
9794
7500
2704
2389
8207
6723
9582
7999
5456
1053
7022
6615
1300
8144
1035
6789
2723
6377
9934
1181
5203
2330
9384
1405
5395
6830
5326
1938
7032
973
8545
2779
2577
8475
3880
8261
1833
667
5229
8213
1320
1298
8370
3892
3798
2726
8846
5092
1790
1332
3111
9281
6282
5552
8013
6083
2497
1655
465
9024
4458
3249
9904
5662
2267
1395
9649
7686
994
8048
182
8436
7087
7072
9458
2443
5949
2632
4168
2581
8140
3993
7707
7224
444
6501
4759
5813
9623
8171
4011
3674
2475
6500
6482
1686
5810
502
3549
5756
9584
2294
7550
7681
3945
5290
3571
6480
2797
44
4830
4685
2578
683
3901
7895
7611
1500
1258
8950
1002
7598
6817
9171
6831
746
2457
583
6844
7609
3857
7628
8423
9327
8425
1888
2714
9990
4778
2935
8955
6182
7619
6000
8419
9567
2593
6512
5198
4201
7274
475
4894
8163
7062
6545
5739
6808
2154
6356
8347
2655
578
2168
538
7249
2970
404
7910
5750
5802
9381
8282
1000
7756
2769
2101
5673
3851
7320
3046
8561
6554
3015
2359
6127
3694
5895
6915
7840
7704
3858
2132
9470
9107
6885
221
4416
9398
8769
5921
7999
8087
3276
2863
2968
8253
2660
7067
141
1312
7748
5641
182
927
2383
9416
950
4861
7256
233
232
8328
8980
6299
2200
7928
5144
4853
8686
7505
8812
9247
6741
5749
8017
7437
1001
41
9886
8296
3759
1266
1302
827
9743
8540
2150
2407
9388
2903
9994
6756
8260
3998
3343
340
3298
4741
4659
5909
5889
2798
6809
1204
3771
3480
1256
2184
6480
1045
1267
1746
5794
9463
6308
4031
3837
8582
33
7559
3860
6096
3616
2421
806
3550
5303
9971
4880
4734
1932
34
7564
8834
3547
6691
3063
1173
4486
3669
5535
2373
9526
9963
635
6370
3248
4409
3318
5681
6963
1995
2323
5197
8062
2
84
7179
990
7036
1637
8232
8901
1183
9939
1089
6102
4370
1115
8846
429
1431
3309
4397
5644
857
2430
7191
6191
142
941
6064
5265
8009
3485
9440
3528
1135
8769
7849
731
2659
4423
1429
6356
7296
7467
4446
448
6659
5068
9113
3458
3683
7531
5360
8440
4270
2127
9658
5526
241
966
7177
3983
6067
2454
5583
3410
8494
3602
9918
896
1820
6328
3803
2395
4394
2182
3166
8730
8443
3357
7241
522
412
5022
7170
4159
7375
4401
4687
7480
7270
5365
813
4256
6494
4562
2621
432
5222
3881
8428
2081
7658
3901
9421
9408
4384
5867
3525
8203
8190
2500
6178
8871
5590
2923
1961
5988
5040
6858
9275
488
5634
1167
659
8328
5422
6916
6030
486
4488
1836
4680
6371
8019
4505
5871
9749
8407
6139
6230
1988
2240
8995
808
3231
7734
133
295
7228
2661
6412
6032
108
4553
8871
1453
3884
7527
9761
4983
6824
4682
9647
6245
4570
7129
8002
1685
2640
2946
2652
1510
2572
6101
9247
4464
1652
6863
3489
2848
8042
322
4428
1188
2534
125
7409
9040
6608
333
3117
2602
2090
1776
228
4888
1577
4241
1738
7732
4356
1605
865
6680
1588
3505
5548
2092
4460
4278
5089
6570
1267
5770
5261
8410
3148
8436
1122
8271
903
5300
4860
4733
4224
141
1969
9061
8084
2687
9862
4270
3284
5877
2270
4626
8691
2344
9949
18
8234
6974
7883
3367
6394
5203
1797
7446
2721
7874
6109
8271
5061
7776
9489
4451
4798
5141
5337
3359
5009
1432
6074
345
8150
9813
2200
6517
4011
1198
5272
4373
2881
4876
3475
7739
5316
1792
1686
1292
6761
4122
9414
964
1071
1844
6705
3327
9464
397
7088
1611
6945
3390
3273
5064
8525
1930
433
8152
6992
9094
223
5049
2807
1762
1707
9772
9893
3908
5989
8177
5351
2736
2050
8721
6041
5926
1488
8312
706
1544
7291
701
8362
5301
2185
6623
4861
887
6688
3357
1527
8566
9895
7506
6702
9959
6121
2476
2224
9332
5814
5719
6945
4265
3219
9995
2854
4216
2098
4543
5536
890
9357
4120
2464
7203
2284
6178
681
8529
3494
1833
2868
5584
9556
3748
2252
2364
6720
9903
2969
2677
1356
2612
3594
600
7312
8406
1627
7808
5115
1081
5495
6808
5722
6513
9142
6971
3591
9205
9831
7514
6537
1359
6378
8202
857
1028
7700
6359
2132
7035
7093
7977
2588
8011
8374
1298
4922
1701
8379
9072
9342
7035
3353
7669
1815
3355
1009
1761
2526
9133
7770
8201
6156
5381
765
3958
7947
1732
4682
3292
970
2066
360
7205
1403
1968
1417
874
2054
4301
8283
2077
6624
6135
4827
2278
6743
556
1349
9112
7684
6572
8742
8223
8067
364
7618
5993
5870
6282
1569
9838
6229
6008
8533
301
9050
871
7319
7140
6057
2290
7071
1675
5301
8883
7121
7678
382
6614
5556
4006
7102
5416
8751
3218
3490
1243
2845
9687
1574
41
3487
8593
1593
7522
8400
3829
3280
4997
9268
5109
2566
5639
6889
6734
7745
2322
9648
9682
2592
5645
8965
2877
3424
3588
6425
5654
6606
404
5233
8004
3687
4997
1079
1354
6187
5748
2446
4801
1584
9868
1844
1808
5410
4769
7616
4058
2424
1032
1578
901
8962
5542
8282
3586
4334
7956
4968
7502
7770
3692
8675
9252
2068
51
8653
4460
6766
3090
5219
5956
6029
6338
7835
1258
2112
7043
6390
8083
9101
2922
9813
9611
4903
2533
8471
457
7244
1196
6592
3854
5947
7254
4342
9898
7074
1477
2837
4124
7414
1407
3346
8788
5964
3530
77
1302
5188
3011
5183
445
7621
2714
1891
2473
9107
2766
417
4454
2765
6337
9925
1195
9603
8823
6527
6972
8597
2945
739
5452
327
864
8320
1667
6897
2136
14
2360
8914
8115
7536
1675
6308
4702
2153
7266
3466
5572
7804
7485
3510
7029
5179
6616
3176
1475
193
8349
8465
8409
3083
8067
2214
3128
8208
9495
895
9888
5874
6277
5535
8615
7917
3587
3822
3193
6364
5706
6945
5772
187
8194
5195
4558
9846
8985
4701
1005
1249
6272
5322
8211
8609
4339
1909
1693
3079
1970
2219
6438
5677
6144
8829
3924
2009
6743
2518
5055
3231
54
4971
3881
690
5529
1312
2335
7307
5651
9959
8490
2306
9579
3811
2642
3577
576
7131
7616
2185
9737
826
9343
803
6222
8883
4094
4216
4717
4321
2532
869
3322
76
9009
8134
6502
2809
4428
7980
2858
5081
110
8329
4688
1649
8586
7943
1902
681
7672
5672
8336
4750
525
3577
6482
2450
1833
2448
9911
2691
4636
980
8808
5353
8837
2843
3612
4041
7113
6094
4400
6487
3101
473
708
8296
4704
7455
2658
5797
9799
7115
7196
4955
198
7041
4544
1696
7912
5522
4410
2512
1516
3374
2294
3621
7708
7828
929
8325
7034
1573
8588
5765
2490
8999
4251
1516
2262
9845
4144
6354
2850
3396
8318
8119
5725
1584
3053
5008
6512
692
3210
3371
8214
1993
2616
8596
5304
9062
9831
3409
9812
7798
4383
3640
4089
6135
8361
6480
6402
4110
3418
5396
9868
823
7309
7284
8886
9290
7276
1590
9492
10
8011
7114
2480
7496
8673
2587
5454
5716
8947
4656
2426
8819
319
6995
7328
4364
1970
4521
5879
2124
3911
4752
2139
1305
3964
2343
1733
4068
1794
9894
3177
6935
3265
2431
8189
526
9157
6316
6353
1251
6458
8152
639
3393
9887
8762
5153
9258
890
4427
281
1460
8024
393
4880
8398
1679
8388
5439
5040
9986
6309
8787
9904
9264
4671
3761
609
2489
5149
8070
2710
3758
8939
201
4949
4292
2625
4848
438
7445
1626
444
8778
3443
9699
5602
7065
1017
8350
2198
3012
7328
2150
2550
2489
8427
8909
9024
2068
416
8386
8081
1810
7972
3518
2139
8241
737
9645
9442
6132
6102
5322
6340
9011
6716
8114
2211
9662
6432
6347
6480
8306
1009
7262
6757
9700
6616
2959
8702
6523
4399
6845
7477
6810
1232
309
3722
5595
3483
6049
2731
4103
1523
7166
4390
4049
4309
5003
3784
226
6454
9773
8512
7215
2537
1103
501
7112
6953
5399
4480
7818
8489
1636
5336
2659
7046
6259
1624
9957
565
2129
8671
6180
7070
7883
9668
8297
949
1601
9332
393
7857
6697
2522
1584
3834
6671
409
2599
3140
8010
985
5412
5938
266
3755
5569
6953
6702
7115
117
5859
4066
7905
910
6685
9077
244
9136
9885
1816
5580
4438
5043
9299
9922
1591
4570
5682
3894
9957
9739
9708
220
3727
6767
420
6469
2215
9807
1480
6277
29
2346
2263
5014
9817
8978
2048
3577
8712
9635
5125
1796
6206
9889
6126
4540
8842
8509
4698
3216
4199
4787
9344
9103
1022
8115
2836
2712
4185
9579
1622
3068
9491
2605
5444
8434
8267
6578
6383
3287
775
3467
5963
2687
8548
1279
527
9149
6428
8134
1581
2058
6017
4784
8252
3686
3157
2979
2672
1832
2588
3776
2155
7411
7033
8497
2077
6504
6149
4049
8263
3522
591
9943
5214
8482
6541
6977
3306
4983
3760
2201
2062
217
8870
2950
6114
8115
6072
8898
1036
1531
6148
6051
4653
8015
1461
2793
2151
3485
8718
9171
4892
4510
1670
3518
9954
6593
5100
9659
7907
672
5676
491
4753
5393
4298
9865
9415
7707
6795
6789
3114
5763
9332
233
5918
1042
1018
6345
9925
756
9000
1980
5938
2064
4750
2529
9884
7759
8486
8928
3470
3339
9955
6079
9931
6614
2562
8189
8623
403
7634
8094
8240
868
9504
5844
9107
2690
8491
726
5147
7043
8599
2576
6509
3803
2653
2662
7551
2017
1503
5734
3118
876
6280
1161
4047
5835
9746
5302
3357
4910
8082
68
2081
9604
5869
3161
992
9377
5838
8291
1726
2188
80
338
2672
3795
101
5105
543
7259
5289
6415
5657
1799
9281
4046
7073
6452
1949
8264
4534
9248
717
9496
9825
565
2975
5292
8009
1845
5558
9605
1089
6995
2198
968
7568
7564
7644
8405
305
4912
9403
6321
2369
9105
4641
9698
2869
2823
536
214
4494
8557
4008
2672
1493
4699
5065
3441
2097
4161
9831
5455
9480
8509
9550
468
1825
8346
7717
5846
7511
9157
3895
1294
2762
7116
236
4152
6976
3990
822
2742
9513
6953
8167
5696
5536
5324
3104
3660
9917
2985
868
6230
8999
5134
5884
476
2807
9937
8579
9353
1240
7726
4977
3324
5418
8686
3173
4372
7301
5589
7228
8874
8539
8776
9662
5483
9974
762
5479
1376
6321
9042
1859
1420
4339
5178
1011
9714
8165
9030
3916
5137
2933
8126
7038
2173
1427
5386
4434
9146
5065
7850
1053
151
6071
7407
674
2053
60
8601
3139
1059
9441
4254
5479
5544
6095
9012
9495
6795
4577
4139
1251
2354
3220
6394
9186
8470
4698
7108
3190
7311
8638
9063
5534
4321
3154
2529
3557
3411
1589
8926
2055
3656
1792
8387
6516
9595
6943
2769
237
908
781
4022
1564
801
4472
1141
9904
75
4851
2080
5893
3367
3050
6912
8114
7116
624
6034
252
632
6277
1053
7416
4578
4883
2291
8542
9867
2632
2004
4185
4791
3102
4570
6651
6897
9861
5669
3533
5312
7106
4275
2339
7716
9680
5274
3646
1948
4117
5302
3051
3912
5488
8298
9610
406
782
1476
1049
6892
6780
8786
6590
4657
9735
3179
515
4375
863
3612
9452
7720
6394
7711
2980
5117
677
8057
213
7333
6869
3361
9367
1400
9547
8952
2064
3433
1525
3705
6041
6209
8610
7807
7393
7933
6702
3613
3098
3126
9371
8878
4849
3081
4944
4506
6604
4227
6395
4737
6828
7643
4147
1015
6098
1820
121
2588
5342
3981
4796
5847
8738
206
827
1326
741
9713
6213
7397
5203
2755
5676
1952
194
4310
440
1575
9519
780
136
5765
7399
5234
4660
317
2594
5286
7246
3514
2153
6919
2854
6640
5976
9080
8685
5028
8863
8784
6577
2869
6706
769
1878
9542
2880
6866
1302
7562
1329
7260
2384
2378
9273
493
3596
9189
4841
3325
8350
4021
4149
4187
5849
3306
5887
1922
6490
2709
6146
2493
7349
9955
3259
4404
5630
596
5346
4739
7006
7351
8566
9029
7749
8036
4406
5026
9806
917
269
3554
1230
5730
9637
2333
2022
8535
811
4224
2457
6340
8387
6606
6967
2594
6274
7217
8615
6605
6890
8699
115
4226
8691
3198
8717
7094
5107
2755
4752
1264
4592
8043
8897
2612
253
8896
1492
4157
5137
919
187
9559
2245
4805
5497
2294
6811
3771
3349
9094
7132
1615
9834
5024
8986
1352
1147
3221
6996
3350
1940
7626
9272
9035
8379
6576
8674
9210
438
4111
7187
5019
3910
2063
5405
3320
2704
2995
3690
3687
253
5170
1421
6851
4311
7395
5136
8553
6580
6804
6540
3437
4351
4999
9255
3879
3281
3786
9752
7454
9807
6930
1574
9902
7645
963
3166
6953
288
5293
3747
8376
5745
9190
9760
6427
2830
9249
2809
7141
5482
473
6624
8381
7077
3036
1203
34
4758
6374
6338
7311
7268
4008
1950
6263
1764
2085
3165
237
2141
9145
8891
8770
4263
6262
5674
2395
8514
3949
6090
1391
2579
8885
4931
2794
8761
5323
3071
7393
9086
4887
421
403
1657
9830
576
8231
656
1193
6398
9992
3370
5114
5428
8698
8595
4566
1551
7847
7273
9451
9989
5099
5139
3935
8602
664
8257
5290
4990
7975
9870
1410
5172
1740
9042
7297
8286
4164
6148
1269
5556
302
7341
9507
195
5475
9543
3033
9202
9379
7253
2255
623
4605
2268
3401
9816
9627
4671
5148
566
360
6024
26
7028
2831
4802
7708
3037
4721
4612
9819
2371
1603
9592
8058
9772
737
4857
7972
6087
6483
8186
1774
9469
7451
6356
3128
4002
391
1688
7941
5946
2185
5346
6884
312
9104
4622
1131
6274
5603
7124
8607
384
4890
719
5379
2035
3897
188
7754
6755
506
2190
8570
6225
6470
4574
2655
7211
3007
1631
6153
6478
6557
3728
1252
5669
515
3386
2626
4095
413
6137
711
9551
9225
8968
5536
9853
6783
6613
5504
9818
7838
5267
6537
4816
9524
6174
1667
5176
3705
154
2605
2085
4777
6436
5357
4686
2700
3802
1301
7194
2644
486
9045
4387
7874
3413
5830
3468
2790
9239
3498
5807
4545
8511
2718
5295
200
9849
8952
6940
6808
4443
6019
3877
3792
1396
2388
7256
1439
7522
9945
181
7787
1632
7629
8545
8699
9691
3450
7861
9794
6966
1915
6790
9704
5540
125
2528
5783
3234
4066
3948
9919
39
6177
9473
5494
8051
2461
9846
4016
2341
5600
4150
4566
4457
3508
1036
8710
8206
1679
4077
407
6038
3896
6869
7480
1270
7258
9849
4564
6125
5972
6284
4195
9410
7386
2269
7920
9302
2972
3677
114
1896
7072
6863
6298
4839
4110
776
7336
6514
2633
4710
5994
155
357
2669
4243
699
4265
3132
1235
2191
8979
8959
7880
9263
8834
6717
7473
9839
8932
5697
7979
8735
2556
4422
6906
2717
5263
75
214
1610
2252
4310
6143
4506
4757
6485
2686
9013
9455
7135
5273
8987
8354
1833
7635
4900
8669
7541
3054
6612
3913
2165
925
8942
6776
9485
587
864
1818
6310
8978
2748
6412
287
1081
2582
4925
1294
8141
5241
9742
8613
4698
9989
4182
3919
5014
7075
1311
4025
266
9465
6385
9501
878
7432
9320
1098
7072
3874
6356
5392
6177
4970
2941
5911
4012
7860
6593
3839
8371
1947
508
7105
5528
2353
7603
7797
1558
2129
6733
6477
5641
6480
5022
7871
6032
3858
5057
3776
5133
969
5905
3403
1591
2361
5572
288
3693
3798
3172
8634
7334
95
4796
8041
6617
7508
4348
3950
7270
3809
8377
8581
1072
7743
9284
7436
7304
1072
5877
898
743
2665
4852
9083
6375
1068
2035
7728
9759
6818
8059
6515
7817
4680
8402
5264
3825
7473
9846
7790
8652
3897
1289
9349
8259
5689
8025
2762
9722
2310
8986
4662
6177
3012
8706
7205
6855
7448
5040
5722
1686
300
474
6703
4527
4459
9714
9529
6867
4956
5141
7547
939
5211
9696
3537
9588
98
2543
4477
5434
4584
7459
2095
4720
7600
2158
5612
7898
6114
2798
7969
7111
2502
5716
9873
4990
5276
6257
1018
6323
8233
860
374
7190
7196
6690
3550
8217
6159
4026
5432
8956
9033
7348
7761
2663
8064
4349
5733
4179
6620
9729
6843
1893
3750
9774
7454
200
9375
9761
4982
3446
8045
9168
1094
7123
5776
2419
7102
2822
2579
7200
5072
2148
9246
1521
8751
7851
1288
6675
6884
6440
2762
4830
4539
3061
7407
2940
42
4722
4407
2408
593
4591
1035
2005
1852
900
8363
3560
9894
8718
9122
2002
2760
486
6539
2062
4607
9982
3485
4148
5804
219
1586
343
2724
8218
2949
1425
8520
193
2330
2537
6575
9395
5207
4606
1711
5374
432
3875
8762
3653
2433
3367
1205
5541
5908
96
3172
2055
722
4707
9985
4049
6630
5266
9116
5001
5533
6098
7820
2039
3402
4232
9908
1685
6518
3424
8096
3526
1028
7002
4302
9152
1155
4433
5194
6871
6364
4297
1378
2743
1499
325
7176
5662
4667
3746
1606
2404
5770
8403
8923
4889
9948
9081
6036
3321
6539
271
3590
6350
8763
5040
1143
1938
7708
9621
5836
6462
9929
5887
8317
612
2253
7821
4085
1302
3845
7371
9318
530
8832
2455
3497
5915
755
3697
2019
772
7610
4510
1875
9707
2281
6409
5111
3615
5584
7623
1998
3536
6893
8661
5945
7634
1259
5120
8555
6573
7208
6945
9456
1124
6468
7027
7593
3088
8885
8466
1189
8137
3655
5122
9019
7265
3921
8697
7108
3132
4244
7770
9957
959
8924
3743
5722
4532
1817
6402
3647
3223
6679
856
4599
8305
2809
3707
816
5022
4708
8418
4526
9389
1191
8927
5683
4883
7849
6308
9280
3036
5883
9155
5653
7552
1020
2897
8420
4366
5595
6214
8020
1112
3367
2932
7681
1274
1331
8594
9953
2200
4933
1668
8818
8819
8701
7864
7486
23
9619
5679
8848
7572
4393
8533
9745
1879
4127
336
6091
9957
4438
9777
9855
4227
8332
5946
5649
5077
3846
4765
8081
6017
3340
7276
3429
6239
9853
7842
1713
7184
84
8124
6937
3623
1602
6390
8925
3816
2971
3902
6387
2124
6797
9543
4499
4590
5898
2845
5275
773
4167
6383
6371
8399
8444
7982
8443
6614
2380
7456
3936
3905
863
2961
5997
1738
3003
24
1790
8551
9010
2049
1744
951
8164
8892
8357
7628
7684
7281
355
2831
6632
877
7596
5572
8155
1406
4120
3627
4445
4888
6510
912
4970
7313
1298
5408
4407
2095
152
1064
2376
6540
919
6923
591
6547
8264
8016
7168
6330
5645
9334
6480
59
9759
3237
7963
6129
6192
2275
4788
8059
3344
9167
5479
1728
1002
9485
6203
1600
4782
3855
2467
5539
2682
4140
3507
2720
7105
639
5904
7100
6782
1423
608
1069
9537
9670
3169
8937
8007
4321
7653
2160
1001
5667
8283
9651
8555
7926
5017
8415
3077
8927
3861
4186
6334
2588
2803
6921
1395
8493
5817
2827
5992
4605
7486
8150
2197
1979
2064
6140
5810
1145
677
8665
9853
8848
5722
4588
9064
5950
2855
8640
208
2078
4675
149
855
3314
6500
1952
4979
174
3022
1916
4608
4708
4621
603
4976
7464
4910
509
1683
6624
1079
4299
5090
8138
3479
1137
6100
1530
120
7030
308
4958
7409
2073
5338
3583
2456
3225
4693
6070
1493
6465
554
3001
7057
3327
5174
145
221
2288
2463
6457
5759
3513
7769
5957
7160
5460
2629
3309
6929
1045
4916
4164
7635
7592
8057
4953
5365
4394
6860
617
5424
8336
7226
8655
2495
8135
8874
9562
6034
6777
4427
4009
642
7129
5865
2917
623
8811
8702
8539
196
4003
389
7973
7068
600
5065
9571
3902
7221
4556
5019
1444
9164
4516
8619
266
4007
2624
9207
113
1389
5705
7059
8387
7196
1571
1694
2929
4969
9507
5689
8071
4306
9994
1043
7313
9836
127
2898
6344
8718
5962
2384
3301
9801
5821
6592
2214
2706
3981
8299
7150
4814
9198
2012
5478
1801
2254
7060
3393
3426
1255
9898
9198
7303
6728
5955
7734
9560
5933
1961
8101
9003
1594
4268
4374
6412
4487
6706
7559
6862
7589
4012
9372
7426
1327
774
8495
9602
7788
7162
4437
3915
1888
3923
5803
2533
7042
7049
6015
6017
8552
7453
3132
1694
9791
2338
9149
3287
3415
7254
9666
7180
251
6092
9552
2844
2910
9688
8819
5260
4113
7318
655
6550
2321
983
548
5233
6493
3112
2848
9625
9509
9345
8334
2459
4862
5096
5212
432
2466
6287
3962
243
4244
2064
8366
3568
7089
9363
2997
4602
1426
5178
9332
8729
2638
9578
972
4175
6988
4134
8236
4854
6502
1881
8048
8216
7002
8768
1512
8809
7946
3746
595
7189
5971
4701
3338
1298
1946
3741
5065
7969
6818
987
3528
2359
3163
81
408
7538
5956
2310
3944
9338
3649
330
4247
9878
5000
8799
3492
9544
3557
866
7298
9462
8269
4661
4711
3206
1935
7354
4660
2357
2374
5694
4846
6772
9788
2479
6362
399
889
8059
8376
5275
3065
631
7894
2252
7883
9977
5302
3360
7189
2467
7930
7212
8997
2701
7499
6545
2370
9101
600
794
5010
2261
7836
7508
405
3193
88
1194
5678
6651
2064
6540
4081
3637
3986
8284
6648
802
9952
9510
5407
2874
1103
8393
2464
3401
2344
7317
7065
2474
267
7939
6361
2133
5828
4427
1946
1970
1734
8982
7863
776
6659
2418
6639
359
1534
5051
1282
1086
4663
8588
136
2954
9205
4994
9713
1164
1619
120
2807
2166
8225
4548
7119
8546
6651
158
5951
2574
4790
8744
377
6440
2646
8127
421
5457
3582
5869
3406
9201
4975
2951
6803
9848
8321
1034
6237
6796
2447
1917
6975
9012
2268
6403
6825
7696
5316
7055
24
2610
2606
996
5016
3853
8669
73
6409
6328
9334
9669
2319
7151
4171
3852
8211
3223
310
2150
439
7420
6850
6168
5527
4969
8850
9522
3643
7698
8213
8964
6057
4305
9601
9565
1479
9884
6060
4242
2286
9487
2794
6504
8426
3404
7825
3342
9870
9755
504
7769
3988
1311
7054
893
594
6424
8631
9589
4056
3518
752
7024
9878
912
2660
40
6251
921
9447
4864
3912
5259
8927
2889
7490
5435
819
8433
230
3193
5548
7705
3864
9851
5912
5201
7508
6597
461
6034
4437
6166
4762
5687
2131
9474
3705
9081
1511
1880
6209
678
7130
7055
2680
7997
4844
1794
3270
8137
3201
6293
7924
3224
6294
6146
1796
7990
497
3573
9146
8427
5237
7744
8263
1837
8692
2860
7862
7107
3072
4685
255
7816
922
6256
2826
6040
4204
9411
2446
59
5570
9153
4151
4170
9682
4425
2117
5122
6044
7419
1633
4836
5165
5342
1467
6951
686
4512
1854
5499
9289
5595
53
2187
2779
1680
8663
5726
6309
4900
1822
6345
2237
1443
7894
693
241
3397
1328
7816
3979
1995
2518
2499
5408
3622
7865
8583
3907
5173
5286
821
6167
4840
9095
5761
7313
2774
6949
6034
7707
3799
9787
8937
8117
2655
9463
1019
3095
9432
2137
4108
2577
1386
9614
8554
6419
4234
5190
8675
552
7852
9457
4500
8029
4022
8040
1296
5200
1971
872
4473
8419
1233
6297
3485
4208
7192
1165
1008
4199
1015
2964
9650
5042
5484
7196
6877
2985
1343
518
1998
481
1947
9059
1293
8032
3259
4702
8378
1708
1726
6418
8950
9745
6742
3900
6219
7617
4914
5388
7177
5029
8421
7797
3455
1890
7491
1076
1202
103
3049
5245
8716
1011
1142
6816
9556
9651
1497
8283
1557
2857
7064
9033
1182
9192
3226
2936
2870
3052
9906
6664
1370
8086
3848
8511
2981
4581
1526
2170
7163
1601
1612
8798
1681
832
9504
1005
3132
8139
7381
6180
6020
4811
3623
1312
7365
9069
4785
2864
4451
3685
9419
5638
1735
5166
8531
9720
8634
5999
1190
2019
1452
9562
9579
1279
7714
8942
7725
1453
3978
5532
8020
8684
1836
902
7694
43
4974
8675
3950
7082
5908
7120
1041
6073
5219
2800
5722
1490
433
2308
4601
9506
8138
7446
4716
2130
8337
2031
5794
3828
1121
5625
872
2473
5743
7294
3506
1583
7647
1919
2407
9144
2447
4385
7209
1061
6499
3169
6192
3649
4910
584
4979
7643
9385
2250
6370
8556
1668
665
2978
7814
231
3574
838
3885
2323
5463
3462
1983
1721
2180
287
3422
6150
4972
2535
3087
2891
7716
2299
7147
8773
9711
9446
2499
2397
6586
9568
8336
9165
3918
7074
872
7757
8984
3297
1933
5546
9541
4671
991
7219
5303
7881
4466
1087
5717
365
9770
286
702
7277
3218
1034
3405
7993
6781
2521
8985
1628
4020
962
3620
3669
1421
2042
1731
3167
6508
8762
604
2079
6212
2239
779
3355
9846
2365
7616
9330
6170
7777
50
395
3388
8129
3799
6989
29
1762
475
952
4346
9575
4477
5487
8426
4400
8698
7203
4560
9526
2177
605
3840
977
8357
3687
3599
965
7425
55
4532
6007
4485
6393
8090
7631
3503
2872
9943
7100
5733
3753
9751
7598
5439
9173
6753
4596
1362
433
1339
3938
7142
5755
6858
2335
8
8914
7617
6169
716
3762
586
7045
9723
6315
723
3063
938
382
1952
1386
4155
6739
6863
8508
4364
2970
8120
633
4286
3260
3394
5699
3168
8653
739
7675
3801
4192
1872
8238
8901
4550
6482
2319
4727
3445
314
957
7788
2722
1931
5937
1856
4891
4501
2262
5690
4546
5922
5765
3522
7161
2041
4667
1427
1319
4736
1882
4892
9621
5295
7865
4064
5448
2032
8680
3245
1579
1378
9957
9722
6408
8924
2052
889
7906
302
7519
6812
1602
6596
9001
7812
1869
4932
6624
6532
6478
2566
6271
8420
2485
7251
8573
3169
5451
7990
6054
6354
4753
5232
3923
1126
8853
6296
1528
7497
927
5327
4330
1237
5326
9328
4476
5093
5866
3510
7813
9637
4790
4073
3039
6821
7252
9792
1310
8317
7492
3194
1322
5818
1195
2008
8971
5685
3340
5025
8801
3125
2981
5641
622
5739
9337
8780
7136
9116
2837
5045
9054
8428
8497
6299
8733
1748
1638
9562
7520
6374
7526
5487
3931
8328
9548
9661
5330
4748
2273
7886
1139
7168
7816
4595
9948
4401
2423
1564
8234
4058
5890
1363
4511
3787
613
6482
5743
7701
5838
3061
8871
8177
2661
7450
5835
688
3914
3685
3259
3293
3225
1296
6001
2479
2587
4768
6009
8427
4876
2082
1613
6550
1509
8516
6380
1463
7814
6209
919
9323
6066
2628
9112
8179
6758
2270
4111
9399
7511
8274
3658
6398
551
1837
7263
5317
2452
8851
6426
3789
5101
1188
7086
9346
3986
3278
5306
1493
759
3980
3161
5003
6660
3084
821
5422
9660
4415
9674
3073
1512
89
3683
5185
1568
2888
4147
8055
3957
6561
561
6395
1582
8789
961
3218
5805
5843
3755
9783
6236
7864
9899
5896
154
8961
7940
3079
5660
449
6897
193
7089
1709
9882
1388
183
3477
8063
7273
9876
8590
6740
6040
2290
7514
2841
4283
3225
3144
9845
1107
2138
9384
1711
6791
3206
3335
9416
7555
3833
1000
280
5932
8039
9316
5267
2337
5089
6184
2168
4606
2707
5773
2438
7066
4173
1141
3099
353
8636
1889
3179
1548
4388
4800
3961
3211
5901
1841
1461
4388
1255
6521
946
789
268
4784
4035
8214
9872
4550
5185
8394
567
8003
3051
5780
1843
9500
4859
3671
1752
5986
2897
8709
1167
1140
6574
2249
2451
5588
9167
7248
5259
7847
4916
9233
8212
2006
7388
2430
5931
1426
7935
1730
8228
9173
1880
4714
4458
5555
2060
5377
9475
3566
9627
7732
5438
7049
4466
2340
6076
68
251
8313
457
551
258
3683
5
5610
2548
9676
5539
7649
8726
3194
5822
2933
3023
1888
3683
716
3923
4
9871
6635
6813
2363
5717
4610
8009
5825
7180
261
5451
9989
339
2203
9535
9440
3090
6864
1102
3590
4895
6245
3209
7509
5529
4359
4806
8539
9860
6813
7252
5348
6833
315
7020
4544
5145
4227
1318
5987
2871
3627
6597
2470
6223
9913
2208
9548
6831
2795
286
1135
7312
6964
4989
9016
2280
3377
575
6573
7360
5465
6082
8724
3325
7426
7483
9990
1502
8721
6926
1343
8144
4697
4844
882
9009
5237
5849
601
1103
608
4808
6474
6524
4577
6918
2230
5153
5029
4496
5307
7324
3173
2818
8601
711
7254
1582
1345
3766
3998
2052
9000
7341
7556
5764
9084
6524
305
4605
2958
4456
2739
8769
1693
2710
6433
5159
8867
71
9624
3084
2521
2299
1107
3880
5318
5859
7753
3209
6388
9495
1777
2078
5267
7264
5328
7313
6823
1796
387
2017
7421
140
3432
7995
7947
4163
262
2869
1141
8605
5262
9720
7499
6369
6025
4263
6368
4197
3840
5168
3941
2517
635
7373
3444
5295
3089
9111
8025
558
4958
3657
5386
9952
4195
9084
632
6278
6775
7588
1389
4568
8346
438
7445
9075
6826
1076
3338
7969
879
5191
8343
6851
8178
6520
8990
6204
4139
2027
4181
6973
9798
7896
2762
408
8071
6839
4984
5108
4133
2023
1762
1981
4722
940
1420
4820
5883
8691
9897
2202
8842
7618
1630
6357
5305
177
6341
7740
8753
8943
9950
4949
7472
9203
6401
377
5497
2064
4879
8368
2757
1939
9158
7310
7848
284
9410
8777
5071
1111
8736
6694
725
934
3470
5199
7812
4861
7567
9508
5352
4073
6442
1323
2607
5790
7954
1045
733
8827
1121
1950
3900
4860
349
1328
305
1212
6220
4629
7514
2309
4836
9479
6227
2854
5963
7687
3751
207
5629
4950
6980
9804
7644
9090
4615
5452
4834
5584
7
1949
3745
3763
5710
4117
1420
3223
3281
799
9551
5165
5792
5537
3352
7139
1449
4790
4441
5278
7303
604
181
9591
4664
5740
72
3583
8733
5634
3060
3856
4698
5720
7589
2258
4957
9939
6438
9047
1275
569
7485
1188
1398
9790
4641
8476
203
346
4076
138
167
5848
8907
9546
7034
4333
9090
2213
5572
8035
5452
7624
4347
6626
2689
1344
1663
4122
8688
7828
68
7759
2875
2206
6063
3361
2018
9495
1468
4006
6008
7870
2172
7927
8818
8053
9516
2356
7630
8921
7104
276
4416
3644
9422
9054
5239
7280
5735
5389
6542
7425
6385
7795
782
976
3391
4541
432
3640
4690
8447
4817
7615
6696
4124
2031
3339
9795
851
9696
6910
6565
1977
1009
6319
135
7712
5276
1014
9337
7393
2835
3588
9059
9947
5512
765
8842
7655
8687
3331
2159
5687
6459
5792
9905
3547
6085
5199
4739
7152
4508
9608
3976
726
4022
5526
9610
6684
7492
8855
4794
5642
9699
5920
8129
1226
719
7289
1653
4355
7170
6636
184
4980
9306
1798
4666
7146
9689
9527
6159
6446
8134
2620
44
574
1680
6710
3098
9782
5251
5062
9164
3419
7971
3528
13
884
3685
8905
4419
5781
894
1847
7345
7369
7410
1123
9352
2219
2062
3173
2764
5281
1170
6733
7573
5014
1606
2497
8844
2002
4093
9000
1654
7449
6519
4753
6157
6813
5376
7825
3545
7152
5334
583
9645
7802
7944
5710
5790
6643
7705
4063
5407
1917
3092
6383
9367
8833
698
236
3108
517
1142
5152
7689
9031
6962
4816
8579
5113
6434
403
4649
5113
9470
5282
5585
9451
7086
2665
6560
2181
5710
6359
