4834
2466
2742
372
3901
3731
1189
157
2748
3051
1400
1195
2195
29
4233
3764
3409
3890
4142
2661
2897
2158
3798
3375
1005
2817
4804
1086
349
4072
1777
2743
1812
31
1812
1286
3667
398
277
217
4655
4237
4647
709
334
2565
35
1043
3447
213
2129
878
479
4885
4274
1787
608
4403
4673
477
76
4896
3455
445
1007
4189
798
2899
3634
63
45
2555
4092
3413
3786
2150
795
2090
2447
4308
3760
2363
2099
947
585
4486
3104
151
816
1860
1444
2806
448
3334
3281
1375
1831
1536
4592
902
151
308
3411
4974
15
1765
4119
2628
4623
1686
1280
1619
2713
2751
2366
3146
4242
2419
4278
558
2863
3545
3219
325
2157
2653
4395
880
4809
4603
3182
4332
2630
4407
3769
2758
3252
675
2473
944
2725
646
2291
1245
356
550
4833
3708
3903
3226
4942
2964
3627
2678
1426
2149
4558
3531
2161
3174
2583
434
3301
849
3769
2373
3940
4823
3735
1643
3269
4977
2162
3878
1308
340
2758
1283
461
3248
99
1213
3301
3390
3022
1262
1963
4699
3759
2875
1862
2805
854
1050
4416
4496
2031
1515
1176
4766
3932
792
1270
4753
4602
2
1359
2974
4187
2330
704
3024
3426
1353
3487
1038
4462
565
1244
234
3382
4416
4367
3807
1602
454
1580
2894
4530
3059
4649
1333
4080
2478
2592
3597
2952
2790
1383
798
3184
2240
4653
1689
2866
2026
1119
3866
1262
2151
3696
4239
1572
4503
2808
1882
1776
2051
43
2983
3126
594
3594
1906
1981
3138
3751
3216
3936
2110
521
4008
4191
3656
1856
2719
4556
620
1786
1844
697
2513
1740
4142
1767
1549
1820
4120
4546
843
3083
2422
1752
3220
1584
1752
1368
1407
3560
4560
71
1454
2225
3472
2261
3703
733
2597
4207
979
3325
842
4421
2031
1947
2291
2411
140
2393
1351
4805
2397
1055
2784
2468
1052
511
883
237
2130
2525
4502
2177
4970
2595
4219
79
4872
897
1168
1180
3299
609
2847
1117
3883
3137
3505
3940
3809
1033
330
2638
1043
1900
289
461
1664
3403
3447
2873
1230
4693
3585
3177
1077
1243
1315
759
4591
1071
1387
1346
2631
93
1935
925
4996
3362
533
2148
296
2249
3957
87
3217
2877
4020
2775
3467
4784
3904
4422
3935
2929
651
2715
997
28
3998
2562
4481
380
3947
1602
4429
3612
3215
1696
1931
4771
2602
1938
2637
3589
932
86
731
1454
590
2335
4216
2033
2906
3753
4402
3415
2593
2372
4396
1619
2191
2085
4234
362
4412
4395
4103
585
1697
4316
1526
2358
653
2848
4100
3992
4788
2197
246
2019
1155
1641
2685
643
4554
3047
4506
874
2758
2920
4007
4036
4386
4362
2348
767
761
2271
4979
2193
2795
2428
4713
1954
3778
1858
4073
1056
63
3354
3086
2152
694
2168
2340
602
2003
538
2812
1654
4999
3530
1827
4611
1691
4695
2029
535
4391
3650
1331
4480
40
3244
1430
3032
1396
1629
1727
4311
563
3519
4366
130
3956
3441
2786
3842
3097
535
2579
2960
3552
3559
354
3172
4462
2254
2993
388
450
529
2268
1545
244
4928
4140
230
3120
468
764
2826
2587
1346
1242
764
297
4695
3084
518
1112
4291
3595
466
36
338
4345
2218
4696
3245
4787
3324
1350
2392
10
1313
3179
468
2420
4279
1522
2332
3690
4892
1059
1645
4398
587
2072
2031
1604
539
4172
2200
3177
3851
752
896
2732
4690
3299
4903
1559
2114
3670
2874
3065
2741
1529
4196
1708
3119
293
4089
4887
3259
631
966
1079
2186
4222
988
879
1629
3961
1452
3976
1108
2984
92
1870
1304
421
2287
914
650
1758
1003
2325
2487
3883
76
4880
826
3678
3094
2389
4745
1572
928
2177
3013
1870
4483
3448
3456
276
2297
2029
915
119
1459
3549
1423
121
4435
2991
953
2556
4528
1778
3843
1235
2232
675
1437
4689
4864
3329
403
1444
70
4511
3344
597
1295
3365
4776
2168
589
4723
3243
906
1624
268
389
1747
1542
4986
370
3058
2949
2420
2423
1943
2372
3617
1939
1073
2002
927
597
757
3998
4461
4935
1895
4789
1273
696
1280
827
2655
720
4285
1496
150
2140
3488
4748
768
4849
229
4933
3615
3285
3834
3380
2663
1921
2899
2280
1491
498
2514
2147
1791
2199
888
2313
1904
4717
962
1414
2755
2838
1059
1567
201
3297
3442
1416
3357
3883
2328
1661
4950
1050
2600
4805
808
625
2227
1088
2433
96
3031
4201
4827
1651
1531
1590
3517
75
4738
3004
2606
3202
4385
3976
4063
240
575
2608
3315
2746
3096
2384
415
3338
4925
177
3016
3777
2228
3563
2181
4745
2600
1907
282
1712
837
904
981
3974
1906
4712
2369
439
2507
4103
13
476
2369
4159
3249
1948
4521
4155
4140
840
3838
29
4572
1053
283
4752
4755
2274
4177
2583
2818
240
2873
3700
4037
3418
3983
2349
3322
1338
2604
2569
2104
531
3182
2785
2264
4917
1774
4049
1986
2074
2981
2405
175
4671
2692
256
294
4407
567
3680
3582
4721
2732
3198
3255
4874
1382
2769
2781
349
2297
410
3706
415
4833
4850
2894
471
3364
4335
3341
1114
2576
3126
1038
1341
1066
2746
2956
2035
1924
3506
4955
3015
4330
609
4832
1355
3098
223
3605
4430
93
2365
688
2861
1950
4622
3927
1904
3454
2840
650
1365
2002
4770
3260
1266
466
1664
295
219
2702
1121
228
3388
4527
130
372
2513
4599
187
2526
3025
662
1582
4693
3192
4962
4377
3397
2603
1826
4377
1323
3255
4607
1078
4206
3210
2327
958
3133
4739
4728
1161
709
2950
2966
3476
503
4855
4001
4793
1701
2312
2286
4195
4167
310
1079
343
4791
2213
3170
198
1156
259
1843
4943
1919
274
895
2441
4608
671
2022
950
3835
2656
812
2955
3893
4035
1444
189
3013
1081
2257
2605
3313
4665
227
900
2454
4592
4434
4321
4059
1431
1794
1815
3075
4429
4980
3924
3493
4811
1876
2948
3986
718
3572
565
98
495
3237
2394
2083
2215
3636
1355
967
998
3425
2508
1168
2538
1632
4785
4763
1565
401
1299
2087
3119
3226
156
3328
2826
655
2727
4028
1109
931
2787
4289
3008
2718
3198
3265
4862
4947
342
4292
2249
4357
59
2633
3359
3213
1224
1496
2745
3299
1864
4686
2453
3758
549
941
3905
41
3227
383
3296
2837
3716
3392
1106
2781
4676
1526
2627
3818
1165
3742
2157
3395
2789
3811
4985
2504
2506
2861
289
355
3736
4012
2329
2740
4578
792
2836
840
356
3815
3963
1373
1169
3689
4992
1869
4032
3948
273
4220
1089
543
928
2919
3262
29
3222
1291
1925
2104
1135
4599
3569
774
3697
4744
327
4925
3231
2911
815
3743
651
4296
3841
4026
1927
818
4486
4063
2804
230
3921
44
1468
222
2194
3440
4657
587
674
2339
161
1826
2694
784
2209
957
2594
759
4534
1026
854
1931
746
4354
86
3997
1980
2640
4595
819
2520
683
4447
3401
3158
2522
4717
1258
4359
3900
3079
523
1233
2433
3626
3988
891
2440
892
4364
708
3621
3614
1584
103
678
2740
4087
784
3555
377
3069
2098
480
4111
1602
4841
4977
1132
831
1810
1857
4440
4684
2539
3110
2739
2640
1109
2700
2971
2510
1230
3284
1859
4745
115
145
176
4572
2490
3040
1949
3697
2125
769
934
947
3051
1870
4785
2993
1352
159
344
3946
3549
3751
363
3664
4578
1414
523
211
4704
3508
3882
1179
371
3919
957
3536
4709
3641
4187
209
886
906
4711
4512
4990
3373
3753
519
1269
3473
3604
4113
2057
2046
3416
4215
2983
1370
2567
1093
3022
3400
341
425
3412
3019
3104
415
3244
3460
2839
1732
487
3350
2687
1421
807
3730
2353
3890
1307
1308
231
4285
2460
2889
4509
2921
4055
1020
3460
1497
2611
1363
89
463
1410
1498
1421
2021
1532
3396
1965
4347
3886
3986
3874
341
90
2306
379
416
2752
4292
1814
3906
2762
4931
2766
1075
1070
1479
1149
2412
3116
1459
3283
1722
4959
4864
247
4374
265
3413
4530
3252
1366
2673
2363
2958
4130
1871
4604
133
3151
261
3284
1380
511
2889
998
4912
288
1151
1535
1888
3573
364
365
4989
4737
2464
1290
2957
1854
1404
2968
1907
3452
3688
2935
851
117
3127
3945
1932
1708
4810
2494
4062
174
1061
4179
141
3978
2914
3486
1242
4666
248
3748
4260
1083
247
404
2560
896
939
2908
2050
3682
2339
3897
999
965
4853
2164
3241
812
4360
591
4286
1333
2189
1160
4445
4622
682
364
3085
3478
1852
365
252
633
1001
254
3929
292
1624
1867
2608
3766
2005
1685
3215
2743
13
2083
3169
3226
2738
2980
2702
2366
4819
2153
2644
2955
836
3696
4087
271
2533
562
4793
4936
3209
4902
4326
2675
4813
151
3510
764
1819
936
383
1255
3843
1504
4199
2586
1757
4193
363
1717
3181
1754
3351
4338
859
508
3619
4511
4094
2465
3582
3411
2388
3256
4353
2380
2752
926
2466
14
177
4966
4276
2032
3707
4985
4519
1041
1125
4161
2306
1136
4750
2727
3537
1681
1764
3756
2132
2931
875
3493
3071
54
4150
375
3151
3114
372
3298
3128
2674
4018
2130
936
1503
4178
2449
2678
3306
2349
824
3389
9
4378
3980
1639
475
563
2781
2720
2374
2880
3289
4232
4077
1226
1432
940
4000
3214
4568
538
3995
3403
3945
3935
1033
4826
4587
3688
2865
3866
899
1585
2214
4765
4301
4108
4420
2467
3731
4161
78
1737
3403
4222
2941
4389
3798
2500
4451
304
2389
2295
4990
2800
2327
4495
247
1
517
4343
1474
976
1038
818
1760
2140
4342
3741
4808
3417
4889
3636
909
4402
2430
2101
4729
4626
438
3539
3343
3696
140
4152
1469
4837
4942
1235
2832
2666
3033
809
4330
2538
4444
3547
3662
42
2603
3620
4396
705
1155
3094
408
2528
613
1096
2509
3399
1148
3941
2023
4592
1272
1755
3894
4132
93
3271
1198
761
3549
954
964
1533
178
1018
891
4258
4128
1080
2611
686
3023
2985
2899
3093
2206
1403
4798
2669
4026
3774
4329
1262
2407
4236
2708
4820
4294
1870
1327
739
2740
3949
4380
85
1971
3250
2906
4106
4681
1866
250
1349
4982
2082
274
2127
3228
1163
838
3019
1151
361
4079
837
4859
566
2188
439
4389
990
3245
914
874
2734
1862
645
2027
470
4872
2973
1154
1496
99
210
854
2237
2864
1321
1451
4451
3212
4363
3253
412
3230
3713
1274
2909
2609
3466
1831
4201
3564
3348
1147
4690
2799
1234
1632
924
2905
2912
695
1814
1108
4360
1251
2461
1802
1511
2318
4743
1737
570
4824
2673
4265
2375
4463
1374
2151
4921
264
2132
2714
3243
810
1116
1162
2656
1203
3358
8
4029
1069
1751
369
308
3368
1600
1580
1758
2499
3508
2819
2627
3765
2533
3374
2281
278
3340
2658
2255
1091
3187
1521
3357
1789
3569
3779
3010
3107
3721
467
3338
4734
4391
4460
3266
2506
3025
170
696
2077
1973
1029
4356
2808
1205
2735
2717
3226
1203
3783
1377
2348
315
198
2149
2607
1172
1375
125
1737
2354
204
3401
4567
2011
3611
413
381
4275
2863
787
856
855
3427
726
892
2259
3593
3758
2473
4568
2337
1547
4208
3222
1677
591
3988
4377
4457
2509
3940
3499
3840
4496
3837
2014
3049
4426
3939
4260
1376
3890
880
965
3289
3728
910
1524
3160
4552
4230
854
3140
4408
2379
1232
4642
144
1176
3885
3045
2941
3590
2737
1363
1698
4578
2476
2578
36
4491
3918
4506
3512
4953
1651
348
4076
105
4204
4344
1367
4941
3186
2909
1301
4896
647
4968
2370
1687
1827
175
1402
2859
3496
144
3059
227
2490
4571
985
983
1334
2158
3668
3263
2542
2607
2231
81
359
2140
4655
3154
2919
1046
3358
4516
4630
100
4851
4501
4464
1540
3344
2648
3243
4276
2304
1245
1860
439
4874
4131
312
1883
1287
3582
1234
4263
3908
284
2736
1089
3716
17
2282
2533
1766
978
3009
3594
4142
2670
1735
2143
538
4289
2000
603
443
2162
724
802
2606
3220
1513
3235
3894
2402
1577
198
2192
4731
1893
211
3363
502
4358
2310
2986
95
11
4894
2735
198
4676
1389
917
4881
4178
313
3546
1344
424
489
3415
4286
418
4772
3134
3295
2913
4290
3199
2357
1497
894
2903
2565
4943
403
2373
2838
2449
1980
3194
3281
4692
1408
1805
1196
2740
1690
3200
4745
4036
1414
2602
4620
1666
3344
3018
4321
2606
1582
4284
4523
2271
3078
771
1498
2282
2610
52
2068
2192
3839
627
3396
3394
3950
4029
455
1564
1665
833
2387
291
4351
4051
3122
1812
3723
2269
2252
3579
3327
3508
1684
180
4926
821
2625
4082
1918
4251
3316
1786
2164
4759
1761
1595
4154
1722
3726
2132
4884
2433
2600
2857
4928
4493
213
1572
4715
981
4901
3932
488
291
2218
4605
1739
4921
2430
2412
4132
3646
1579
4780
2335
2632
1877
4810
1816
703
660
1545
4269
4828
214
3947
4867
2565
889
1909
2762
4886
3502
1430
1053
28
2169
2644
4577
1265
3029
467
1943
2296
2444
4730
4700
3492
3436
2379
2501
3369
630
2439
3696
4662
2103
3820
3406
14
4097
4189
1229
2178
908
2772
4738
2196
4998
3414
3251
4819
2370
331
1035
1702
580
3904
2718
4422
4434
395
1420
4588
607
1770
3931
2172
3977
433
3004
4181
258
4582
1640
254
4299
163
276
3359
2636
1047
2143
353
1705
2609
3564
3155
4575
138
3699
2218
2236
2429
809
4508
259
4902
256
2121
1287
3221
1178
1150
4695
3078
4775
2295
1128
2534
2390
1777
3728
2403
4975
4913
398
2176
4207
860
3880
3924
2877
4668
1076
3942
2905
2244
1624
4095
3372
1833
2853
4732
2979
3412
2861
2559
2245
2280
805
1361
3524
4620
1950
3894
3768
990
2878
3380
3174
4533
4123
4057
4960
3473
3111
433
4527
4441
4639
129
3747
2736
2542
3691
2707
2261
4583
1670
1167
1741
2864
1137
3498
567
1513
2076
1214
4124
2387
2306
1264
345
341
2167
2666
3867
2666
4810
911
2694
3079
4960
2473
3594
2848
2669
3694
634
2402
3567
2145
3186
2747
4969
269
812
3566
2000
4652
2695
1602
1726
3758
3238
4930
4448
4605
4128
4023
670
1557
4088
4578
4935
577
3603
3406
431
3545
2994
4873
4398
4687
667
3003
4709
2264
872
4776
3392
640
4308
864
2171
830
2165
2701
4986
3815
4891
660
1681
2214
3835
3356
860
2545
1640
340
3884
686
4167
313
1855
1061
2837
4533
2154
4527
2695
3291
2006
1116
3421
975
2045
35
4421
531
4519
4562
1056
2483
1341
3877
491
1506
3209
995
1851
3382
112
28
2645
3214
86
2582
1922
3643
1252
1439
2556
3644
3151
4757
2056
4564
1560
2601
3704
591
1612
1810
4043
2754
328
1038
1515
4447
1899
1107
3514
3816
1256
332
3674
3803
4806
1639
2896
4979
2606
131
1972
3495
520
3983
3504
4308
2193
1277
3746
3990
4805
4781
1632
715
3678
1542
4111
1176
4447
671
4528
1549
1231
292
1784
1756
717
1020
3434
1328
2636
2647
3043
4855
4883
4445
2225
2417
2540
210
1097
1235
3926
2221
1676
3908
1906
1631
4117
3809
4495
4873
529
1123
2594
375
12
4278
341
457
3788
117
570
2039
460
801
3101
1524
1471
2401
228
1388
2103
4051
3331
4607
4873
4432
2504
719
703
2325
1976
2254
346
621
1188
257
4785
1573
300
4121
562
3144
1853
2208
2412
312
1994
4304
2375
3974
1581
3111
409
1593
4304
3871
1829
2466
2541
938
354
3072
3638
810
1253
743
1345
3254
4508
1276
764
1153
3513
3931
329
4381
3278
2121
638
4261
355
4302
988
3136
1354
2738
3033
2353
1467
3464
3116
3170
3137
2192
4261
3369
4096
966
1166
2411
1393
4743
2346
1733
1787
84
2249
3282
1984
4520
2245
1023
4473
4275
3020
3978
1071
881
3154
1576
2375
4357
2090
2053
545
1726
2832
4598
3742
4916
1054
3459
635
947
1170
2129
3190
3398
4057
1700
1604
2824
4746
2841
732
51
2369
3705
1412
1979
222
1601
382
604
2313
2863
502
1600
3469
2695
1163
1894
2334
4971
2023
1412
3672
1641
1941
781
4830
1630
4350
909
4611
2248
752
2049
1664
4297
4292
355
3587
200
1074
2387
4616
2778
3123
762
2239
3110
1795
2736
1953
1733
3761
4925
4584
688
1756
2396
67
2876
4035
4996
434
1960
2505
1912
1972
2511
1332
1142
1947
3961
721
2581
2513
924
4053
1767
1841
2496
2818
1158
3900
2487
2500
1939
54
515
2831
2633
676
1874
2559
2856
2341
1373
3179
46
1722
1702
1967
2784
2131
4215
3893
510
3968
1840
2736
2772
24
2800
3476
3756
890
4253
1405
633
838
262
626
4519
1958
4733
3470
2974
3862
3306
3827
1646
1957
2227
99
484
3983
3136
1916
2610
3657
26
3135
1204
3025
172
262
3063
1543
889
3479
3484
2795
245
2482
1962
484
1032
1843
1426
2050
3637
1011
476
1234
1448
1914
2166
3875
4526
593
2109
673
3327
3983
4716
2334
366
138
201
4336
4601
760
623
4883
843
3865
3270
4627
3191
4346
599
3589
1176
2001
3563
2515
1659
896
1452
2851
3558
2944
1843
1044
4274
3364
3943
2436
315
4982
3839
3240
3560
3770
3983
1616
2470
2045
3719
2446
2007
4273
914
1436
1792
1680
2161
4583
3808
4010
3143
3115
2963
2574
680
156
2031
3641
4306
927
4846
413
502
3659
178
3065
4712
3439
4920
4673
3585
2945
1402
1346
4510
160
4128
2876
4977
847
769
4124
4253
4559
3579
2453
3616
3112
2298
3963
969
11
1325
2732
2528
1814
500
3874
4613
1693
4974
4161
2520
913
1647
554
3823
1008
918
2058
4151
106
3724
1850
4018
4507
3232
2579
4943
1049
3760
1221
2839
4564
4570
2413
1986
3196
1001
2417
4786
1892
2027
4137
1560
4186
1375
3052
4171
1471
3780
1684
3375
513
1316
383
2153
2626
1335
3451
4145
1093
1140
4125
2968
3333
1458
1653
2233
2050
4341
4786
1532
3369
1157
342
2421
4214
656
1909
531
4577
2671
4688
1997
2258
2733
2056
2455
2
4524
721
2698
232
3858
2077
2457
4412
2025
1305
3535
2347
2933
1560
4583
4112
3678
3194
4555
283
285
4641
1454
937
4634
3848
3157
2232
2348
1129
4103
2301
2058
4313
3062
2684
1703
281
2646
3027
3211
788
4178
1012
4571
112
174
4669
2843
1563
1126
677
2530
4107
2973
1861
3275
4114
4539
3216
3148
3165
1678
3177
3751
3711
465
672
286
2486
4866
3072
2627
2930
1444
1824
4661
1165
4149
4012
2975
500
986
3439
1219
257
2079
631
3348
353
171
3709
4025
2129
4511
1224
3469
3536
1343
2573
2163
4824
2537
949
3078
2727
379
627
3079
1285
4625
4592
632
1121
1052
4085
701
764
1006
2148
2834
3993
3361
4572
447
416
3935
4879
2873
6
4164
1937
314
123
8
2751
880
3199
2961
2570
1403
1913
4558
2471
1368
1214
3606
2500
3075
3875
4726
329
4849
2671
4329
1312
2635
2831
810
3706
4911
1623
4205
3064
4712
1962
1851
3755
3989
2591
1284
1592
4255
4216
1575
3395
3532
2991
4541
3415
3481
1488
212
1976
4613
245
3159
4941
2936
1458
3523
2493
4306
3566
172
1621
4896
4074
1605
707
2449
2593
3975
1946
1406
3836
1897
3546
3200
3457
2877
3091
2716
2559
2003
2062
1257
3065
23
4016
2595
4756
990
924
1863
1719
3966
2652
4566
3262
1515
1972
3775
1155
2973
2371
3717
2682
1927
4062
1136
2327
3515
3227
3847
526
1032
2367
1171
4582
2206
2948
14
3907
2888
2411
890
822
4992
2265
15
3484
3064
2761
4308
3736
316
2303
127
1573
1638
1868
3471
2564
1673
411
3454
4151
4623
46
4293
2288
1510
4614
2879
3096
1645
2965
2311
3320
2068
4418
1110
333
4729
4040
1724
4300
4863
1275
2120
4506
4273
3464
2778
2526
2861
2520
2150
3214
2043
1041
2355
3003
2652
3009
2305
986
312
4768
3250
2615
2727
3264
991
752
2545
2460
2291
1363
2682
3458
316
3245
2029
550
2325
2608
3177
2005
1329
2345
9
3819
4667
4003
4204
481
3961
4763
29
1662
3078
4321
1462
1017
1966
2191
1005
3560
3340
129
2785
4049
3816
2714
3333
2546
2484
2559
4202
4246
4077
3209
4020
2423
4079
333
4171
1083
4457
912
3241
1389
104
689
1171
1368
2008
1591
2585
1410
4948
1315
1111
795
1262
2532
4878
4184
43
4645
3757
4680
1358
3501
2888
3227
4964
1067
3243
2962
4711
1276
688
407
3020
611
4100
3418
560
4763
1783
3804
3311
4428
1218
1012
197
2591
1603
2828
357
4376
3820
4103
4246
2519
3691
1673
4078
4595
674
2283
3039
300
4557
457
3398
2395
1915
2114
3186
2752
94
4316
89
848
1325
97
4350
3425
2657
3034
2535
3299
4045
3694
2803
1660
3022
4742
1265
4072
3898
4961
2107
2692
3525
695
3481
1701
3798
1900
3234
490
3592
4492
4798
11
3196
525
2063
4668
3268
2597
701
833
3242
1457
1928
4744
3271
1927
4808
2430
2536
2504
2921
3079
971
2229
2731
1718
1911
4989
3693
2020
105
2497
1409
4041
4139
3293
1291
1020
1927
1915
2219
3185
3225
3252
1434
4062
1138
4630
4737
3505
609
3501
1716
146
364
4991
3718
2680
1364
673
3766
2891
4950
1775
2871
2654
3950
2956
2902
895
1318
646
4828
3044
3045
372
4171
43
1043
152
1846
1238
143
1915
649
4777
2467
121
423
2153
2296
1554
3882
3299
299
4394
3204
1230
4569
1054
1100
1207
911
3099
3445
1375
2753
1173
3377
1099
3612
3432
899
3767
984
4143
4226
2423
2549
4279
3177
1132
3470
2047
1771
4752
3651
3598
1036
3622
3456
3672
4434
2560
2347
4694
2762
1879
1211
602
648
3849
412
2156
494
4122
231
3004
3589
553
3877
413
1010
3613
292
673
4687
3837
219
910
2474
3945
3071
4013
4747
4632
3392
1076
3439
4294
2062
263
3258
2306
1045
3671
337
1746
4359
4014
4645
1675
1216
3158
1044
4152
957
4230
2689
862
4134
4744
140
4179
2850
3834
4956
2889
3194
2487
4224
4034
3758
4897
3061
2305
3667
4325
1010
3859
2606
4538
3239
3608
202
1103
3540
370
3101
4809
2126
193
3977
1799
4108
3864
3230
3946
2063
2807
3524
4035
3608
654
1398
4395
2708
435
3411
1153
4378
3473
4510
3460
526
1405
4830
573
750
1149
343
3679
313
4920
1591
4022
4959
1420
3389
3449
2114
3128
3507
3798
1340
1710
324
2769
60
4564
160
1800
144
1424
2373
4550
3494
1798
3656
3034
4245
2487
1625
1139
1630
1471
349
2419
624
931
2116
4108
921
4310
2082
2347
4600
4231
3819
4416
3847
1976
1407
439
743
1821
1390
894
1227
4422
1277
1323
2286
387
4494
3362
3057
3556
222
1952
3453
3130
3207
2511
2134
4677
3270
4710
4032
3203
271
4627
3467
4642
3644
2048
2786
4618
2125
3416
4426
570
817
2732
254
3701
3890
4263
2071
3337
4191
58
1072
84
3043
4540
1503
3
1210
4570
3495
2272
4444
1455
3267
2103
4242
4328
1046
3629
126
3167
262
2238
2231
4433
3950
3609
9
4230
1146
1410
4163
3957
3414
4085
938
465
2655
649
2187
1437
3731
1169
94
2767
428
4594
4166
3507
4383
4233
3284
2311
83
1941
3787
3598
4493
212
591
3604
3809
3605
4175
3461
1242
1593
3561
2338
3122
526
4260
3161
4334
3745
4273
599
1929
672
635
1965
569
4226
4173
2109
4086
4308
3011
671
3774
352
120
1124
3229
3875
2566
1638
842
2324
2405
122
1893
3876
3626
3723
3293
1927
2697
572
110
493
342
3682
3055
852
1884
2172
3145
2366
2280
4224
1636
2147
2096
4835
4948
1731
1973
2324
2504
1914
2744
3373
2611
4824
193
4607
4835
388
322
2378
23
2236
2898
4334
3934
4084
2493
3608
4378
1552
2825
3556
1740
4800
3091
1604
4977
2103
2352
490
2881
1744
2416
704
1544
1238
2996
905
4302
4197
280
2091
2673
1482
1723
972
3842
4732
380
2622
1437
2598
2551
3161
1306
2827
5
451
3912
3396
1818
1350
2489
4912
3839
742
2553
3921
647
1957
104
3255
2615
1909
47
2379
4759
3242
4407
1514
3173
1930
1900
4308
3217
4649
3857
1920
4106
2733
2118
3926
2815
4891
1668
728
578
3580
3176
254
3103
4423
1638
2396
843
1708
2797
1227
3840
3234
3992
3889
4844
462
2517
213
4952
1362
2070
4755
4086
3837
2525
1000
1508
220
4397
1827
2838
2365
19
3976
224
3131
3060
3706
4792
323
1191
1445
2266
1346
3691
1149
1485
3185
4243
246
2019
30
2678
1145
2790
2144
732
279
4797
2102
977
1973
4918
789
2014
2124
301
3413
4773
4084
2491
3246
4530
1493
3202
492
3090
1746
2124
1364
4723
4810
4156
1474
3362
1652
4308
2201
1356
4126
2853
1766
1804
2026
4309
1257
2163
2830
4027
272
3486
3135
3870
2618
185
401
4379
3901
4810
3460
3037
2549
4624
4279
4975
2818
4009
682
157
4884
2643
651
2929
1382
1362
4703
865
1652
4336
1906
4781
2690
1867
4141
2166
3762
289
427
2410
4913
2462
1104
1692
591
2766
3310
2713
2106
2646
1678
3653
1110
28
2271
852
3227
4255
1150
1788
2250
3128
4883
3416
3941
4880
771
2135
1315
2508
4095
2459
2780
4676
65
542
3079
1049
1414
981
2422
1556
316
2833
1714
2539
1737
2571
1161
4974
3205
2108
4064
1608
1078
2191
2870
721
4982
430
3120
4824
1603
4280
754
782
4554
37
2872
4118
625
1216
1242
3216
2640
4275
4125
3036
371
2849
844
4836
4631
28
442
4171
3518
3079
1586
3969
2537
1029
2493
4520
3945
4976
3823
1089
4121
3254
2047
2344
1188
1070
4289
454
4303
2360
74
3300
658
771
3623
765
3576
2352
635
4293
1840
2107
2883
2806
672
4721
2719
1457
1829
4589
2511
2057
4330
4741
4535
1027
2186
34
33
4137
1635
4429
4286
3238
113
3060
4288
4893
772
1675
3791
1450
512
2664
2206
3442
1079
3511
2209
3390
3957
1532
4845
4297
2055
4215
3876
3731
1936
1824
3276
2791
586
2188
3259
3183
3142
4897
66
4247
4488
1635
3154
3751
1505
2417
3799
1449
4906
4609
4192
4219
4323
2616
335
1295
893
2590
3315
2373
1034
886
3448
1626
3839
4563
3680
3545
938
437
4432
3832
2038
2291
689
270
816
3915
1114
585
1446
1117
1119
2396
651
741
1167
2301
2537
2455
63
2796
1107
2005
2927
3911
2278
1380
4566
2026
2212
1365
1352
3164
3996
327
1912
46
2265
2321
3986
4580
1949
4173
3602
3205
2794
3009
11
2432
1910
3583
1909
2916
1224
2163
478
1754
4915
2021
1755
478
4118
20
1900
3367
3605
1147
4794
640
4608
1832
1957
895
2541
4503
14
795
4964
669
3685
3699
3680
3824
4880
1482
5
3324
665
3814
4642
3552
1531
2967
901
2039
2393
1373
2541
4971
1987
1202
1872
3004
710
142
497
2189
3318
3545
1989
2616
1546
1764
3067
3160
3660
2921
4446
1923
668
2304
3392
3011
3065
4443
1396
738
1123
2385
3232
3883
4007
1447
245
4040
3712
2597
2733
1381
1271
1484
880
4355
2982
229
3843
3665
4822
2933
1334
245
1195
284
2047
520
2713
1413
1408
192
2134
2688
4282
991
3036
3243
765
3936
3456
4311
85
2282
740
1631
2650
1469
2325
1347
4812
1689
4290
986
2545
3141
2090
414
837
77
4696
3761
2781
1822
2606
3422
3936
2019
4843
1898
3682
2417
4531
1258
430
2127
1209
3094
2271
2607
171
210
4299
410
4786
3965
3061
4344
3925
762
1237
1709
4705
1284
3694
1023
4447
3351
164
771
2818
2625
1336
4839
2363
4144
3130
3986
643
4557
4290
4680
2524
69
2706
1626
1700
2793
3676
4474
103
3547
1059
4948
4897
4065
1064
4191
4213
710
684
3787
4580
2651
2709
1589
1909
4245
567
1302
125
1240
2944
3114
4588
4130
3623
3195
3396
82
1434
3230
4542
4998
1995
4621
1683
3516
111
4851
4403
2289
1891
4943
2046
4045
1883
3808
3365
2207
456
4319
2084
4532
220
1065
2790
4411
981
715
2237
4404
293
2336
1212
3551
3458
2830
35
2258
1438
3287
1199
3474
4893
875
1507
2593
486
1435
1063
3928
249
80
2419
2980
2067
58
2400
3565
4481
2277
3299
3828
4374
373
1559
1458
2650
130
2350
2773
4466
1758
4643
1757
998
2828
1495
1453
4988
3395
2503
1054
1918
2423
3918
2845
2553
513
3780
1340
3773
28
2315
4189
1180
3896
4185
1627
4457
2085
583
35
2839
4981
1085
4448
651
2028
3495
3149
4319
2403
2864
1786
171
543
746
2585
1986
3705
2479
475
4430
3062
3728
4868
2665
3559
3359
2741
3914
1659
2666
1424
2536
247
3063
2133
470
3248
30
3635
59
4616
1544
491
1053
260
1234
686
409
2670
3366
359
2801
750
558
2003
2218
4219
1141
1093
1329
752
3420
614
3442
1993
2806
1354
93
2020
1417
2421
4653
3493
4042
196
734
1690
3379
4584
3171
3189
891
1060
1705
