3298
402
2675
751
905
2150
439
1568
1799
1245
432
2118
133
3434
2612
200
3903
1942
142
30
1581
1184
2748
3180
2749
1743
1239
828
1089
1046
976
3127
2052
3650
3637
3167
1464
2019
594
1036
1964
116
3509
449
1305
1001
618
298
2747
661
2949
3157
957
2837
2781
2026
2989
3357
3797
2280
207
2748
3479
2077
2957
2830
2202
3649
3595
1694
1826
1520
2392
1270
2726
2370
3233
645
3596
3465
3456
2219
337
1702
658
1636
1093
1641
2375
3214
2130
1923
1394
1849
2014
2281
2399
75
2918
743
996
2029
3434
223
208
1045
3272
93
1825
3248
1472
1144
1554
2924
3286
263
977
3583
982
3645
1742
728
3090
1730
3151
1280
903
3248
480
3500
3710
1799
3208
98
1870
1357
1911
3014
2270
1350
3356
1632
2024
1163
2227
331
121
42
3099
3068
3574
3930
3302
749
1688
3194
265
3077
2840
1637
3635
2086
357
1939
3483
1747
594
3343
1074
220
1901
3472
3223
2983
2730
2391
713
829
222
3652
567
782
359
789
1108
1922
1705
445
2470
541
1907
1372
3645
3725
3136
896
3617
3571
2170
3032
2212
3980
1785
17
2070
1915
1832
2863
3607
3541
456
1258
840
3177
2190
1218
2490
266
8
128
1736
154
2270
2250
1
1076
147
2339
2077
2070
2666
541
2065
1066
1509
219
1245
2063
104
2984
1282
2249
156
1070
241
2465
656
1204
1119
1594
1690
2199
2036
3570
347
2531
3235
2480
1153
3758
3092
3185
1702
1105
829
1097
3125
2532
2319
2776
2189
2549
2636
3498
925
261
663
2155
2255
543
1380
1990
3138
1941
3278
1336
1840
1209
2439
1845
814
2741
906
2998
210
2952
2796
798
494
3934
2417
1416
1466
1898
2139
975
2992
931
3294
2073
497
472
1679
2401
293
3856
2874
2463
2592
34
1042
3831
2208
3918
3363
1531
82
3031
3523
1981
1076
2846
1255
3572
2965
1724
1555
1706
633
251
1513
3393
2905
1458
3171
128
2951
1115
2779
1854
1358
3794
3943
9
1016
2636
290
1458
938
273
1125
2745
2442
2648
2805
881
3201
1822
3478
880
251
611
3166
3030
3242
3937
3652
2071
2474
297
3350
2854
64
2108
3850
1375
3196
2499
2636
3697
318
2955
2327
3591
885
1152
3391
1106
897
3205
3690
1205
3770
1934
127
396
1354
154
1238
1337
1813
2768
3247
972
2905
1140
863
3727
16
3750
1221
2379
1106
888
2171
507
3928
3498
2152
2667
2395
1636
1074
876
3035
2703
177
3287
2812
112
2142
91
202
962
2634
1893
701
2351
3019
203
919
2571
2833
1397
3786
173
23
264
696
1130
3253
1648
1938
48
947
3978
2337
2460
3703
2955
2883
2872
351
3280
173
2964
1131
3364
1392
1632
433
583
950
2756
3348
2337
2763
3261
1327
3747
888
1012
1866
2197
2890
1563
1359
898
1969
295
3767
3133
3365
69
1406
1550
3139
2011
117
3964
725
892
2998
3161
3632
1958
433
2469
215
3452
3909
3840
2205
571
363
239
647
220
1868
1993
3887
581
3827
1183
3269
204
1853
2215
3280
617
3085
1636
850
3446
1788
2899
1482
2181
333
1043
1075
2239
3807
178
490
2069
3227
2097
1069
2884
3054
339
286
2346
3408
3559
1543
1375
3490
2351
3063
2227
343
3789
2986
1026
265
2985
1031
22
236
1537
1539
3673
448
3278
1508
916
768
78
256
2057
2487
1844
1475
1770
2610
3272
3886
3733
2704
2428
477
3021
119
2828
2817
1301
480
3024
3244
3755
18
3042
2348
1214
2188
3879
142
2958
3548
2268
3492
1855
3469
1855
3585
1145
3613
3894
3488
1663
1548
991
2725
2058
2960
3254
1147
546
1542
2396
1981
984
3331
1930
3600
3619
968
2258
3693
2997
788
814
3293
3001
83
3016
764
843
2676
1701
2080
404
2489
3887
1043
1824
3591
2173
3036
2590
2973
833
317
435
898
2446
2229
2715
2615
2755
133
3102
1611
2649
3919
651
1965
1029
858
3156
2076
2698
2802
3333
2427
3838
1037
3458
768
2103
200
1500
2091
402
3856
3599
3028
1920
3933
3739
3677
3918
2809
1341
3431
2351
2526
2282
3392
1896
1564
3143
2649
2007
2682
744
1686
321
1076
2147
127
3767
3427
656
2868
2948
2491
2176
3517
1270
1550
982
31
1030
109
1702
3306
870
1006
3113
431
2598
1961
2298
2511
514
2684
2000
271
2028
2223
1337
3496
3889
2834
1455
2458
1163
3266
3833
416
2819
938
3521
3295
3328
2630
2445
313
2256
3
540
1598
2322
162
1215
1794
2334
2908
2706
2153
3986
1504
2966
1790
2745
2263
396
3683
890
2632
592
3363
699
1655
3087
1507
3823
2952
1286
536
2371
2913
2104
562
1345
1870
3084
1205
2943
2174
1025
232
1384
2475
175
3430
1540
1175
2620
2002
3878
2865
2231
8
3282
1495
1428
2895
1705
3158
2308
1546
914
172
1873
365
711
1519
2995
141
25
1702
1714
2512
3809
85
1816
228
1893
3606
658
556
3650
1058
2787
1844
3132
3824
2981
1189
639
724
1469
3028
2705
1769
3193
2165
503
681
553
142
2273
3416
2840
2246
3730
3169
1061
3964
3375
632
3042
51
2180
2143
1960
3467
2637
2660
1045
1003
2120
2856
1476
3834
1237
154
2087
2894
2438
2593
2658
252
1833
2808
327
1869
2447
2548
650
1969
2584
2370
3073
1197
3549
2731
2906
656
3034
1017
441
964
246
371
1740
480
2416
1508
1484
3322
1768
3930
2994
3386
2023
3723
3188
3977
2284
1106
1883
3400
2611
2998
3906
3262
1732
523
2701
1897
2422
3698
132
917
3070
1563
394
1482
696
3628
3518
3999
784
2009
397
3405
3854
2643
1170
3967
3900
2878
12
3685
2869
3929
634
8
2987
162
2133
1528
2805
530
3050
1825
1747
2436
690
2075
3168
756
2064
3104
1171
2530
2759
1561
3346
309
3094
3250
2547
956
2673
1676
848
3632
796
2705
3207
1973
870
578
1419
3359
1408
1036
3178
3730
1337
1721
2620
1633
1815
1474
549
3800
980
354
3911
1781
1715
134
391
3217
2717
2369
3993
1597
2588
2972
587
775
660
522
2156
156
857
1658
343
455
3921
2214
1504
248
774
1672
2681
1856
3752
875
1505
888
3517
3039
2826
865
1382
1991
2693
390
3279
1997
1357
2173
2034
2134
3372
2797
3082
1295
3534
2090
2287
2598
1696
1339
1874
1750
1764
3005
2870
1338
500
64
1385
3266
1809
3983
3262
1475
1255
3469
2953
3593
1310
3995
1622
904
2752
3478
3590
1840
2818
1981
1798
2207
1393
2832
1070
3408
2842
563
2067
1073
2101
2930
3498
1266
591
3071
3514
3353
3187
2872
2588
211
2165
3
2610
2501
667
1851
641
3680
1159
2724
2924
2963
3685
2553
3150
1435
1486
1832
3092
1845
759
2611
3221
3891
761
1239
1326
1869
2461
425
2878
559
1124
1724
891
1265
3408
3391
80
3204
179
2500
948
1831
274
2716
2023
2841
3605
1501
363
1578
2318
2437
2045
2314
227
856
559
387
2490
3878
1027
2178
448
296
3046
3215
1397
1544
3078
1183
3992
1856
689
1343
2507
1371
2124
1745
34
2840
2285
915
3694
46
1046
1978
3136
745
3599
1790
1436
1745
638
559
3644
907
3781
2565
317
281
3064
1397
971
2749
2073
1439
1316
1052
306
420
1739
2941
2670
3029
971
912
3637
2055
517
3819
2499
2403
3481
3536
3587
3578
1421
1738
2861
3797
3581
3958
3097
3434
3711
1791
1406
106
1425
3330
2732
1976
3554
1520
3394
1076
2105
3633
717
2933
1446
101
862
3382
419
1637
1575
1767
39
3945
1362
2436
3719
1123
2077
2082
1737
2697
1269
1446
3046
1840
14
3088
3835
2131
1533
1140
3341
2771
403
3081
214
2649
3478
3034
1680
2582
3773
3067
2237
1451
839
2678
1105
2085
3161
898
2301
2944
3059
3349
312
1356
1357
2000
2891
2701
2899
121
1754
1084
2170
1478
1802
3211
3294
373
3508
326
3802
2840
676
725
994
3342
3246
670
2432
1773
3566
1031
3434
2619
1434
1561
2236
3645
2598
3648
56
518
1395
3790
3798
16
406
3040
3433
425
321
3609
1392
1189
3024
2122
3894
3409
3058
2931
3879
2568
2353
3842
3887
1342
2656
154
3088
2969
3520
1904
3327
512
3214
1519
28
524
1677
123
3373
539
652
2162
3030
3875
3316
2159
1878
2819
3121
136
2881
149
2266
3671
694
928
3934
1141
2588
3499
620
3010
3454
587
1983
226
3200
3517
3556
3233
284
1743
2090
3223
1502
88
485
999
3544
2248
1503
257
3874
90
3804
3687
2098
2951
1000
1389
885
3284
2239
1337
1959
3339
3000
746
532
871
2223
854
1355
2856
2798
779
1500
2279
2583
1335
2702
2052
1328
3266
1471
1531
140
729
3641
820
3858
3654
1069
1498
1900
3322
1039
643
3342
2253
462
3406
1697
1053
3982
844
1323
3122
836
1780
3581
610
2253
410
2393
1040
3404
3290
413
526
1438
1198
1776
836
1307
1120
2088
361
2219
1305
54
3694
2082
1559
2095
698
2714
733
2647
432
1227
2500
2924
45
1610
1583
45
493
3739
1853
3045
1197
1588
3192
3543
3979
3312
3562
1095
9
3597
1007
771
913
2339
261
1645
1266
289
1312
3334
73
3173
2746
248
2875
1271
3719
2111
3198
642
7
1622
3992
3665
2101
570
3743
2210
1628
61
255
2794
746
2697
922
581
1500
302
1993
727
3096
3274
2625
3812
2778
3316
2353
841
1126
1221
1416
1685
2780
1284
787
1383
3434
781
2916
1669
3931
509
3982
1078
2381
956
908
861
3552
71
2914
3698
3243
2777
3164
2175
136
2901
1298
308
688
2803
2125
2183
609
260
3299
1355
2875
1476
3806
652
3530
892
3675
1669
1150
944
877
2398
2134
2795
1250
101
3099
1061
1630
807
3753
3695
1891
3467
1800
3195
2898
492
3097
3786
1035
3377
2283
1331
1617
43
2030
1869
201
3914
3999
2170
3136
636
3873
784
3084
3876
1517
2340
907
1394
2784
277
2664
2500
1747
2610
2940
89
2600
2826
2512
3502
1888
1839
1057
55
1545
3653
3132
1659
2997
3276
2473
3404
3110
1255
3685
1730
3621
1193
1287
756
2929
3836
2660
2450
2709
3149
2669
3681
3347
1879
3670
3828
2748
1770
2930
1987
1889
1496
3258
3243
803
1372
716
3650
1607
1383
1712
3924
2758
3752
2070
2239
1825
1815
699
1800
1041
2367
2251
2329
3900
1830
960
3543
1636
2138
2664
3587
3513
1017
1925
2861
2511
2429
685
1648
1002
1154
3826
847
2262
2421
3292
1386
2163
3260
498
956
301
3196
1240
1300
3401
2698
1298
1037
2076
3122
711
2412
1782
3549
3873
631
1307
1635
1584
493
1810
717
3886
3589
2967
293
605
1446
2347
732
2189
576
2539
2360
3770
3654
3742
1433
3730
2441
2983
198
2995
1266
1243
2968
2899
1179
3564
2338
2489
1514
2468
955
1033
1259
1966
619
990
1065
2413
2990
2767
649
1936
2311
2739
196
1277
1028
3841
1118
1450
1290
1233
2919
1228
2077
3006
3182
2118
1070
3757
3581
3875
1602
3174
2645
1470
3866
3841
1223
190
2820
3869
3179
1760
2846
9
3041
1068
3970
1317
1122
3850
3954
1891
98
2861
2945
2151
1892
13
3164
2990
2329
1843
3763
3114
2615
77
2536
1963
2579
1537
3283
826
1370
1310
1647
1247
497
3822
3237
2690
2183
2248
1107
3022
980
3043
3032
1714
3441
2212
1022
2337
563
1880
1861
2457
2981
2973
1800
2400
545
954
2991
2123
1610
2896
48
1720
265
200
3874
3483
195
683
1727
2198
3603
785
3733
2562
2601
1425
1706
234
3998
471
3050
726
2227
3955
1423
2469
2053
974
2507
2003
303
440
1940
154
2653
61
940
1429
3816
854
2348
1856
2738
2875
1549
3547
3264
1174
3283
1069
3119
1970
3575
965
2164
2387
335
924
885
384
604
535
3261
3419
3439
1416
1760
113
2264
1779
1163
1324
3277
334
2950
3301
1076
834
2378
887
845
111
1433
1776
2367
2571
3806
1504
605
2795
2914
2420
1045
602
2888
2428
1941
1382
1030
3112
2522
1466
32
2386
3254
1958
2370
3188
733
1883
954
3162
1997
3762
80
402
887
2348
2404
0
3950
1940
1218
1902
299
3521
867
3489
507
632
3363
2982
2341
2638
2907
3243
3548
3882
1595
3307
93
3689
2182
1857
1893
3099
3305
62
3603
1163
761
1557
341
3516
2984
2579
3762
1935
2404
2220
3411
1857
2892
2544
2863
1521
1392
2045
3665
1632
1060
750
3816
3088
1312
625
107
3311
2167
983
3782
941
3122
484
1030
1928
2985
2118
2333
3465
3613
1218
3731
2919
1301
585
3913
2666
2835
2346
3435
3978
2481
418
17
1430
541
1902
3154
176
2767
3521
3334
3253
3811
1521
3573
442
1912
715
3969
211
1764
3783
1966
557
2769
2582
682
379
727
663
3420
1230
3831
2314
2765
1788
3538
1628
3085
2115
3524
1537
3364
2248
2560
3647
311
2072
3273
2886
1586
655
2315
1662
3064
695
2164
1370
612
264
3538
3272
2522
3790
617
3882
1840
3721
3089
670
2098
557
3210
3097
3031
2825
702
403
2494
933
2097
3932
1124
1796
2567
2797
2949
1513
2194
985
907
2070
1078
3873
3320
1904
1756
1222
973
798
2511
794
853
3760
1334
688
1809
3741
174
2802
1184
2276
196
1936
1482
2356
3404
2966
969
647
416
919
1429
745
1657
2725
1675
726
451
163
1817
3330
768
1106
1512
3666
1276
1319
1350
3239
3751
3933
239
2427
2996
3495
1912
2468
2478
958
2808
2325
1074
3672
3380
1988
3949
186
1701
454
2258
1156
2631
918
1464
2922
1441
3605
3886
36
524
1516
2300
2747
1153
909
3416
163
3172
1975
1473
1768
2599
1111
3739
1665
1980
1419
2119
3010
3483
1795
862
2381
1644
3265
843
1000
3378
1759
2082
1802
3573
1103
3041
1646
3626
1181
3521
3690
832
2961
3288
2842
1737
3697
1487
1077
3747
1540
2363
1282
1218
2961
3738
1027
1596
1989
844
942
3217
1107
2604
1117
3221
565
841
1020
3612
3697
1477
1375
3168
2551
1545
1878
3250
7
3171
825
1755
3952
1885
477
1741
1171
3771
3369
491
454
337
1570
1905
2068
3359
1441
1602
2
2378
3591
2316
2028
2519
2567
2394
3693
231
385
3574
830
874
3759
1048
1845
353
3672
2544
751
2164
3843
1996
3913
3756
2406
1894
3176
3695
2459
2606
3257
406
2995
2991
1778
972
1765
2464
1398
2149
1855
9
1336
3224
2173
848
919
3899
184
1471
200
1306
341
2644
3058
2163
3294
3941
2194
2257
2094
2637
2430
770
2886
2680
1286
2999
2973
230
727
920
3572
2272
666
3074
1415
85
3865
3135
1055
3438
1506
3167
3428
214
836
2648
2672
224
917
1656
2015
1268
2486
1410
610
602
1582
3341
3827
1986
1171
245
1507
2445
1992
2555
3567
1851
576
416
3217
466
2081
826
3667
2663
3267
1680
318
173
3831
3192
2704
2999
1701
810
3308
2187
941
2433
1932
1830
1487
3086
2737
1030
167
632
2075
1175
272
2420
852
158
3753
1052
3814
27
340
336
3117
3071
923
38
743
2442
1038
2798
2344
1855
1415
1511
3307
486
3631
3992
3650
3614
3385
1548
2894
2301
2411
429
3530
197
1694
27
1474
614
1147
2762
705
2314
581
1653
2343
2976
3701
1378
2266
744
3136
3508
3636
3352
3733
39
1434
2825
2787
3660
1644
3649
696
1825
3800
1053
1796
2827
3433
3355
155
50
606
3394
3481
538
1813
942
3743
3322
2117
1084
3996
3227
3051
1582
2888
2095
3132
795
778
1515
122
2038
1977
3522
1794
2233
2111
1087
2945
1039
3609
1118
71
1179
3259
3752
980
2120
3088
2442
1263
1261
2175
2257
1109
60
3562
3172
910
424
1872
669
219
2833
2130
2245
3852
3214
3443
683
1038
277
1176
3105
2465
1737
2990
180
1064
1281
779
677
2746
3537
1325
1513
3317
1111
991
985
1362
1509
1082
1751
2611
294
3912
1118
2649
2862
2948
3588
2290
1314
1373
2543
1072
2049
824
3857
3285
622
53
1345
106
3163
3786
279
3023
147
2444
3716
2797
1796
3309
1260
1095
2664
351
3201
3694
2479
2998
1149
1363
1962
939
763
1432
3446
1404
3635
384
1730
2705
368
1605
31
2106
3824
2152
3300
3701
215
1858
2427
2027
1264
2745
3116
3066
3106
2735
1091
2701
490
1621
800
2471
59
1692
3163
222
79
3820
434
100
2376
2381
433
706
3399
1539
1693
2813
1064
3415
541
2042
3128
2319
3909
3901
2037
480
1312
1869
96
3226
857
1876
3617
2914
2918
2819
1880
3645
1426
3826
667
2727
3462
1380
337
932
2995
1544
3593
2958
2974
3421
952
3181
2280
525
3021
228
3449
218
1939
1800
2665
3735
3042
3020
75
3373
3970
183
118
989
3934
2647
2001
709
65
239
1370
924
3887
3340
178
2903
578
1877
1193
3470
2976
3169
3234
441
2421
2658
739
3667
339
3295
3356
2977
2338
607
3089
108
1541
3233
3877
361
3979
2921
5
3418
1807
3541
1358
494
909
1837
2300
1379
1792
2585
752
1324
1405
2092
3676
1421
3494
62
3151
3651
3948
1912
3192
929
2276
328
1848
1077
1828
501
1577
2152
2395
2124
2404
1412
1354
1304
1396
2865
963
3025
629
3096
3228
587
3432
3561
3344
3727
598
3799
2418
678
414
2368
2959
2546
1629
715
543
3223
2457
522
3848
1558
1290
2399
3375
2619
102
219
2043
1548
487
1
2504
1186
2682
1578
3333
1940
1863
705
3051
1102
1752
2158
2746
737
3337
2096
2865
660
3562
3555
681
2744
1555
3970
976
3161
261
3270
3485
3248
2649
268
3924
3093
1031
3252
2904
1074
1173
709
3720
1939
3322
719
1176
410
2862
2569
1837
2222
16
728
2644
1587
3251
1969
3167
1398
2214
2613
3069
1183
1055
3547
3893
3016
1635
3084
2143
1581
3412
3944
1247
1241
3352
2150
159
896
3841
3000
40
1036
1087
877
3644
1198
3038
2479
2451
2710
1917
877
943
1886
3789
1044
638
1504
449
3382
2989
3656
3480
1932
1860
837
357
3575
865
2520
2135
1442
1620
1007
1066
100
660
3180
1385
386
3261
797
1917
3953
1671
2353
215
3929
1092
3616
1302
309
53
1385
2134
694
3721
1657
789
1127
2804
1223
2787
3756
1544
445
1829
932
1970
3376
2918
3533
435
976
251
3782
2297
2939
2673
3984
2490
1293
758
1293
3661
2834
1312
2347
1445
1275
574
3226
42
1775
1145
3960
341
2041
3398
2031
3464
2239
3179
532
1289
2002
3659
2992
3193
3521
2320
2171
500
3113
3060
2212
2599
1448
2764
813
3241
2415
818
3443
1592
692
1517
12
81
2695
3711
3849
876
1533
1227
1691
2065
1544
1665
2738
1851
3912
455
3552
775
3290
965
3355
280
2926
1101
1314
427
2487
1414
2071
1906
1020
1172
842
2192
1707
1221
2231
2800
2957
2298
70
3298
2069
1680
2160
1586
3057
3530
3777
2214
2755
2781
2233
373
3402
1559
1260
1439
3993
3405
1865
2700
937
1504
472
1797
810
3883
221
1865
981
3372
601
1293
1437
972
2575
244
2275
3181
3460
2822
1001
3887
2079
784
510
1726
3057
2552
56
3356
2958
2298
1184
3271
441
1316
455
3078
3806
2571
311
3029
1912
776
3908
2603
1395
275
3969
3812
1643
2458
3086
1392
2868
1822
3407
3735
2291
3242
3064
1671
1481
1488
2533
1691
368
3170
3814
1226
574
2698
2744
2570
3399
2599
3502
1279
2079
2596
1550
3203
1276
2294
2104
3987
1434
3059
2977
180
2552
3177
1502
1729
2655
3010
1852
1490
1667
1746
2924
330
3362
1498
59
2589
298
1533
3776
1180
1815
1691
975
447
2010
1519
1035
3406
2325
2018
3575
523
1858
3627
589
1919
1812
3204
1384
3584
3253
3529
2780
3515
1646
3567
70
836
709
1150
3005
3704
3232
2029
296
1131
2889
2873
2537
2130
490
3457
3895
1903
1495
1313
2889
1781
3658
2825
2510
759
3242
1434
3802
2897
2501
924
1883
3154
3676
1950
2026
1765
3486
76
3068
442
1548
1062
728
246
444
1635
2435
1972
1625
1633
119
1750
3240
1895
1426
1708
1349
2713
2379
3039
2028
2295
2911
891
2515
3283
2537
1783
3380
1036
721
2818
1641
3436
1467
300
1040
1883
800
1678
3310
2910
1882
1367
1488
3952
2008
756
3148
1307
241
506
2214
594
854
339
1198
46
1120
3876
2567
2723
2409
567
3139
2943
406
1897
10
1534
2770
1233
3193
3533
2774
1676
3654
2585
836
2529
578
467
1810
1590
2264
3747
964
3215
2930
2245
2195
1021
3130
2020
3145
3979
2974
2162
3662
768
589
129
28
1682
3998
1665
3119
3144
2319
182
921
3977
2763
181
2482
3078
197
988
3340
2593
1889
2731
3268
1145
1842
963
468
531
1022
3641
2598
3463
3197
3574
2723
2244
288
430
2314
2240
943
603
3964
1439
267
3926
531
1663
3026
2034
915
2943
1408
3445
3961
3466
2802
2707
2672
3108
2087
1288
1474
399
1087
1362
331
3610
261
1545
2858
839
809
2908
241
600
486
2698
795
1685
1314
1977
3709
316
2964
1270
2965
2117
159
2986
1343
3665
1917
2549
967
1583
1879
3369
408
74
1168
1254
2291
275
866
1933
667
902
1408
835
3949
3867
3738
1509
1422
3692
1471
2723
2300
734
861
1690
1350
974
1699
689
1144
3289
2696
655
590
903
2885
119
873
3861
3901
2050
1920
3199
637
1592
1934
166
2141
1578
1705
2723
1414
1198
3987
1608
3727
1240
3721
2511
2240
2578
1369
226
3671
1976
2128
550
1928
2770
2705
3844
1374
2479
3714
2805
1601
1210
737
650
112
1852
2772
3573
206
2478
3069
1112
1017
376
556
1960
2133
459
2958
3133
103
1816
3492
697
3037
2795
814
1394
1419
2247
3270
2494
1616
1567
842
2266
663
782
1329
3031
1913
660
2814
1089
3968
846
1778
269
2695
2033
1468
927
3229
3426
2923
1366
3432
1109
869
564
2661
832
3344
1837
78
27
2349
587
3765
3126
740
3900
2221
2711
2395
1113
359
814
2624
3379
762
1015
326
860
2108
1740
3532
2575
2765
2788
2392
3294
1811
2668
1443
598
2623
448
1038
3313
878
2247
2035
3959
1516
264
2262
818
1812
3756
1914
1037
1778
2930
208
2055
2121
3880
2506
1882
208
1357
589
131
2358
417
2501
717
1767
1765
754
2879
1223
2452
1729
670
3804
2269
1301
640
872
892
3172
47
2163
2452
1758
469
1415
3308
3816
234
885
3779
2151
3544
2805
2321
1656
1287
2698
59
508
1642
3972
3538
3793
388
3391
3721
2268
2040
2665
2642
1825
2957
1377
2452
3125
3226
3835
1802
1035
2771
384
2203
619
112
1298
2321
865
342
2252
216
2833
3461
1608
534
2440
1214
2459
2529
2061
2478
3387
2913
1143
3419
2688
228
1528
2025
3688
1079
1527
522
2485
2056
3836
736
2033
2389
3140
720
562
368
3444
3749
1912
594
105
926
754
696
2990
3414
417
639
1064
45
3861
2744
3180
1687
2291
2471
2992
1281
2872
2302
958
2652
1591
81
3556
1896
1662
1910
