368
386
599
586
280
67
128
427
300
770
254
589
408
136
210
724
609
572
568
617
334
451
222
402
403
127
223
484
731
472
416
399
689
760
261
184
267
527
465
708
660
503
665
527
501
690
324
573
575
368
418
680
727
781
645
696
734
151
704
400
284
493
58
5
73
450
207
330
408
769
452
678
672
459
4
487
679
92
540
48
525
683
368
334
403
16
696
424
519
640
218
437
589
531
69
487
427
711
455
5
529
477
620
566
675
65
403
505
548
776
79
434
65
754
631
255
215
590
586
200
481
637
195
85
483
238
84
441
460
745
738
396
267
455
29
599
114
318
410
296
351
507
367
358
332
264
587
446
117
365
367
507
386
210
365
501
528
579
155
224
352
652
340
37
507
68
396
558
288
614
781
730
204
761
243
656
549
626
320
657
323
176
412
262
27
325
333
248
266
404
335
255
762
181
785
370
660
790
364
413
738
60
640
785
575
615
44
725
766
531
266
58
628
90
165
76
323
247
504
740
67
614
548
122
751
296
205
728
234
738
498
522
652
484
71
530
717
519
784
87
492
272
797
766
764
113
93
497
140
367
256
699
561
606
717
534
787
8
444
91
49
748
561
600
753
387
565
384
488
191
627
413
706
396
428
96
687
696
280
25
715
623
602
130
552
446
574
341
409
153
465
798
285
185
669
620
230
477
544
641
678
721
456
40
310
524
397
294
290
339
522
233
275
283
122
605
602
140
587
669
694
608
226
39
771
587
427
424
735
309
154
183
570
2
643
190
25
499
722
242
39
70
488
355
441
472
180
655
636
714
73
690
158
641
513
56
565
519
334
274
720
16
88
455
152
791
281
354
258
102
689
713
436
437
646
718
337
617
475
190
483
158
364
662
676
479
291
534
681
242
635
302
300
369
47
276
788
210
61
216
323
649
604
591
220
35
119
395
622
339
677
108
642
266
358
495
189
255
669
580
498
686
485
798
743
797
113
772
610
313
99
196
689
255
392
135
787
278
47
320
197
602
292
190
397
52
494
128
60
740
129
648
548
513
0
168
759
183
659
281
631
79
416
779
415
524
297
407
333
753
259
208
74
257
206
599
152
606
341
14
439
403
612
612
531
301
289
207
590
772
745
632
133
55
744
208
674
469
627
161
286
600
582
223
400
268
213
285
567
14
625
539
160
431
474
381
276
600
411
504
256
295
230
709
130
311
269
24
270
446
314
170
315
335
396
689
332
64
335
306
702
295
310
781
715
445
503
311
217
388
515
261
675
165
704
580
385
754
709
773
278
554
754
789
342
314
266
363
146
705
558
123
418
684
663
264
749
256
207
246
312
407
748
188
105
737
426
56
118
235
548
93
335
797
431
40
581
126
339
16
533
210
263
92
501
227
296
750
570
701
245
125
132
595
458
768
422
736
567
326
278
8
701
483
109
413
644
37
347
349
412
677
714
184
686
280
525
239
413
421
550
408
799
721
209
254
370
150
240
357
285
658
275
364
484
92
355
75
39
689
588
348
600
140
357
502
151
181
93
308
460
656
292
372
31
470
371
411
535
545
537
373
782
544
611
91
718
299
166
493
394
528
364
543
347
171
185
241
150
213
313
469
6
595
521
533
235
656
350
557
718
133
789
468
799
500
152
696
142
308
554
39
195
486
432
202
378
678
635
428
94
509
662
440
545
595
552
224
469
674
711
346
298
390
314
133
453
497
488
617
793
27
66
605
324
630
74
66
137
351
287
588
709
784
582
640
624
371
726
25
530
209
736
261
480
489
154
236
306
188
710
465
258
36
547
177
290
453
592
41
570
188
472
788
189
660
255
49
136
599
