316
546
563
36
496
353
336
732
6
406
772
59
256
94
550
239
694
264
111
125
501
205
521
531
228
397
743
265
289
295
238
51
74
85
177
774
504
418
186
164
166
297
164
774
463
171
326
709
21
557
586
164
670
363
155
414
249
349
316
104
639
37
630
162
148
241
426
31
396
275
356
46
490
698
208
5
388
653
390
265
706
740
1
573
101
355
302
260
485
436
672
404
531
736
96
473
221
585
225
35
464
135
754
590
311
381
556
684
129
343
587
49
545
579
794
698
15
393
359
122
588
40
437
451
194
782
240
205
426
531
220
775
743
19
166
727
720
454
796
239
44
286
152
495
501
156
247
80
318
272
713
564
145
235
385
648
753
2
363
50
510
450
317
93
663
554
166
318
666
585
68
3
519
53
722
407
99
613
413
212
375
428
664
709
344
18
390
727
354
81
276
732
94
105
681
507
131
576
693
407
344
762
423
314
88
496
699
574
622
48
432
249
671
401
312
66
615
434
168
68
27
78
559
286
142
125
164
468
239
74
664
534
559
76
362
746
257
676
761
184
378
594
500
531
152
340
525
223
31
797
45
419
254
109
481
269
561
338
625
380
799
219
497
366
611
501
209
518
200
580
399
441
429
160
268
694
136
329
380
527
487
360
791
41
209
643
557
444
523
605
278
711
759
744
678
595
119
391
192
194
495
421
354
724
616
300
62
662
113
163
8
7
480
519
779
168
535
100
87
416
161
688
405
169
539
196
155
571
79
472
378
114
380
314
148
414
530
11
652
487
441
214
246
155
785
525
685
470
211
514
163
749
87
0
83
23
495
707
274
760
241
346
36
107
18
727
395
299
141
721
219
478
482
727
424
510
604
624
641
582
75
115
662
118
80
480
307
227
567
442
145
30
318
162
98
543
404
593
619
782
93
305
718
557
114
89
644
5
37
515
234
556
642
203
467
304
112
774
123
99
695
381
795
3
188
132
88
164
360
507
534
412
519
417
170
138
556
784
686
708
465
473
461
252
795
445
606
463
285
133
525
554
467
350
404
505
303
756
170
749
753
138
210
776
398
564
724
200
499
625
360
782
99
552
526
75
764
637
443
454
632
784
494
780
336
115
129
372
698
710
603
14
595
369
130
423
791
125
526
443
717
655
216
440
160
194
401
555
456
256
15
330
776
733
706
285
80
368
197
586
770
334
400
699
593
709
74
269
422
306
476
504
29
703
449
310
748
668
665
626
611
697
29
783
622
734
685
370
216
456
68
748
42
640
173
232
465
472
527
110
190
229
292
81
774
84
231
507
266
235
76
499
689
253
9
616
49
456
530
285
620
367
35
625
599
399
566
586
790
641
436
733
419
715
392
188
366
611
79
508
574
449
748
642
758
511
504
10
722
496
726
212
336
634
5
203
716
433
558
499
452
689
93
271
794
248
45
652
696
158
220
333
397
83
734
339
278
659
429
265
312
40
29
266
201
444
526
303
398
504
699
121
159
286
591
215
679
192
151
501
8
284
210
33
59
117
453
155
373
558
684
248
517
293
555
83
665
585
578
241
576
570
671
783
139
476
717
522
781
727
330
747
34
142
694
333
779
90
711
300
407
707
121
556
573
379
611
643
166
246
774
324
551
649
542
713
492
766
507
668
785
241
777
290
745
75
363
133
194
600
742
188
608
295
89
633
325
285
651
494
594
182
573
93
199
122
478
539
742
760
317
160
246
450
601
142
227
772
661
156
483
674
423
126
468
237
271
114
288
705
133
585
34
702
395
655
131
385
705
346
253
639
152
43
193
605
670
516
595
175
184
615
627
11
270
582
23
489
447
108
