126
145
71
24
146
182
116
100
20
175
115
156
191
9
5
61
44
75
173
80
147
182
113
46
154
136
109
136
93
115
116
180
194
194
101
11
167
4
134
168
83
65
159
11
70
89
181
107
29
196
169
43
38
140
61
107
68
182
82
119
167
120
25
4
84
172
108
95
93
107
136
24
132
133
82
59
97
20
99
183
61
56
105
151
83
61
3
183
26
41
16
160
33
89
37
44
32
3
25
22
22
134
23
160
13
142
176
160
86
92
138
196
113
162
96
42
134
132
143
140
145
178
147
105
190
2
52
55
193
98
152
28
104
107
182
140
175
17
84
101
128
71
30
166
157
167
164
118
171
15
94
65
77
135
143
52
82
87
91
146
36
126
117
7
46
69
138
57
105
89
44
55
75
176
180
74
44
11
151
56
174
1
19
63
1
188
7
6
9
52
13
7
157
74
140
57
188
32
118
2
