3069
4736
5719
8050
2009
646
7211
5169
7512
365
2274
3324
6588
5018
8296
8188
4533
6542
7362
4652
6774
905
8969
2179
4436
4483
7128
5029
1898
5926
7216
2447
3839
2715
6898
2869
5201
7464
2780
1225
2859
8715
4269
6498
8130
622
834
5607
2685
2103
835
3886
6123
3458
5400
6870
4766
2589
2980
469
7693
2568
4260
567
6631
1967
1329
6660
4603
4365
88
44
7293
8398
6715
1705
3843
5842
7425
4185
1709
6617
7416
3727
3059
2303
3179
1997
2672
3766
2534
2456
8932
778
3710
1408
3680
5549
6926
291
6163
5984
2092
2941
961
6370
1106
8981
5914
8632
2904
3567
6833
5049
5094
6369
8787
2357
4007
4781
271
6530
7194
7706
1757
4082
1810
2047
2007
6924
4661
4030
1820
8797
7962
5160
7867
8019
971
6874
3189
5438
6250
4956
875
3971
7072
3090
6134
4294
8809
5993
318
7852
651
1199
3250
3379
1012
8991
558
2822
1915
6256
1219
5912
4631
4978
1776
7068
5133
5388
174
8623
7549
8908
6657
331
4683
8188
3890
3784
2235
2469
217
1833
3653
5107
4208
2633
8449
2133
99
7768
940
5103
6884
3982
3416
3366
1427
8242
1977
1415
2546
5063
1836
5148
5046
5596
2562
2308
3625
4230
6866
2446
3549
4509
7029
7842
7907
8168
3371
6932
1889
8309
4259
1550
4330
393
7895
4816
5648
4848
5262
903
7412
3002
8067
8399
6726
7763
5266
4294
8200
1172
635
2671
924
4211
2127
4567
6654
84
4343
3248
7333
3602
1956
3800
6291
1231
3042
2373
4483
8715
8125
5063
6778
5196
4917
4186
1310
6739
7206
4774
7867
7199
5592
7173
3844
7936
7566
8368
1991
5985
2162
4854
1137
2651
4365
6930
3873
1643
2675
4584
6513
639
4093
5061
7934
5210
1000
480
8280
1889
6027
2872
4349
1401
2847
7731
4473
2152
2295
6639
5544
1716
5230
4721
1611
8899
5287
1297
6241
6961
8040
4846
6133
408
8344
5867
6717
7927
727
8357
523
8489
1301
8928
1412
328
4546
4429
45
7502
6365
7786
2550
2280
2552
2582
4471
647
8624
3863
7878
1949
4059
7482
5675
2817
1450
3542
7323
8102
6126
3574
2736
8326
7663
9
5330
1086
8679
6432
2510
8231
2364
8787
5604
4657
1589
432
4375
6835
3532
2865
8910
3675
5434
5753
5007
7318
5200
8611
6635
7429
4305
4038
1029
7581
6677
4489
5628
6225
7680
5079
6375
4630
7218
8071
1728
1691
1727
4603
1033
1283
3518
2171
3763
6400
2751
710
4158
8957
8886
4876
1835
3936
8868
8538
2509
5018
7916
5986
5421
4948
6395
799
29
8505
8472
2258
3436
1394
6620
20
976
3482
6003
3329
4354
5326
1328
4277
5715
6696
6511
6206
4853
2417
2795
5845
5588
6048
4288
5506
6083
7516
4899
4971
3562
5473
8589
5968
8461
2970
4430
374
721
1548
3646
479
391
2355
5599
6419
4307
6924
6743
6405
8646
1981
4106
8667
8047
1108
2692
883
5512
3683
3379
3511
1292
3237
3603
8925
8959
5792
2299
4302
22
3375
6140
2433
3958
4418
5706
8051
7616
1460
8211
6940
5849
7793
8637
737
7864
1018
8236
2650
1025
6103
5769
8688
7743
3271
6270
3757
2550
6855
4365
2607
2333
8941
5769
1970
1570
111
5980
2169
16
2685
5247
2873
4772
7224
3712
3506
6885
1725
8062
5339
4794
8746
952
5417
2901
1300
5163
1924
6237
5779
1122
6
2465
3882
4784
7768
8512
6190
3217
3242
734
6059
7142
1639
7769
3038
6631
1459
7234
722
1371
2610
5126
122
4147
103
5700
5440
5837
4933
5473
1456
7157
2693
4879
7108
309
781
996
4492
1556
3649
3751
8689
8981
569
5493
911
3590
6087
2098
6917
8961
4931
667
7458
1744
7885
8839
2654
4249
1262
862
3130
6985
4011
5882
5189
4597
1967
2490
4307
6795
2203
1118
1364
2447
437
5524
4223
5010
7595
4800
6881
6660
8450
1603
2438
7658
2135
3651
5867
5187
8041
5880
5605
628
3169
86
2225
4811
4640
7630
1521
2249
3659
6063
1800
2801
3677
5394
8722
1277
6506
1819
5019
6615
6107
555
6259
2509
2490
3954
2810
6822
6099
6194
7981
1217
7262
31
949
7924
2805
1003
4457
3570
846
166
8944
2534
4174
5826
3925
6324
1296
1268
4239
551
769
3135
6475
4957
4945
8010
6176
110
3937
4986
1831
6347
8611
6994
2413
6084
4842
6758
6767
5650
4007
1024
1145
7899
1949
1721
8795
4267
338
5337
1768
7464
7146
3282
3284
7854
1785
7646
3377
2608
8829
8162
254
6168
4182
5554
2045
94
6571
5435
6919
6365
3002
4223
7839
5299
3588
1707
7231
3991
7867
893
659
5524
7000
1345
5776
3684
1869
595
7088
8656
5092
6646
5654
4915
386
4643
5344
6367
7900
4438
1726
1279
5316
274
2229
8427
2584
5844
416
4738
2503
36
435
6002
8569
7176
5149
283
1514
6060
3811
457
3066
8140
7819
2424
1708
2818
2355
2338
1049
98
7934
2780
2680
4026
360
855
1525
783
255
5057
3611
2475
2894
5572
4743
4955
70
5143
2323
4621
563
6288
7387
5062
7017
4443
5911
4785
6778
3060
5509
4956
2285
5824
803
221
5011
1201
5726
434
5225
7993
1042
6253
2878
4942
5807
6806
2704
2108
2908
6298
3487
7304
8314
8930
1213
2976
6880
8734
4096
6384
6302
7928
4502
7759
1008
4766
1396
984
2073
839
427
8220
2889
134
6911
629
4829
2492
5301
1486
3674
5376
7745
14
3533
7138
945
8723
1929
8397
6698
3659
1966
3930
5693
165
3147
4025
437
4390
7761
2803
3031
7712
7507
3803
7678
4933
5957
7962
6339
5257
2432
3554
870
2109
7543
6290
923
2200
4105
7728
1067
1440
8779
7206
8982
3662
3849
6123
6274
7455
6841
5377
2243
2767
8845
4478
8079
937
187
6268
924
3865
2026
7748
8113
8018
2043
5360
4686
7363
6002
5861
8320
716
5311
7591
1845
2198
6501
3622
4336
8745
3799
6207
242
5927
4914
1718
8542
7781
867
7982
4806
8826
845
5683
351
8000
5206
1910
1222
4504
7872
8432
6109
4610
5791
8946
5199
2897
6980
7449
2299
4429
1965
1327
3216
2714
4638
7908
3670
478
3376
804
6652
4144
2748
6665
4420
6724
2533
8633
2063
6947
6255
8123
6758
543
2864
4171
6022
3332
2241
5421
6895
7465
7392
6118
3801
446
5014
1837
5148
5648
4008
8089
2114
5544
7772
7212
3467
5329
1354
7117
4389
7184
7188
5884
8934
3166
8980
5390
8032
169
5880
8976
2791
7761
2564
7416
3610
8686
5293
5254
6219
4686
3389
6386
4333
3580
6896
3856
553
4140
1458
5630
2445
8995
7347
8230
202
7700
4248
5958
5056
4781
2390
8613
4968
7256
2733
1888
8093
6949
4720
5019
4720
8613
797
595
6519
257
7349
2799
394
641
8881
5559
7018
6304
8766
8589
5701
325
7263
3456
7346
8636
2087
7472
389
3939
3223
1051
4864
4465
7106
7262
1559
6000
3194
7375
3574
8947
6918
8463
1353
2803
5003
1445
3103
3540
8388
310
1356
6580
2103
2152
8594
4891
4549
3341
3428
4717
5118
254
6462
7237
495
8069
2172
1580
3993
7180
2837
8575
6207
5707
6691
5902
6460
852
3002
3913
7934
4948
1323
4101
7891
2874
6941
7932
3454
1681
2678
2043
7622
7466
6691
5700
1372
1403
298
3636
5118
2532
8632
7751
1141
4576
6356
55
8879
4240
7414
4260
3378
4107
2558
7309
8230
6746
37
6309
6846
6191
1954
8520
6803
5878
7235
1500
5660
964
4973
7317
2437
452
723
5473
6003
4089
5031
1058
5562
8381
24
2801
4812
8839
7272
7968
5214
7403
2880
6256
336
1748
314
6025
192
8589
6547
4040
6916
6125
2731
7730
4978
8496
378
7231
5358
6370
8025
7650
96
2606
5210
2349
3070
317
2565
865
6885
7666
3681
2778
392
122
3795
3625
7291
5274
6069
6860
4959
5608
6942
7888
7977
459
5402
2815
577
4879
2062
4324
212
7120
3474
6306
4879
1176
6299
365
8505
7731
748
8512
2371
7127
3712
5789
2222
2546
3087
2604
5993
3604
2147
339
7118
5291
3253
2691
8544
8164
7729
5963
283
6735
1579
8005
4168
8596
7676
2855
7340
6722
2829
2196
1708
1191
8902
2041
6830
225
2500
4292
983
7394
933
5574
5789
5778
7713
5377
896
2774
311
8268
650
3967
7000
5131
3383
4070
3181
1995
3315
4339
6152
3228
2487
652
1113
1888
5392
5714
7816
7240
4348
1408
8505
2589
3177
8629
1057
1683
7212
392
3387
5418
1291
4611
2504
2182
6960
1185
5577
8103
3002
6865
58
171
2297
4308
6812
6510
7062
3883
4055
7044
8973
1913
8747
7829
1312
1087
6185
8951
1505
839
3171
1930
7443
8329
1316
8380
4437
1745
3205
1220
2061
6809
3325
4812
1517
2154
4796
4536
2997
5806
5125
7988
5237
5481
8326
1266
4604
590
1781
1863
5602
126
8089
3879
7982
3707
4489
2959
4101
7386
5637
553
7560
6071
7855
3605
1600
1786
8437
1986
8745
4312
8391
148
8
6453
647
863
5506
1548
4497
4545
3883
2249
6385
3782
680
4333
2860
5501
7545
1993
8388
360
2206
5870
2283
6057
8725
2705
3859
3783
5014
7332
3655
3696
659
2927
5842
5896
7135
1398
1578
5648
265
7220
5448
5194
4005
8349
4023
353
1423
7609
1639
4733
869
2076
4061
6379
3153
6922
1345
308
2879
6112
4227
4604
4337
2941
5202
3938
7669
2144
7619
8256
7775
6539
5154
4968
1960
1653
6488
494
227
6854
1250
4021
6136
2883
6305
8217
2895
769
8307
3996
498
574
6918
7308
6263
7523
4060
7641
6353
1686
6712
3892
4082
2019
7403
1467
415
1594
5730
7330
8840
8725
5192
6187
1626
7432
8276
222
8899
6363
6967
6795
2314
3491
3252
4716
3744
3452
1812
72
4103
4587
1261
5642
669
3471
4150
2792
2708
7720
5665
7735
1722
2600
4038
8228
8992
1999
1920
7934
1682
2618
775
3559
8122
3867
7481
3768
7048
3323
8333
8316
7178
5684
702
2725
5964
6324
2152
6427
4621
955
5898
7331
1326
2693
8992
5060
1079
5011
235
5453
5287
5924
6239
4049
7983
714
290
6453
7348
1079
2484
7808
56
1077
4135
6481
3652
3692
8740
6431
3396
8135
6567
7305
1087
296
1089
8870
545
2586
5264
5598
2583
7661
7621
1832
8398
8747
5769
7725
6040
6593
7413
457
6604
7962
6508
7754
4400
6973
4015
6464
1238
7967
3270
5813
353
5931
4350
7998
5523
646
2043
6679
2052
5727
7915
6421
7697
1587
4676
5013
8558
2623
5243
2386
7681
3846
826
260
1069
1891
4829
1595
8567
6112
6450
634
4073
5140
4930
5113
8089
5156
7592
2339
405
4624
7229
3727
6389
6358
14
2905
8628
4108
1379
7464
5821
3254
740
2723
3686
6232
2962
2996
8395
5686
5343
8998
6290
5223
2691
8675
3895
1399
260
3126
2436
6835
6505
4640
3254
4496
2547
8254
6878
5940
7616
4455
2442
2982
4630
2459
3848
3226
5665
8126
8350
7660
6689
2364
4049
5670
6706
1511
5137
8557
1001
3620
3413
8765
5344
7084
7872
5124
5583
7758
311
3444
4928
5953
3557
2914
716
1488
7238
6252
7582
2158
7228
1968
7924
4488
7825
5559
4902
7754
2330
8384
2717
5745
2252
8625
2417
4400
6591
7768
7798
4783
3499
8799
2924
3357
6842
5502
2602
4222
332
1306
6799
7071
2601
2796
1212
166
2407
1869
7865
1351
1960
541
6523
345
6326
4579
5318
3536
6350
1038
1517
6891
2503
3049
6475
7205
253
5565
6205
3905
55
689
6798
7398
5601
1013
6718
7242
8078
7820
600
2939
6045
2968
3487
8128
7767
2191
7540
5927
4947
4714
3198
3263
1934
8999
3295
4557
6066
5348
5167
109
4786
8852
8016
5158
8887
1007
8069
6424
3306
6545
2351
6641
8287
1020
2429
6338
5938
5777
7199
297
4208
98
2271
8240
1565
1227
8509
5450
1461
3487
2310
7038
8209
6823
7008
8108
3073
1653
709
2068
2792
5255
4713
4174
4664
5247
2113
36
1403
7950
6090
4979
8371
6993
8819
6337
4671
5812
5777
5328
474
3938
1749
3944
3457
735
579
1051
7217
2941
1738
2178
203
4618
6171
3525
4725
5515
3687
8216
6934
4881
6042
8857
1846
778
1078
3093
8328
2219
2038
6906
3493
5689
4976
8703
1373
519
4917
4520
612
1721
6400
2318
1144
3518
8568
6755
4923
2541
2460
4483
7793
4463
426
5238
1654
8410
4621
7042
6389
6981
529
2477
3825
8743
8795
4040
3090
6579
7169
5350
2031
3582
5059
2036
2882
2672
3061
2500
2340
880
8795
7097
5749
3018
6360
1647
5600
44
2514
5266
6705
2415
1653
2420
2108
5113
2458
8613
1539
1815
8268
5330
4220
7975
5600
5608
1293
3387
6950
4410
7525
8394
8120
8151
2848
6264
7373
8191
1886
1406
2059
8267
2792
5821
4703
8268
7896
8843
1586
1275
2925
1920
7714
1560
6624
6282
889
6591
3342
5716
7935
1596
4545
1933
6167
7655
3797
3989
4536
1850
6813
5482
794
2120
3687
2265
7803
3384
6227
4353
6653
1854
7779
3544
1790
3363
2871
1833
8372
8043
2720
4917
6363
7940
670
78
8028
5350
3097
4867
4507
1694
4040
5445
6901
1700
6594
8849
8164
8381
823
502
2489
5091
7737
278
4205
1023
4556
6353
1796
7505
6007
556
1958
1182
6863
8409
5683
6889
3503
5944
8579
3012
877
2659
8111
1149
7076
960
31
5910
1089
6159
1985
5988
7028
5027
755
3369
2317
7526
293
701
304
7092
4966
7472
6791
1938
8401
442
7579
7
5355
683
8359
1968
2956
3694
6577
714
1008
8544
6357
3488
593
1151
903
5197
2651
1773
789
1923
2484
2404
7903
2442
6589
6323
2228
5596
609
3814
2474
3925
3065
4853
2833
8015
1697
3771
7709
3572
3539
2918
5903
4741
7318
5814
7375
1047
4746
870
6207
4357
1691
3448
7783
7752
8256
1165
7792
660
1935
3090
1951
8932
6214
7150
8281
902
1712
6152
7405
3600
1883
3077
5867
5122
2378
2399
2431
6493
8012
2177
8489
4001
6072
486
1332
4556
122
5586
4033
2286
719
952
2239
2714
3825
3811
4473
2351
5095
7960
5373
8861
4076
7080
476
7506
3667
7996
1723
7612
4100
425
1709
4929
3261
8483
4706
6954
4232
6701
2369
2686
3453
6854
965
5010
5764
4791
8831
495
2241
5513
7752
7732
3444
2996
3528
1474
579
8251
6032
63
6679
7963
3824
1265
8288
4593
8062
8244
2846
395
5909
2823
4285
5542
2950
7201
4900
5039
4229
649
1346
7990
4794
531
7093
3085
5634
3070
4584
5950
8497
6978
5144
1354
6807
4975
8892
6734
7020
0
255
1567
1129
7174
2692
862
693
8010
60
5807
2376
6706
1662
7115
1447
2197
8612
5086
6557
7594
3685
5883
4331
6361
5349
8803
3300
7197
3630
7292
7351
5865
6824
7662
537
584
4732
5617
3646
5057
5161
3418
3452
4631
5785
6596
8724
5974
4508
8163
5078
6289
2399
4292
889
6769
6464
129
340
8120
7808
233
251
4108
1925
203
7681
6774
2067
282
7774
2066
1087
6372
3949
3105
576
4405
6973
4979
386
6769
5706
4472
7976
3543
6927
8685
4509
5457
2130
2100
8727
471
1893
955
3873
203
6660
7199
5500
335
136
2626
793
4019
6663
3751
8349
3058
173
2294
7922
5828
4635
4035
4718
7551
3682
3529
6665
3622
1588
6428
3104
2572
8504
3260
8633
633
4224
2413
2283
819
3280
5844
5812
7504
8477
436
7702
8720
3488
4309
8279
6415
6838
3798
547
4312
8965
7122
2896
6477
2349
350
4982
3194
8320
6962
4817
2010
16
6862
7116
4122
6435
7076
1332
6297
7765
7691
8254
1673
603
2580
1622
7463
7583
4997
5549
3845
7677
19
3414
1321
6137
1444
7181
8919
4882
3458
1452
4970
5167
356
8332
4415
3733
3734
3620
6522
6522
8097
5081
8378
3201
7230
1363
3383
7194
8155
711
3940
8669
6064
6454
8231
4651
4595
49
878
2441
3359
3935
8028
1226
3019
8293
3936
6064
6167
2025
1790
2471
770
6067
3007
3990
6398
8617
8292
5075
6093
629
720
4041
5293
6485
6107
8816
4863
3046
4946
8010
1397
2214
6276
1950
7409
1869
1816
2730
1730
1487
2034
793
5889
889
2692
111
3
229
8393
5789
4839
6364
4845
8198
7279
7374
80
4733
2587
2761
8617
1336
8480
6156
7951
3557
2856
5175
995
1015
6523
5697
8073
3637
908
6621
7069
2199
8246
8170
5555
3350
8397
366
5647
5151
2769
4510
6882
2564
7692
5925
4614
1464
541
3686
4305
6076
8397
8095
5149
6554
8911
4940
7112
2309
5501
8925
7127
19
909
7102
3861
7209
2290
4153
4954
3657
6951
8417
1575
8962
5038
7325
7189
4348
2295
1568
7645
6279
1516
905
346
6983
3873
3580
3986
3918
3977
2612
6164
3214
2571
251
6892
6217
8964
695
2034
5879
4829
2915
1936
8779
6861
1791
8274
6987
8922
4309
6663
3466
1065
7250
6662
675
1733
5116
6620
7732
6892
2438
481
6333
2132
6621
1387
4475
85
7966
7987
5014
8872
3535
2515
4779
1149
8478
3200
6894
6123
3194
5301
2249
3111
4348
6525
1753
8608
4057
8066
7523
7825
8223
4995
5691
693
8297
8287
2556
5633
3441
2257
2849
771
6538
8748
2062
2441
3695
4981
4988
5444
2954
600
3311
1612
4669
1779
6014
5044
6839
7455
7167
8957
3195
8932
8252
6137
243
6860
4022
5782
277
1184
3340
1363
71
2270
712
6526
4212
6916
222
5931
4571
3326
2802
6010
6832
2012
901
7031
7673
1591
2395
8509
3015
2402
2365
5652
5495
5093
7566
5798
1460
5140
8660
826
4635
5766
396
4136
875
6833
1930
8100
7190
6587
8308
8661
6865
2364
3090
8197
8796
8047
8101
8274
5134
5039
5217
1971
144
8582
2736
3855
8212
1593
7668
5934
8394
5951
488
5483
5638
288
6915
3473
3754
7794
7859
1075
452
6951
6706
1208
4643
8603
4144
3139
3667
3529
668
5304
1715
8092
2096
7915
63
3459
208
6339
87
3094
6302
2035
2907
989
8006
560
513
872
2633
3494
7941
8953
456
1590
3556
1486
1895
4458
6252
6610
3043
3762
5387
3795
7105
8006
4667
8382
8533
7091
7439
8670
1228
1595
6357
7956
1254
2573
3776
6449
3291
6187
880
7838
6033
3034
4392
3068
8103
4645
3637
496
1778
8050
2614
7942
6713
7094
43
6006
8086
2964
2870
6500
5956
8568
3648
2537
7648
7810
1434
6647
5293
5078
3258
8138
2264
3961
4862
7490
7845
5270
1088
8533
3955
2661
3765
3218
739
1517
8203
5711
8472
5761
4759
2836
1435
4470
8737
3344
2415
6269
8069
8921
2499
1491
5846
5066
1825
5797
1296
7964
2035
2793
7834
6279
7997
7344
6047
1818
4618
7848
1624
7510
3486
7614
5791
1816
869
1737
1554
8102
2839
1561
6890
4425
3041
6773
728
8328
2577
7340
7419
4597
4734
4444
6784
3817
5361
3759
5678
3562
7980
3851
5332
5053
3037
6272
6834
527
3958
372
2809
5597
7541
6282
3448
5675
8307
7850
7876
7785
1996
7889
5283
2434
7658
665
2461
4670
7629
1012
343
6032
2483
5858
6549
5929
4016
1834
731
6827
4370
6244
8097
4770
1636
765
8449
7324
3197
2244
4838
1658
1116
2225
6771
1830
1891
2141
8444
2244
6837
4493
5205
5845
12
6768
8590
7295
4411
8368
4463
6376
3861
3573
7374
3145
4473
797
6362
3992
11
1976
7842
2573
6447
1839
8104
2342
5988
7964
8747
4278
891
8173
3597
1152
483
186
4027
4145
8779
974
2554
8547
2867
4955
1908
6286
2711
7206
6654
2682
4680
6337
8885
7167
8689
5119
7261
5301
7803
3434
6918
6944
1485
6152
6571
5371
300
4404
3704
1645
8659
545
8735
6064
3559
3154
4423
7766
2754
5636
7754
5438
1154
7597
178
2821
1253
6493
167
4496
3235
6018
8319
8605
4903
2787
4770
7090
4427
6818
2473
3429
6776
2396
4987
8234
4207
4149
8132
6395
7695
5428
5002
5106
3715
8470
173
7297
6815
3766
5386
947
5351
3282
2788
2867
2508
6056
3224
7922
3404
6672
2379
798
6109
6059
2002
8022
165
7473
3013
6730
2961
3225
8729
7975
6752
3169
7058
8929
4444
6821
4577
8432
4308
7804
7519
8637
185
2054
1398
5454
2147
6809
6448
7773
5694
1707
839
4191
3711
1098
4928
7616
6253
1559
3109
4963
2982
5681
5717
3239
1335
4814
2521
7414
5655
3012
3926
7479
4920
5878
5883
3867
5763
3698
3750
3317
4184
1623
1375
8106
3799
6852
4920
3631
1758
2995
351
8306
8191
868
6978
521
8308
382
7142
8815
5658
6528
6188
2685
3416
486
2625
4053
2618
4295
4464
3609
8542
2899
5110
5546
7650
2202
1761
3709
600
8416
6566
6615
3552
492
3214
3850
8504
6039
7860
7975
18
602
2605
6819
7354
5409
6796
2879
5523
6756
4290
727
2853
3643
4415
7476
7460
4809
2335
708
3048
6762
6724
1863
3565
6718
6523
405
7710
5952
8942
2395
5843
1775
4814
1149
4404
6427
8682
2125
713
1116
8392
3833
6968
1764
4791
1291
7217
6445
4671
1570
3289
149
525
2317
810
2190
1679
528
75
3778
312
8183
3713
7683
8985
7255
5010
297
1965
4860
1545
2636
6382
8725
7395
5449
7617
8500
6405
2978
5995
7905
5040
4014
2319
3166
866
6928
4413
8021
8562
5706
6104
6886
2600
8970
5596
5597
7079
6301
2801
2432
7847
1352
8969
2646
3955
2390
4746
7938
5180
6596
2441
8983
5072
2176
8788
390
3915
6159
3241
5362
6920
2213
5568
3253
2100
112
8641
2779
6167
693
1460
5548
3823
1996
6516
695
4915
7944
7166
5642
306
8518
1052
1911
7685
815
584
4504
799
5320
8743
7282
5320
4135
7957
5447
240
3992
1606
5589
2982
5365
2168
6141
4021
3420
7803
1046
784
1626
3985
8920
5210
7597
7048
932
3396
8240
2265
3888
2604
8935
3844
6425
5342
8098
3466
5009
7122
5391
5582
1344
7666
6760
2937
1854
5501
7499
3866
5086
5693
3416
5246
950
3098
4741
1673
2444
5569
4509
3041
3
6324
5960
8970
1675
7983
3044
4628
8974
5132
5169
6438
638
6980
2017
4301
3204
771
7782
1461
851
2790
5582
8714
1179
5180
5538
4891
3178
6798
2036
4132
5948
5717
7119
5327
3795
62
864
6639
1331
772
5065
7304
2756
7706
8247
1430
642
1219
8153
2776
5569
1168
8313
3376
2881
2261
6167
3203
5881
3817
209
8471
432
2817
5055
2158
5151
2656
1186
1614
5875
2388
4661
7890
1262
7983
3139
944
6421
8552
576
6063
12
3151
8276
6493
8693
258
2866
2531
2447
7278
6638
7822
6043
581
6605
251
1386
3168
4111
8654
1627
593
4671
574
8064
5688
3419
3625
2360
3608
8870
167
2424
4765
5227
4493
8442
2549
1621
769
4903
2520
4321
2789
5912
5733
6405
8898
2592
7130
7906
6962
8478
3759
3332
7682
7015
6240
6874
2810
4232
4405
8441
2731
6216
2928
3363
3116
940
27
3237
7040
5133
1107
238
5407
5332
2661
8266
4096
8029
1163
5951
6536
8457
1026
4952
1073
8573
2836
5516
3242
4528
1813
2571
1783
5874
5108
3199
461
3600
8032
5053
8676
997
5756
8751
2105
2186
6888
1130
1087
4221
4974
3586
4962
7575
4206
3014
1079
8064
3774
8438
7403
8013
7866
5377
6111
5217
3868
4603
2581
8602
6168
5555
2913
5714
1438
6858
5655
1207
6468
1303
5669
3884
1151
8264
2380
3181
7143
2987
6945
7938
7325
7147
3786
195
1809
2382
1127
7466
2612
2467
4327
3661
1766
2873
2244
282
7597
8474
7660
6398
948
1646
3613
7654
2179
2012
6852
2415
5969
91
721
2392
2498
7783
7883
6989
5214
1992
6652
4071
3025
5716
6392
3390
6288
7292
6543
2576
878
3627
4701
6467
6091
267
4075
1351
6358
2626
7347
704
5111
1530
6613
5879
1028
7927
5041
3655
8749
4753
5240
8349
1878
7657
1308
6032
4609
6887
6560
5896
4853
8746
3885
892
5287
218
955
3619
1483
751
688
8716
551
7404
1424
7969
2588
5877
3769
5462
8450
1590
1545
4232
7791
4022
2526
2088
7188
8056
8714
1902
4740
7794
1466
6283
6466
3478
4649
5655
7782
8982
5157
6000
699
2716
4862
2284
760
48
1998
7086
4809
7346
4106
6004
6457
2055
3275
1481
2998
4809
4961
6934
2
7151
4397
8628
1249
2404
7105
2053
4484
8043
6823
1840
7080
3896
7187
1602
6419
6545
2925
2090
7070
2595
1583
325
888
3177
1791
5152
1164
7087
489
8077
5272
4638
613
652
4192
1464
2456
3226
3656
4450
1610
39
6675
4170
3123
2097
6498
7037
994
8382
6708
1811
5956
5591
6478
4215
1861
4193
4064
8430
5551
2605
1764
3449
8236
2638
7483
1494
3937
234
8198
3248
2353
5274
1358
4694
4466
8396
2656
5865
4737
4344
8513
703
2277
4063
7265
285
8266
3871
2447
7890
6237
4291
4841
70
5735
1079
7278
7369
7344
8057
6459
1176
4497
76
3486
2242
5437
7766
4914
5265
3293
5913
3327
7555
8799
6143
1477
7816
4418
3734
6821
5190
5801
5459
2100
1745
7737
1027
4781
7718
2649
4652
2946
6614
3069
4682
2391
5992
4007
2485
7771
1951
7379
3016
1579
5595
4484
132
333
3459
600
1547
5038
6720
5750
2233
8696
4148
7487
8973
76
6105
2560
7725
960
1607
1650
2159
7669
5589
8804
7732
7063
6113
6398
1998
7402
450
2898
259
6549
4386
6705
6234
6454
4234
4008
2017
1122
749
2485
249
6239
974
7017
1777
1728
7958
1676
5160
3028
8541
2992
5503
363
7114
3
7338
2182
2853
6700
5054
4330
3050
3569
1078
4856
1984
1683
1520
509
6367
4303
2788
6961
641
2097
213
5758
1167
1735
1192
223
5588
8079
3809
4282
1310
8278
5077
7428
616
4238
4250
7415
4693
6619
635
4690
7560
4659
2064
2101
183
1880
1290
7512
5045
3907
6939
3695
6790
1030
6164
7260
6469
405
1600
8745
466
4946
2534
6696
7207
2917
6132
2673
849
5844
2310
5215
2852
1500
7094
775
8943
7996
7494
4334
4031
6131
1353
5390
7064
8062
2263
5085
493
4855
3911
3219
6984
740
8311
7717
2710
5659
126
987
6938
6000
1995
1906
7385
6067
1911
7262
565
5745
117
856
3259
3805
681
2888
5584
1066
1590
6384
5488
5247
5738
8732
2559
4792
4004
8593
5920
6686
2838
1153
386
4026
3909
2440
8475
5499
2949
5831
1581
4657
706
2827
477
4373
6473
1808
5490
3263
8940
7975
8218
6011
1789
793
8464
1186
4978
5183
3882
256
7558
7608
8615
8999
2913
8030
8638
8912
5109
1669
5385
2129
3273
6913
6888
8047
2515
5699
3834
273
2878
5719
4295
4774
4124
4869
8921
2589
6940
506
3560
1855
7700
867
4892
6699
7074
6174
1237
2518
4996
6021
1631
7372
2272
7479
6178
6152
3125
5252
2141
4635
4424
6804
7370
2940
2043
4405
4861
5749
3607
8216
6598
8750
987
7855
646
4305
7301
4469
7790
697
3188
7785
770
6143
1920
4569
5221
2234
3050
4671
8278
4850
6269
6058
6952
242
3438
7636
3816
8200
8207
7795
4567
7402
6694
4239
2295
7526
8933
8055
1691
3493
907
4648
1335
4406
8472
1474
6566
8291
6853
5257
7410
4874
7610
7293
5613
1866
1985
5830
2047
1992
495
5001
2657
3893
6467
8247
4653
7981
5639
8488
1065
3471
5356
4243
2128
7476
5954
7216
8544
8686
1212
8141
7891
8486
5322
2857
61
1618
4096
8792
6548
7993
2020
5380
2438
8044
365
7012
1844
1484
438
7308
923
6994
4570
1208
2155
3990
8538
4790
7097
8255
338
3351
671
4651
1825
6146
2419
6245
4471
4086
4301
2513
8601
921
3538
2420
2895
7169
7270
7572
6623
7606
4558
1105
3891
7931
4700
4464
4813
7439
339
6274
3610
2916
3689
5213
8460
4747
1669
855
2890
5170
8454
2018
1298
3188
6227
7960
3391
8507
1625
4540
8990
4308
6487
5242
5993
4519
1197
8973
3030
3401
6491
8556
4098
5240
1246
5231
959
7306
2365
1556
8237
5258
930
8408
8357
8585
5363
44
2440
4461
592
1766
2894
8616
2624
1841
1730
8120
5316
2426
3722
3502
1437
7759
4581
6685
2793
3598
4909
8369
8264
4720
6484
3138
7028
1217
1579
7460
8559
3756
7886
5195
3480
4247
8451
8176
5477
7888
5641
3235
4364
3899
7125
8459
4108
777
8759
2674
918
2406
427
902
7001
3879
4316
4605
3971
2118
3035
520
8651
412
4181
2810
659
1674
562
5342
8756
5796
2737
3547
73
619
5138
157
2093
2389
5668
5280
5345
426
7116
8947
2918
8598
175
4271
3800
6374
1838
4019
4195
8529
1489
966
4879
61
5191
7575
8343
1442
8272
692
3248
71
3869
1382
7069
1751
3928
3757
2071
3455
8885
3325
8569
6568
4490
4389
3049
4059
1323
6671
7107
8334
8365
8873
1087
6969
4005
3831
4451
5581
2761
1659
8732
4338
3699
7603
213
5171
8903
3500
3866
1769
4514
0
6047
8144
5321
5586
8817
562
1228
7458
8326
1550
3727
7577
6424
2645
7384
3186
5084
2689
8584
6603
6817
7810
944
440
7988
8462
6285
3698
1033
443
8205
2296
6211
3940
7537
7618
2556
4591
4925
8862
4201
8967
2338
1842
21
3987
8325
4404
1678
8330
1081
2761
1452
4993
1559
4176
3301
1594
5054
5258
2997
1434
4357
8801
8379
6968
4172
1090
5159
8557
2427
1528
2616
5796
4698
6215
2138
3776
2528
8681
7996
5428
8336
6776
7183
6339
7741
6377
3739
1397
7990
2937
1332
410
3716
4879
7105
1486
6504
7302
5621
2121
5961
3877
6190
7114
1803
4980
1939
6447
4268
2501
2907
8252
3641
309
1016
7549
3861
7838
8971
4314
3433
4578
1913
8918
830
3446
1594
8699
5767
5840
4250
2463
4148
4207
2209
1627
898
5654
3901
5821
3510
5908
2583
3172
2520
8283
707
6571
6356
1234
7601
6925
6891
1721
4976
4491
1112
6369
2442
1972
479
7710
8931
3362
6336
8043
5875
4285
8689
2832
8083
6974
6153
6721
1652
3378
617
2654
4802
7969
6541
6571
3208
3162
24
3859
302
1381
542
2950
3413
1908
4106
2964
7730
303
6072
6500
2817
6970
77
6990
6865
1709
7058
7802
6181
5769
200
707
4587
3522
2789
5675
2901
7469
3108
6059
2422
1583
4819
8671
2438
2935
2398
5165
2062
8497
1368
3840
6327
2520
4234
4821
1844
8287
4372
5793
728
1989
8825
8981
1770
4771
2927
2863
5461
3306
3059
8054
1956
4014
2211
738
1410
5641
4357
1597
2408
7117
7174
3098
2736
1586
8900
1985
654
3344
2228
5099
2455
5458
6968
3432
5961
1511
56
1043
8642
710
3825
2175
380
5693
8668
7177
7549
2910
525
7713
4125
5615
6043
4310
6233
4228
7975
6932
605
4363
742
1973
4319
2836
5873
3521
4014
3459
2772
8171
1776
4380
619
8515
8571
6545
2047
6969
4043
3515
5904
1380
1010
8731
77
6351
758
8835
2328
3964
4125
398
1381
5961
27
7784
2904
420
8148
459
5973
3627
309
3992
291
3228
8076
5670
7490
2262
5896
2098
2252
555
8035
1404
3704
4426
8803
8585
5713
245
368
3690
1229
764
7657
8448
3281
2964
8175
2155
8674
3223
6315
6870
6846
1529
2163
3896
4145
7500
2471
1433
4196
2217
90
6022
6967
2284
180
7244
743
8050
6164
2494
491
8618
4563
5066
5504
3373
7276
8910
5741
1019
3031
4994
1729
6299
2061
1490
8975
3639
1653
7011
5643
4378
2325
7111
2479
3151
7636
3439
7967
6735
1652
8844
2075
8326
6022
2177
218
7251
5814
8193
4938
8715
5069
5016
6262
4456
2396
1633
3097
4627
4110
8796
799
2651
119
5521
1411
4272
3017
5918
5459
6177
6797
1176
8008
4470
630
8897
3169
8227
6761
7559
8902
3610
7104
4261
8626
3636
6702
3752
2378
5323
7710
5720
5115
4775
3836
4657
6208
3515
3045
8293
5472
3635
4410
4791
7398
5317
838
8623
8442
8353
6753
989
2821
86
4142
5380
8450
4386
8767
5268
1271
5685
3448
1452
8427
8043
5217
2850
4098
1116
1300
6928
131
6090
2455
2029
7282
6854
8492
4029
5954
5904
6107
1991
2346
1593
8193
5049
6416
2110
5529
2201
6908
4275
6825
3738
7451
3698
656
2473
2043
1847
2748
36
2758
6353
48
5182
496
935
202
5561
1811
8292
226
0
1858
4688
3646
8616
306
3389
4458
5595
7836
5563
2901
7728
2223
880
1960
850
7834
6488
1471
7139
8031
300
6442
3061
5547
8074
4557
8397
6586
2321
2154
5789
2552
3759
161
3437
7586
4290
3190
5989
1259
3431
1464
1921
3602
6586
8090
5848
4441
4794
7482
5691
7520
4472
759
415
2216
2532
1152
1839
3156
6204
7336
5874
7049
5443
5213
6868
198
2113
8111
2931
2566
8124
8510
6801
8962
5075
396
440
1812
643
1385
5591
4527
8904
2958
1944
5338
3938
7289
4242
7395
1625
8055
98
8064
2438
1503
946
888
1423
8267
2667
4825
2814
5130
1636
5346
8168
3129
7126
1992
4261
3760
5379
7023
3385
8240
2867
7838
3486
5026
1187
2557
3675
5139
5938
250
1477
4955
1017
7038
1104
6741
6215
2103
5545
5785
7310
3814
7044
7029
4973
377
5286
8346
1627
5051
3014
5163
2981
8479
557
6128
8196
6740
3966
1048
8854
7802
6467
4765
8415
5627
4278
3121
3740
5108
7857
8023
6491
146
6059
1077
2634
1946
1312
4005
6539
8297
4763
3322
785
5218
3626
255
1227
7694
5023
1875
5361
2885
1254
1505
191
2562
3975
1684
605
469
1322
8360
6608
6955
938
6547
5273
2168
7808
2883
1216
2996
6341
1785
6877
6034
1819
5042
2930
8469
1961
7615
3280
8174
1905
5626
4613
2337
2767
825
4719
2406
928
2255
6328
5283
4572
8013
1413
2454
8634
1192
7773
5015
535
2572
5635
8548
6643
6839
5463
2351
928
5520
8279
5514
1151
5910
8301
987
5505
2396
6398
7266
2319
2066
3735
7319
1846
2039
4107
1416
2274
7602
5013
7392
3270
1416
3415
4524
7718
160
8829
935
8649
2019
7833
101
7230
1015
6828
7196
5793
7586
6853
2342
474
3627
8065
6299
5011
540
5615
3732
1916
6347
8478
3922
6309
8216
3870
269
7687
8322
7472
5240
1023
1602
779
6722
296
8385
7676
7351
1684
8869
6921
4605
6303
4166
1546
6283
4200
3599
8108
5859
7892
6497
7284
8857
2856
7185
1460
1051
8179
4793
7701
4568
8423
8395
8929
6765
2818
6554
8299
7986
2461
6099
5766
7076
6080
4313
3278
1603
4191
7
5999
7315
134
3173
3929
8121
3988
1742
1109
8763
8247
5792
5006
2034
4804
8578
7742
2507
1377
388
4364
3112
6929
2256
3751
2238
5634
3206
626
1240
799
5021
364
2504
7821
6918
1954
8277
3021
8634
1516
6881
4685
6948
2273
1665
6162
361
6359
352
3087
3852
2747
3573
2451
7446
2601
3072
4137
7875
3817
8684
3265
8847
2566
7102
2103
3023
3380
6443
5373
756
8317
1040
3226
681
1121
6307
1398
5358
1168
3999
4305
5950
3292
6661
1663
6163
4952
5613
754
8714
2479
3860
1044
1520
2218
2535
2062
2819
66
7638
5834
2461
3494
4556
6218
8643
5545
6195
1988
7333
900
6972
2378
8238
7572
7100
3586
4786
7487
8426
5023
5767
6200
5997
1473
6980
4284
5538
4296
591
1320
3858
6432
715
7625
3842
49
590
2400
6397
5598
976
8376
3020
144
519
3805
1222
4055
4752
4059
6418
6508
6928
6616
1441
2838
5600
2983
4441
5551
4439
6186
587
778
7681
451
3246
5355
365
4999
3109
7570
8309
6551
635
6878
4406
4205
6583
8907
6208
6207
8754
591
5471
8171
597
6030
4615
4728
8376
2512
6118
5108
2901
6948
1604
8927
27
2564
7910
5795
3575
5748
1287
215
4628
6064
2119
3943
123
8073
2446
1145
926
5819
7329
5278
7990
3942
717
4266
2388
3111
8426
1442
4028
8611
3782
4882
6982
5447
8323
8065
7567
8711
5906
3209
1292
2193
390
486
934
597
5358
6547
2401
2940
4882
3811
2854
3113
3719
5099
5393
1224
7965
4641
4429
5562
1541
872
8386
8970
4472
6900
729
5063
7699
3492
2206
6326
6071
1801
108
692
5020
5625
3303
4717
1542
640
8099
6700
2152
6860
698
3135
4756
5172
4218
6397
420
5932
5940
7831
1139
6327
8481
6529
4837
250
5335
628
5029
3841
7137
5233
8469
4432
2501
2963
1912
6968
1959
8514
5812
7332
5371
5720
6931
7927
5464
6185
4936
1644
144
492
4758
2144
5603
4992
7164
3488
5771
4717
6269
2987
7970
5833
5732
1204
1487
299
333
1119
8560
271
4311
6893
6873
1006
4565
1310
5827
6850
3100
5217
3448
3539
6462
1411
211
8105
4949
7210
7412
8238
4115
532
4689
3647
4462
1697
664
3295
1705
4545
464
1560
2557
5884
8888
2327
7952
165
8423
1922
1268
418
4715
6537
2959
250
4117
1543
1618
4491
649
3115
8787
807
6555
4687
4526
4802
669
1884
7344
2051
7653
832
1371
6540
5307
1549
3654
1624
273
2935
284
3153
4091
7626
2301
3595
1285
3606
8289
5248
5564
2744
6688
6664
2596
6238
7847
7156
2913
2798
3470
1111
4618
4892
3677
1483
5175
5086
2003
4204
1491
2661
2361
730
5028
1250
7659
1656
7023
5691
2206
4316
8609
8393
4976
2243
1521
4535
8448
7674
5641
7441
3670
1059
3346
3630
2349
650
7487
8388
789
4931
1546
1695
5309
5659
7891
7469
3990
3695
1920
1401
7915
4116
2397
5946
2653
3500
6052
4663
2898
8842
784
4625
6109
1306
7019
2501
7417
8272
3136
2628
8623
4147
667
3113
4751
7998
5700
8383
5834
2035
8402
2125
2598
5612
2604
8870
7835
7615
2698
7249
571
5221
755
5682
3655
2024
704
419
6732
687
7173
2459
4092
3151
8720
5376
8024
7311
2650
1860
5819
3448
3914
954
1834
927
7049
5515
600
6457
5608
1081
838
5258
2501
7072
8288
7329
245
2036
938
6148
4923
8547
2225
4227
4726
5639
4726
1412
4585
5783
8653
4010
548
1420
1284
2018
5480
5572
2350
3741
7840
4524
1288
8523
8499
6494
4003
274
2614
4572
5264
178
5189
8656
106
1404
1010
1315
6116
167
4190
5422
4467
7510
7349
8872
2990
5353
5647
4644
7659
1486
5264
5910
427
4085
4600
3682
7181
4525
8214
4720
2256
4022
2536
7744
1210
4292
1278
463
3574
6692
1133
5387
8594
1086
4479
6721
8766
6944
2607
5616
385
763
7810
1969
8109
6379
5929
5974
1450
2968
2371
756
3753
3428
4312
3414
4654
777
344
1303
3337
848
7929
5644
4694
368
4951
2276
5032
1034
7742
5252
1676
4541
524
1947
681
5258
3522
8519
1718
8638
7696
6779
2916
6983
8576
1518
107
5205
1658
3856
392
3399
3407
5883
7779
1543
4866
2388
2086
5843
3000
6357
7434
6785
4744
4808
1380
7022
4422
3089
4349
6875
8825
5513
1087
6844
4940
8875
1202
2006
1306
2349
599
3789
1594
2765
6772
8223
5322
6261
6062
3081
6192
4165
5
595
3308
3011
6985
202
1113
3337
7210
6923
1498
4827
4645
1199
6257
4195
442
7103
5163
6051
1562
7213
8911
3878
3670
3892
1197
6444
7731
3526
2771
5184
3402
5936
2418
2792
5308
7571
6872
6017
7458
6578
4543
5812
3514
1179
4219
1000
5478
7829
5640
1165
3726
5140
7321
5986
4237
8667
8773
7500
2994
5718
8764
140
4157
6827
2536
68
6225
6789
4047
2542
3009
637
852
5232
3851
6325
2397
8279
4825
3674
6415
431
6686
4774
6845
5333
3117
5950
7296
458
6389
2903
5488
4844
2530
3416
1641
4082
6853
1332
89
1147
2467
4022
1133
3756
1074
2625
7067
3213
8600
6019
5147
5750
8726
4190
3846
2419
5202
4739
7784
8937
6826
8019
3307
8580
2412
8459
3865
2918
1491
283
8146
8318
2723
4915
8078
3571
6565
1106
1250
8084
4935
5293
4071
1325
6939
5785
753
3368
5935
5709
4011
5813
1037
1470
5743
8415
6640
6736
2795
7981
2471
4422
8352
6546
5198
8247
4827
8602
7816
1581
7294
4033
4641
4571
7177
7001
5312
1858
1426
935
5225
8192
2556
1099
3656
6014
8419
5027
5002
2876
7741
4339
5733
1235
8388
7290
1345
734
33
3516
5006
3310
6674
880
1020
6313
8716
6485
3825
6974
6548
2406
1476
344
5446
1414
8513
7645
7393
3450
2598
4057
7594
7050
642
3788
2684
6020
8957
7868
4034
461
2755
632
6043
4140
8930
8371
5356
1934
7162
4233
1611
8535
5452
6609
3047
3027
7003
5199
2093
8697
3839
5885
4670
4289
8177
605
1236
5058
8937
4670
4467
8466
7339
3280
1788
2059
4176
5541
1797
4830
5952
6079
7388
8159
5685
1912
1586
485
7434
7602
244
6188
7675
2083
3613
2201
2438
4468
6296
8921
615
6822
1096
7567
802
4082
7730
2296
4617
1444
3490
2356
6750
6779
3883
5371
8770
1199
6411
3409
1883
6823
7322
3216
2932
7
387
2640
4510
2667
8930
630
6236
3386
8838
2318
1533
5217
7256
222
7667
1594
3881
7217
1720
7626
7827
8357
3136
4068
701
5338
3889
1197
2122
2814
8239
3333
6811
3746
2468
374
8617
635
4484
4781
5671
4317
607
5106
3019
2171
3328
1453
3229
915
8243
4215
8304
6346
5659
4090
6446
7332
5608
7678
7505
6909
6175
4265
6355
97
8284
5171
1351
4541
1627
7515
6488
5160
484
2553
4831
5697
5621
4904
8178
7062
4273
4095
4568
5086
2622
6757
3745
516
6341
1631
7490
1088
4594
8568
4246
2020
2267
387
2976
6088
6821
8016
8254
7074
8361
169
2879
1445
2846
1175
8388
4653
7744
3846
8388
3853
3175
946
3858
7597
738
8100
8233
5723
2762
7653
1416
7860
5411
965
6609
1111
3157
3616
7099
4271
6393
5999
6215
8267
4583
247
4319
524
7252
8175
7786
4514
1424
8347
2285
3923
277
2544
5172
1241
5788
4123
5062
199
4882
3363
701
7936
6576
3992
4788
2916
464
7942
5140
7111
1179
4474
1487
4224
6079
3151
1166
5011
734
3846
1942
4995
1706
5936
3524
8688
2628
2392
3810
1961
2092
3690
4313
5742
2986
6995
1878
7700
7179
1451
8914
2405
3031
5870
1353
4308
6975
3746
7659
3
5957
141
1073
2793
6755
4151
7968
4730
4037
1920
4377
8748
4979
4646
4729
3196
783
6108
6723
6260
6101
3250
1028
1801
4535
3245
1551
5868
7560
460
1230
2469
5864
7558
962
2391
6294
2427
2130
2013
5445
525
6887
6511
8949
1218
1224
4936
7634
3073
5241
8622
6514
8215
4734
5879
5055
1605
2294
669
3724
6720
1507
5238
5572
1396
3805
1099
3575
461
494
5251
7654
8268
2512
411
4597
1251
5179
844
3016
2357
6331
8257
2134
3221
485
8859
98
7569
5170
4867
481
602
1036
5819
6814
59
6014
7529
4032
4644
4889
1377
8005
3106
5072
7806
5320
1468
4989
6181
3901
6037
2532
2911
2229
377
1813
4512
4102
1765
8055
4448
1690
8088
4256
3990
5383
1952
6569
4244
1831
2754
6918
4371
5941
6706
8588
5244
4840
8963
6434
6975
717
5355
7402
8532
1508
2294
3233
7844
1589
2534
5130
3739
883
1764
7713
3924
3126
333
4986
640
6551
2252
5626
2845
8164
3560
8454
2103
2267
137
5032
742
3939
733
5471
2204
4711
4209
7182
6265
6180
1782
5765
1197
1785
5642
5707
4953
4294
7832
1614
7698
5732
5101
681
2019
2652
5680
2035
3670
3644
5581
5248
4934
5421
5765
1689
4292
6912
7550
7679
3837
1918
7507
293
7412
4463
1664
187
5865
482
2196
8727
8725
7803
4362
2918
6041
5866
2406
2047
5546
1048
577
7705
1363
7997
8193
5163
7008
4181
3129
81
3466
1969
1872
2871
8387
2121
1552
3765
5792
4535
8237
5194
214
1271
3079
5053
994
3114
1798
1319
4041
5458
6250
8292
4001
6368
3804
7017
5650
1761
2301
4743
4357
7111
137
5757
8599
8099
7174
3580
2737
2097
1495
5699
8040
8596
5176
4163
2124
3912
1085
5381
8767
5302
6403
7112
1348
6073
5307
5846
697
736
8102
8238
4122
4309
3962
4340
7715
8290
2848
8284
4050
8227
2078
999
1183
6566
2168
6036
8577
3751
7398
6919
5575
480
7234
1790
3639
2742
5544
1360
5670
6039
1538
3185
8197
4839
3151
7153
2548
409
792
2394
1718
1978
1351
3216
2088
3282
3363
5587
2255
8452
8212
5287
5341
2285
4848
677
6976
1025
8864
7546
975
3936
3899
1765
5274
4432
6772
3886
2077
2612
7882
8130
3016
7851
4148
1875
8782
6011
2583
7388
4512
387
21
6523
4974
6112
1956
8247
6713
2807
3592
7024
4696
50
8646
8069
4572
6278
6774
5737
7890
6040
7963
1143
3741
1207
715
6973
1398
7469
5830
3725
689
5936
5877
3845
6213
6293
7544
5496
5055
156
3707
8054
3060
366
966
5966
6833
7331
2216
2988
3456
8408
3639
438
4626
1869
1775
6488
4507
2733
5557
4407
4550
1054
7702
4299
3302
4369
1009
4197
151
8491
8869
896
7927
378
432
564
1668
6708
3110
5517
5162
6344
7442
3714
2097
8072
660
1402
3041
3942
7919
4009
1659
2779
4069
407
1974
7070
7402
8786
627
2850
298
2530
4125
3513
1800
7946
8760
8108
2764
5294
5725
6308
3015
1608
5279
7435
166
5461
5085
1972
5585
1372
6204
953
4967
3855
6785
1859
4776
1818
3096
771
3758
208
3683
1631
8257
2172
371
2489
8086
5405
532
3257
8139
411
872
2467
3002
4383
66
3731
4055
3671
461
1781
4863
5126
1113
1
6167
649
1986
7523
2046
3478
3149
4393
408
1648
5319
2469
5560
173
1651
650
6658
6688
384
2428
8186
4210
1893
1072
3588
4908
6762
546
3409
3631
6684
3726
154
4796
3101
7894
8821
3504
7046
5817
5649
4767
7993
357
6903
6986
4551
7739
3951
6610
8779
2209
4412
4180
8657
3678
4477
7207
5047
6326
1257
6688
8174
8100
2526
759
2804
7191
8350
4874
5234
1309
1095
6695
6597
7005
4966
5287
6523
369
15
3542
3996
1688
7987
2615
5987
1977
6038
4901
919
1699
1699
7388
1802
6394
407
4173
4285
7643
3655
5984
2646
1153
3199
6236
1423
3704
856
7730
596
2535
5085
5864
5721
2555
8275
8865
6093
1974
4594
3457
8640
5270
2236
671
6420
7921
4840
5891
1034
5950
3099
8502
3981
3952
4157
1201
5771
6156
4307
7270
8445
7569
6758
4763
6780
4343
5904
381
3398
695
534
4392
4620
5131
5742
5828
6417
95
8006
4628
2169
7220
495
6648
3131
1486
8708
2451
2781
1755
7315
2943
6203
2083
2414
7083
8091
8095
806
8134
3975
730
3302
4894
208
4669
7791
2265
3228
8183
6021
189
3260
1313
8541
7667
1693
5975
8785
5725
4857
5322
6730
1120
968
3186
601
2549
6232
3345
3154
2122
3343
2971
4165
7910
1864
6545
8866
3505
1314
7677
1016
3905
6953
8496
7947
6705
1486
759
8256
7036
7634
2428
7013
3855
7627
3105
3034
3525
7272
2455
6310
5260
2063
8277
6216
8820
4848
1547
7507
2640
1630
7446
2084
3821
4962
6510
6011
1351
1811
2331
5644
4963
4206
6943
7881
7111
4325
8084
4246
6966
6463
7438
3312
1016
4637
8979
8906
7941
1372
2559
6686
3618
492
309
1813
572
6172
1071
1355
1354
375
5022
466
4159
2943
4581
153
4100
4
6392
4680
5092
1
4546
2955
81
6972
436
57
7541
7432
6633
6943
195
713
5510
4614
1715
155
3711
5166
5460
5295
7917
8893
6291
6562
3787
8993
602
7532
8896
1733
4533
5546
7815
7891
1893
4729
1473
7751
2391
8808
3244
5347
6855
1128
5629
7884
7862
3859
5890
4072
8906
470
4362
6163
7476
8044
8101
6629
1517
5552
1808
1113
6850
3102
1200
5556
4023
8247
2240
4056
7792
6224
118
5565
3506
3158
8727
2139
5447
3480
8147
3350
801
3048
1835
3238
7518
1255
7967
3225
6233
6036
588
6159
8658
7473
3258
7939
3827
3699
7244
7337
2227
6139
6289
5688
1496
4758
4407
726
7421
8613
527
4346
3803
5434
7035
4698
748
3656
972
1953
4858
4677
7017
3117
4390
8671
5009
4642
1373
2880
6849
7278
8621
7999
5217
890
645
2404
113
4362
8450
5312
2802
6650
2038
3551
2167
5588
6194
6371
6641
386
1804
5222
6538
5900
5517
2083
4921
8735
457
6410
5852
3259
8169
7518
12
1423
1949
8005
3218
522
2866
4995
6743
5361
260
723
2394
8192
3661
6212
4842
7495
5828
1819
4307
8411
4688
6227
1262
541
2419
2094
1680
443
2292
1726
7940
6137
2356
7660
245
6716
2371
1268
3068
7275
371
7275
704
3122
3361
6367
8507
7452
5588
1953
8864
4804
3438
7737
51
3920
1231
6927
2209
3811
6697
521
3703
5125
1271
7350
2038
7273
1062
7773
6779
5652
6997
3043
4021
8981
4513
7983
2264
3093
2201
3684
6326
4659
6537
890
2069
8084
6849
4505
2204
2718
7213
3972
3638
7768
5552
8302
3489
1768
7457
3955
961
1952
6552
2549
2246
7526
3330
2178
3732
2998
1903
8718
7680
2294
8421
1475
7592
7069
1021
4953
1483
3177
731
3611
8160
8829
172
2568
747
6779
552
4731
5490
7323
8174
6320
4189
3032
1671
4826
6084
6715
2690
7254
2954
5023
1871
5894
2831
3872
4472
8731
252
2480
4792
8762
7304
1144
5255
1001
7671
5711
8446
2599
1193
2130
2037
5629
2217
5232
6845
1245
3564
4009
1439
2349
8601
8682
5754
864
5920
2000
4540
5073
1211
7303
352
7389
1209
1005
2422
5196
1137
704
7256
7204
3820
3344
4944
7338
2171
922
319
3541
8919
4546
6648
5553
3752
5637
2787
4637
4077
1392
7438
5610
7882
6873
3598
4400
1128
1544
8923
8654
7998
6777
6121
6557
1917
4737
1587
6794
3729
1081
7690
6207
4499
2724
2298
581
1523
4098
7542
7928
7491
5054
722
4607
4319
6547
6
7694
8305
4461
7323
3330
4945
8847
5430
6656
57
4825
3801
6242
2630
8371
5745
7791
5962
1522
2050
4782
6007
1581
7934
6727
6566
6758
676
1398
1965
2688
7445
4853
3031
6753
8675
6924
5030
7605
322
7592
5379
1316
8128
5653
6318
3489
137
7049
1953
1680
1610
711
1606
3028
2551
6285
345
7994
8321
3435
8065
1549
463
2975
5280
7023
5645
1857
7385
5512
8298
5632
6185
2902
2019
8880
5294
5450
6317
3233
5332
7538
264
6253
8062
7353
1463
509
4546
3815
7459
4168
6173
2214
8623
4106
6806
2258
383
3517
2839
2244
8681
8038
8733
3316
3350
1710
2353
880
970
1563
7366
1381
3694
1627
3171
16
4271
7781
5819
5866
519
8268
4343
5542
8786
8864
5534
488
2275
6306
3659
7012
8372
5028
8908
7136
7229
4003
6523
184
8595
5371
2709
3276
8082
3405
135
3487
2541
5927
7329
950
1194
3064
8043
5178
8915
7014
1412
8549
8319
3374
561
7933
5159
6360
3570
7288
5276
4788
4424
4029
8757
5485
995
6754
1494
6528
7968
5088
229
5160
4687
5551
294
5410
4635
2446
5759
8424
6139
8731
1565
5381
7365
6971
7965
1700
2938
6863
5919
1621
3269
340
8132
7100
5453
7413
8496
7159
8873
7319
778
5877
4483
6665
4873
2342
2837
125
4889
4834
8536
543
4179
2186
5916
6634
4954
1501
5906
7465
1681
4424
989
5025
459
4670
5134
4760
4866
7895
791
6913
577
7584
8647
1216
8205
3150
2196
3708
5150
8552
7263
6998
4571
1393
2481
7189
3387
4319
7084
587
4192
1723
4708
7207
2350
5389
4580
4335
2610
2163
292
4786
965
4358
3824
2264
4448
2745
6437
7887
6801
6606
2884
4123
555
3463
3993
5928
5164
6502
133
671
1312
2522
8639
4787
7706
7054
2497
6319
2947
6087
5270
1358
1179
1762
226
5094
2988
5584
7586
8521
6847
3992
99
6130
6574
4975
8894
1121
4880
7158
8064
7635
4203
871
6024
1153
7931
8109
1538
6578
5240
6024
5865
6896
5623
8130
2433
4260
5935
3257
8673
7783
6411
7801
8503
4975
5431
1462
942
6490
3516
434
3939
482
7006
1273
1806
92
5404
2767
8907
5390
6207
3321
4423
4933
427
2305
3200
704
1708
2056
6630
4541
2650
1967
4813
8926
4380
1982
5260
4736
7043
7008
7832
135
3621
8041
4274
2633
7514
374
5063
5302
2651
1215
6926
4816
5214
5451
284
1581
134
472
7395
1214
8064
532
8489
652
1832
2494
2293
1046
6257
5547
3788
2961
6036
877
2618
4732
2832
8150
6500
6078
1944
4261
161
7111
7858
7027
5033
2752
8987
6637
4414
4871
2992
4726
1303
4891
5487
2736
4068
297
5588
3958
8155
7849
5951
8329
7641
4816
8907
5357
4484
970
34
3296
941
6763
4627
7014
6219
4747
2798
5164
7330
7740
214
431
5307
1537
7141
7320
1061
2725
7717
4262
5553
2940
2522
8640
1075
7954
4254
8406
4244
238
5324
2058
2660
1251
4326
5473
1357
2931
930
448
4427
8016
6735
292
1560
3889
445
4690
3612
4805
595
7728
7113
1967
3586
2086
5772
3878
5558
6701
2048
6239
2012
4994
788
1025
8103
2998
6565
7957
7173
3021
2270
5848
7151
2329
2499
3487
7221
2283
5294
8550
2959
5206
168
2636
8297
2272
433
1447
3662
5845
1315
3055
8533
3825
5161
8386
913
5698
7885
4948
882
7664
142
2040
3537
1130
6360
2303
2200
3559
3237
2659
1088
4565
1154
5769
2420
393
3917
450
1347
3508
5810
5164
1355
6845
4149
2913
8649
5585
6577
8092
7757
861
8871
3155
3345
2907
947
6269
5674
7880
