19
3
174
125
55
170
205
292
262
35
128
113
100
0
32
82
21
131
74
151
130
253
87
64
85
288
137
66
108
251
213
111
218
244
65
138
186
112
238
132
139
264
184
238
281
184
75
229
144
234
47
164
97
144
220
268
94
242
91
196
101
186
212
197
71
50
100
238
23
14
33
210
17
131
109
71
23
16
264
201
63
139
194
177
160
96
112
163
11
151
4
113
87
11
48
46
196
136
276
245
89
53
204
136
98
211
132
216
73
128
111
272
220
251
103
94
115
189
199
66
296
119
253
291
81
299
71
231
139
219
68
11
53
248
196
292
100
37
144
284
260
299
108
61
249
93
235
45
109
139
17
224
293
175
93
110
188
128
174
293
39
125
160
251
111
178
4
216
137
60
37
72
151
95
30
64
193
110
257
144
19
261
285
76
43
10
276
280
151
239
81
282
228
209
33
198
266
107
229
46
287
125
147
192
260
214
106
174
116
101
93
108
192
141
157
172
196
229
90
35
22
236
291
176
101
196
274
87
238
134
36
197
96
138
194
95
183
26
8
49
173
254
208
52
21
42
263
27
85
267
232
159
35
259
290
98
40
212
255
156
216
205
235
181
31
6
15
274
1
117
224
122
258
94
60
21
281
87
184
246
234
169
177
65
271
152
180
188
48
17
116
230
83
78
50
211
47
258
145
157
