2293
2305
635
1441
234
406
2373
902
1216
137
118
643
2340
1510
2205
2589
389
1792
991
1735
2170
2621
243
2274
2548
1532
6
877
510
2118
262
1514
2936
2040
1236
1182
1466
2563
747
636
2174
438
2005
2992
926
233
92
2019
2773
2278
269
1512
1561
1326
2129
2129
1510
2702
2894
39
566
2596
2435
2980
924
1665
912
2822
2033
645
1411
251
1853
2602
2223
1500
1895
2998
671
535
2744
408
1321
1925
33
1814
1805
852
1757
1425
1052
2026
1985
1670
1246
2119
2223
2361
108
389
1554
592
1332
1631
1116
1537
1290
2651
1811
1105
2139
661
931
242
2893
1722
1997
848
723
1110
740
2697
269
1306
1944
1991
1028
413
2203
2763
1874
638
65
2543
1664
1011
1814
79
729
449
327
2341
1076
2929
410
793
863
1547
745
569
446
610
2681
170
1939
2308
233
75
216
2308
870
507
2672
1829
2403
519
1227
621
1414
2297
576
355
1358
703
1588
63
2888
2303
1993
2589
1937
533
2587
558
2302
2897
619
699
2959
368
1158
2070
1770
1173
192
1007
1363
563
2602
2175
1193
2234
195
1541
2084
2027
2538
1059
2634
2210
97
2604
2834
351
2405
2228
2880
2537
842
12
942
424
2508
128
1675
413
904
1735
701
1584
1040
1631
1707
1989
86
1162
133
709
2200
96
1069
2644
1065
2867
1222
420
2713
657
114
886
1850
434
2371
1392
1907
2262
487
1535
1730
1449
502
474
818
1975
351
1792
117
1598
1462
520
2546
1124
2842
563
1487
2446
1572
360
1146
2097
1018
2052
2841
1241
784
203
321
1140
2072
2032
2172
2730
2977
684
2940
980
907
151
2820
6
2658
808
261
681
488
1770
949
1641
397
2246
1093
824
2274
527
825
1342
2620
358
1306
894
2867
1802
80
854
394
2211
337
2106
649
236
2335
2893
2181
851
1189
1509
722
806
577
1561
95
443
1637
2826
967
2387
704
2516
2248
885
274
2152
1060
1323
2172
543
29
1739
1773
901
1614
2364
2066
1303
1548
2051
2109
2578
2779
1489
2438
1402
1989
1282
2863
2491
1317
389
2960
176
706
539
1347
294
2703
510
2843
1947
1063
1359
1485
2849
2613
2860
2817
1729
2282
2716
890
2965
592
681
2759
2271
2251
753
2710
359
1711
2656
399
1357
1381
1365
212
275
2887
1287
1720
2054
1626
284
2045
473
572
1439
2696
1222
2515
1444
2727
850
2293
1936
146
1660
2518
330
711
2450
1227
2911
2432
2343
1037
1015
1255
29
1609
794
1169
443
1205
2894
2736
2355
853
2809
2075
1643
467
1541
408
5
317
844
602
2221
952
1297
517
1543
2683
785
294
59
2094
668
1944
1022
1753
1188
697
718
1057
2017
915
66
2501
2774
390
1107
1815
2891
2555
1002
1542
2384
835
784
1895
1195
2549
220
2172
2823
2351
1204
2949
305
1612
804
1539
191
1332
36
1604
248
2641
945
2344
2090
2589
2162
2882
860
49
1317
2906
2896
2977
2966
1199
2476
2659
2779
2490
1230
2198
2863
2141
2506
1471
1593
1722
705
2126
2552
465
2263
239
741
137
769
2052
1573
832
2802
1096
1506
1126
2849
511
2501
1963
512
1042
1810
2800
18
2742
2631
675
970
2220
2618
1092
1181
1331
671
1052
1060
608
2683
2982
2840
344
2128
2982
801
244
1924
1541
973
1267
1688
1903
1642
222
875
2667
2120
789
145
2833
2974
1351
2851
2307
983
1886
324
114
2240
2097
2877
1833
2258
1675
757
2406
310
2961
409
1757
2610
2040
260
1767
630
396
963
1391
507
2542
2368
685
713
45
1080
556
107
2341
2771
2590
1474
1309
1680
231
2922
1666
626
1374
2885
1473
2371
712
250
2026
492
383
1922
1680
1702
1992
1551
1021
168
1898
1825
2706
29
1442
2422
2323
417
252
2460
1769
96
124
1142
1818
235
2482
2306
347
2744
1251
403
549
1204
2460
1728
2829
40
978
520
2398
2470
1541
1920
2793
1982
1395
546
1556
625
416
419
2577
2905
907
2554
813
843
1036
1848
1433
2226
714
2360
2357
769
1017
1901
512
1933
760
258
836
2341
1785
1282
999
2287
2601
2029
1428
200
2903
1515
1624
1359
210
248
2000
1502
722
1884
1855
2958
433
2470
2270
1007
1867
1060
236
1145
2023
170
2605
1897
1002
1172
199
2955
2113
810
1343
737
1844
727
1394
2661
651
2189
1056
2169
2808
154
1130
2680
1307
775
692
848
668
1618
1166
1223
2867
682
2396
199
1468
10
1678
128
647
2149
978
2008
851
252
2324
721
1938
246
2007
1663
2224
845
502
2908
1357
2809
2179
2370
1850
1651
1961
2477
1368
2552
973
2019
404
1264
2663
1704
1974
82
1023
2146
2033
2942
1210
925
533
1918
555
2820
1840
698
822
1470
691
1694
56
1297
1400
1778
2562
1421
1210
111
2212
191
2805
233
2727
1896
1124
1989
1539
42
1665
2680
2247
303
1463
1921
2806
1381
2011
2972
2350
2594
1929
1460
1605
1688
59
428
1404
933
2732
2707
2581
1785
2947
2
17
597
227
394
1090
2605
823
799
455
1593
1707
2523
382
1830
2325
2792
1339
60
2690
1606
311
2043
2790
2869
580
1631
51
328
957
1725
1106
2582
1130
2073
1176
2822
1080
174
799
1078
2455
2816
2158
1272
2974
2858
1571
706
353
495
1004
2936
2098
2071
2765
625
2374
448
1891
2418
1582
2710
247
2930
1741
777
1759
1996
281
609
1294
2730
387
993
131
2053
2049
2541
2304
1046
2499
2441
1257
1295
546
447
2812
1547
1036
2540
2544
582
1717
240
853
2802
2599
2777
1067
2688
914
1019
2447
375
294
2414
1992
1660
1197
843
2176
895
862
1428
590
269
2756
2832
728
1143
1757
847
1245
591
1022
2808
448
1722
500
61
793
2150
1565
863
2774
353
2429
1364
1863
411
357
665
2031
226
1253
85
718
336
2962
61
2868
2635
1347
2013
2215
352
1981
1673
2021
13
863
2000
981
714
959
1218
1464
2027
1595
1390
1973
1325
2412
1443
1298
1050
2941
2945
1959
2379
2025
1930
28
489
346
178
1874
2759
1174
512
2599
1368
1588
96
1723
1624
1973
1487
1520
906
1189
786
2086
342
2616
1363
2556
204
1569
2514
1163
170
614
412
1068
2277
2623
834
1370
87
2126
1704
802
2590
272
2936
2311
109
33
2738
506
329
1742
155
1102
762
540
2712
2697
1868
2998
533
783
1889
1203
2742
1289
605
2094
2088
635
869
2591
85
2530
2988
239
2675
332
668
881
2840
2954
1565
1219
1892
40
1606
860
67
1910
405
223
182
2623
1772
182
292
2918
466
866
1290
2752
2019
758
1100
2052
2014
2508
2031
1631
841
823
1221
1317
1418
2296
2811
2178
2068
1203
226
1014
1308
2681
2432
2478
1616
2009
1331
2983
1275
1464
1226
38
1143
1848
8
227
1015
2596
662
396
1080
1313
371
470
1948
2263
1266
1878
1786
2887
441
2509
2925
1632
1577
2818
2719
1594
2015
2425
2370
643
1630
65
1204
2143
2438
1651
2756
770
1845
815
861
1705
568
337
2998
695
2895
40
1843
1123
1562
1735
1291
2927
252
1997
2319
1963
635
1647
1492
1048
496
1469
1037
425
865
769
417
195
592
731
2900
1989
1560
2842
1004
2602
980
654
1235
2707
1380
2929
747
986
172
1868
1755
858
2339
1069
1037
1346
469
2813
1865
424
917
16
1769
2658
523
2238
1666
1359
1710
1334
1684
2300
2894
1850
598
1475
632
2614
1953
1086
1071
1458
1311
2377
555
2247
2680
854
2985
2886
1937
2737
959
2820
1001
2060
370
1730
2417
2157
942
1208
1408
2658
1521
2474
2464
1351
1388
1074
2041
855
47
1269
2199
1974
88
1274
1490
1343
2536
1052
1722
2057
2610
1041
197
372
585
2308
1231
834
2365
2725
2741
216
1401
2095
246
1051
2044
754
222
504
530
2471
679
724
2438
2873
1591
746
990
683
2337
675
1731
2564
872
1415
1988
879
2623
521
2878
1951
2566
225
450
2248
1154
1843
571
2369
2660
2437
2074
2077
2396
534
1904
1368
2370
1874
1735
999
400
674
805
32
1223
640
2814
2905
1861
1448
981
1028
952
1618
104
1104
2034
795
1261
1907
137
1651
1700
123
777
1986
1282
2628
2352
1204
1822
2395
309
1972
733
2145
2262
1252
2805
2308
2045
2194
1695
1263
2719
246
1206
1018
185
544
1311
1916
751
2750
956
4
2482
403
1089
1768
1148
2915
2585
1956
875
1987
1669
1172
1480
1278
1283
325
2244
498
32
2717
2350
346
282
523
2803
1196
140
2681
1010
49
2110
1238
1915
2557
632
2904
2131
644
2363
2086
2214
813
1980
1948
1402
1867
2094
1704
84
502
43
745
1650
1569
2590
2887
2060
292
904
1517
1183
353
1942
1779
1008
308
1187
2408
833
1603
647
2101
1819
2365
2531
333
904
295
1416
2008
1771
2057
420
495
687
2703
2400
1713
1745
1532
1912
1068
1922
521
2735
1248
1381
171
375
1341
1770
1299
1282
996
988
2327
809
2155
533
2605
438
2570
668
2655
503
1547
1552
2498
1394
2519
356
520
1063
835
1743
1358
743
1177
998
2232
2063
274
881
624
1137
2233
2223
2782
1663
963
2078
2089
372
1899
1771
1372
897
1378
746
580
2241
347
891
1501
2546
2124
2241
1531
2792
865
2904
2518
2104
1571
2915
8
1830
1990
31
2880
1291
152
2711
1217
806
620
116
2540
2070
2151
2505
777
2705
2898
2841
869
1612
1701
2869
2925
1664
2445
2342
1185
2133
1485
1963
468
934
88
808
2408
32
1478
1563
1158
2808
2644
1708
1491
1464
1038
104
1830
2326
1920
1994
1693
1258
2914
1167
2024
1313
2721
252
2757
442
818
830
2386
2525
26
1022
1178
1267
2665
527
1782
2126
910
1213
2509
1638
2571
1220
1614
2068
1944
2282
2938
631
2109
2482
2263
2104
1809
966
822
1380
1704
944
1286
2263
1858
1525
730
2615
918
2654
2933
2324
1893
2533
670
2089
763
801
54
463
639
485
286
2991
1180
907
230
762
1737
1520
1896
2527
3
2356
2331
471
2898
1521
2196
1993
2176
2502
2598
2477
2758
1599
1890
7
1425
2050
2138
1258
2857
2392
319
511
691
605
1482
809
476
463
1631
2525
1757
2695
1670
2987
439
1847
2076
2323
1868
353
70
2695
1261
767
693
1340
329
2924
1621
1507
2002
2645
2343
2810
2356
1102
1391
2434
2767
1093
895
2212
1924
2133
2010
2173
709
778
398
1644
1404
2923
2512
2548
1005
2721
411
1794
1552
2146
299
2621
2502
2922
468
1388
2181
2847
2128
192
1318
1384
493
1696
212
434
340
1651
367
742
806
1790
1286
1537
2297
2849
1099
2617
1344
2688
2081
569
561
1867
2912
2274
440
202
1057
1287
2625
193
2853
1979
1163
2028
191
905
711
375
898
2095
1848
1789
1541
1359
2396
355
1108
1755
1888
1663
2664
1757
2803
1018
1926
1969
2025
320
20
664
1911
2768
2296
1746
574
2828
2819
2358
1096
1007
2594
377
1008
821
2958
1465
526
980
2049
2884
2552
261
977
490
2420
199
2082
1388
1441
592
971
623
2238
1457
42
833
2130
1853
523
807
2139
1109
195
112
2306
715
2044
2138
2307
1761
2569
919
1066
2062
2033
155
1185
1644
2680
1005
2398
1833
1401
959
1417
2351
2664
92
475
218
1867
1574
2331
342
2601
2441
2218
363
387
415
2342
694
1575
2072
91
1917
851
229
381
1494
2214
1714
2187
876
1826
2646
2765
2047
2110
2360
2278
1808
1560
1439
788
894
2703
1702
1756
2727
1559
2275
1723
1783
1510
1323
2127
1574
19
1699
1269
1201
1646
301
2963
687
690
173
1901
254
631
935
1301
1042
2205
1144
1803
257
1291
853
2700
718
2477
1011
1231
135
1339
2596
1851
1221
1982
2355
2828
81
2749
2620
2500
2757
2510
2467
694
302
617
2383
589
292
990
443
531
371
1903
1425
679
353
543
2075
590
1284
1978
815
769
1535
2342
1350
1367
777
1991
82
1825
547
953
2410
875
2668
1334
1235
2867
2435
415
948
1330
631
1335
2614
2823
742
2660
2102
1491
1129
1974
129
1655
0
1474
11
2409
2055
2056
731
1166
404
751
351
97
860
2043
2255
1993
1810
2477
689
2057
2675
337
840
1513
1113
2901
2937
434
1697
2989
901
2887
915
1619
260
207
966
2523
1588
2894
1861
2197
2701
1547
2090
2668
960
1765
781
1315
2452
2734
1690
2191
1452
922
1892
1584
1904
1392
1473
577
2039
815
2196
2007
2270
68
1049
758
2327
1887
665
822
1793
1470
186
76
1104
993
2833
2373
2033
277
2543
254
1957
2644
1254
2184
1191
1177
2654
1015
867
1713
2048
2217
2052
717
2206
11
2586
716
1116
2070
1607
653
120
2737
1909
2579
378
2248
2437
713
567
674
1678
1260
1592
585
1945
1152
2506
299
2149
1723
2186
741
1675
229
135
1806
192
2553
491
1393
2514
893
591
2517
177
1045
1747
2119
1276
351
215
2471
605
743
2288
704
1610
1722
1122
848
2417
1791
1638
1967
887
2777
617
1469
2669
2074
2898
2284
2247
1594
2117
2269
634
2533
1544
2518
2010
2258
313
2041
125
1255
1698
1087
2792
2682
866
2019
764
1171
873
540
659
765
2768
2170
2781
1723
91
1658
1770
2695
524
2148
2155
1901
2885
1666
498
1863
1306
723
10
634
608
2965
837
1701
1214
2912
1680
1585
1431
2551
677
124
1744
10
1588
1104
2908
839
542
1384
2418
1832
1385
235
1351
2157
1745
1345
1686
442
1177
1018
97
1251
2877
790
642
523
1139
879
2122
2404
2206
1595
1869
137
2599
605
121
120
2520
2731
121
2411
1022
1866
362
925
843
2317
2649
818
804
701
1198
191
1070
130
2906
2656
1072
872
1328
1272
1565
2573
1043
2843
1376
2854
2852
216
2012
1857
1574
1778
2663
2741
2025
774
1867
2238
1222
238
2769
1701
757
2956
1290
2532
2665
178
1795
639
1325
462
2556
478
54
236
245
183
2308
187
2509
2984
1373
801
2905
314
2224
258
974
1601
2931
2108
2955
2040
370
2582
197
1385
1261
1334
424
2226
892
26
1319
1507
801
2703
1857
1740
2986
125
2136
2956
394
1932
999
2180
2844
1255
1983
1946
1563
166
654
1625
2688
513
829
1109
72
1048
756
1260
1417
337
1284
200
2962
953
856
1609
2580
2083
1313
1560
97
2014
773
479
2456
2984
35
195
9
1817
14
2875
1411
2130
2132
1683
2328
2932
1617
1649
1281
2901
1045
928
1211
382
2590
1227
2878
232
1387
2649
1654
1356
1863
1342
2552
2089
1974
2755
2099
1584
1223
1684
1512
884
918
1039
71
2750
2685
2293
567
204
886
2072
834
2833
736
156
1051
2616
243
218
1629
1522
393
1031
2665
511
340
1164
2075
2985
2926
2407
330
1884
57
526
2242
1121
587
1171
928
266
1989
2355
705
1576
2264
49
2079
1728
765
2048
1313
2628
1024
1429
2550
541
2608
867
310
1470
1950
2007
309
2860
1191
2124
437
1682
359
1801
2015
1041
276
758
661
429
1972
1134
79
322
924
2486
1672
301
1911
452
1204
1671
2391
243
2200
2028
2690
1586
790
2050
1588
2364
1540
1597
2541
1602
1712
599
135
1108
1314
2349
2055
1832
710
2820
2893
553
1348
666
401
464
1886
2442
2012
2992
53
1375
680
2595
2017
2809
925
2906
2107
1414
1922
1506
2640
1263
2300
194
532
1163
485
433
2432
2650
964
372
1467
1119
1628
1141
736
1617
2804
1599
273
747
347
1494
2680
2086
2846
1212
846
1976
2680
1365
402
1350
1541
2092
15
989
2898
2726
306
2246
492
796
2551
240
1075
2567
2399
656
2299
2276
720
763
608
1743
1737
2980
1755
347
2440
2680
2829
2839
1219
279
1062
1885
2015
2813
1522
2740
2120
1630
2410
2301
2757
2793
1467
202
2831
2683
2212
506
1014
1116
169
1642
464
2159
1439
838
359
546
2292
12
2598
1702
2284
1785
1320
1816
2674
1909
1580
2878
1649
2906
2185
917
2022
1898
706
1287
29
2310
2183
682
2092
2155
1024
2419
1279
518
1286
1410
2337
1856
575
2471
2507
1053
1621
2490
2237
2071
1077
1000
1598
591
2839
353
2458
435
2998
1463
191
163
790
529
1171
470
1037
285
2118
1506
2256
2100
2000
1648
1459
86
1503
2261
1204
1807
710
1044
2444
2002
1709
977
203
449
1057
49
2167
559
2545
2230
1705
276
44
1951
1956
864
1946
451
2178
435
1917
118
2957
1168
1323
1412
367
1650
1003
170
2823
175
82
444
2409
2425
1137
593
1872
491
509
1954
458
1593
2130
882
2144
152
828
2336
465
1100
1980
2911
474
1296
756
54
60
1112
2031
1899
1593
2867
2720
2219
1484
549
989
2165
1229
2720
1319
1316
2246
2042
281
603
1302
73
2195
1659
583
1691
2866
127
13
451
2405
2841
1061
2365
2415
1341
2327
2659
300
667
2026
2272
1217
898
2011
1497
1117
1096
2057
