439
298
341
572
313
493
14
592
479
293
198
287
328
600
171
663
489
112
226
651
148
639
193
460
656
207
246
72
604
377
574
639
461
337
300
626
482
16
298
171
547
534
23
305
542
631
56
141
167
634
346
38
89
360
104
211
618
188
291
37
581
615
186
355
179
47
303
673
457
333
379
615
384
8
309
159
259
418
469
87
278
401
328
14
103
38
33
430
499
478
54
295
199
27
68
435
145
556
185
357
94
377
291
470
650
620
244
238
43
536
189
232
375
392
540
181
81
318
418
434
263
158
493
446
146
49
391
682
387
619
168
172
42
53
126
543
473
381
0
9
374
299
268
132
70
212
278
100
347
178
387
530
653
600
479
145
334
446
107
357
504
305
662
524
492
375
679
262
664
345
28
35
632
534
514
436
542
305
466
639
262
36
192
650
422
251
547
434
647
440
13
454
144
193
333
659
20
469
86
412
396
540
302
207
622
181
268
307
260
697
260
493
540
2
10
558
570
104
115
603
370
276
372
328
517
579
335
571
218
501
44
696
196
7
668
218
603
20
14
333
264
31
572
187
83
442
421
527
332
14
201
357
58
27
297
463
225
273
325
340
490
625
656
578
537
573
240
612
58
671
403
254
38
365
465
454
353
606
348
151
61
138
170
431
143
683
87
64
389
80
343
424
224
499
26
63
259
383
544
268
601
178
291
195
665
7
165
147
188
300
147
525
113
67
374
231
153
398
306
289
648
230
97
361
473
269
131
586
141
229
129
312
644
657
39
671
93
490
466
77
683
382
330
590
83
250
181
131
24
646
287
157
343
655
287
304
679
385
179
643
136
578
55
218
141
588
46
474
280
562
546
283
571
306
202
176
80
138
447
220
108
541
613
669
622
199
293
77
92
421
356
598
72
390
502
227
633
219
324
57
688
310
539
336
426
427
287
494
423
384
308
330
474
241
529
459
188
668
675
264
583
684
100
524
408
202
322
366
445
254
114
387
565
367
174
153
410
556
500
664
462
211
88
460
241
432
542
358
622
345
604
100
212
21
327
99
13
242
338
425
520
261
603
548
85
652
411
114
505
247
73
475
563
84
567
608
196
61
228
634
136
612
262
130
435
326
520
370
47
105
4
642
182
528
664
64
306
225
678
354
505
63
678
197
634
646
116
376
426
155
196
67
5
645
387
238
9
530
119
498
454
372
603
246
427
507
104
28
148
696
543
311
633
112
349
188
420
18
97
185
60
428
649
170
290
689
189
160
436
253
149
277
277
578
14
149
639
674
499
431
345
234
302
631
697
50
335
316
617
452
512
375
323
431
368
654
471
572
474
515
578
339
413
250
568
224
358
198
282
93
670
13
595
341
219
407
66
28
86
112
105
255
487
505
19
531
568
256
691
569
543
417
582
444
400
257
285
153
168
499
225
169
693
471
414
569
81
550
458
652
445
672
83
219
352
540
613
198
442
586
495
400
668
252
332
511
349
187
69
306
534
210
243
204
66
519
615
394
698
602
375
405
173
584
339
613
96
492
284
515
285
62
330
86
617
497
128
550
216
367
611
338
625
384
235
275
159
71
198
306
76
37
403
123
505
572
231
533
31
245
