423
153
518
174
246
30
66
241
249
305
422
108
426
137
511
240
99
318
391
206
500
406
41
123
257
293
237
24
391
468
103
13
247
516
218
586
83
439
386
274
254
500
503
532
361
93
53
423
263
110
232
57
385
189
413
516
494
160
596
485
506
159
18
315
320
399
459
89
114
416
596
568
101
580
597
100
290
373
117
280
110
233
369
424
459
20
85
404
583
243
83
468
90
216
568
309
126
311
259
518
423
548
426
343
89
318
397
71
313
556
483
383
260
35
227
97
467
345
251
367
72
433
4
473
338
507
199
423
396
447
544
334
445
534
409
507
528
53
386
442
155
255
347
1
212
494
220
222
536
6
420
169
157
422
333
287
359
580
529
541
256
395
158
389
120
52
108
440
173
446
408
376
403
347
457
337
484
465
511
515
163
281
395
62
219
415
386
379
412
111
579
115
445
288
392
543
285
200
17
67
451
340
67
183
518
234
104
315
167
245
200
590
187
284
582
379
428
135
565
337
278
471
489
438
479
554
242
383
560
87
66
70
480
572
520
41
320
33
93
555
105
56
204
369
217
460
575
483
437
171
468
180
272
202
598
264
154
11
360
434
156
413
172
199
303
305
594
90
268
316
340
493
254
29
446
392
412
381
587
522
330
62
594
193
159
578
263
159
154
473
238
227
485
118
331
553
308
343
461
583
591
447
449
157
442
353
42
321
598
595
453
76
40
485
419
276
383
308
304
438
531
480
449
463
553
406
243
528
131
211
197
20
52
206
399
280
569
39
340
550
91
130
563
477
377
211
180
8
243
13
493
569
233
403
516
274
369
361
559
328
296
288
311
365
560
108
179
464
567
372
425
435
584
590
327
153
507
188
360
138
479
279
426
348
440
118
372
440
323
147
388
446
15
298
342
501
222
487
25
491
232
363
564
45
384
258
126
453
344
325
195
333
112
215
442
108
156
166
115
548
275
415
126
44
491
390
279
201
330
337
597
28
328
216
1
48
72
300
196
355
573
105
234
159
586
417
570
11
329
110
111
306
540
67
505
472
458
247
4
589
218
392
475
319
211
152
29
144
84
119
29
337
247
204
351
161
568
81
222
535
243
594
67
304
411
337
264
333
151
522
219
532
264
350
190
353
221
142
387
576
399
550
428
442
113
595
440
434
102
187
466
275
102
159
420
424
260
391
33
319
583
2
63
515
536
152
411
236
307
303
423
77
294
334
470
554
358
394
441
132
465
82
138
195
7
425
93
398
225
335
486
18
36
4
293
429
591
395
126
150
39
254
165
267
460
460
223
69
300
235
188
532
485
324
449
403
232
266
266
128
9
86
572
74
75
547
448
71
592
537
587
177
494
584
546
525
309
274
171
432
