2285
6764
474
746
1548
1600
5583
4277
674
885
2518
442
5111
3163
8935
486
989
7002
1969
431
5236
2211
8493
5421
6531
2134
2383
8360
4115
1905
5916
8863
6053
721
6399
1050
8724
392
2654
3845
5341
2620
7954
1114
1019
7328
6236
810
3415
1409
370
5935
3652
5951
1456
8145
7576
4358
3948
4203
1927
6504
7130
6881
5698
6592
4382
4769
589
7870
3400
4403
8470
8498
4888
1285
5600
2111
1499
4136
6031
317
655
7585
4086
7058
2256
8101
6597
2895
1277
900
655
4739
524
1168
983
6286
3250
4138
7914
4596
1927
7001
1287
8252
5806
5409
8147
2067
2650
1020
3874
8354
8843
8239
6040
5105
7968
7492
3285
5766
5055
8303
886
5726
4160
311
4944
623
5055
1771
4096
8896
2992
2726
1758
1509
5109
1728
8064
4298
5987
3211
6627
3427
4443
1527
2020
6999
3388
1482
3092
7559
4573
6016
2530
2654
4488
34
6226
382
3131
566
5123
1412
216
2763
5135
2962
7211
4063
5299
6264
6076
2888
1318
4438
522
6707
3583
5935
4536
7932
2222
5541
3500
8362
8341
3102
7378
3966
6112
5888
3447
1328
2495
1198
1625
4662
4308
4719
2084
5874
1463
2943
8879
4535
2144
4436
813
2968
3292
8383
5752
4437
4560
2349
8672
7475
7164
858
6352
6654
542
3209
993
4909
5975
4297
5649
7507
6363
2239
6339
6485
5314
8348
2098
8733
2131
6428
7928
4050
7072
4827
5096
6698
1189
523
6860
3637
8386
1462
2536
231
7176
7132
5917
3537
296
266
8546
2981
7223
2343
7309
8884
4974
2380
3935
5565
6117
4040
5902
1077
1424
3357
3748
8134
385
4250
972
3230
7405
1950
53
6324
7795
6926
6167
1544
3750
4187
1474
1056
8036
2155
8117
739
3816
1570
2884
4132
4210
5540
7075
1237
4790
5434
5360
997
2201
6623
1397
688
711
4750
1242
4561
4042
3354
4249
4630
5789
3569
2691
864
231
3582
3288
4934
7731
4338
7180
1269
84
4302
1317
6670
6142
567
3168
2212
7632
5270
8499
8008
821
6947
3277
1731
2801
7238
2658
4655
697
6497
515
434
787
8805
2402
7433
1413
5080
6978
3837
3601
32
4509
4500
3606
7439
3592
7174
4674
850
1073
7378
4995
399
2537
2293
1085
3267
6244
8135
2973
2550
2892
8242
3236
3636
694
6551
2024
1360
148
4511
2548
8807
4625
5074
1760
1086
7948
2280
1147
3280
5956
4298
5092
176
7793
8916
8033
4016
1315
6265
5254
5388
3540
7883
5879
6606
8296
446
6585
6399
8597
7439
3522
6334
1245
6646
1521
336
2056
7597
6336
7060
2591
1716
462
8137
8211
7995
3425
903
6740
835
2128
8103
2294
4489
727
3744
7365
4400
4044
3847
2049
2106
8526
1906
6700
5610
4813
4241
5608
1433
4876
2921
6695
8468
75
7478
986
1086
3177
6949
3306
4479
2543
2236
6077
7321
4720
4670
2256
7938
3356
1030
1356
7707
5116
7991
923
4652
703
3013
5025
8993
1755
2508
3175
7382
5992
6244
2914
3858
1534
3893
6554
4179
6463
3797
8383
8878
7206
6083
3942
2496
7662
655
6130
2735
2392
6048
4085
8222
8149
5769
6421
8873
7138
913
5724
6925
6721
4333
5655
4642
6483
8101
7808
1281
8763
7424
8663
7652
6806
8276
8475
7142
7119
6398
5038
7129
2703
154
1815
6389
8089
4072
4881
8403
3371
6779
2737
631
3257
6831
7053
5411
36
5366
6271
7878
8672
6831
5993
6752
2131
8925
3930
8168
416
959
8422
2525
5956
2793
7812
1077
5744
1526
1322
5133
5876
727
3963
6
7965
2125
8376
632
734
5031
3548
1654
2506
5344
7240
3758
4649
4369
5808
1010
3720
2990
7389
8776
7363
4696
2321
8506
5542
7223
6066
5451
5089
4753
4181
1167
7305
4867
5556
1494
3899
6938
298
3845
6300
2726
506
5152
1701
2061
4968
4280
7290
8088
8175
4381
2368
2316
3242
7136
318
999
5310
1344
3357
3188
4724
71
3825
2853
3533
2248
3474
884
5078
5559
2980
4902
4474
7100
6249
260
6503
7774
5817
1768
2520
1616
896
8288
6746
3163
8149
7082
59
6416
5947
4821
1804
760
1873
1039
767
4090
652
136
3483
8208
7828
6810
3628
4518
139
1140
6016
3239
1338
5801
4828
2094
7486
418
3349
8167
624
8253
3187
8224
4826
503
1440
4455
4812
5461
4798
4993
1455
8979
8845
2819
7145
7152
676
1417
5903
4894
7080
473
6785
3833
4176
5907
1750
2932
2208
6199
1040
4394
2036
6331
1779
7919
660
4880
2551
5308
3678
480
6397
8977
8106
6830
911
4730
6710
3489
1255
209
5746
4934
3593
8356
1622
3906
2253
8330
3799
3489
2588
6319
4072
5870
1556
5505
77
6799
1798
2895
2339
115
8685
1021
884
7979
2817
3926
8294
6147
3441
5079
8291
5580
1600
1668
4203
5031
7342
5561
3061
2991
7206
5111
6789
8932
6760
8569
3903
3664
6405
8426
1593
2007
912
8396
3615
1688
1884
8119
7808
2378
5784
3933
8606
2565
7456
1254
987
7087
2477
7605
4462
4927
1428
5910
373
2225
219
1746
4229
5470
1256
81
772
8951
7756
3274
3408
1719
4277
1594
1016
2483
2569
6574
6232
5462
574
7623
2754
4661
7566
3810
7160
3091
7904
2272
502
2930
3242
8897
3563
5615
1130
7184
3889
5240
1188
2818
7738
7733
4941
4633
2482
8497
3239
3960
2036
5163
237
8786
4444
1917
1798
8507
500
8208
8262
690
2722
6042
6456
5561
3111
69
4112
8867
6546
533
8956
8241
2034
3830
7139
3265
8731
1032
2574
1852
2775
480
7355
4331
5934
2180
4944
8973
568
370
8892
3670
847
3677
7777
4335
1770
5390
1494
5055
7556
8971
241
3355
5748
1334
6754
383
6621
1509
4778
7961
4357
8489
1914
5654
6410
1853
8640
5963
4408
2205
6108
6458
4232
2232
777
3455
7475
5676
5000
1942
7124
1645
4294
4667
7203
2457
8605
6622
6805
5451
4600
1657
1449
3570
3543
6023
5709
317
5899
3354
3303
7021
6363
3665
2585
1375
8773
4525
1003
6380
5561
2502
2732
2903
3591
5790
2747
3963
8065
154
6471
1230
2770
3825
3863
4838
4606
5690
3620
5679
5595
3542
3738
1214
8317
1599
4845
6893
7904
8876
7433
7530
2878
6778
8137
1718
7560
8336
2569
4304
5745
5703
8927
6523
3367
2236
4100
2275
8218
5764
4553
8335
6487
115
5748
1523
5006
7152
186
3262
3398
1537
5190
2266
3067
2910
1768
5829
4598
3772
3169
7867
4955
6417
4234
2806
4192
871
7780
5299
4449
5256
58
8090
5960
7524
4858
2850
1337
1737
7363
8238
3308
6479
1489
160
2388
1838
395
5713
3588
7359
8550
7290
6225
3557
6154
5618
5083
4190
7306
4692
4325
1297
2769
8547
3796
4382
8040
4989
8812
316
2260
4594
6709
6659
5732
3832
468
1311
6640
7733
6655
3861
2716
4175
7905
5909
8324
1627
8179
3572
7291
3496
8843
477
8964
487
8886
52
5497
4970
4737
711
3137
454
5853
8377
7299
6126
1721
3643
6561
4133
8953
5689
537
6288
3820
7151
6277
6646
5932
6710
6450
6788
4023
2104
4605
385
2850
571
2009
2139
7908
8477
4942
4365
7024
8036
1123
1990
7085
3544
3084
5846
6456
600
3854
151
3417
4638
6439
8446
1323
7240
1611
3668
5316
6884
3234
8566
3500
7327
6733
2741
1787
7114
1454
8803
3923
2633
175
5027
1909
7449
1043
2083
2183
2286
7378
3361
5555
4550
8344
2991
3106
6310
4308
4468
1007
1774
3461
7681
481
5083
5280
5468
5896
4906
7903
1692
3641
6924
7860
4123
6676
5458
1588
4985
6667
5334
7222
4418
77
6523
3994
7062
1920
4571
2198
832
2132
3059
5844
7342
828
2340
3016
3981
4256
4329
6764
4893
5702
8984
8558
6776
6872
6543
2738
1459
5102
2861
4713
5566
6156
2706
1259
2294
5582
2699
1360
5364
927
7838
5474
6266
5466
1742
4038
8513
3503
2556
6274
8890
1919
1266
128
8231
1819
8893
6648
669
3958
4862
2244
2393
2348
2877
365
4908
4442
5156
5996
5148
7740
7451
6890
7976
1381
596
2624
8751
2577
4005
939
8022
2903
1398
7511
4428
1474
7046
4444
3532
6159
8055
2870
5015
3016
8346
6070
2259
7567
5472
1198
6484
7582
1958
7306
76
3867
2964
1410
6082
3154
3106
1356
2861
4930
3423
6990
100
1897
4056
1641
8043
4315
4026
1425
7683
2638
1332
1392
7671
5793
1259
4411
2495
1499
4555
3725
1915
1663
1503
3919
7230
2053
4510
6265
4668
8332
6138
3610
8281
1860
5382
4194
2263
8944
819
4785
5259
1360
4351
449
8557
2452
2915
310
715
5165
4695
2798
5929
8294
7428
7356
3102
5335
2405
2078
2750
5370
5219
8142
1023
1302
2980
7549
3707
5785
5535
2371
994
2739
7383
8316
5296
6421
1098
6852
6370
2600
6900
579
1136
5178
8381
6276
1128
4260
2579
2591
8551
2151
7389
966
7172
164
958
8789
2763
6346
6066
7075
3475
7490
4224
5453
2165
4439
6276
7257
1057
578
1824
2583
447
3122
3014
8172
2566
5751
3045
8704
5460
8975
1493
5688
395
5010
8128
4310
2276
1608
144
6732
5347
5363
8847
3287
3783
47
438
472
8932
1085
5054
5822
8223
3519
7437
2751
4733
4078
7357
5142
5008
7559
6143
1941
464
5844
6999
540
4026
7894
2876
2426
2023
80
4126
3120
5443
5311
588
1741
7
5670
2218
8964
662
8574
7059
5610
4313
1219
7089
1587
8776
8961
678
5660
3958
957
325
5419
6687
7960
4186
1282
5929
4350
5579
1835
8012
1245
8466
8117
3782
8769
2080
1405
5783
2196
5783
8
1751
211
8108
188
2575
524
7351
8639
1163
7858
6568
5391
969
3843
6912
7144
8102
7593
5577
5228
8182
8237
8515
908
2797
6506
3340
6413
8823
2125
4707
5446
5153
5882
1658
6406
874
969
2821
5618
273
6272
2131
452
7468
386
2632
687
4666
2141
6108
6607
3774
2353
3500
5717
3184
1900
2723
7352
8593
5443
1940
8343
5627
2803
5191
8579
132
1350
3638
7202
669
5416
4170
894
6347
6825
2215
7420
7192
8101
5072
3191
7735
3071
4649
2533
1067
7532
5712
514
1410
3748
3990
5240
1355
7339
4591
4560
4097
8325
5396
4754
1035
3641
7001
1089
5034
3476
7800
3170
2006
7398
5474
6898
8365
6874
8629
4055
5257
6502
3390
1975
1653
4979
2140
5493
516
5318
2135
8698
1422
5581
1627
3727
6839
4037
837
2337
3558
3224
8792
8054
831
5124
8852
3459
4421
4926
1589
5256
3984
2438
6467
1579
1526
8444
115
8321
418
6688
7153
4771
1998
3815
1440
5261
125
7130
4544
3218
2082
832
291
7339
8622
8011
1444
686
1794
2264
6660
2163
6434
1856
1458
1186
5042
5044
8839
2888
3720
1149
5899
4225
7613
5689
6183
8031
5553
8177
3368
5656
5082
5408
1180
6790
7577
3679
2397
183
5129
355
5007
6837
5573
2975
56
4288
4388
2669
5667
4663
1324
8528
7520
2702
6400
1118
1788
1258
8103
5441
7096
2783
2595
7804
417
2794
2306
5243
6771
7922
2253
7107
4634
6089
4123
4776
2191
7297
6153
5878
3660
5234
8240
8967
6772
2696
4291
3506
6506
201
5139
6709
7892
1035
8473
3113
6211
7028
8671
5644
4370
7435
6011
4444
6553
564
473
807
7269
7314
1540
88
6957
2868
3129
8068
8012
682
8800
3050
8846
2392
3320
7080
2448
2361
4230
1042
8065
719
18
6854
8231
7335
8446
2075
7543
818
1747
104
4757
3101
5482
7577
8971
6882
7635
3043
1402
5959
1654
1737
5899
2780
580
5775
4873
2643
2904
852
1453
2224
3008
5932
4884
6464
8794
8067
8793
4741
8445
6398
3411
2487
8517
8772
3218
4695
1106
714
4108
3853
310
8827
5998
3185
7705
5846
6361
3182
5795
8705
2659
3315
7381
7780
2167
5307
2532
392
1314
1340
8771
4327
5971
8140
1276
4157
4654
640
2098
5835
220
8855
7222
5268
2043
7090
6820
3153
2902
7167
2458
7935
7153
3427
7845
5328
5675
5972
5063
559
8591
1921
1193
8741
265
5009
1184
776
3722
2624
95
4651
4448
4424
8290
6241
3397
1860
6642
1651
3115
2184
4401
7185
2681
2620
724
7077
8596
1263
4688
2099
2764
216
7618
2428
6953
8728
2503
5938
1315
5380
549
1886
8651
3438
8860
2101
8290
8346
3925
8409
8827
8206
7677
4948
6391
6203
5781
4535
6542
5257
7394
1144
1933
158
3100
2066
4976
271
4277
6926
6092
3623
4824
4256
2377
6940
6707
6988
5651
5161
3578
7303
1733
6262
6121
8146
6321
2364
4694
7129
4573
1500
7225
6803
6053
2231
1337
5689
8936
6280
7677
1321
8418
206
4475
1828
8063
3598
5712
7539
55
6101
3725
2961
722
4042
1786
2594
3664
7058
8994
2193
2645
6309
5050
2734
656
3478
583
5399
7247
7409
4971
3805
6657
6068
5196
199
5471
1407
3593
8669
3088
2712
786
8443
8823
4440
6723
8717
1771
369
4420
8361
8179
7857
6920
7119
2460
552
3824
3878
5096
1860
2996
4048
2677
3942
501
758
4743
45
3402
3294
1235
3889
7156
7352
8593
8314
8072
8696
1156
2127
7801
6398
7474
8186
5704
6530
2331
3248
5241
3498
696
4951
139
5366
7881
744
3675
5282
2850
4987
637
7346
5619
954
5793
3149
3275
3302
6038
8112
5296
6173
5118
3675
8710
8781
5309
8841
5722
6083
1718
2945
3889
3748
6292
6513
465
7181
8811
7818
3436
6109
4737
2854
8885
6495
7916
3726
3713
7502
872
224
5443
5714
2613
2542
907
7471
7011
4994
6996
3172
6091
2421
1280
3377
444
5503
8595
8641
47
1880
5289
703
167
7725
1181
5973
7912
4759
4919
8688
5635
7597
8512
5959
8851
2289
6189
7714
247
1608
7222
1392
8156
1563
5002
4048
6406
547
5577
3593
7428
4049
6029
3197
141
4355
4462
6368
7490
5747
7913
6023
6890
6762
5348
7683
2780
1361
8824
4284
6044
7984
8212
7490
3597
6455
4074
5703
831
6137
1904
5729
8734
785
4597
307
7103
7125
3365
3435
6903
6295
1051
8190
4657
2227
7467
1351
4780
4050
2977
3031
2623
252
265
1831
842
1293
5220
2137
6602
7494
1163
8804
4984
6388
8379
8821
1776
2478
4510
4171
825
5431
6738
6459
8245
8412
4064
6298
5606
952
3531
1161
1043
6138
8738
4146
22
3800
4868
625
1036
3205
1943
6278
680
4477
1013
8407
7876
3538
8796
4419
5381
3407
5568
3137
7561
4097
2856
822
4152
2094
2513
7957
5148
5941
3035
456
8623
6941
1902
3501
472
5826
7072
117
7361
3802
1118
7238
2200
3253
2540
5263
4583
2299
1563
5963
4082
3391
1238
4791
4733
937
5593
3238
8783
7594
8943
1165
5935
680
8823
7816
4658
4673
4201
2458
7494
1901
8650
2212
6263
4484
6122
5229
1491
4326
2422
615
355
5505
1575
5010
912
6933
6751
5626
7544
1996
1339
8508
6684
6557
4673
8254
4767
4095
4559
6323
3629
2763
4597
3182
6373
2618
4897
7430
8397
4733
4277
6664
3624
8108
215
1843
3023
3662
2797
3364
8097
4551
7122
2937
384
5439
6546
2243
8442
4359
4862
5836
2448
3207
6124
6832
8663
131
5382
5705
1952
1980
5821
8410
1230
74
4762
6605
868
8343
72
1823
152
263
2802
3505
3648
3556
1317
1498
6184
7726
2097
312
8924
4151
5633
2798
3032
3860
4405
2647
2082
7255
4168
2001
5721
8281
8651
7212
5068
2942
8045
7697
2769
5753
4325
8480
8336
7590
4974
7641
4524
1006
301
4444
7262
653
4466
6205
1165
735
4121
6615
2558
2481
508
1073
4499
4685
871
3189
8235
2629
199
8629
1303
8352
6079
7313
300
410
4401
8019
4778
7789
2966
532
1160
1606
2514
143
3569
939
7759
818
2583
1408
5484
6198
5130
2440
1281
8396
6253
6968
7954
3351
5822
5176
4142
5192
5272
6379
3458
7068
3591
1742
2199
2163
3815
7573
2525
2513
8409
3937
2466
439
8634
7302
1956
4332
2642
2776
3486
2948
278
1629
2930
6627
5451
294
4227
5651
4160
79
2350
8528
3110
214
3293
8589
4127
256
8975
992
2287
8111
2296
8776
2308
6503
1200
6183
4374
7032
2602
7434
3786
6942
2763
2517
1297
5500
3765
3643
1504
960
6640
2491
5900
927
1564
8607
1755
8697
7220
8638
8714
3615
5234
5825
1775
4697
4596
4523
8066
4916
6280
4689
4917
161
7634
4265
4660
1840
8446
742
5675
8227
3427
1769
6244
6847
7303
7484
1977
3949
8681
6169
459
7776
319
3191
7192
38
2644
7476
2011
7281
3573
2390
587
6856
5217
579
7417
566
3307
1152
8183
2540
5301
3166
4314
3730
8723
2281
3148
6000
601
6459
1417
2715
2073
7014
2123
2708
8653
5990
7388
6410
701
8316
8655
7255
1702
5351
276
1304
7512
3892
7086
6590
4801
8647
1363
6786
3643
6682
8559
2750
4727
4122
8941
5518
1637
8049
3564
1909
4794
8341
3961
1475
7772
1392
2031
8540
4
8065
6079
6260
1624
695
8854
7615
4068
3702
3498
6557
412
402
2848
2898
329
3368
8285
5684
3446
4708
4926
997
1198
4581
5959
1801
7701
8085
2957
5665
5623
645
3225
5733
2104
8717
1273
4961
5296
2504
3300
5614
8162
3278
7313
1993
5891
7187
6572
2297
4010
8788
4679
5354
8480
6498
8610
7406
7916
5176
2886
4387
5643
3991
8659
8560
1403
424
4340
57
2787
6313
3372
7402
3705
8817
3975
871
6623
6453
7975
5362
658
3677
3650
7438
2049
4281
676
2305
7543
4660
702
7982
2908
3659
6515
7872
766
7543
5907
8730
928
2725
6622
1147
4
3783
4190
8720
8362
2876
4209
6090
3269
4898
1170
6646
4750
2396
2243
6075
1848
3654
3122
8462
5863
4877
1917
2889
4981
932
6010
7466
5699
3121
8239
2151
2864
1301
6114
4832
801
8595
4159
2949
5549
2208
8053
4126
5108
8176
683
2137
1171
6322
4740
7670
1047
8889
1419
1567
1300
8059
5773
3643
1888
2895
7338
6610
3560
4879
5671
4090
527
8133
7892
1423
591
3474
5997
5914
1309
1153
5039
3712
8230
7691
4904
4747
6719
6971
4275
5687
3550
6409
2304
1082
3347
3708
3364
7110
8450
6064
7017
4923
8159
2360
2324
5477
5750
4069
1127
4733
8383
4916
8651
5476
4083
7661
4756
5009
7493
6440
2385
1147
1007
3650
4390
627
5848
2461
8456
7905
6039
1965
2860
751
5055
6335
1868
8138
7383
8804
1719
2948
6349
6307
4028
903
7350
2789
5107
4196
3980
8146
1664
594
1037
3329
6005
8258
2924
3116
5922
8726
1758
8810
1924
3066
8643
5277
1671
3434
2262
3196
1649
1995
6155
7852
2309
6551
2869
6671
5121
7896
7505
8022
8156
709
3506
7514
1271
7314
6473
5830
919
8505
2353
4849
4028
431
5325
1016
1770
4338
143
48
2385
1206
3109
8521
147
3783
2354
4694
5017
4632
534
3592
2210
6138
4899
779
5410
6008
5949
5168
8755
8343
1285
7473
6442
3227
1835
3315
4736
525
5477
2533
995
7057
4168
2320
4657
8139
3617
7799
8521
8017
8417
8109
749
3020
1443
1829
1200
344
5899
3212
7288
5251
3749
5012
1776
3666
4983
6866
573
3143
2108
5535
4515
439
4646
2619
6843
6392
5567
901
4963
8087
245
3487
8610
8151
8175
4374
7366
3846
496
4232
2196
5809
8750
6350
1339
8848
3919
5273
2406
1876
6578
3489
812
669
3325
664
2502
5889
3280
1972
8332
6534
1077
5164
7156
4224
2891
986
5776
117
8422
4127
8147
5174
5932
4524
2920
737
4134
4460
598
1
5297
8431
1868
7575
864
5417
8189
1346
4448
6786
5016
1881
6832
3270
296
5225
7810
2604
5914
1915
2394
1132
8896
293
3035
6770
7305
6232
8384
7439
5778
4105
7446
7302
7013
4305
595
3284
3965
2575
7898
1424
1379
8262
7823
915
7792
2625
8241
2337
5224
2866
8097
3421
2719
8714
5110
4491
2011
6810
6490
1134
237
2320
5036
7810
7365
5526
2698
5523
5665
309
843
7645
3329
6671
2903
781
35
5713
2068
7436
966
1295
4582
2380
8229
1417
7433
3339
4858
4851
1510
5101
7348
459
4232
5030
8678
1699
6050
188
4133
903
791
651
6774
7640
1029
4650
2970
327
1662
202
4352
8285
957
1015
1989
5367
1050
2735
8050
7351
2970
7952
3185
1661
7766
4790
1157
2724
2381
754
3798
6545
6057
1590
14
871
3363
8364
1571
5950
7788
3079
1897
258
3482
3265
7643
959
1011
1091
1694
4857
360
83
2283
7410
4033
1679
6462
2029
3537
7217
743
1344
1014
5947
4021
1446
8799
2833
7634
8322
4226
6493
5887
2432
6489
742
3548
2429
6248
8178
5292
143
1086
6346
4643
5486
454
4837
5485
4034
153
6700
6125
5214
697
1413
8710
4715
1620
1180
4994
2079
8035
3003
3868
3508
5526
7201
5732
7805
4383
6961
1311
7211
1575
6433
3607
5214
3697
371
3678
8574
4785
1417
4307
2354
5615
3249
2159
175
3862
4168
1895
4714
2892
4899
3614
6530
6270
7856
5893
3172
3458
939
1674
6873
2720
5557
19
2477
3925
4966
981
8942
2645
5731
4005
4749
2804
1771
2234
8905
3410
7131
6310
8510
2713
1345
943
5205
2716
6702
5326
1125
8541
349
8930
3423
2947
3432
5778
2087
8615
3705
8230
8830
9
8094
6672
2445
7324
3550
2749
5284
5026
3928
2002
4392
8405
5922
7532
7986
8324
5111
744
7004
6734
7594
5500
2927
2270
1855
6064
2217
7338
1329
2588
3650
1418
2678
648
677
6522
110
8322
8907
4236
4354
6879
2506
5445
1346
8473
1381
1906
3255
6225
798
8223
8239
5954
3159
2499
1102
4098
1237
5708
2689
6221
5645
3546
7063
3327
8873
331
152
2302
8395
491
3063
7698
314
2805
7948
1522
7082
3226
3738
2165
3526
5732
399
6097
5201
960
2106
4995
2626
7751
2894
3395
3197
5223
1901
7859
1117
5218
1976
8157
8256
5723
7970
1926
3524
2072
5925
2099
4733
3008
2060
822
464
2203
1119
357
5449
1016
101
3287
1513
7095
5636
2012
6804
228
116
8024
6886
8044
6673
275
5069
3240
5895
5960
6714
6851
5160
6624
1457
4641
7345
3410
7624
8750
2722
5570
5069
5519
460
43
7416
5473
4094
8730
2263
6365
1024
4953
6487
7461
2224
884
5192
6822
4098
1091
4570
2593
5354
6309
5676
1287
8085
7061
8835
729
4629
1668
5119
58
5348
8851
3609
849
3264
4002
1633
8486
2509
2018
3885
6808
3712
2028
2483
4529
47
3588
6207
2656
4726
581
3680
1712
5724
226
4836
6617
1500
7926
620
3307
3503
8273
5163
6051
6439
1168
3528
8732
1359
1152
7466
7723
1446
1662
7091
5342
82
1062
181
6545
1192
614
905
3143
682
2125
8159
6754
5010
5190
1584
3424
1795
3875
4895
4194
775
1160
2470
7665
5602
8518
8196
775
2789
2456
4076
3344
719
765
2521
7987
1894
1242
7205
3848
5979
3811
3377
4088
3435
5822
8503
1764
5362
6549
3179
7147
5995
7454
7648
4739
3762
8784
6526
235
4658
2412
1217
8738
330
7710
1438
2528
2954
1230
6870
4584
6411
3040
6653
8542
7276
2452
3692
8827
6178
1282
850
5785
8367
7038
3793
8541
2763
8043
1765
2801
5728
608
296
115
4687
8828
4136
3669
5648
4631
2362
3161
1454
7998
1735
6497
4633
4106
1388
8825
1733
3766
5000
3698
8112
3683
1383
5483
3697
8275
7428
8461
2252
582
8331
6004
3066
1843
2523
5589
5453
7487
3618
3833
5889
6715
3307
8021
5789
1957
3051
4586
6257
8446
4250
5679
5546
6123
2516
8161
4945
8106
991
789
7177
2899
887
6058
1215
7944
2372
470
2684
3227
7949
8667
6038
8043
4710
325
8677
4978
8237
4082
3113
1109
8251
4975
1136
4993
8453
6564
3509
1286
3922
3131
4156
123
2615
4394
8994
519
2622
1689
5594
919
4390
2570
3434
2784
8035
7566
3252
7867
3750
1534
8856
6920
5839
6844
1519
5272
5830
6894
5706
4635
7706
2115
8521
2258
6049
1958
8119
2467
6374
7269
4243
2399
8344
8197
857
8569
8998
8683
8975
3469
6233
1785
1700
8698
8602
5859
6610
3029
7251
7653
1660
5356
1018
4235
3315
4788
5519
7140
5875
6912
542
3612
6714
6558
5288
7421
4336
1527
5948
8177
865
7403
4691
3775
7168
3879
1449
599
4270
2293
6487
331
5264
8237
2782
6853
8758
3053
4846
2031
3800
322
4260
7419
2147
5322
5218
5239
3521
7944
8648
404
4183
2779
1984
3468
3159
6372
1351
1781
46
2706
2352
550
8184
8563
5266
2237
7727
8521
6746
2003
7363
7566
3899
5493
5723
3614
7753
3128
8785
5416
6086
8439
3036
7232
3364
6172
2319
6020
6680
2601
3135
1905
1768
1626
394
8801
1931
5609
5706
6579
5654
6348
7240
600
6584
5255
2926
4533
3875
450
8989
6754
762
5352
7557
229
3930
75
7291
6924
8665
2878
3476
7846
4163
929
3744
172
3148
7139
7642
5689
1976
6751
4764
8035
6805
6965
8575
4765
1594
1699
2911
2626
4113
576
8061
224
8887
5878
8799
5887
7253
162
2994
1796
527
3216
5304
6527
2193
7279
5404
3701
5986
3303
1569
1523
7472
6706
6618
8672
387
2542
7469
7533
2598
6574
961
1011
2959
4527
3263
4185
2280
7646
1989
225
1966
2508
3260
7350
8535
4619
5475
4245
7033
7943
7988
5244
8581
6860
3101
723
154
1815
8833
4758
333
3828
125
3420
6606
6700
6663
2887
3862
3057
3135
8056
4045
6584
2362
4054
3857
4064
6379
2163
2816
5669
2418
747
3742
2796
2777
7562
8162
8211
7337
6825
1683
15
1396
429
6752
904
3219
6604
5924
8621
7695
2524
7624
6680
2796
8818
7195
333
6290
8428
2429
7996
1541
7780
6265
8825
7837
8817
3760
6204
8984
3819
8450
4386
6690
3619
2368
4159
967
4445
4357
3022
2863
6403
8307
2504
4792
8375
6177
5044
3234
5460
3178
8600
7419
162
1569
4781
5394
6372
6960
6144
6449
2856
2032
2618
7068
826
4515
5598
3631
2805
8485
970
4851
6007
6913
2100
1360
8096
3192
4658
5375
1215
4708
7918
5598
5609
2211
5500
391
5911
8958
1170
930
4122
1057
7299
3678
5406
3533
5215
7855
8896
6121
2331
4185
7798
6560
1328
4226
729
3363
4371
8486
977
5367
8752
1036
7766
4889
7012
726
1278
5470
886
1830
4535
8151
7216
915
187
3450
3264
379
5227
3964
7237
1650
5946
8002
2249
4969
8031
6806
3386
954
8030
6758
6716
2871
8892
2417
6367
8091
7164
5299
3088
1112
5739
2032
8174
383
3732
1837
6964
4927
8761
5722
4518
6300
8552
4827
4769
4281
7341
8878
20
6928
6625
6359
8861
6237
647
7782
5657
7099
5151
5666
3612
2270
5777
832
681
5736
5351
2475
2151
1983
2975
7871
168
5515
7124
3897
3846
2917
5168
3110
6532
6643
3480
444
6903
1809
1292
8245
744
3529
6889
6287
8814
7011
925
8745
5908
4479
6007
7873
4189
7335
6464
4064
6431
1410
4706
4350
4947
3579
5251
3250
1160
1296
214
7898
8286
7798
8926
7753
742
6858
3640
6102
4115
3083
6676
2161
4060
8835
4735
4352
3930
4451
1225
4544
6865
5014
7382
1863
7476
2022
7154
4470
505
635
6838
7981
8078
7930
4202
3630
5759
8442
1726
1699
6710
4593
8401
275
1381
3165
7853
6423
8826
1735
1189
5971
7488
3082
2963
1752
1702
5506
3114
8143
4022
4207
2613
4328
6524
1856
8315
1288
6392
2460
4680
145
5515
8227
4241
8963
4962
4444
75
7936
4498
6096
6896
6422
2496
8683
2055
3341
8291
3419
2231
3784
7497
6976
2008
3448
3963
2316
3581
5564
229
908
6674
1757
7518
1956
951
6254
136
6529
4078
3121
4045
1208
367
5219
4894
5532
652
3234
7465
3349
1563
3453
1391
3891
1841
7209
7518
8681
6181
8261
6298
7719
2512
6795
4715
2944
6159
7519
4035
4131
2970
4939
8278
5148
293
6649
1742
6818
1936
7426
6051
2924
1516
1027
67
4524
4421
6639
7747
2949
4655
4191
4394
4929
446
8519
3510
6059
5878
7098
1014
3284
2555
3605
2883
1441
8654
1073
7676
8817
4077
6746
7397
635
5182
7740
7170
1662
8160
7734
5701
7355
3989
2367
3130
3845
7608
636
8588
8705
4591
7587
8246
1400
453
5546
2552
8753
6543
2361
4395
8715
4888
2430
8003
4361
4268
1495
768
8214
8533
2449
2009
847
7982
5871
30
2392
7673
223
951
3430
5079
7079
5711
2004
2364
7765
1807
8657
8707
5011
8072
5639
2654
305
1841
1047
6690
3261
2881
2527
1986
1349
1425
2533
1835
1701
2585
6917
8567
6700
2253
2910
1577
3657
2708
3275
7651
2347
5637
5166
7415
1814
1559
1287
41
4833
1859
5098
2045
6884
2552
2374
2306
846
5883
2873
3274
6637
4360
3065
7733
615
8361
4133
25
4437
5826
3282
8200
2664
1223
7442
2574
2739
8795
3367
494
7160
3526
7574
2096
4222
345
7126
2760
6816
5529
5719
5358
1321
870
3279
4166
8724
7087
6127
8244
6328
6428
8669
7942
192
2584
6107
1637
7960
5961
588
3464
3203
1037
8847
1143
818
7514
4524
4706
735
7505
1227
5292
5079
1288
6852
8479
5062
5452
6593
6605
8869
1952
8143
4288
2846
3508
6139
4647
3272
252
1314
1661
4166
7491
5017
2407
3529
3533
8171
4138
8246
7654
3025
7511
6642
3682
4307
4429
2186
2938
4965
2985
3552
1256
6605
6139
3943
8695
5192
2480
7583
977
6204
7304
7196
6510
80
2940
8233
7127
272
5534
4914
5252
4605
540
151
488
201
602
644
1271
8736
2043
517
5544
3426
20
1959
3349
3093
7877
1994
1572
1631
2580
3482
8930
2560
8552
8733
5603
8854
7928
1687
928
8971
6590
3585
461
8273
203
1560
2550
3318
5303
4729
6157
8594
957
5450
8931
2813
5961
1460
5881
6190
4871
6837
2289
6598
386
2545
8270
8178
2933
897
3172
7159
5929
4060
1454
8888
124
5561
3666
2996
2858
935
8243
5675
4395
2475
6947
1334
7961
2753
2355
4062
1115
70
2232
7796
5619
1490
5276
224
6401
1747
3750
1957
6530
3092
3486
2178
761
4412
5546
1884
2759
883
5638
798
3242
1480
6611
3747
6952
373
4223
2394
654
6692
8332
8823
2289
507
8176
6179
7800
8154
1937
5370
7004
7246
2826
2306
5933
1342
3847
8627
7555
2954
161
2586
7078
1731
4886
6591
1322
2093
4224
2015
4858
6265
8896
3124
1303
8984
5463
1303
870
834
4009
6648
1060
7044
6774
7252
1790
776
3494
4934
3641
4527
8657
6576
4202
8217
6752
8152
4444
4988
8019
6928
7884
7387
8256
1845
690
2198
341
5977
822
5463
3802
1940
5485
4509
862
7661
6815
1369
6724
3183
1517
5118
5377
3239
3660
6285
2453
2801
6121
1286
1756
1138
6328
6156
6152
7656
1621
8319
6349
997
6766
1717
5744
859
4171
3010
8237
4561
8171
4483
8011
7243
2028
307
5646
6361
4767
6669
7074
4950
3893
2392
958
8200
6130
2192
2780
6887
1501
4353
2940
5942
3601
8863
1440
5199
4611
1809
1927
3147
5151
1619
4353
6711
7170
4027
8108
1258
7950
4731
4689
7291
1470
4333
4446
5863
4494
6573
3049
679
7533
2712
4549
6145
746
4290
7780
581
3560
1093
6698
1680
7256
8005
241
5637
8753
4457
3070
2847
4983
6396
6736
7811
2365
5257
7352
2322
8224
7773
4145
2581
7761
6534
2270
3025
8678
4290
1962
7058
2159
5866
1912
8315
2784
4717
3639
3699
7343
6001
3026
6515
5764
2172
2234
2876
4560
5112
3872
918
91
6293
1906
4204
8126
1
8425
5139
5186
5315
6973
6584
5403
3285
6046
6473
7004
5319
2896
1259
6936
2207
7969
5987
4258
7335
6355
1953
6234
4447
8873
8911
4085
7305
2199
3151
5807
1684
2338
5482
6728
656
393
1997
7016
3432
7727
6365
8832
3494
2414
5043
1263
6192
1898
2987
1629
6264
847
2054
6704
1265
2535
4584
6560
3613
1868
4836
8473
7836
3358
4859
6165
6894
8610
8963
4731
6954
6960
5892
792
7623
8559
534
3600
5119
4287
7654
5585
8996
1914
1303
2029
3946
3440
1373
8586
2932
2229
269
6759
2419
3777
1913
6053
6953
7405
3144
4671
124
1357
8049
2784
1870
4966
8631
3088
777
2380
56
6458
1871
2488
7680
3341
6223
6446
435
6709
3668
2183
2448
3229
543
3599
6465
3548
2445
5836
3622
7441
8076
7889
3281
7132
566
5143
6852
1610
5968
3591
8454
2548
5637
1718
61
1141
6811
2965
534
1678
8119
5876
4712
3048
4060
8963
5214
2061
2214
2669
1435
6612
8165
8481
2543
4791
1589
1830
8376
3130
2594
8946
3604
8019
4873
5199
6746
4200
2210
5787
8073
7065
7482
7338
2992
8723
3788
1658
2101
3622
4759
5931
6889
676
3139
2065
4056
5895
197
2127
3526
4701
5898
2874
1925
482
7112
6015
1804
4843
8808
6474
7041
5898
5336
2900
3038
7787
7741
5695
5737
4186
7381
1770
6574
990
4746
588
3360
5934
3515
8606
5620
7167
4109
8034
6950
2543
2406
4818
8365
3481
5746
7726
3745
1957
2870
1758
6285
1083
1082
7976
975
3524
6036
8150
8989
4478
7199
5487
4834
4506
5419
6784
3189
539
8486
4559
2930
4548
7575
1180
3866
2934
4491
4725
6574
7966
8833
7156
833
1232
384
902
6771
4826
3912
3731
905
1494
1837
3294
6098
4637
3360
224
8109
3477
8929
8565
3246
7023
2439
8634
5239
5895
5823
2264
2195
3505
2203
3114
7294
2332
2561
4552
6480
3998
6476
8294
1368
1932
6017
7876
821
3804
2064
5946
4272
3329
8770
5015
7509
6474
2617
8166
6864
6528
5179
5750
8669
6113
2200
189
40
3510
3219
3792
2578
1501
8302
3401
4717
4892
6125
7462
3647
6811
397
5874
106
36
4293
7562
8708
4530
3130
6926
1066
7971
1345
5105
1111
1468
7886
7903
6155
6863
6561
3139
5742
179
4488
7258
4292
3001
5879
6479
1939
7598
7468
4700
2287
4594
3735
2386
8566
1747
5622
2565
3311
4870
2688
1358
2158
3156
2207
4790
898
965
8880
2380
8592
1268
7623
1452
472
4431
6763
6053
4293
6153
600
2508
5947
5325
12
490
8832
449
3753
6199
68
5565
4961
4441
6853
1711
5656
8229
2579
6652
1683
2584
8683
7052
6750
4483
4159
7491
7971
1497
5274
4408
423
8687
2426
5716
8870
7335
190
6536
7199
5416
4606
5547
6898
5901
2465
351
8005
6360
993
7767
5566
115
7684
7399
3875
347
7644
7744
2557
530
8806
5998
1003
2895
8280
6752
5179
7756
691
6972
1059
7084
5799
44
4789
3295
2726
1929
6833
5147
2696
6146
2485
5201
8982
3649
7304
1737
3867
58
6316
3418
6436
1897
8633
322
7017
1535
7230
6407
8163
8705
3706
5912
6885
3997
3657
4786
6519
8993
5138
6347
365
6018
8901
5637
7886
5270
5642
1111
4824
7886
2412
4366
2073
4908
7661
6291
3145
8637
939
5114
2139
2450
6024
6862
6978
6329
2135
4428
3824
8939
8786
1090
2338
1418
6025
7451
1959
8273
6085
275
3543
1064
3970
914
4832
4386
3730
510
4300
724
8359
1889
2167
3261
6456
6676
1076
2021
3469
7535
4574
4043
7406
3430
2140
7894
8813
2169
3486
5160
5732
2472
324
3362
6993
6033
4302
1584
8366
8672
2390
6403
6676
1505
5178
2716
6856
6485
1173
843
2870
2911
5189
2229
7010
8978
7647
6171
8485
6273
1126
4693
5484
2506
4843
3338
6197
3648
3383
8106
4611
4099
6707
8851
7937
590
8352
5845
6714
7885
8627
5882
6278
8465
5008
308
5809
3026
711
2637
8790
808
1516
77
2489
7157
3520
1988
7578
6386
2837
7989
2254
7933
6167
738
1951
1772
6334
6666
4803
3568
224
5788
7490
3857
1180
2070
7473
706
1952
3366
6723
6697
4187
2020
3471
1734
2807
1867
5429
6460
551
947
8978
2417
463
580
4876
2342
6184
5056
4479
7539
5794
6693
4629
7467
8556
7133
6700
4814
7247
8101
5065
5145
2432
1679
722
8863
4925
5443
7961
7074
3887
5545
7989
6186
1637
3020
5923
2433
8201
6699
985
3648
3636
2153
8859
8114
340
3951
2167
3603
790
6163
4834
8052
5359
2192
6565
2886
8684
3081
4619
5184
5417
3234
6153
8199
5038
5966
2792
6248
2374
1359
1015
8885
8081
3933
8272
2970
3986
4518
6677
1660
5042
3982
452
7917
1723
211
2838
670
1001
2552
8477
801
6162
5908
1787
2249
5879
238
351
2568
5346
5776
3083
3645
1879
3933
5553
3521
7711
6455
5276
1276
2360
4257
4578
6297
2656
2670
8135
82
7904
7421
5373
2113
3774
7138
1791
6653
5282
74
2221
6605
7658
2290
6994
5332
7761
4363
8153
545
2162
4222
30
4201
7858
8785
2065
2212
763
2020
5540
7537
8117
4123
1430
1558
1784
2407
241
8760
5828
2251
549
8075
5969
5088
5287
2590
8019
3958
8076
4079
4220
5519
5960
2007
7613
4705
4012
5105
5984
3641
2955
5300
2493
102
4837
3298
6540
5793
516
7916
7698
3559
7916
733
7500
5240
6960
48
4840
3719
6303
4286
1540
8414
1806
3768
8390
2982
2863
5645
8954
3256
5254
3656
5834
2347
132
4714
3391
4338
4701
6031
5958
5641
6964
720
342
2588
5575
2564
2782
4172
4565
1491
5764
4303
8235
1009
5647
491
3790
4428
1542
5407
5218
6354
6105
6741
7649
1777
3685
6824
464
8180
1694
5646
5699
2367
2396
6434
6649
8880
3352
449
482
2642
2112
3006
6020
5439
8542
5452
3709
1689
1639
6208
1179
4253
1679
4057
968
7716
2169
3229
8393
6807
1036
6033
1493
1167
3642
4484
8426
6711
602
6465
4050
6990
8717
6399
8638
1709
7557
6062
1569
8401
7554
3944
4325
7741
5966
5762
4299
3455
7352
6942
3443
7733
1038
3294
3124
6612
3459
2239
4869
5
1552
7584
306
7980
7967
1013
6610
4726
4962
1412
1285
3023
586
947
7595
6222
1964
8116
5016
2469
2893
1311
8564
4288
1038
7482
3350
4673
8507
2591
1864
6942
4734
6946
5877
1816
305
6638
8039
5529
1656
3131
3598
7569
6388
477
7771
4500
8195
1492
5850
6107
6309
8644
8950
5966
5634
2001
502
8619
8135
2912
3757
4854
8328
4004
7119
8533
7871
7828
6464
8463
5546
2438
6967
7688
7563
722
4503
8459
7737
37
2366
8749
483
6905
6717
8306
7085
7261
1856
174
5107
4358
5169
4722
1306
7426
3789
216
1526
2828
2024
3525
1614
3737
6940
539
2404
3910
652
7176
5048
4340
7990
2486
8012
4337
503
5128
8562
3084
8793
5605
7970
549
8720
7996
5872
7727
5242
5845
8546
3699
5548
4064
2799
3513
1377
8964
5402
8781
4989
4918
3070
8252
6432
3051
8708
3066
4351
1820
7767
482
1724
1806
7817
7041
8333
4058
3910
8103
7226
4695
6054
6683
2232
3226
632
4521
7370
568
5418
3875
5488
6152
1181
2770
1415
6448
469
6807
6896
5858
5511
3426
2109
6002
7203
1893
4277
7239
1024
7047
6961
7483
6775
4825
5711
537
6751
7582
8332
4995
3807
6643
3751
6516
7131
3961
4392
6000
8670
3851
7
6734
6966
4056
3481
2872
6460
6551
3892
2647
2642
3162
6236
7597
1984
8433
263
4920
2631
1611
7002
40
8614
4395
7847
4550
5771
3301
5758
2584
2777
1571
7535
877
8695
4465
4426
4466
1410
2113
2182
7278
1713
2060
5662
3072
3614
4014
4098
7275
316
8013
1217
5492
4427
1397
7931
4560
4760
8762
2621
2204
802
1788
6190
162
5352
4680
1118
7892
2518
5513
5263
1801
6055
6810
7595
1417
1260
3118
6493
3079
7130
1014
2595
5634
7481
6999
5049
7975
3192
5662
553
1471
5270
1176
38
3881
2284
7170
8209
5332
2463
6489
5618
3034
7417
8871
4400
4124
6159
12
5363
7830
269
6789
7102
591
596
5499
6819
1640
5958
3498
5711
7542
8953
5612
8836
8302
679
7138
101
5636
1135
7822
4452
4471
6075
176
5543
8972
6898
3899
5506
7118
7616
5443
1654
7575
8954
2558
8558
6598
4966
964
4178
1477
8422
6020
8284
3517
3973
8860
760
2912
6050
3660
3313
8771
5194
8992
3983
4190
8394
8569
8212
4882
8369
1742
8357
8325
5940
7836
5862
4173
284
943
8974
3311
18
2564
106
2050
6866
3997
3893
5397
2853
4991
6813
4538
7784
7636
5729
534
2178
1112
6030
3645
1307
3530
4913
5271
6416
3633
5863
1425
7724
2976
1104
593
6928
2528
3889
6050
5586
4000
3561
1775
6571
8491
1507
664
1962
1727
1891
3335
1431
1245
2252
1950
338
5810
181
1654
7530
5409
596
6718
7873
8122
746
6166
8204
5651
1383
3591
297
3794
1270
5266
3561
7236
4633
7065
3861
7181
2823
4470
5213
6292
602
8454
4986
5362
1261
7793
6837
840
450
7552
6513
8178
2306
8012
6372
3395
4790
455
1291
5902
8090
5513
1723
3550
593
8930
7299
691
1532
1646
6774
5417
6947
8130
7744
1959
742
4114
6662
1921
8021
5156
7367
2643
6252
2796
1729
6418
6594
5829
4548
1256
5249
1409
4236
5476
6064
5414
7538
5164
1291
3205
4145
2224
2268
6535
1238
6284
3163
3398
6832
7906
4401
4213
1999
5857
2698
6725
7842
7638
425
6373
3912
4637
8805
4198
7920
8980
4849
3736
604
428
5874
3588
1848
3901
1241
6576
3745
7453
2296
2024
6952
8229
8761
2719
7045
6721
2546
7153
4425
2089
6277
3268
5451
6552
5460
6627
3468
2416
8186
3078
1111
656
1476
8386
600
7084
7430
896
6165
6015
2938
2365
3921
1624
1595
1550
7941
3286
2359
3741
4474
72
6371
7972
4322
2510
377
7621
1356
5974
3317
6395
4421
8404
229
5689
380
2673
1150
8461
862
3366
4627
4665
2176
165
673
5694
2931
6340
8446
7837
6386
8160
7127
2507
6703
154
201
2463
331
3664
2111
3516
1180
1962
1842
7670
2056
4903
1831
7107
800
2108
6066
4399
4881
2377
3832
1251
3868
5104
7386
5396
2076
6131
6477
4019
8927
7960
6438
7335
654
2411
6004
5451
8727
2089
7822
4068
4402
1428
3155
3996
6600
7312
8512
8900
6190
4752
2419
6690
8106
3566
2647
6262
7221
6662
7889
2298
1046
8149
686
7526
136
635
8519
1806
281
3690
4645
4417
1771
3354
703
989
6240
5355
5994
4404
5766
5622
4512
4037
6082
5152
8761
6153
7721
6108
78
8979
5945
100
7461
4603
1045
6100
6230
5399
7720
131
2691
3302
3105
2535
7262
6859
6333
2435
981
3234
6355
4559
4905
458
4984
8765
6237
3759
8227
6931
4081
3515
4706
3634
6981
6832
8827
850
5995
7820
8303
3255
7589
7890
3440
1277
8694
4233
2340
3067
2621
5947
6089
7887
3523
1524
7104
1846
678
2037
6431
4270
5014
4612
6062
442
3916
7378
2500
3057
4123
8952
4049
5675
7622
4367
7427
4897
2225
4683
5759
2728
3852
4963
1925
3794
3434
5279
3751
8745
5584
7966
6938
7104
5712
3492
3154
3201
1669
7948
8044
7660
4681
4544
5236
4426
4730
8890
2719
4639
6540
6669
3915
8901
3568
8509
1019
723
4857
7536
6967
1130
2823
3255
4840
5567
5317
5133
8720
8313
6629
6371
5832
7513
4971
8582
8019
3945
5446
8734
4432
6547
8187
2963
7957
3727
8164
3350
7246
3072
2614
2017
5221
1859
4672
6164
3060
5653
8127
1765
7254
3801
4662
8459
4563
6074
4795
7767
4826
8947
8309
8072
3937
4649
8409
3706
615
1777
2436
8234
2435
1995
7619
7088
4014
8563
7230
6865
2570
5864
3995
1399
1470
6410
8870
2208
8546
6317
1950
8496
2637
5093
979
1548
902
8036
4724
2532
5015
1767
7349
1012
669
394
7229
3679
3692
5315
1461
7681
8376
4706
708
775
6966
6170
3344
4989
1128
4956
1456
4292
6792
7905
8364
53
3732
74
6214
671
7703
3766
3370
4241
5193
4839
463
1988
7132
3673
2146
7808
3607
1480
7248
7538
3024
6333
4777
2671
5178
3116
8356
2935
4759
8958
1149
8136
3662
3390
500
1126
621
7153
1031
5804
7682
2439
3839
5594
1683
6105
6864
8212
3446
5166
2329
7354
2610
8350
2612
2489
5660
6969
5672
501
8598
885
8857
5961
7777
1291
2609
5237
8052
485
7776
6259
7117
5238
7135
8534
8027
2998
947
2815
5150
8000
1540
4605
679
4369
4325
1680
4313
343
102
3450
497
3444
2276
955
4401
6782
7355
2088
6455
8885
7018
2848
2189
3312
6716
4146
6962
3788
3111
997
5214
2098
7045
3790
4098
7395
4784
4736
1021
4714
7347
2923
5316
3215
2107
4603
7521
5484
4540
532
1340
8917
7664
4407
1735
3401
2026
932
1922
3719
7241
3556
8976
7879
824
449
8705
5855
7274
5660
4046
518
8826
5027
7947
8697
5153
6389
4998
6967
5673
4819
2310
1058
2094
5181
2870
2717
8213
4126
3353
596
316
6262
416
2077
4720
1730
1319
5074
7766
6145
293
7847
497
5389
1402
6886
7034
1012
7507
700
4878
2683
2688
8927
8889
4358
391
4863
2296
4286
2714
4887
900
2423
1299
1543
3490
8837
487
22
7560
2451
4232
3057
8810
4351
4125
5058
6554
5869
4988
6127
5294
5543
7656
2657
3372
6206
4638
2173
336
4647
5456
7691
661
8269
8956
3752
8786
2646
2543
2698
300
7149
2771
8519
7674
3476
5792
8979
8126
2620
1055
2988
1919
1107
3977
1555
4371
296
2213
1746
2497
6789
8089
7708
2692
3162
3312
1053
6772
794
8738
8704
4823
1444
2073
3991
21
8297
1463
6370
4257
5092
7309
8719
819
7339
8943
834
8554
4385
5115
8369
1887
669
2464
4551
5732
642
7251
4611
6452
5692
2692
7348
7788
7076
4767
6899
5655
728
4503
8053
2151
4682
7109
627
607
2283
3190
7760
5814
5844
5642
327
1573
3473
4616
2871
490
6763
7632
6036
3925
6552
2569
8242
5623
4616
128
8120
3555
5071
4922
103
7613
3962
8936
7910
2879
3440
4689
8284
1578
8638
3327
257
4856
7031
3351
5592
3992
5486
7483
1125
228
8394
565
7119
1773
2053
8025
4674
150
328
7605
1861
653
7743
1981
8739
262
2868
2782
1783
3690
6907
6981
1777
4717
6338
1688
3143
668
5034
7657
5282
8693
8118
1475
3615
3737
4303
8245
150
3340
8169
1660
538
6038
4390
5566
4597
5081
6325
8496
3887
2994
7983
1296
2820
3685
157
7687
2088
882
641
2662
7695
4724
4448
5225
6988
5583
6473
4049
3046
7617
1797
5948
2802
5193
5715
6487
1337
6924
7534
3035
1472
6895
8477
3453
2198
79
6575
8024
1573
1956
1968
8141
5088
1668
2053
2178
1685
8899
2944
3937
6606
864
2112
8679
7962
5524
6713
2909
4964
995
4547
5723
7021
8380
7097
2208
7050
949
321
6887
7068
8416
3923
4051
3856
290
2423
5058
2475
1698
6960
7400
460
2383
2191
8603
7054
4553
3869
3403
7768
7850
4720
7300
8522
4854
6537
7116
8294
861
7464
3144
1969
1841
5725
6371
1741
7690
3748
5246
2740
4335
5036
482
8211
2408
5460
7962
4136
5599
1610
8662
4026
5620
1354
3082
6020
4303
3383
4590
1893
8033
6465
3198
5199
3811
7795
3162
8809
6584
3431
88
3332
863
6065
6140
1727
2744
1269
7521
2071
3975
3205
5538
1342
6086
6187
6882
8814
1349
3104
4497
6186
7197
3535
1751
8866
1651
2880
5915
5626
3568
5900
5997
5517
7268
1402
2538
2323
1242
8077
2589
5204
7255
402
4626
3312
3012
5393
3326
205
5203
815
2594
1691
5287
2237
5135
1375
1668
602
1251
8506
5501
768
8097
7734
8220
5357
959
924
7508
576
697
5077
6482
2565
8658
5835
1850
6351
5347
4235
3102
5657
1740
898
2721
2873
1384
8241
8194
2290
8389
6294
7116
7149
3656
7728
1570
1379
655
7431
2984
6082
7464
2093
6844
3145
1144
4989
2708
2105
7717
335
6889
6066
6652
309
1992
4103
3575
5013
8361
1303
5190
6890
7857
3649
7478
2145
4010
7291
4847
5342
1619
7023
8696
8097
3474
2059
3981
5305
4869
659
752
2954
128
4597
2254
7406
1680
6817
6560
894
6550
3515
7617
6635
6592
3374
1784
2093
4617
2799
3123
2774
4617
2123
2195
6548
6127
6694
751
962
1634
6897
5009
7107
6479
1591
2989
2810
229
3844
4783
8768
8996
3939
843
7514
5444
6674
4232
4335
8178
8884
5990
8323
6525
5499
407
1619
4751
4119
5738
4518
8879
3696
962
8899
2491
204
493
1189
6858
493
256
5392
4592
8394
4168
8582
5258
976
4195
4395
7889
6701
1365
4305
4484
2210
2295
2649
2990
6682
737
3527
7711
7419
3568
6320
6191
519
6043
6587
1364
2391
687
2465
4380
1781
6651
3362
8590
5093
230
8710
3891
944
3971
4212
2683
3740
5934
8042
6873
7403
5433
5482
5552
8789
3752
4613
4783
4973
1435
6160
1631
4518
2993
1983
1006
6408
3208
706
1108
5531
5331
3451
4115
1606
1789
8544
8323
2213
4642
1835
2027
6109
2317
5347
2828
1908
3940
4015
3103
5970
512
2327
7511
3662
5608
3175
7505
1679
6236
8233
1392
7144
7799
2862
29
8326
5486
6729
43
1241
1574
3687
6248
2012
4178
110
7168
291
7361
7969
5404
1753
70
4446
2120
2531
4073
3309
4938
7429
4699
7981
733
8598
7887
284
397
7882
8123
5010
7486
5876
6806
6083
8429
1438
7371
583
5080
4999
4500
5760
4601
6119
3298
4376
7373
7106
1120
4028
587
6382
6224
1040
2040
1147
4757
2376
4472
2343
728
905
2383
771
2590
3602
837
5229
4533
6570
2311
1602
5959
7383
4922
3792
8816
4736
1603
1365
7442
432
6130
1144
8128
3127
4333
3906
5767
1511
6721
600
6144
5848
3499
3384
3329
6808
7332
3366
3796
6283
515
8778
3136
6258
2244
6583
5027
355
6286
2074
8257
2166
5131
1365
8558
6423
7992
4911
3519
5956
8764
6138
3567
2764
6318
6401
3253
2098
6950
8556
3667
7421
3422
8034
6537
7406
474
161
4184
6590
5202
7292
6859
6545
1448
1450
1639
2986
4765
4335
1187
6099
366
3137
7426
6898
5355
4193
5581
6275
3240
8092
358
7798
1141
2877
6080
1462
2568
65
4466
3763
3594
3239
602
8973
5087
1730
6902
6221
7063
3700
2957
1649
4281
7625
1468
6492
1104
1140
1853
384
77
7626
6370
4497
4611
4657
3736
5231
6890
6277
7662
2607
2875
5183
5284
4063
6843
586
5424
5788
4315
924
2451
1930
4939
2093
1250
5679
2711
1295
1513
3268
7305
5913
931
6649
6310
3306
468
412
2021
1919
1919
8878
6810
4737
2963
3914
8449
3038
784
6859
5717
4930
7744
2448
5016
7681
2552
4399
7885
1604
7965
5331
1025
3774
4988
5211
96
2938
8914
3993
8740
5091
1154
6268
2520
5175
5413
2099
755
8761
3139
7061
8984
3682
2935
4970
1858
5419
1529
47
6589
3001
8333
730
4760
7021
2817
6707
7790
4767
237
819
7163
1262
3474
7364
5812
7111
1828
2989
3231
6504
3116
4288
450
496
1918
97
7623
5621
4570
2397
5909
6009
4470
7877
8810
5361
5664
2269
1836
3515
3264
3046
3167
5548
4148
5924
7200
3300
3646
7900
144
2463
120
966
1325
2712
4280
771
3555
8163
5590
1948
1407
1439
6850
7854
6779
863
1162
645
917
7908
4913
6732
5907
5017
7516
6711
1833
1634
2733
933
6891
1
867
2661
7142
6646
8465
6515
7328
7155
3850
5551
3008
4370
4054
8259
6864
1283
7741
7095
791
549
243
2251
7515
1248
277
6408
8011
85
1799
5979
2827
7499
4567
4135
361
7959
660
6414
5188
3479
4577
1652
7908
3275
7910
600
3092
6824
8453
2183
8716
1818
4746
3591
7299
4902
5259
7117
1242
425
3191
5259
2188
6025
1755
8394
5969
894
6759
7079
8794
7739
3448
4429
2582
8023
7518
6064
7619
411
2485
1473
2033
2736
266
7083
5288
6670
6547
2608
6842
7251
545
488
2626
1246
3697
5128
5844
8751
8341
3531
8622
1837
1002
7983
6604
859
3163
7959
3258
1816
4402
8176
410
2913
6206
6067
1645
2941
3273
1942
590
1189
8768
5983
5666
5519
1806
2254
1988
5302
2210
6813
7613
4775
7268
5127
6312
1
2583
7466
3131
4578
8064
4338
5586
587
7612
5923
4598
1015
3600
6251
7115
1189
6354
3875
5831
4159
6341
448
998
7719
6530
3425
74
213
5377
1975
7591
5591
1839
6300
917
1670
977
2281
1310
6736
7999
2409
296
3344
7596
1179
2629
7270
1250
8080
5101
2780
2402
1714
7109
630
2993
4308
5945
5309
7038
8740
7613
3728
5831
1505
8081
7247
1036
1707
3954
4398
2595
1102
6357
2011
4946
8898
4263
8540
1652
1971
6633
4792
6922
119
7
6280
6107
8161
2150
777
6646
5674
1517
8489
580
5102
4485
907
1811
162
7618
7785
5388
4936
4764
4125
1790
8076
4535
1916
3948
5447
4157
4343
7481
7101
2214
5391
3404
6685
5126
117
2902
8564
173
2164
640
6511
4035
916
8514
7643
4786
1467
3990
8426
7142
3929
5755
3957
3463
384
990
3528
4647
1534
2642
8639
3119
8913
1600
6323
3324
1246
8530
6680
4519
8774
4337
2182
6170
8062
8998
738
6837
2129
1141
1265
3633
108
7822
5025
5988
4342
8574
3827
4307
6065
6706
8888
4358
8521
6123
8279
4892
6344
6277
1857
7935
7028
8241
1897
7867
1718
475
5843
336
5696
438
5632
1264
50
6026
6851
4818
48
7432
6891
7883
2812
7220
1966
182
2819
8145
2926
5203
5111
1539
3666
6011
4625
5190
5900
8956
8224
8980
3866
583
6714
3515
6388
4143
6838
7996
4825
5332
4284
3488
6949
