96
41
98
260
7
26
323
67
64
388
73
9
92
92
389
121
316
335
174
29
276
134
300
195
333
116
144
4
199
349
206
117
90
257
312
199
23
54
8
346
352
20
121
62
208
169
371
169
200
221
353
357
87
271
385
81
389
382
263
103
253
341
110
142
357
62
220
102
43
359
385
64
221
369
12
0
69
165
234
363
368
129
364
298
105
320
148
225
134
184
219
393
382
173
338
9
310
211
3
68
247
0
387
107
350
80
246
51
112
322
79
353
279
352
323
98
157
396
297
168
100
181
128
398
159
377
236
300
305
388
351
278
16
295
368
255
309
196
363
283
195
278
293
225
354
397
26
80
311
375
292
201
18
314
234
25
371
269
387
122
121
279
69
240
89
223
351
46
311
242
319
75
276
307
32
191
181
61
20
71
43
212
362
296
212
202
220
128
190
333
296
264
99
157
377
357
213
332
129
62
392
158
277
200
278
239
181
205
355
100
359
236
254
185
286
153
304
250
76
181
116
301
65
104
307
332
319
219
202
161
268
258
203
267
307
22
61
77
375
273
353
324
101
354
210
57
37
81
168
93
252
157
201
193
114
224
156
376
379
132
268
212
260
334
389
381
155
377
174
96
75
94
130
164
67
335
269
56
226
3
64
40
226
59
98
62
318
195
3
340
256
277
237
88
300
103
185
377
19
356
139
350
308
216
316
150
277
309
114
234
314
243
30
238
224
69
241
70
185
54
363
197
244
241
50
177
312
80
140
83
45
173
42
234
391
324
305
399
191
153
5
338
240
342
372
196
171
381
252
46
168
108
250
47
74
78
256
211
157
141
306
382
334
134
302
376
375
37
325
290
389
15
74
6
40
143
182
45
279
24
118
219
366
41
354
196
53
318
170
18
350
51
318
62
58
243
235
172
136
47
