4194
9445
5884
1139
5280
1790
1429
9499
7030
4100
6062
4726
3092
1878
5378
7678
3849
8591
677
5014
3510
1185
925
3007
7808
4961
65
2935
2468
4399
8394
1903
3302
2593
7078
7111
2786
443
8075
8456
2691
6748
2024
45
2913
360
5527
6063
7733
2366
5439
9228
7784
7509
6086
8707
6730
7016
68
8751
3775
9275
7314
7902
6692
6536
7890
6220
2543
1275
6984
2337
8035
5078
6405
3523
1250
2130
8740
9129
1198
3571
4653
3822
440
4294
7720
5806
5962
4393
9580
3009
4224
6647
6757
2080
848
2831
1683
8136
3866
8305
4895
490
2123
340
1225
1805
7980
7766
1980
5489
1575
2161
2691
2177
7289
6086
2165
8900
4787
586
9372
2095
4715
1449
1524
3595
2799
4843
3358
7918
9449
4785
4340
8761
5582
444
5463
7645
4033
587
7828
5323
229
1150
2629
5527
6703
8092
6899
7352
6441
4397
6921
6815
7139
9413
3093
3361
277
7150
6103
5586
5871
9632
9340
1984
1041
6672
4132
9977
9478
7970
5999
4522
2283
8604
2854
2278
9502
7593
3974
31
8609
6007
4951
2531
318
5678
6731
6310
5525
1069
610
8808
4672
3954
6634
3523
8199
4613
4324
596
191
3713
5985
3283
8078
9249
7996
3104
5594
4628
976
3404
4751
6396
3274
4273
159
9928
4170
6175
8099
555
3171
4053
5552
1257
5474
6632
8757
6527
6539
1186
2241
1340
7102
7194
7361
5727
4105
6379
6615
9950
7687
1428
3622
2640
5878
3900
1018
3400
3782
8400
7668
2462
9757
5323
9187
1404
5656
4609
9631
1570
8396
6151
398
1142
603
9122
7097
411
4514
6554
5193
4957
3774
5275
8811
1159
2254
3049
5747
4993
8324
173
5932
6233
8166
5952
1357
6476
337
8194
1432
977
4573
6600
3292
1827
4731
3728
122
2282
3594
2994
8452
7140
4889
1892
9985
484
7624
26
7070
6679
3575
217
4766
4304
1680
3383
8322
5807
8160
1888
6180
4882
3584
7431
4573
6840
9954
4535
7415
3406
5783
9877
844
5608
8989
8069
9565
6445
3750
9781
1167
8015
5619
4073
8079
8422
2431
8900
7286
9273
9225
79
3928
3144
2682
8282
7207
9880
8900
8093
6756
9676
6971
9257
8517
4844
3757
2383
9474
6997
1356
5932
3530
3469
1725
6305
834
4657
873
9403
9997
9740
1185
7635
7672
1334
542
5811
5404
6728
9302
3523
9462
199
4811
4368
6659
1365
5069
2537
3189
4751
5024
469
1619
4387
3384
8196
8140
5395
3312
5888
2123
9327
8363
1247
7175
1810
7938
4440
1570
1931
4347
928
9857
8117
1514
6912
5546
4021
3042
3397
569
6577
4148
1859
606
7432
5912
4263
5968
5441
2602
6807
3189
1971
1003
6056
8377
5342
6328
5469
3723
8965
4152
710
2008
4793
3550
124
7935
6259
2766
8663
6227
8189
973
827
9695
7645
6306
6013
1123
511
8776
7189
5933
4414
5653
4914
9955
8655
8901
4900
3213
4315
3823
8922
3664
3543
6665
2984
7732
2017
4264
9477
1622
2856
7391
4543
6810
1512
9672
1819
1081
9009
5681
7101
7992
3492
7566
8336
4393
9001
477
466
5738
5152
1702
3535
3804
3906
6048
5753
3662
9123
81
1233
1511
5350
3406
4836
3987
5724
8384
3093
117
6075
9176
8707
9354
8184
3289
1687
6334
49
803
9116
3608
808
5952
6859
3872
6527
8039
289
9745
3501
1982
6528
1418
8123
6125
5759
7486
1342
5214
8462
4619
4689
3344
2667
4024
2574
8922
346
5447
216
3884
181
7530
3384
4162
5103
1554
3043
3458
3462
8882
5460
5284
5237
2290
2603
3121
3283
6719
3537
260
1420
7392
9863
8158
297
9220
731
4918
1038
5623
5157
3533
5232
9763
3908
5758
578
2003
1984
7892
8987
4195
2332
7815
5445
5107
1082
3742
836
3435
8746
3496
6096
3720
9889
4198
4257
1491
1682
6543
3159
451
795
4007
3748
2217
4927
2026
902
7034
7115
9955
6948
778
4823
2745
1379
5506
7244
72
486
6884
8220
285
977
7494
9858
7195
4056
490
9959
9132
5321
2446
6862
5937
3570
3199
3245
4346
6384
8920
712
145
3509
5065
7147
3472
5845
4707
3636
1379
7261
3967
3451
9816
9793
3566
5760
3971
4673
8587
4351
2510
823
8429
5585
5566
4479
3577
7202
4624
1715
532
3867
4978
9250
9333
7212
479
1549
9513
616
914
4654
6993
5420
4620
4133
7461
8141
8320
8112
8284
2221
5755
9413
8659
2634
4689
6560
1723
5043
1250
292
4544
8216
4428
7696
7347
5053
5658
5983
505
6698
794
4075
8300
178
301
1216
4959
5534
999
8073
6271
278
8422
8921
4949
5099
3919
727
5033
532
7107
9335
9792
6323
7329
5169
9717
9570
4150
1553
6470
384
4639
6442
7093
3666
943
9047
3503
8263
4123
384
6234
4557
211
4805
6055
8090
5820
8650
1174
6952
9592
9263
4137
9967
1990
8139
417
3504
3638
1957
1621
684
997
7710
2193
287
3782
5662
4554
2013
738
2777
2895
1319
8054
6062
8524
5529
3947
8476
504
5651
9987
3185
5279
6146
9231
945
4762
6714
1982
5711
4585
9123
7359
187
6994
6941
1319
7640
3987
962
1374
553
212
7158
7988
935
3752
6989
3649
4417
9026
3785
5658
6865
8085
9214
6160
9255
7731
4053
546
7684
3703
441
1186
7797
4814
3521
2821
954
2495
5962
3076
1458
3516
6513
9040
5205
5216
6842
1603
382
7112
384
8897
7858
9055
1561
9548
257
9170
3300
7751
1416
5042
3826
4354
8881
4807
7231
7733
9064
9697
7947
8248
1994
6746
3785
9071
1228
2728
1204
7795
2053
3358
1481
3178
7145
3522
1365
6425
6691
2025
5115
8192
3103
7663
4738
7315
4833
851
5945
3881
7253
6238
6248
4078
4820
4580
5445
2755
1439
3219
7327
4613
3836
9609
1818
7835
6970
114
9831
2377
4914
1118
2927
1169
3660
657
6317
2089
6283
8292
4453
6775
1254
6890
8501
2601
9220
6813
8758
8690
723
7734
7950
3791
4245
9227
1958
4727
7656
1474
4563
3424
9633
5892
1188
6543
4212
1085
2198
503
514
8256
3511
51
3183
1767
7349
8766
5502
472
3202
4175
5132
228
8103
5859
9942
3961
2914
6979
5224
5079
3357
1140
7140
6399
3692
940
3306
3686
4579
2082
6426
5226
2594
6063
2579
4780
7790
1841
7047
9595
7436
7231
285
4593
6989
8406
7138
8519
1601
6881
7854
5716
1305
4855
9679
562
141
1295
5796
4193
1670
2718
2631
3125
6410
337
1111
8427
8610
1990
5345
2729
8265
7236
9771
659
1251
9548
2590
5497
2855
5991
2333
766
9387
6302
8438
2787
1003
1433
2499
9010
8645
2047
4845
4679
516
8044
6159
6776
2582
9377
7154
1750
3148
101
7002
5707
1566
8440
1148
8147
9705
744
9354
8088
839
1341
1325
8437
617
592
6942
8492
4450
7017
5473
4675
8931
6100
6046
1960
6286
4789
173
2054
8474
163
5997
6736
6147
5472
7362
3370
9130
1897
9609
359
6176
4936
5592
6956
1307
8503
1111
7411
98
3343
5317
3804
859
8238
6985
4383
7743
8199
9078
2173
6790
8515
9273
3764
148
5030
3634
9024
4319
4333
6157
126
1660
8755
5372
7212
9381
4418
4643
5501
2954
5862
9247
8296
7521
2045
9908
4688
3675
4379
5361
303
7908
4410
2082
7531
9414
9711
8786
5930
9707
1384
3819
498
9933
5665
5820
4185
2141
4341
325
587
2492
8530
8450
938
9032
2629
6178
2016
9174
3621
1299
3903
7337
8492
6331
8122
941
3455
9653
1485
1571
6814
4023
1958
4921
2263
5820
7879
4068
437
1138
4515
6525
6022
7714
4246
581
3659
488
2258
9574
8696
5022
6083
5624
6411
3561
9044
381
1657
2015
1611
9642
4148
1140
3871
8210
7353
8240
3578
6736
4181
4558
8953
1728
6056
1059
6912
7579
5970
3577
5434
382
9625
5000
9775
2454
2509
3264
3054
6394
4674
3749
9737
5092
7181
6167
6704
2269
8586
6860
2566
4244
7914
6637
1280
43
6826
1322
3340
5647
1790
1194
9294
2946
9148
7636
4917
710
4693
3651
2492
1911
2895
7305
1532
1430
7965
1891
6238
1502
2224
1797
7711
8725
3910
514
5773
3841
6929
9289
2686
5108
6403
4767
6623
9941
6133
7798
5322
5292
3975
4247
6897
3194
6961
9825
2758
5411
7608
2573
7549
5673
7405
8893
585
3270
5375
3889
2163
4389
6881
1126
7466
8302
8262
892
9732
1308
1448
706
7602
5549
5208
2816
8785
390
8751
4464
9501
8031
2915
777
1792
2930
9078
314
2376
3036
2248
9040
9495
6253
4877
2644
7076
7074
5594
7252
6750
5292
824
4860
721
572
3418
5745
1169
1294
5611
170
9619
6607
3953
2107
9372
3437
3551
9103
928
4713
1766
6385
3708
4987
5098
1047
9936
9299
4163
1820
1588
6407
1130
920
1259
7294
4868
191
6885
2967
9003
8211
3742
3159
5575
7222
2004
4365
8235
8592
1702
7828
1004
601
5111
901
9309
7043
674
181
2469
247
1928
6626
930
3515
6468
502
4775
9677
1552
1142
49
9855
8560
8473
9991
6351
2236
1848
3887
4833
6492
5215
6878
8395
1340
4093
3703
909
3102
6237
4453
7611
9118
3489
9860
4280
3169
8360
2345
4032
7399
7485
4897
7154
3183
3420
4119
4601
4569
2528
224
8470
4311
6398
7312
5308
3853
8392
1887
9735
3640
6751
582
2681
7995
4264
3235
5251
6196
793
4349
2092
2477
6417
4417
4881
5086
7697
7978
8953
4847
5723
4975
5044
9211
9077
1623
7696
2625
4810
6616
2279
7012
2510
6316
3976
5762
6907
4532
9840
9986
2428
4247
373
3574
9782
4387
5567
4656
430
7045
1459
5025
5995
9843
2973
8381
2697
3014
6570
4490
3767
8613
4176
1447
1886
3676
9274
1752
1662
1340
387
4176
2998
7035
6398
2632
1200
156
9344
1915
7255
2826
475
4324
1877
8126
6327
5295
7422
8401
7439
2268
6963
2395
7926
1555
6211
8297
1252
3537
6756
3644
5312
6112
7706
6926
6236
9556
850
32
6888
5602
3838
1039
5396
1163
6765
7494
2437
9622
5062
9532
9299
4844
5185
3630
8653
5309
2370
9463
8601
3920
2851
7483
12
903
8701
8051
2914
4081
8178
9363
3515
2553
4010
4488
4018
9723
5143
1597
9019
3943
2839
492
9753
3550
2119
8097
7593
5049
9151
5882
5966
9690
8061
7275
4522
2026
7457
2591
2821
369
8675
4296
2733
5796
2556
1527
571
5528
1799
2359
5070
5460
9909
4612
2678
8565
8807
5833
4750
8940
1068
5127
5591
2194
9848
7985
2478
3243
6381
36
2041
4184
8584
2709
2835
2118
2634
1250
8257
7285
2721
170
4096
4403
6723
600
381
678
5751
1339
1169
3752
9344
4353
8855
9676
5590
689
9292
4480
7794
6584
7841
2939
2742
8332
2816
933
3256
7772
6121
710
9113
7448
8423
246
9989
7133
4660
8468
9305
1800
9557
9858
3180
2924
7635
8734
1100
9599
1752
3723
4727
7551
227
8301
7634
1105
1463
2740
5032
7594
5830
3888
2963
4710
7461
6515
2096
5718
461
9220
6786
439
1694
383
1846
8893
5551
5641
6750
4383
1430
1122
4621
6267
2288
5203
4878
8154
1182
8887
1537
5246
3725
5558
9378
6360
16
6796
855
5671
8444
7833
3863
571
1488
7025
1522
8455
8095
5044
4368
9476
8443
9799
6730
5058
5903
7185
8991
7209
6744
7154
6084
7422
4546
7773
9660
4386
7723
5943
9119
2900
2038
8520
3482
1143
5759
9102
6723
7374
8182
4864
5398
5859
1033
5344
8657
7287
1890
8010
2873
6195
5258
3353
487
3502
9608
7705
9251
4615
4283
3303
4587
7026
2447
4628
4384
9344
7023
328
9069
790
3288
4932
2404
8880
1734
1200
8471
9598
9038
8802
2976
668
934
8624
3006
7392
3012
2061
8188
4397
2306
3839
8800
7844
6267
3010
2909
9402
1173
6805
757
532
8827
2769
3854
9614
6645
7194
6911
3468
294
1455
4088
2008
3906
987
9084
5770
4874
654
204
1078
4069
8581
8896
7422
2125
165
740
4552
6468
1928
8894
8923
529
3918
6712
9443
3178
7492
2334
4244
7951
5666
9205
7931
9249
4478
2101
3855
957
4463
2437
5558
8937
5660
8562
6949
8858
98
3243
6272
2703
740
9132
5631
2942
9549
3125
2625
8089
6401
3175
3962
5869
497
2666
5640
55
6877
8926
2308
8386
9076
5564
1107
8465
7160
7271
2860
949
2316
5621
6676
8044
2031
6644
2773
5176
370
2347
7757
455
9957
9374
8946
5283
4016
2029
9188
8008
3389
9002
5179
1277
4515
69
4671
753
892
6837
7719
3748
6008
6837
5353
2511
7163
3433
2112
6400
9586
8508
5211
8454
4291
8616
6721
4950
8530
2256
163
2472
8912
9997
8170
5281
7725
6579
6976
717
9054
848
378
6760
1530
8657
6786
890
9358
1360
9700
7661
4033
1741
2638
9340
1793
1656
5818
282
7436
3241
4600
859
9787
8060
7812
2051
7817
9516
520
4201
4513
3163
890
4968
5493
4331
2085
5010
2539
7852
725
1681
8018
1634
3756
7804
4866
4098
3010
1410
4817
5050
5929
8326
2370
5450
1086
8967
3960
1283
3787
1530
329
1194
8346
7270
7629
5928
9540
2732
1446
2609
2744
1553
4393
8495
9655
5642
1946
91
4507
2003
566
1096
7656
5100
8378
4540
1371
3248
497
7883
5119
8675
7722
4594
7118
3895
5848
4140
8548
7243
4018
7252
5472
3089
8331
5192
1636
8874
6781
3415
8107
8897
9886
5383
2218
7728
709
4725
2943
515
2134
2378
3606
5975
3752
9542
491
942
3063
9435
7897
7539
581
3945
1665
516
8332
3969
214
5345
4303
7657
6597
8831
1022
5787
387
3368
9560
6650
1934
2323
3515
9762
1541
9884
9335
1274
1875
2944
2096
3801
4583
1096
706
1554
2799
2063
6287
4910
3763
7073
9892
9317
3054
4114
7498
4248
6022
3528
2792
157
6653
7078
5237
6984
6720
4149
9419
5859
717
5265
4359
3018
4289
3134
3229
917
7599
4550
313
2899
1565
5664
6992
9055
1864
2685
2101
2050
9496
6258
5639
3205
8959
6397
7063
8848
7930
4023
1048
4676
1258
4645
6479
1282
8876
6314
5834
4678
5364
8684
157
5283
3801
5297
5415
2220
8121
3590
5507
1069
2813
8619
6442
6388
6760
1215
3814
4590
2185
2612
8050
4498
8016
9455
5309
3652
4460
9726
8605
8248
1330
3366
7264
4516
6763
2424
4349
9408
853
9423
9225
7404
4345
5016
6310
7486
6748
6030
1286
6694
4319
2962
3485
400
9521
4452
9924
7206
1093
9136
5386
7103
9406
7047
3765
4200
7830
9401
9702
9822
7326
1484
2363
7333
2560
1212
7501
679
9072
7487
4842
6732
4561
3219
733
7795
8644
5367
9305
955
2219
7587
9109
3312
9771
7156
8833
933
3792
6584
9798
7498
1194
2034
2716
234
3013
5035
3989
6724
487
8278
8854
2500
7651
3885
9510
5534
4954
9757
5247
6230
2897
7131
9394
7582
8445
1297
2199
4141
5275
6601
3522
6680
8188
5477
736
5600
9614
7481
1553
4153
5798
1846
704
418
1688
9091
5933
6245
25
4858
6235
9484
2396
9164
5189
2302
7001
4498
2204
8197
60
7089
6940
8173
2825
6649
8764
4316
5757
2138
1940
1432
9535
4180
9273
8281
3126
1721
340
3277
2884
5473
5857
145
1904
474
5906
9283
4369
5530
8435
6865
7910
4659
1305
8493
1715
1809
1252
1312
550
5139
3860
1095
6056
2755
1655
6927
4191
2564
8224
4873
5695
4279
4756
3593
8368
3178
8541
3777
7035
350
5121
7445
3343
8275
4253
9179
7072
5666
6731
4257
4783
6134
7907
1178
3396
4456
1518
2246
2808
1542
677
2125
7839
2160
8072
2840
8178
8734
9643
621
2955
6241
6410
9957
857
6565
1309
7963
8580
287
7942
1859
3994
617
1159
4852
2840
1463
7569
2468
6836
5685
776
6990
8327
15
1010
6146
4952
7612
8798
3002
7635
8616
1585
1429
1753
8189
715
2674
993
7341
1944
7258
5756
7983
3939
7625
4134
707
9221
3083
7033
8228
3003
4080
267
1545
4357
7115
9063
8439
7787
525
3945
2167
282
2520
3411
6143
6684
9955
2685
8448
150
1977
5817
6220
5179
8014
9940
8594
8573
2448
4457
9047
499
629
4608
8450
3671
6135
451
1043
3958
3673
2192
6433
346
2900
5563
7824
2325
242
43
6284
1171
3078
1285
1524
2786
2134
8758
4693
7838
7863
2953
5282
3589
244
2280
7421
3817
1466
9391
741
7636
6498
4877
8556
277
2603
3620
7267
168
2020
9167
9204
4404
3700
3491
1836
6254
8246
8846
5299
379
1252
4189
3289
1411
4942
8329
6031
3537
6391
7857
5695
3495
4077
4419
1257
9726
259
8995
7612
9547
4348
5182
6621
1837
1270
2489
9766
1442
2385
1570
1358
6249
5451
2360
5377
5907
857
4439
2988
3603
9540
5307
2695
692
1709
1094
7071
3770
6478
5532
3983
5216
7599
9787
2362
8961
5458
4873
6744
8674
5835
4789
6267
8636
6447
6863
6924
4311
1288
3444
4711
402
4915
8594
592
2368
647
4762
1568
6044
3169
3875
7536
8365
4352
2778
1616
132
2970
3239
7493
2882
1801
2028
9933
7511
5286
8407
3696
2117
832
4134
5333
5827
3337
7242
2157
3901
286
4099
7296
5657
9776
1003
2499
4276
3908
2752
9507
5739
2915
4377
6673
9766
5806
8169
1753
1486
4979
7425
6016
4671
2276
9792
185
4473
4410
9190
4549
3249
1350
566
8485
4852
4623
9594
2749
491
8845
832
1366
9353
3601
6385
9376
8722
5295
9858
3379
9574
8969
7012
7600
59
7145
5143
9193
8905
5434
2859
3593
974
9060
5286
225
4914
7650
3362
2192
4452
6962
3582
3694
6691
2600
5476
2022
3418
6479
7019
8766
8451
5549
3555
3012
9676
1026
7165
2806
4118
7197
8733
8446
2362
2011
7960
4649
6598
7437
9527
2802
4357
8901
4350
6943
9021
5548
7110
8055
1026
515
5558
2127
6920
5460
945
848
3861
4308
6072
551
9941
2119
912
8441
7335
2800
3278
7120
5845
436
6447
8470
8545
5754
2165
3453
2970
4561
459
6744
6398
573
8361
8570
9401
8400
9795
9065
6044
4865
2860
9406
6409
3868
8184
4636
2587
8822
2894
363
3330
4491
8237
848
8092
3173
2454
859
319
5387
4502
9484
4898
4468
9223
6290
4044
2598
7517
9682
52
3584
1611
5744
5191
4736
8712
6397
8680
2241
7724
3886
7410
1989
2804
7492
8889
987
5445
3357
6767
4173
157
151
1938
5593
2501
2396
4322
8698
9762
8334
4305
6290
4731
625
339
6374
4245
4559
5716
3654
8506
7948
8073
1640
1465
8343
9630
2031
4630
5737
6223
9325
1330
1069
2114
6594
9221
4876
1617
4128
8136
6979
1750
1229
8335
8772
9680
7348
2403
7606
450
4920
8462
4458
1705
5414
9135
6267
222
134
4542
3505
5010
3917
7418
9506
3286
5939
797
4421
9517
8956
2097
6725
7625
2133
2459
3614
946
2156
9558
9159
9141
3932
683
7003
2281
6948
7996
8774
3277
1779
4256
2953
6061
8611
2024
4251
6483
863
8256
8876
4505
4929
6066
4758
253
4941
6836
9522
6782
3556
8017
7524
9155
2197
197
3349
8763
4982
5378
4603
3455
7051
6432
8263
7619
6065
1362
5418
1819
8634
835
5652
4730
1541
1790
5179
6022
1881
8781
4837
5304
1758
2042
4675
9935
2472
897
3290
6228
4608
6886
8782
7991
3313
6675
5837
1929
9500
6042
3525
3763
6073
7513
5955
3396
4331
7675
9209
4696
270
3002
8315
6019
5983
7219
1879
6381
2856
9842
1806
503
2742
8332
2563
9547
745
4780
3919
8434
3576
4437
2607
7008
8207
5078
1435
9289
2918
9723
8483
7015
5839
2576
4599
4819
3835
6912
5700
4305
1881
892
3926
9224
4108
2904
2767
366
872
9951
8370
2371
3193
9430
5436
4388
8016
8190
8064
4640
5867
1203
4077
4519
3488
4674
7711
7165
3974
7479
9710
4638
1008
3956
3942
3708
502
6205
8708
6868
8577
2496
2906
4351
6371
9443
8064
9060
5185
1510
7159
1051
7039
4055
1323
1660
9862
7332
724
2101
132
555
8329
1610
2576
1805
6338
8999
3272
177
1240
145
761
2068
1035
7915
9514
2846
2127
3317
3366
3825
8900
2766
4308
9835
6705
5546
5236
3802
8061
7166
2200
1407
2857
488
5165
3323
5661
3916
7317
6774
3022
5945
8611
7102
9624
6315
2290
5708
6350
9769
913
2355
4891
1662
6943
3346
9732
4325
5343
6057
8556
2381
3128
4360
7747
7532
2652
7970
9868
1040
9251
6752
5498
8673
6387
8914
5926
4690
9486
3057
5807
5526
952
6352
7807
6735
9940
5809
4054
2385
1562
6820
6550
8773
6535
3337
5418
8570
1617
8567
6259
9398
596
1045
1568
3243
4766
6053
8249
276
596
3345
8632
4270
7871
6413
7253
6388
9847
9772
9917
2306
3882
3455
2814
9499
136
6776
2257
8022
1374
9757
2773
8035
6094
4535
6852
9884
3399
4250
5364
22
1782
6431
9532
4039
185
253
4592
6033
2827
5447
3276
9980
6690
382
9977
1986
7185
8599
9519
5604
3433
8440
3639
5930
9875
2299
9354
440
4515
6629
3212
7180
1114
3952
751
3715
7258
5141
7638
1195
8806
8661
1527
7427
8278
6182
6715
3615
6420
8971
6341
5240
2630
9068
4844
9152
3912
5669
3127
5043
1957
3162
5060
585
7122
4968
3493
9000
503
4087
3368
5110
5275
5900
1442
5132
8587
3562
3863
2758
6390
3816
1192
7190
8504
4430
8681
713
7985
4281
3166
3681
9505
9438
9650
3986
4147
3995
6787
616
7491
457
509
5349
573
1646
1009
9369
9844
8735
1058
2666
171
6002
9213
6035
4835
2241
8930
7656
1922
2538
2419
1095
988
1972
1975
8874
9249
4317
5868
2121
5267
9166
6487
6829
8850
9296
4297
3519
6261
5415
3408
3423
679
700
678
2689
3884
5465
6874
849
6655
6654
8138
6439
3321
2832
5706
7366
3200
977
2595
5230
9962
7115
9787
8433
6252
5317
348
9907
4867
1880
5172
1082
1102
6060
1593
5109
1622
8315
791
2953
5788
2327
5063
6278
2285
4455
6477
4121
4804
4460
1742
7579
9388
2914
204
5894
5968
2259
5920
215
8098
5349
8883
1471
9444
5348
121
7491
6598
698
5322
4500
8556
7722
4174
7881
8395
2828
5749
6424
9425
4994
9312
835
7470
5977
31
4767
2866
5260
8600
5360
5636
5779
1473
9297
4541
3464
3258
8159
7215
4570
7034
5445
8837
6954
5572
3010
8344
7219
2021
6006
8826
8487
3085
8284
2339
5716
5848
1425
3206
9045
6600
6771
32
8869
3953
2740
1724
1278
5696
6078
757
6031
7145
4832
1081
765
9756
4855
2887
1104
3554
8216
8053
4846
7898
9241
7344
6453
7595
4143
8544
4770
2453
9010
9543
7535
8232
8877
2663
7976
8928
7682
3533
7566
9500
4986
2174
6757
3722
8970
7468
3160
1024
4689
6452
636
7737
9422
2072
6098
5547
9502
8356
1126
1617
5443
5711
7061
9242
5536
7552
4075
2540
5168
8298
5082
3958
2999
3862
5879
5714
1137
9420
398
51
5126
77
3301
6224
8831
4399
9710
6332
5234
2262
6119
4994
2664
4636
2491
2314
8448
9597
7723
4938
6989
7265
7799
1372
6618
1238
2246
3720
1806
602
5014
9886
2699
2946
4189
8370
5728
4442
6702
3332
2974
6506
9447
6346
4327
144
518
5997
4834
9264
3548
4237
4139
1573
234
1154
6616
8018
4488
2624
7591
3786
4325
2918
9378
9560
7736
7203
9061
4940
6580
3285
38
7203
155
6335
3602
7026
7257
5526
1465
6238
337
9657
3376
1626
4326
2443
9908
5166
3263
6175
1102
1905
2525
4926
3138
5459
2153
7895
3201
9898
8454
3636
3119
679
7590
7812
703
7091
2409
8907
9978
4667
1136
3090
9870
3205
9071
5852
4563
910
9360
3703
6889
4562
8244
5211
9533
1735
6277
530
8570
5191
2600
2564
8173
2328
3982
3262
7025
4489
1881
1070
4904
6235
7707
1981
3019
4313
4889
1641
3800
1398
8911
4622
8555
5650
4990
177
3400
3000
5216
3897
2676
1895
2140
570
4931
7979
2213
671
3531
9128
8813
2403
7064
6530
1062
3324
4521
6859
7257
3061
3640
858
944
5783
8199
932
6317
6787
3174
7546
1214
7102
5153
6175
4088
1098
5845
7556
5088
7084
5763
1234
1993
8063
8861
9108
9879
6277
8670
9198
9666
4117
7782
5101
294
4726
8115
6733
8487
8662
5195
6369
6962
7623
7942
7298
4271
4599
2360
7463
2627
9642
3084
2270
7265
5302
6700
276
8752
3179
2205
4327
3144
2749
8839
3717
5558
8623
7378
6832
7840
158
8876
7217
2370
2583
4743
9509
8662
6102
9264
3512
3553
7004
7257
8733
8218
1580
713
3336
3399
6354
9081
8936
5920
3712
2207
5604
7812
8983
8935
337
6602
7550
2797
8189
3648
3890
1144
2971
5071
2698
9072
3515
8464
2854
1616
4213
7031
8932
9031
2594
6509
750
5752
9064
5181
7827
8177
3072
3556
416
9832
597
9771
1979
4369
2971
5984
4588
2269
3977
8544
1705
4493
8532
1650
8844
5092
2314
3789
6291
1946
7784
7033
8579
3117
6600
2627
5514
3041
9403
186
448
2744
6031
8534
1257
8541
6429
7592
2842
2730
8818
9820
5093
9162
7431
7436
562
3065
1727
414
6300
1559
7308
5518
8038
5339
7807
2934
5752
3844
4042
5689
1626
5243
4579
303
9787
3844
5368
858
9838
7060
5034
200
130
7276
2936
7873
1997
4147
4760
6720
1028
6850
2019
2879
7674
6408
9166
4251
2034
4014
6657
7222
6562
4021
198
8939
5590
8299
5312
7836
734
7725
3622
3127
2646
6086
2618
9415
3968
6
7066
1207
6639
5054
5810
4289
8482
7895
9579
3493
8332
3458
5300
9445
556
9546
5676
5101
1662
5366
2313
7168
461
1866
6857
3117
8259
9181
1506
3776
5518
310
8248
4661
5201
3055
9563
2024
708
7292
5561
7192
8409
5077
5079
5258
7405
2030
5608
6921
5510
695
3495
9946
2575
3856
9783
8574
4477
5205
1525
481
9405
6119
6246
528
1805
6842
6515
2487
7427
7547
4541
7144
7854
2090
5646
8184
9831
7829
3118
9859
4787
7173
1806
784
2968
2801
1781
6671
5225
3840
3237
5358
8656
4749
7193
8891
1527
3811
6381
9364
9316
6231
1978
8090
4046
837
957
9860
4992
9987
1074
8640
2857
6162
7618
8500
2972
3298
982
4691
2715
7237
5495
7067
5340
1324
3636
8986
2645
4893
5359
6609
2425
7798
5765
7361
6015
4396
6903
7410
7435
844
8121
6611
9643
4210
5479
5803
2736
9240
5119
4382
9863
2214
7391
5243
7827
856
8236
50
6041
3997
8668
2851
920
5339
7153
8449
6946
3552
8514
6742
3356
2564
2855
3536
3230
682
1360
9529
5063
6277
627
1012
2752
8983
6225
8179
1083
6069
2996
566
3576
8342
7079
6574
2691
5562
9906
1007
8222
6712
5024
6676
6903
9727
799
4460
8629
8958
3171
2450
7508
175
5479
3546
9179
7821
2369
487
8150
3991
9505
2202
9941
3277
1398
9189
9120
5975
6797
5710
6229
2565
2759
9935
5072
8769
6133
6058
950
7617
2
6713
4125
984
2158
3171
4411
5900
5555
2187
9258
4642
2950
5795
7125
5285
8347
6878
3122
6102
6213
1090
3404
2766
5753
7676
4651
7038
2445
4062
6546
9783
1939
1427
53
2294
9644
8484
5861
9367
7243
8467
9418
3898
7015
5795
8716
8531
6044
7739
7693
1035
3406
5104
9222
3589
7019
879
4109
2091
1884
6412
7760
6918
3064
5652
2929
8060
7558
2543
3085
995
7932
994
2698
3988
3497
1105
4925
539
3707
3121
1926
2539
9965
554
3785
4894
257
7036
9289
5194
5222
2889
4690
4543
4214
3648
1731
861
6479
1178
343
3203
8796
5437
399
2626
9279
3550
4877
592
957
1555
9151
8024
8870
8902
1222
9022
1263
7478
3235
5200
190
472
557
6888
3393
939
689
2335
2188
456
9078
1932
9197
3112
5083
3433
9661
991
9488
1606
4998
2279
1870
727
1419
2392
1108
4280
8025
9874
9823
146
856
5181
453
5221
6877
5464
5085
8677
5392
1758
7423
1425
292
7078
3924
4174
120
5241
5257
8498
8202
4063
2326
1276
9747
7394
7109
1889
9570
5956
2337
2866
681
3293
973
5225
8926
4956
2125
6434
7823
6014
1509
8103
1814
6013
6957
3443
5236
7440
5133
4616
9117
1056
4331
587
255
2426
5406
349
6208
768
7741
5285
2964
9035
9593
5241
296
4811
5588
3372
8542
7310
6509
9809
1285
5231
7482
5181
6051
8118
9216
9947
8466
9214
6401
505
8997
3603
1170
7855
5814
8090
1304
2128
1325
8955
1279
8137
6302
4073
951
3398
2960
2130
5835
6852
70
1025
3599
4465
140
7553
1717
5759
7503
1628
5068
1992
809
5842
7638
7420
6103
2789
3397
1541
2169
4529
3073
4043
982
969
4296
1844
6538
7836
66
8547
8205
2023
4720
49
3616
804
4113
4537
6070
8096
2209
2141
1197
4202
9598
6519
4713
294
5575
1498
2587
7794
9444
374
4451
2912
749
9401
383
578
1336
8723
4302
4804
2865
3859
1397
3859
1848
2701
189
876
4562
1437
8344
1791
4877
4036
7966
9345
1669
1217
248
5345
5739
4460
5288
7938
9528
2891
9635
5943
4734
2135
5052
3022
8807
5209
3055
947
1693
9694
2998
9157
8901
9706
9739
3349
4840
1609
9339
7274
4496
3904
7907
2530
3211
4417
26
4131
2991
909
5643
1744
5051
4564
9805
9703
5829
217
5024
3767
5493
6897
758
4302
9389
3401
700
800
8291
7799
5668
8693
9357
857
6129
8713
4040
874
5645
6967
8645
9955
5386
1919
1601
2750
5811
8596
2927
9717
5711
9187
9028
329
8434
8397
718
8735
8463
6373
2626
1269
3997
9285
8688
8658
8869
4619
9686
4091
2822
9105
6094
8273
8341
554
148
9896
9236
584
5497
5763
2477
747
4557
3179
3164
8036
1548
734
4502
2151
8392
5700
3338
7599
6190
5965
5507
9803
2888
1127
6903
5398
1550
987
3423
5253
7386
1014
3314
3481
6407
8646
4112
3092
5781
2938
3673
6008
2780
9916
8792
7195
3673
203
9903
2071
234
7040
6560
3150
4882
2866
9381
1290
3498
2949
3244
2514
5333
6541
7811
9849
4685
6961
1660
6561
6479
7547
3917
3629
720
1356
5926
1219
1195
651
8192
384
2280
2990
7727
8902
6138
2033
1811
2785
3349
1123
6689
6935
1001
6737
5369
8077
8928
4554
4723
3894
624
5201
4427
3798
8734
8545
3190
1125
3360
3547
832
1488
4572
7978
6676
8425
5138
9304
9287
6974
9010
1033
6097
647
5036
6117
3065
5129
2099
9684
604
1560
2524
8577
3433
8233
1897
6001
5084
3269
6236
4589
1701
8057
954
2218
8164
3978
7038
1226
6356
5207
4263
7212
881
3751
2912
558
1671
7136
4697
6354
792
9545
3975
9199
266
8
2021
3134
2363
9525
8901
8949
1441
5264
8855
8161
1891
5390
8484
7180
7901
8574
3063
3246
3044
2409
2409
2543
8231
2488
136
8938
301
2256
2260
9742
5585
1224
9334
6750
2263
6267
5373
2360
2490
5529
3445
4291
3283
9688
4182
4497
7064
4151
8583
6772
8318
2403
9053
8269
941
6531
4020
5311
5167
1390
7992
3778
5092
3149
5344
3044
2293
2666
5432
7802
6626
7559
266
7652
7834
6332
9640
1806
1767
8152
8121
3938
1780
8456
526
7355
1932
8646
95
2213
209
6281
22
2640
5333
6202
4248
115
4136
4615
3563
2878
7438
7984
8137
7623
7548
2702
1072
3110
2751
4419
995
7996
5562
93
2832
6174
2362
2821
9294
8432
5783
6340
3027
2300
9353
404
2816
5265
5028
1620
5834
5496
8018
6198
662
4658
6348
6130
5104
1982
3989
8894
6759
1015
6450
6789
8008
6745
1625
3299
4502
6436
198
7187
4867
1145
5508
5791
590
6577
3582
4727
6793
3069
9106
5454
5189
4984
302
4301
6604
4729
8123
4826
4651
4181
4642
9652
8170
6289
6303
6437
170
8181
7601
5370
7562
2235
4106
6943
4901
2935
4026
2003
4171
6241
6930
2699
7658
1085
5991
5843
5370
5436
6998
9502
3362
411
5214
6990
2058
3289
6878
9519
3198
3143
3292
286
1563
104
6399
56
9033
5495
5018
9645
85
7207
4198
2771
2202
8149
858
1174
1868
8090
8282
2525
3792
958
617
56
6971
1638
411
7541
8662
5806
3564
3874
6475
5681
5047
2493
6030
5829
4868
3224
9099
2436
7266
4984
8392
4532
9004
4364
7254
8008
6106
8442
7674
6080
5079
789
498
220
9227
3307
6678
8206
8500
7515
2365
9420
7878
2995
7401
1877
9692
1032
4544
9979
8217
5023
9720
9006
3552
3480
3389
1162
8748
9994
4578
3495
29
681
6691
2462
2032
1028
6130
5579
7417
9275
7398
6189
9343
6126
6780
2459
1493
8513
1833
7665
289
4636
541
4855
1754
8302
7125
1859
8563
6513
6558
8053
2238
6232
5681
1328
9983
4053
8463
7881
4558
5912
6186
2823
1752
5618
8237
9467
9187
8312
6249
3049
220
3922
6014
4276
9247
6531
2706
5751
5314
9427
2241
1904
2175
3639
5985
6039
716
3394
6576
892
1080
4965
2572
5695
548
8307
607
7801
6027
9648
3269
1544
3823
1431
5212
2455
818
7353
5863
5531
3519
1971
1135
9658
5075
3721
4710
4359
3674
4975
2025
4008
6346
7143
3137
6473
5718
6964
2822
9337
2544
605
6065
6305
2127
4141
7116
5605
328
1623
2249
323
476
3302
4684
6617
9390
7971
7749
6483
9759
6736
8142
7617
7400
3393
7021
6823
9955
8314
1494
47
4135
2451
9185
7241
734
3369
3427
7602
1604
462
4860
1282
6558
4928
3068
6591
5381
2007
5170
5440
6862
8104
8755
7292
2215
4967
3635
5904
9295
3465
8804
5743
3347
3223
2120
7187
705
8798
2484
1650
378
7652
4035
8189
3353
5189
515
4674
1899
5691
9297
3681
9594
4732
9180
139
3002
1821
5880
1510
6990
5
1570
973
5736
6044
7291
852
9948
8434
7187
9610
8959
1260
2803
5079
545
5240
1766
4069
5076
9698
9877
4298
568
3840
6590
5267
4117
7528
9360
109
8788
8273
3334
5597
3259
9542
8733
9168
8707
3031
7796
9052
6535
4714
5615
4853
5114
7551
3528
1515
6277
7809
7219
7617
3853
8472
6987
2889
157
7243
750
7962
3333
5650
5986
8163
1231
3818
7091
8986
1225
2802
3195
685
8564
6050
8908
346
5624
6844
1549
4074
2770
2138
8078
9575
5515
471
745
7407
3110
3946
5943
2065
5861
9612
6988
1556
936
3915
8017
198
7732
4951
2444
5394
1804
8489
7758
8027
4367
4372
8089
4501
3070
307
6683
3731
4583
3314
5691
90
1458
4905
2495
4757
536
8803
1544
7202
8635
9917
6875
8073
6247
9017
3980
6109
1123
5538
6121
4379
7299
5706
2432
7984
541
1088
6622
7751
3669
1901
1461
319
9416
6541
6697
2874
4322
1931
2376
1554
92
4420
5092
3015
7541
1982
510
3892
2892
6482
464
1391
2647
1732
5318
174
723
1987
6234
4471
4729
8428
4108
4528
5273
2217
4826
3141
4086
3735
8801
9368
686
3925
5392
3779
5204
488
5205
3433
6523
9227
1575
7434
6497
1396
3712
9285
6917
4370
148
7448
7063
2642
4674
5619
1643
3841
4422
5882
8762
1612
7176
3721
5637
3955
9749
818
2630
4460
887
2641
5285
6115
8820
897
3395
6719
5840
9608
3143
4160
3504
9181
3283
9941
861
8170
8594
42
2576
8492
272
6478
3344
4711
1093
3634
4325
3079
1472
9726
8616
1777
2557
2622
1625
8264
1234
6857
7516
4379
1708
6434
5025
8427
3872
4663
9823
2363
432
6391
1421
880
8573
3473
925
8552
1812
8455
3493
6695
7830
5681
3866
4780
4663
910
2603
7650
5619
1718
1431
6546
9096
1130
1837
8422
3236
2301
5006
6408
3500
6668
753
7145
4645
5960
3491
8862
5235
5205
4488
7253
28
1018
5762
149
904
2505
5069
9619
5800
9097
5029
8881
7279
6174
5013
1361
1
1371
4109
4039
6791
7117
4079
1804
7468
184
6230
1183
6504
5216
4787
1126
7654
6382
3893
5906
1107
7698
3140
4272
5638
551
411
2812
6182
6306
9584
4736
9501
548
2032
7802
2647
9039
3692
5084
5302
6997
4202
6989
1878
2348
3770
4029
9480
2254
886
4917
4029
8669
8116
8317
593
2548
9163
2135
6977
6616
3376
9464
4282
5469
6716
6471
272
3429
7403
5470
6615
3299
6436
8094
6610
8478
5216
5935
9126
2961
1625
4308
2329
2863
5552
9485
684
948
5707
5446
179
4502
9497
9741
6797
7146
9955
6497
260
4899
530
2133
1411
8662
6615
8788
7583
73
6922
511
5827
1305
7410
9010
6636
9259
4029
1620
8541
2522
846
3453
928
9967
369
9282
3642
175
6651
5692
2778
5758
6018
9334
9630
9905
3254
2965
7825
4033
2908
3618
3893
8380
8517
1971
6057
7605
1087
8184
8007
9803
9367
5824
8125
4344
7146
4828
9397
1488
9847
5547
2275
5849
7938
581
891
4505
7415
6148
7421
4747
8153
4443
910
492
8055
8506
9796
5138
8969
9130
5949
9451
3389
3043
877
6419
2584
5902
6482
8896
2443
3076
2213
9720
8644
7461
3888
3714
1662
7092
1830
2986
7814
9471
9236
5725
2458
8381
4146
8836
4832
8785
4757
3822
561
2267
6788
1574
5648
1021
6373
1252
3755
5754
2676
9551
3773
6602
895
6400
6557
9835
1201
1554
9910
6258
7993
3029
4100
15
1526
8945
3464
990
4257
8760
3432
2778
9575
4676
5910
1916
610
8272
2747
577
1635
8243
912
7401
46
5302
3001
2476
1553
6423
2367
39
4706
118
3368
2548
4085
1677
7172
2296
2567
5660
2855
8149
2041
5042
2398
1504
3980
8328
704
7165
5462
5431
8931
6246
2719
8474
2103
1818
4251
2734
3
2979
4739
9317
7322
1792
7330
346
3721
1600
953
8687
6192
8000
4735
691
4939
4460
1145
1439
9628
6738
2146
5551
3559
2452
4231
5966
1706
3115
5585
9114
1286
2473
4960
6806
8766
4039
4929
1230
7787
5133
3852
6389
393
5520
92
1835
7378
6005
9083
1995
9141
6084
5642
9648
115
5031
3162
2647
7878
5538
8170
7679
5038
1277
621
4269
2840
2941
6119
3260
7629
3297
2212
1986
2693
1063
7541
1902
5863
6942
2984
9374
990
9159
1986
8412
4233
5893
1276
8840
6575
8163
2568
3297
3244
2100
4574
7597
1197
9526
3335
6089
3524
2848
2677
1706
3353
4090
3277
1441
8061
5148
1602
4780
4763
7455
2895
8970
7982
223
4913
6279
9321
9106
8847
8533
7479
8610
774
4475
176
6358
3525
2935
596
4591
2930
9216
6967
366
9240
9559
9465
3315
4174
5851
2977
3280
5716
4651
4805
1419
492
8230
4728
1395
3779
1502
9665
6314
3643
3483
1972
2945
4966
8156
576
993
3825
681
8644
2085
283
6356
9550
6662
7872
2061
3842
990
1686
1221
9027
6845
9731
5882
1073
234
9033
8465
9967
7153
768
5601
5215
4347
7886
7708
4317
1083
1189
8617
8629
7605
6073
4780
5970
4329
7500
1560
6932
5725
4312
8923
9596
24
729
1607
6599
651
2996
3920
8213
3962
5240
6545
4069
6568
5056
3513
527
5265
8193
147
8141
8000
5654
772
1302
7905
3158
8798
7465
2673
4991
33
7443
5425
657
9296
7358
3834
2777
849
1494
1354
5800
7726
8504
556
7136
6137
7145
7414
8219
8525
2848
2156
2279
9999
7025
8226
3794
883
6327
2206
8878
6699
9917
5084
7969
1706
4410
7371
9019
9399
1655
1060
5669
1693
4045
9339
1635
7711
4352
1487
981
809
3906
9627
4544
9362
9093
6607
2243
8253
3041
8120
4345
3470
2350
1595
3371
1225
2335
658
8879
9367
7195
9101
2833
5378
9033
4714
5676
1408
7383
1759
5636
9884
8391
2035
1315
3199
3319
7868
2639
7838
6491
2692
8917
5517
5881
9173
2212
3057
9809
7859
9240
2883
2231
8361
8209
9457
415
9771
6975
9278
9347
5690
1612
7914
7300
4935
5799
9676
5322
2511
6472
3259
5770
4964
4453
2492
5123
6604
6576
3590
2309
4962
6202
4545
9055
8395
9721
7533
1651
979
385
7583
72
5958
8178
9670
4827
106
3389
2940
1092
3257
1156
8328
2416
189
5981
9840
9248
7332
6899
8603
7005
3699
3050
3637
7751
5239
7901
5900
2793
9750
4533
1431
9546
7812
2807
1894
4274
7378
4075
2628
9286
2641
757
9465
4675
2627
7890
1276
3987
5090
7889
3830
607
4843
6251
6497
7522
9394
112
8528
8085
3561
7552
4072
5628
3723
4514
6988
3340
8626
4037
2662
7927
5896
6528
6017
6662
443
9304
6836
7873
6650
3022
5353
7630
1196
9938
859
8724
32
9944
3581
5739
5614
3973
1048
6227
4412
566
2749
3469
3197
2861
7656
5529
8421
7850
6661
5085
183
2354
3037
334
127
638
4248
4318
2667
306
2342
3091
212
4408
4345
3472
5947
4232
874
8578
9758
8167
8316
4809
1865
8890
7534
8385
5017
8373
4649
9932
7133
7620
4953
6733
405
8612
5529
2052
8204
5663
3735
3585
210
9827
7894
679
6482
8990
2211
8398
9731
3176
1567
9812
2201
2061
4218
6882
5467
3526
7377
951
6063
3538
9470
3379
6466
3334
8622
8290
8180
6526
897
4339
7135
8238
8186
1907
9288
7946
3109
9787
4383
7439
2728
6099
7889
2188
4098
7025
2829
4032
1153
2562
9747
1089
5984
5140
3127
9142
396
2414
7157
3938
8872
8460
1839
9902
4311
2378
3506
9697
7814
2301
1991
7614
5788
1609
4997
6491
8649
9234
6179
7273
6508
1858
2331
2453
4625
7363
106
5594
1479
6394
3460
5264
5440
6737
4005
9845
3041
4800
9810
7158
8089
5127
7182
8155
719
9017
297
9852
2724
4104
7970
6420
7079
570
2365
6832
2759
8645
1967
724
4179
5772
70
5371
2173
6102
7110
520
1134
1879
3678
9438
6819
2893
2633
5784
6196
3257
3841
7990
1125
1800
6765
1060
3494
2702
7979
9177
6293
3438
665
5785
9236
3703
3261
2583
2932
6158
7093
3083
2736
5540
777
9148
6135
5061
4396
826
2193
9373
4529
634
834
1238
7177
5599
9885
6258
1595
8081
9392
2673
5469
1389
7821
8960
4335
7321
7160
6542
1847
3842
4924
9260
1846
7236
8633
593
9034
2741
4008
2407
749
2094
8943
6421
2602
5495
8239
9690
9615
7406
3466
5171
5470
1476
2243
521
2734
1860
5086
5866
9823
273
7270
5090
9963
5019
8653
1494
6151
2509
3470
4108
7785
7366
1646
7162
9619
1281
1601
1498
8941
8836
4441
8007
4881
7874
2026
9896
5904
77
6904
7845
9458
4908
7778
5690
7163
2788
2056
9991
24
2054
3335
721
169
1973
8005
3305
3433
4066
5239
2791
2936
982
4961
5779
9162
6203
453
1791
3239
71
6572
4548
4067
5142
6499
1176
9801
4803
1597
3641
9329
3091
6150
3945
8097
5471
2055
1573
383
3404
3829
1108
7860
7544
2980
5304
1099
4258
3786
7924
2313
422
4990
8587
4855
1861
8222
8960
1515
3437
672
7600
5973
8554
8208
9336
7973
568
633
3091
553
180
9439
8148
6996
254
1528
5453
7851
4445
3643
5658
9
4863
6976
9725
6690
3035
6487
7591
9380
3478
7253
8591
265
3438
537
7874
1481
3206
8605
5415
285
3742
6344
3357
4302
9933
2400
4292
9692
2334
5709
9653
2282
5046
7512
9487
4695
6142
3026
4527
7800
992
9025
6859
6944
8226
8757
507
4193
5418
8873
8884
2892
9581
4885
3171
2101
6793
9825
8658
4194
219
2547
234
4370
8077
7305
5717
1722
3792
3122
3326
9114
8706
2231
1704
1199
1739
1736
5735
9186
5642
8960
6543
6589
2903
1210
8824
1949
869
2781
6458
6834
9366
6259
7467
5972
7690
8568
2306
6768
6294
3565
4759
9232
3229
3483
4057
9193
3726
2757
9355
1950
9913
487
1084
6017
159
6059
1713
9546
4277
7290
8690
544
2932
3615
7502
2292
4641
4583
9819
6029
4724
293
7342
4573
3271
8242
8051
3987
8893
4897
3594
3962
5916
1585
894
9231
1880
2267
6371
5520
9950
9931
6891
4399
5690
2668
837
53
6277
6780
1412
6660
7278
2159
1799
6741
7123
6591
8810
8800
7853
1744
6520
2954
8998
4082
1242
4633
2536
5648
993
5795
1379
4293
5852
4084
9690
8318
3798
9373
2506
186
5744
8714
4376
2622
9526
3916
7350
9334
1937
9189
7618
3142
7321
9139
7260
1742
8212
2419
7217
5660
5583
2295
7896
2987
1623
1362
4297
5705
5717
3439
5525
7206
5444
7074
5158
3912
400
9158
291
5164
45
4454
1840
6278
8081
967
2256
570
5071
4226
3464
9460
7649
8640
9074
8129
9377
5453
7434
672
8244
271
1481
2611
3379
4144
3675
1823
9992
2599
8175
5315
161
1606
6011
982
7908
5772
665
8409
4096
5385
6273
203
2811
4546
2084
9275
5757
5179
8499
6296
4968
5937
3066
6853
8003
9962
2829
7576
9905
9731
6989
5649
9123
8441
6998
232
7207
1828
6024
6479
8122
3629
2833
6023
8369
6849
7107
9694
1888
4765
7079
3781
4102
7273
4989
5872
6757
3057
3407
3015
97
5342
9665
3514
6069
8484
6599
7713
3228
6244
3332
6688
6610
3106
5033
5146
1784
3825
3938
1981
6286
9610
1449
7531
3232
4043
5782
7593
5600
4972
4644
5567
9852
7196
1376
7568
6699
6667
7536
9636
1433
3329
9118
6289
6028
1195
1584
5209
4947
2614
9478
5660
5850
8403
2063
9181
9980
4379
5319
2211
4822
5644
7057
1142
740
9954
8381
8617
42
529
3607
9015
9761
5133
5324
8309
156
8877
9785
7895
3238
1572
1698
2239
6633
7919
9275
2161
4589
6829
4087
9858
7468
8808
1258
4894
942
8706
749
8936
1446
3226
7678
9740
2488
2478
1361
3921
2949
6475
4200
6826
7669
8559
7322
2379
6335
6864
9715
5209
5720
5813
2615
5018
6629
2722
8356
5468
6143
7473
2275
5313
4563
7339
2890
8520
6994
2743
9026
4103
2140
2265
400
8068
3700
6044
8691
4035
8464
1578
1481
3722
5599
7207
9149
1840
9927
6446
4321
3460
1658
835
4276
7881
2260
1432
9008
5679
8100
3547
4786
2429
7284
6332
199
5658
5847
1069
5280
5420
8223
674
1634
1815
5415
4631
1948
8903
8403
4161
534
521
4915
525
4818
9955
8286
6596
4674
292
5568
4144
5734
8086
3138
1752
1007
4336
9779
3927
8869
2712
3584
5291
1442
3158
8437
8698
2649
2307
6128
4078
5718
2816
9166
689
8996
6243
5156
2916
3061
413
9996
4457
8449
4487
1002
2096
9390
8234
9386
878
5255
701
9977
5466
9581
3465
7836
1298
6839
2553
2448
1882
151
7821
4719
8932
2875
7726
1035
9563
7069
9516
1739
2777
3287
4466
2688
8969
7926
299
2290
8151
9610
5342
9340
4819
2151
3525
4000
5812
8523
9868
8600
6745
572
7236
5050
619
8493
5719
8247
7646
493
3574
3889
9350
637
7549
2583
9382
9788
2392
3838
6468
2849
3968
9021
9721
9571
1182
7621
8580
9096
6976
9675
5646
8184
6889
564
9896
4414
722
2540
6560
8875
1390
866
9427
5430
6380
8564
4108
4868
6805
2370
4027
1776
2822
9633
176
423
4791
3087
6295
6434
5721
6350
2158
7361
7343
8048
3856
1665
3283
461
4038
4554
2170
6595
3156
9975
4401
3706
6943
8210
3174
3794
2830
1051
7524
2748
5310
6757
6454
2115
2895
3214
3836
8453
572
9321
5147
9537
4488
8202
8703
8303
7939
3981
4460
998
1293
7619
946
5214
2929
810
4111
2963
6178
8935
8414
2146
9748
7171
5901
4163
5089
5215
7452
2755
6508
5446
1953
3357
1874
3214
105
1045
7148
8425
4905
4193
9633
3102
1906
5780
1145
7312
563
3416
9388
9448
7752
3014
4360
8643
3217
3445
1026
4394
9165
6254
1924
4874
9813
3624
3300
2528
8997
4628
9621
2339
7685
9127
86
4557
774
4047
7513
663
4263
3924
4623
1008
3559
2941
846
2490
8565
1772
9348
50
5492
2727
4709
666
1642
6388
3728
8708
6904
5520
2369
2413
1875
6380
463
8547
6080
1156
8405
7189
6255
7053
3294
2438
7326
5323
2441
3677
5343
5292
9645
5708
6228
3973
3637
3898
9622
1670
5708
9295
6372
8204
356
6188
2073
2004
4688
9589
6374
9095
7922
6860
6031
3574
5407
2603
6354
7395
5646
9646
2097
8825
6927
1386
6849
6074
8840
6446
6059
4707
2539
3381
6575
9837
35
3924
8953
1043
9709
7990
6316
6075
548
4114
3226
9843
2820
261
86
8794
5488
6162
6928
9624
208
3347
3759
2106
7634
4282
8542
8622
8160
6456
3821
2951
2738
9209
5800
1518
5658
5946
9364
1829
6542
9961
8981
1033
4867
1192
9182
1092
5332
8205
5376
1435
3218
8408
691
3659
5749
401
3906
7259
1121
7118
4896
8030
6356
7423
3897
6791
4603
5606
516
2761
949
1254
5268
8266
9775
9047
5886
1636
8462
5858
6069
3400
3003
5615
1600
9599
5928
1097
9325
2014
3505
3931
7902
3189
9582
9162
8610
7332
8772
7966
7647
3242
5212
4765
9419
540
203
3622
9018
4463
4208
3623
7154
1138
5117
1660
6602
2714
5437
5381
7489
8139
7587
6850
1451
6432
7139
8941
6085
3816
1962
7508
8314
541
9831
1122
7438
6210
6477
3657
5543
5768
2209
127
3324
4429
8462
3650
3462
9138
3656
4104
1747
9383
7453
567
1353
9605
2167
6030
6999
9495
1359
4974
5031
4950
4092
41
5344
4672
3800
709
4184
7268
259
6669
9847
3437
7793
7397
5639
5641
4126
3303
7223
4932
2802
5247
270
9510
3248
1503
6332
8373
2552
7504
1676
3416
9532
5286
3766
5594
944
1326
1970
5879
4890
4407
4615
8006
1145
1290
2497
7827
8419
7927
2576
9288
1494
1885
9309
4247
9391
8374
3960
5607
7657
8925
9996
4040
3326
6461
4212
5892
4681
3687
8231
4117
6491
4831
9775
9021
2364
1092
408
7141
5418
3562
8003
7014
1453
8582
5290
8606
2507
1461
4798
8991
8390
9177
9132
9354
1619
3233
9534
7779
8391
7268
7885
1281
4314
4426
4213
2836
7469
4919
6017
9715
1479
5845
6453
7842
4011
5213
3738
4669
534
2353
5171
8083
2388
4697
3487
9649
1970
1800
8776
8073
1006
4266
9464
9952
618
9916
1019
9665
3552
1848
6063
5793
3295
7740
7431
4768
6740
1718
1056
536
1572
8446
747
6422
9877
4416
1721
8738
9388
260
7157
604
8241
2028
3370
2325
2944
7561
3109
6791
568
8810
6406
5586
8934
7331
5920
1556
8540
2902
8784
3444
1642
3552
2330
316
3470
3074
3150
5984
3240
6106
3962
3391
646
6558
6649
5509
7279
4933
3833
330
9179
5842
7738
8411
9695
2542
7523
3363
567
1440
814
9925
4123
6235
1459
2617
324
4612
5395
6433
1400
863
3931
9862
3808
7845
8920
4900
9355
9572
185
8175
2556
8547
4960
7312
4735
6368
6835
8400
361
1049
7023
4143
2012
7827
7516
5761
1881
4762
6603
9783
2560
1429
1835
6613
916
5317
8475
981
3194
810
9387
3240
8703
9858
6075
3444
4745
2687
5701
7438
6406
7860
4582
6917
5505
5468
1927
8857
451
70
1626
8406
8501
2097
6096
8033
3828
7008
7655
3261
2365
4138
8753
2490
3096
4546
5568
2172
7330
2573
6573
8819
2114
6421
4743
908
1453
3065
2937
515
9844
5182
6548
5155
43
7047
7468
6524
1909
9676
6623
9648
1211
5914
9999
8154
1835
199
8241
4459
6157
2960
6574
3059
4017
1329
8119
4040
9092
9040
9237
5605
8258
5734
6094
1970
8245
2443
8404
3116
4907
6397
1015
6354
8773
3308
8603
939
4300
9190
4836
2678
9919
8634
8557
1328
5735
6059
4617
3420
347
1043
7937
5986
2511
9377
2219
167
4007
3729
4908
2036
762
2278
5156
662
9042
134
2999
977
8895
7106
6220
1713
9531
8336
5567
4223
8728
2968
1873
3037
6406
2999
6799
8814
9937
3363
2880
6933
4678
2396
5415
5544
3942
363
89
7872
1204
9674
5320
5360
8424
7583
2190
1776
6214
6903
7701
7237
4488
7787
6451
9246
4280
5473
9748
4238
7978
7681
911
6209
9878
2546
3930
28
3171
8481
9066
9094
7967
7981
9138
8685
6667
5490
2364
5574
4035
2449
8870
8405
6092
6104
1780
9909
710
3763
6900
8900
1568
1790
4158
1310
6346
1509
3833
6949
9686
747
1371
4410
376
2291
5097
5850
1885
1919
8172
8136
5223
5955
6757
2531
6726
3524
2503
627
7683
5682
7730
7894
790
7039
9360
6401
3639
2843
536
4101
3121
958
2785
3120
562
8144
3680
5037
8816
7529
450
2745
7238
5888
8085
5827
6635
2274
7328
2623
9891
3538
2291
8870
8207
9975
6218
654
7088
5398
2923
786
2393
6988
7086
5582
6530
7976
3036
2937
1129
8644
16
478
6131
2526
4523
4425
6096
7031
9236
2299
2988
8375
412
8250
2833
2154
8046
2201
6202
4635
5525
8831
7987
9788
5961
5078
1228
2063
289
162
1676
6164
4812
8683
8146
7312
107
5065
9639
9894
4182
4332
4591
3956
7742
7829
3759
29
4498
5589
9384
3662
5836
1984
865
8912
6419
2108
1763
9049
3443
5260
7533
7358
7177
100
7608
2729
2136
6952
9829
2691
7162
5509
691
303
1680
3356
2317
9443
4394
8214
1391
8403
6818
3049
1977
9820
3794
7766
332
4362
4886
8091
3793
1286
9580
2940
2921
47
5352
377
5119
6675
9476
1147
5610
5083
6149
9985
5534
4801
6968
2962
7922
2366
3739
8446
269
2308
9545
470
9626
1861
2781
5332
506
9807
5080
3367
9928
1220
1341
9215
4423
7786
8889
8610
5736
2795
1408
6057
6488
1898
9714
4283
3078
2963
9853
3219
2114
4349
1932
1792
5617
6896
413
8985
829
8701
5169
1643
7850
9486
2300
4656
4019
6474
9916
2590
8450
7221
1094
8217
1358
6370
3691
7910
9359
5542
6266
765
1949
8011
8800
8345
1046
2717
8010
800
687
4244
3419
7018
1634
9647
8953
1984
5749
6745
5377
5602
6699
9899
7931
9444
2436
1214
1656
230
4992
7083
4439
303
2561
1601
1336
7349
4525
7361
7928
7676
5042
1785
2858
8185
8773
8812
8359
8593
1075
1643
8892
6595
664
6338
3842
6670
6894
4513
8379
3184
1229
437
1928
13
4833
3891
7240
8264
6697
7408
5962
2161
9340
720
1731
1531
1590
473
4123
472
1968
7955
402
6660
3997
3790
3329
9419
7040
6240
2842
9768
4139
8234
7921
9547
3363
2933
4052
4325
1071
7870
5078
5827
2959
4988
7705
9413
1290
922
4473
7210
8591
885
6406
7322
1869
9459
2186
7087
926
670
3433
7633
6366
8140
6741
3869
3417
6700
3521
9457
1090
5183
798
3958
2433
2801
4929
955
3828
3475
1109
1818
54
9830
6749
5929
5356
2037
5842
3727
1484
1519
1498
1664
681
6032
8314
1879
2009
2092
850
4960
2695
2679
774
5951
6676
7300
5886
8144
9305
2327
5923
5436
3015
4249
713
6452
7504
9208
1148
8637
6270
4584
5075
1817
1744
5114
2002
3534
182
9416
3099
629
418
4698
3316
2433
94
3736
4339
9993
6012
6924
1062
6036
6888
386
4256
2800
7738
3888
622
3647
3848
7564
7447
879
6824
3759
7537
933
4947
4292
8817
4837
2614
8588
9146
9040
8769
3937
3895
2938
9762
7845
3347
1878
540
102
69
3761
2432
1024
3658
6072
9710
96
5755
9255
2021
3889
141
1551
4326
4084
6823
1747
1175
1696
2125
1376
5219
6356
7771
118
7870
8613
4734
2615
9367
5961
669
6122
8278
6654
3973
8492
2740
2039
6321
5205
2986
5380
6376
4498
3666
9998
9873
5604
1194
3548
9681
3109
3655
1636
5013
6082
2069
1729
4427
6217
7261
6541
6203
240
9231
8588
4835
5967
5551
3606
8271
4812
2908
2766
2440
674
8843
51
5715
8636
1586
6658
6538
3363
3809
3766
6968
8482
5131
1566
9742
594
8257
841
7859
9191
6144
6528
5928
9126
9953
8335
3736
1873
6750
2546
7646
2433
4389
6777
194
3199
6484
5240
7468
2655
6084
4861
3977
2489
2899
1486
6730
2101
249
1006
7881
2258
5500
156
8135
1171
6431
745
8241
1288
9237
6452
8593
8916
4724
4035
5041
8480
1236
2544
5914
5547
1750
4717
8554
3148
4369
7830
9684
7798
7432
1458
8018
8358
8952
5845
1717
9692
381
6693
4973
6836
7204
3431
1220
9936
2331
6662
6900
2388
4709
2447
7993
1725
4330
1163
4321
2206
9195
9882
8512
6361
2242
1753
6208
1095
4791
8511
5110
3460
7888
3962
7344
8810
4752
3121
9898
4712
4320
4773
8207
7054
3372
7913
8029
2840
8868
7067
5073
3829
2290
3182
8642
978
7659
2309
7242
6328
94
318
7118
255
2858
7305
3678
9677
3837
8852
1720
6336
518
1716
6599
3171
2620
8162
4617
8848
7800
6383
5823
7490
5740
582
1501
8198
5479
4700
4481
7982
337
1830
3376
2513
2752
1016
1132
3251
1054
8629
1458
2972
3729
1272
767
6999
4474
4606
3891
6345
1993
9437
5998
7996
7933
6517
4822
3224
4954
210
7195
1645
3331
4475
8098
3055
3783
554
7021
2829
1879
7400
4427
1136
8565
7685
2956
797
7929
4544
9661
1928
1101
6425
5426
7141
5400
1985
8113
2107
1864
378
1787
56
1448
3697
7254
395
241
9796
5989
4610
5565
5409
5433
4768
9863
5629
7088
9578
2973
7278
4284
8367
8135
7446
591
7090
6482
9900
5122
8629
9845
2040
8629
1924
4645
9771
688
619
4244
8297
6216
68
1140
7972
8446
977
9673
5030
7057
6690
1724
7035
2884
7700
3483
2520
3802
1751
2158
5628
2413
5242
5797
6241
9150
8036
7182
255
1206
2353
3122
3230
9707
5496
5007
9445
7775
630
1008
4868
9827
8425
648
2906
9112
2666
5725
836
3446
7159
6001
7075
5061
7884
6605
5289
8520
702
3254
1855
7051
195
2769
3222
2561
1330
3170
7672
5376
2915
3936
9002
4104
290
725
9249
3454
5749
1073
3757
5399
6215
6830
6310
2799
3920
5343
8146
7658
5891
9153
2993
8658
4885
7683
4981
1087
5925
6130
1809
3300
8396
2893
7468
7478
6769
3160
1202
8472
4937
5963
3288
8225
4186
362
8985
6111
9355
4336
9506
2709
1546
3396
6855
7040
41
7918
6416
3431
1958
9219
6035
8768
7797
1755
7903
3712
9100
8692
8914
9307
5194
6384
7944
8585
453
3689
6912
1961
7408
2292
7197
1967
9397
6083
7718
3608
244
2725
1594
9631
792
1016
9348
7897
226
255
3382
5674
1125
5038
2293
4762
4893
9538
2321
8674
5612
9566
3167
1104
963
8975
5029
1211
8489
817
5058
9872
9323
5563
6792
6490
8528
7334
1238
6512
8072
1675
390
6665
464
633
943
8235
7829
5894
7720
3872
7395
3533
6698
7866
2600
4214
337
7421
3034
5731
1871
8570
9041
1350
2845
7917
7442
1392
4398
6236
6745
3780
6850
9264
8579
9338
6260
1936
6677
6144
4576
7832
1133
2731
9333
8793
4035
4315
4370
1737
203
28
4433
1979
5289
2361
6829
1162
2625
7675
7905
3872
8395
3727
7454
9747
4384
501
5192
9070
9331
5972
2302
4125
7279
6604
9716
8241
5032
1875
9022
9972
9552
7617
5324
7063
8330
8135
5581
1223
8611
9402
1
9583
3169
6206
127
22
7707
9037
8047
2137
1955
5735
8357
7219
9692
2003
7754
1080
7948
3123
4649
4129
9551
2613
7891
498
2293
9446
176
4664
249
6850
1491
398
799
8278
4248
3374
4410
7223
5948
7300
4231
4171
3657
14
7465
3828
4109
6912
9986
7581
3398
5125
5866
1245
8572
3375
6975
6393
7786
2671
4522
8342
7787
5200
5273
8380
4477
2318
2287
9334
7061
9476
6612
3509
3567
7875
218
1012
1263
351
2973
9991
3513
1106
9462
2669
1465
2948
9837
7732
4624
7058
2952
6811
7917
3979
1588
9314
2003
2842
4046
1518
9628
3486
2591
5898
890
4757
4098
3447
3157
6582
8019
771
1031
8734
6326
776
3600
9587
2865
2571
7894
1028
7655
