6200
7313
8564
2265
934
2653
2495
7599
454
5854
6246
93
7767
4550
3593
8508
7680
3770
242
4080
6009
63
6709
4722
5071
7170
1059
7496
4884
8616
3486
4802
8684
2887
2751
1140
467
5159
6611
2347
3525
5193
1580
4150
1502
8066
5204
2267
4079
5523
1980
5906
8082
937
3098
3882
7461
7540
7497
3078
1242
1750
6498
4780
2319
6746
193
4482
2841
8358
7322
349
4068
4550
6154
5279
1629
4006
4258
2780
2168
860
5062
2826
7237
536
316
8434
6781
4873
5224
655
2331
8910
2653
6682
2558
749
2797
303
8587
2315
8281
8776
8063
2553
8652
6196
5665
6783
3033
7052
190
4272
8622
3426
3391
4057
2112
5302
3637
4095
933
7454
1588
5620
1689
7041
8581
1174
128
7616
8837
4836
1827
5777
8499
8726
6117
2058
3807
3512
5925
2815
8686
378
1990
1088
1002
1255
4985
7785
3262
4696
2300
183
5359
5557
3476
8236
6702
8567
5262
5496
1083
1501
5948
3652
1667
1872
475
8131
5513
2213
6400
2192
107
5047
8819
454
3963
3671
4595
3824
470
4137
3905
8758
170
2588
3321
4936
7416
7933
2739
3874
7537
7944
4000
117
436
69
8136
381
4501
2027
8944
2492
5090
2924
7024
2730
6999
1612
491
2783
5225
4062
6096
5727
7
5557
5005
4353
6997
5477
7675
4100
6082
6124
2140
311
5306
4552
5929
7195
1782
4549
7632
1726
5446
5427
931
4343
6328
2370
7108
3425
3522
5547
1140
5343
1572
1157
8707
6714
745
8193
7841
5930
5700
8634
5403
6838
5792
676
745
1249
2039
7000
7109
7444
3460
3161
4166
8450
7900
5126
90
1651
4438
7700
5010
625
8420
24
5599
3145
8681
2966
1034
3806
5370
7608
6665
2184
2594
1126
5342
2347
3478
8455
7601
3400
4903
7034
3238
2141
7773
3619
7585
7297
1816
6405
6174
4184
3842
328
7165
4703
393
7160
8058
3645
3745
5610
3843
6119
7685
6435
1802
6342
2301
4262
578
3246
6300
1250
3919
4734
6593
6510
4510
7527
8381
7010
6075
3818
7996
2299
5466
6243
3876
6474
2573
7724
6115
3627
4564
3711
589
6157
4378
1660
4946
7818
4684
1187
7614
4604
8012
3943
4690
8210
8436
5992
6065
2750
3087
1730
637
3237
961
4719
8175
2426
278
4718
629
1191
6136
2326
1285
601
418
1987
8368
2822
8537
4875
5890
246
6763
2310
3742
3348
5447
3288
5814
3639
388
4525
7528
1105
7870
2079
3421
1611
7779
6199
2211
3355
6395
3702
2434
7619
5486
4550
4491
2303
1999
218
7963
4963
982
750
6000
8870
5084
4476
6691
8327
3911
6309
6923
5099
2669
8089
1027
1296
8486
6227
1137
3794
1498
8659
6559
4711
1865
6377
1414
528
4297
2667
4014
5358
4482
8171
8963
3799
8382
1248
370
4732
7676
6736
8713
5536
4195
3895
6516
7871
3035
2750
8963
2824
5072
3603
7273
4969
256
696
6319
4165
84
179
5711
2317
635
1994
6613
7896
7057
752
6767
2576
7838
448
2894
3675
1051
1885
4268
6602
1504
8804
645
3674
833
815
8755
6388
5503
3767
5001
8739
482
5949
4433
8114
8756
4197
4097
8639
601
8935
1535
976
4667
411
5518
4033
3217
8065
793
5031
1303
4818
68
3947
2321
4446
3018
1950
8106
4691
7936
1390
5177
174
2032
5706
7802
3978
1387
5936
8003
6026
4918
2256
6749
7756
7845
3629
8722
237
3669
672
6894
6715
4578
824
6413
2746
5569
7082
4692
1758
6680
4224
4252
4882
2434
6257
6425
8115
2558
8902
3138
4125
2127
3676
5665
4400
3927
907
5049
7765
6076
6986
8695
3123
2116
6804
3640
4592
3845
7595
346
1486
6853
2623
6552
6493
6416
7419
1029
7822
4112
3741
4138
5859
2839
448
5298
2825
6616
4224
6314
3327
1771
4209
7518
438
3647
5596
2471
2204
6393
1230
7600
5726
7459
7839
2960
8802
8536
4332
1850
7134
5196
3386
7023
689
5801
6384
5206
2156
2780
3375
3938
6885
4573
5081
7737
7936
8293
7491
1340
3553
2194
4152
8746
2218
3326
3491
4384
1989
3582
376
3147
7488
590
3128
1310
7867
4618
7464
8975
878
5999
509
4971
4827
2487
5733
378
3685
5483
7829
7461
8972
6420
699
5348
3574
7994
5711
364
4348
6813
3403
237
6190
7762
7420
346
2452
5589
6627
402
3194
5581
5669
331
862
2629
8067
4958
4618
7222
471
3917
4504
5218
6852
2481
239
1779
4000
1905
6793
7498
7961
412
6134
444
3960
3808
8689
6782
2023
6603
3148
4594
1187
4278
130
7602
6694
8593
3049
352
8188
3241
6939
7064
2303
8174
6343
2469
4097
2298
5985
8768
7461
3404
2346
8648
6307
330
8677
7699
886
3477
2624
274
6244
4206
667
8570
5553
6735
3656
8375
8712
1628
4343
1067
7480
2519
2596
4012
6086
2043
6399
1828
1877
8553
4672
3426
6175
1302
5165
6094
3934
7630
4458
2097
4923
8689
7548
834
4378
4707
7898
6013
3168
42
2800
6487
4826
8280
6489
1316
5628
4704
6192
537
5731
4758
219
2070
3800
7327
229
8467
2089
6936
6079
7579
1957
10
4626
8694
547
698
1491
4744
808
5383
2019
631
1851
5693
354
562
847
7510
4960
4532
6620
1432
1712
2000
8346
4778
481
8119
5148
808
17
5684
7093
1878
832
5225
1553
2608
7903
8555
5314
8528
7252
2543
5670
3297
7907
1272
105
5240
8514
2593
4493
3587
5961
5388
1482
3553
8052
3333
3355
3513
2486
1481
7911
2407
7060
3344
968
3057
5675
6185
1580
152
3959
5421
3262
5905
6953
8379
497
4211
5795
5675
8344
4627
2763
4822
3892
8059
6867
8554
8562
4193
5177
5420
6264
8691
8736
1022
4205
6249
705
7784
3346
6299
39
2890
5689
5713
6446
7567
5864
3489
6335
6
3562
1627
4043
5170
7010
5017
1393
2970
7133
4282
4350
4146
8755
45
3456
4608
3481
8235
4703
507
5495
3973
3792
596
4849
4493
6832
6609
2836
4208
3265
1847
6911
8208
4828
2261
3995
1504
6219
216
4600
521
3457
1816
6717
3322
3057
3185
8939
3092
6616
1477
8847
2067
6448
7295
1075
4928
2458
8219
6040
923
5342
4793
2698
5710
474
3577
1320
5189
8165
1488
1654
5130
8871
592
3945
6533
6519
5686
366
4960
4280
7988
975
6536
6841
1735
3099
4439
6488
2851
8385
6903
7754
8618
8937
497
8777
6827
4151
2363
978
3591
5245
8920
6018
8767
7451
5146
845
4154
4958
715
6811
6411
8978
2688
8888
3974
4613
3686
1430
8931
6874
6407
5480
6299
5095
2621
7517
2007
2452
1535
1048
2633
3303
2225
6992
3426
2976
1029
7409
4002
8342
1080
3510
1702
1341
128
7208
1267
445
4321
568
5464
3376
175
6309
4426
967
3669
2355
1746
5513
700
1216
1305
8986
4407
7620
4883
3644
659
2748
5825
4340
3316
2507
1320
3635
2163
8022
7488
8439
6068
5362
7375
4686
3331
645
2307
8423
8862
4861
7254
4173
8526
3561
6515
1840
2431
2234
5632
6065
399
1837
7100
7154
7883
2576
4391
4008
2925
1662
4129
7599
4698
5993
6194
1248
1495
8267
745
745
6388
89
6801
7905
865
5101
8901
6782
3885
4270
7355
5309
141
4150
1494
78
7553
3976
8814
1577
8490
1059
4787
8472
2040
7576
2159
8707
6480
348
8713
5146
3691
7978
4029
8035
2641
4752
7744
7000
8596
8084
6138
7316
8274
5316
7580
7570
330
5927
8785
8193
3119
6442
8617
4320
6826
7931
113
3930
2433
3252
8206
7102
5238
2468
4671
8399
6603
7696
7723
482
2057
1601
7407
1697
3528
6050
3066
8539
6577
1305
212
5173
6199
3711
1584
6354
7332
5262
7875
6994
2159
7702
6997
1634
5354
6523
2940
2767
5802
1743
5463
5896
5089
5952
6536
4520
4621
7781
1171
4253
899
7722
891
7992
5494
7613
2324
7929
6337
3445
6363
7862
4997
8383
345
2519
7771
3028
3070
154
1643
1010
3523
5614
7661
8692
2880
7478
1493
265
6060
2084
4932
2127
5522
703
3321
5713
1744
2642
8806
6468
4763
8322
4527
7202
479
2052
7301
2001
3491
2153
2305
8644
7825
8032
5020
3971
8066
742
154
4721
4544
4068
648
3490
3133
1612
2563
6455
8113
5489
4663
4648
3929
8691
6369
4044
442
7836
876
4704
4494
5410
3087
1322
5925
4681
2144
384
4076
7556
4842
2538
939
7648
7234
3961
1864
5574
4504
4962
3362
1930
2752
7179
5120
3868
2087
7833
2023
1011
2003
5452
6586
2713
3724
2224
4444
1639
2439
8192
3569
7757
3665
5272
8802
5942
7583
455
232
8814
4724
7935
7527
3257
8541
819
556
7826
8262
7029
3442
8580
4647
8393
5885
1265
3369
1593
8153
8724
3427
8517
3357
3789
5369
5974
8521
2833
4483
4416
7567
1450
5052
98
926
7626
5897
8363
2432
1152
8721
2787
302
7165
4524
7347
1354
942
268
6538
3697
8758
1544
3557
5179
6350
5496
3521
3123
4292
1602
4312
346
2838
1875
8926
7944
689
8073
3383
6634
7603
1645
1016
2431
3856
5822
1774
4916
6133
1928
5134
8320
4791
3404
2714
2161
23
1537
2509
253
3364
3512
4
1821
7941
565
8224
4684
8538
4761
3636
725
1077
4884
4631
5730
7795
8576
5991
7825
1281
1322
3643
6761
7156
5409
8210
5570
5337
464
3021
1826
654
7224
438
5948
3555
6798
1500
5155
2304
597
2204
1413
4069
6804
4949
571
2552
7936
3456
716
7646
4876
2379
1328
3729
7884
1208
8130
2234
2746
926
855
6308
6935
6924
4492
1957
563
6669
980
1721
8496
4781
8166
5940
817
5558
317
4588
5320
3887
3937
3713
3212
1290
970
2882
8145
2065
5117
2390
2562
8732
5544
747
2465
3137
2439
2518
895
1376
3401
2279
6328
7386
596
4920
5661
7750
8452
3403
2877
5215
2787
8349
1613
8781
3339
7779
1620
7743
2303
4095
492
3858
2775
6055
5018
1649
1058
930
543
4177
6038
6056
6175
295
2883
3869
6326
5136
13
3633
6130
2780
6328
1671
7524
8760
1094
3008
5320
167
7556
7068
5940
6005
1299
2820
6398
4024
2082
8454
5637
5691
8664
2134
4345
8744
7727
5870
3007
5993
5204
4970
8869
2370
3155
714
8964
3471
1848
2781
5715
8574
8768
8286
4919
5161
6
7414
4856
474
1249
182
1423
2787
7770
4102
6396
1025
692
4895
1356
1268
1388
1434
8984
8494
4224
8811
1561
1845
8812
4005
951
3503
2143
4283
5440
3889
964
6888
8141
6452
7205
4620
4992
5564
8993
2740
5418
1190
2374
645
7530
22
8378
524
200
4850
2755
4365
2263
3159
6623
4110
8776
7846
6277
6239
8043
6610
1010
6664
5305
6448
6344
8478
6485
7612
6849
5964
8345
836
8201
2107
1060
1531
8505
1374
2697
5332
6352
7684
6315
6689
6868
3666
2572
8831
8022
1156
4157
8807
2164
2016
2008
3012
3312
3288
8945
1044
3269
2946
163
7214
4281
2885
8342
7286
7526
4962
1326
2983
6867
1917
7672
3430
5608
4950
1557
7118
7422
5273
5481
990
5365
5174
6045
8987
2151
8173
1640
3539
2985
5970
1684
5832
2658
5064
1485
3548
3420
5558
4780
5911
8704
1395
7162
4411
2726
5359
8632
5016
8210
4247
6443
4873
1849
2564
2261
7841
107
6809
5038
8907
4291
56
8042
1142
8081
1080
3124
6033
3912
460
6536
4496
3867
2675
6789
1827
7387
3703
7633
7919
4132
6756
5199
8908
6622
7391
4740
3867
3078
825
3192
2073
7420
7895
87
7196
3120
423
8119
5264
6942
3209
6915
3327
3336
391
1302
8067
8434
7715
7276
337
4545
7644
594
6444
2733
4756
5734
1299
8726
5984
2833
5072
8778
3277
1704
8910
7212
7468
8530
5822
1265
7857
4172
8782
4595
702
1440
3207
3968
1487
2108
801
5021
3586
1071
5229
1252
5877
4518
5535
2230
683
1581
2678
2729
692
8841
6185
5289
7064
6458
2791
2541
3816
6981
5107
6489
2
7335
2746
625
3063
1855
291
4093
5666
3730
5083
3039
8103
5522
4097
8641
5709
4512
6524
8932
4025
8398
2687
5924
5561
5753
4990
8959
546
6420
4721
7876
935
7760
8410
7960
4670
3175
7603
2603
7056
2800
3545
4209
7357
5308
5167
7005
6722
4375
7329
1896
1721
1722
8142
2399
6002
6430
7040
1347
7523
3243
8668
8617
6401
1526
5056
4145
3642
8649
1542
1028
1073
7956
5708
6111
6389
8665
6100
8013
7999
3277
7903
2664
494
8890
2225
8255
5928
2810
2393
2060
7623
4702
7416
7060
2133
269
3731
1585
4902
6696
6446
4277
7817
8946
4839
8636
4514
2844
6804
7724
7247
134
2499
3889
3357
4018
372
5281
6638
1323
7676
1526
5449
963
6681
6746
919
4145
5341
7068
7213
7201
2025
104
6651
7766
5839
637
624
5371
7628
5824
1631
1071
8360
6223
6594
6062
6547
3567
3777
1276
1990
1806
7655
1052
3603
7429
226
7615
6771
2445
5461
5241
1522
6955
1675
7733
7840
8846
986
4888
1286
7404
7514
7227
715
852
7753
2170
7571
3423
3140
1089
6699
5104
4091
4470
4355
4266
6234
3026
2808
1425
1040
2106
189
8064
7350
6034
5285
5730
2197
3632
1192
1412
228
2742
2160
4599
8237
4297
1590
1051
8267
4047
7118
8647
1659
4277
3748
2558
1971
2638
5081
3539
1819
8432
3150
7933
5615
897
1100
6613
1686
4295
805
6796
450
3276
6130
914
2564
2432
2986
5161
7331
5561
6220
2224
4985
6837
3626
4115
2506
7616
7050
6224
6378
8273
1921
988
3178
2238
8150
1380
1367
1104
4865
5312
6487
410
1822
1737
8808
8195
5714
4675
1679
4307
1249
3846
42
3098
8089
5487
8187
2883
2542
1963
6409
6919
155
691
7892
8206
4578
7682
1797
7409
6480
6100
104
987
8960
8905
7887
1934
4618
1911
4028
2817
6040
5438
5818
6823
1373
6452
993
6411
6458
8657
8340
4191
3910
1477
2577
4276
6050
13
5884
660
1134
5372
4736
987
1195
6414
6619
3548
7998
2688
5789
3352
2086
4283
7701
4657
4210
2320
3584
4076
5130
1405
7471
1197
7688
1125
5763
7653
4546
534
3040
8718
1624
1124
1243
7231
2412
6291
4866
4458
2795
5185
862
1171
7838
90
2327
2788
5381
6605
7813
6187
3625
1404
7798
4021
7452
2577
3888
8219
7648
3411
8949
795
6264
5128
7222
5778
6015
916
1206
2116
6859
5568
5564
6438
2094
6350
8844
7667
8801
3513
3523
8635
1116
1665
3884
8994
7838
2044
1108
2444
6294
7952
2663
718
3492
7764
5924
5696
6767
6007
2748
5790
2364
6056
554
3174
3223
3484
1584
1700
6618
3334
2278
7960
711
8553
2071
5025
7635
6329
6210
6947
5993
1208
5073
6948
7567
2092
1666
6229
3321
7397
2016
7244
1297
3765
4421
8838
6176
3168
5558
5449
8564
4354
971
2559
5069
5384
3193
8326
3277
4166
7446
909
5556
5432
8121
2041
4133
452
7971
4390
4777
4324
6670
1561
5334
7938
3096
6370
8099
7853
4308
4575
4187
4192
7597
3339
3595
4841
6120
5141
6618
4334
7277
2733
2228
6171
2505
7089
1530
193
8668
5894
8970
6784
5066
5698
1447
8821
6688
8102
2381
1007
516
361
5691
3427
7433
7760
4173
2272
4022
466
6580
2389
5866
6719
5749
1870
2247
3792
5203
8109
3664
4521
161
4460
535
3827
3296
1937
1847
1127
8889
2475
8091
3309
7784
2017
4618
6602
8310
2986
7296
4936
697
4119
5842
3695
3106
8220
7861
4209
7322
6589
675
8763
7394
7253
6915
8464
5006
1586
7740
4944
1701
8981
8014
5797
1655
157
3085
2838
4347
4427
7866
7004
1220
5664
7624
378
520
8794
7160
7201
5397
8653
2690
5121
4888
1263
2680
3388
6131
7044
2656
4213
3786
7696
831
3702
2307
4123
2004
2343
3608
462
4008
7706
4705
4419
4848
3562
5522
6003
4132
7788
7503
698
8624
5758
1232
6020
7796
7109
2493
867
2937
1730
1895
7288
8091
3956
856
6911
1526
825
6208
4087
4686
2053
7653
5790
6359
7806
4214
4580
5501
4902
5092
5894
8121
3159
2902
2699
8521
1189
2663
4715
4075
6860
7742
8106
4718
59
6946
1908
1324
6664
7680
4355
1760
5555
2546
2484
7464
359
7262
6976
7847
2763
6536
8830
138
2774
2453
638
4412
1345
5021
8464
1585
6542
2932
1490
2564
7662
8181
8960
6797
7545
899
1014
4818
894
7782
2065
1000
2411
5838
3748
8574
590
3840
5567
7782
3985
7818
5017
1746
812
6299
6598
6951
4109
1596
4035
2960
2978
3270
3222
530
1591
4550
1963
7879
5963
7588
8530
1194
6877
4244
7100
5790
5052
5382
4931
1530
7163
2032
3201
4189
6740
4566
5297
4098
8379
4171
8226
6208
6499
887
5706
1897
3535
5877
4183
2853
4886
1520
3953
3562
3849
3761
5819
5106
3529
3944
2232
1345
1865
2828
5762
5490
3355
8288
3933
7877
2694
2189
4018
1247
3893
6494
8856
8277
6851
6212
477
3734
7802
4206
6459
8437
1596
2852
2557
7392
6168
2296
4800
880
198
7138
5583
1653
230
7023
8670
84
7154
3389
2552
4320
4267
7686
2924
4275
8817
3030
7282
6911
645
7482
7556
3286
5512
447
6375
7162
39
5836
6657
8634
6302
5278
4348
8297
5208
2702
344
7196
4329
5664
1647
6880
6035
8387
3082
6638
3700
4896
2346
4045
1969
7649
8552
8666
7980
5007
3869
6333
4920
6080
7061
675
6669
7635
2110
1156
4063
8897
1168
4281
4777
5082
4244
3724
5887
3337
5814
2987
8705
7821
1527
1458
7131
3077
7819
8852
2873
5384
3098
2078
2528
5310
1482
8840
2448
3390
8721
2585
1941
8516
7824
2981
4597
7814
8275
774
2740
8308
564
8837
2994
2387
2600
515
1927
5572
1362
2216
4629
1965
7379
5407
6027
8811
3747
3492
5938
1090
1920
4379
5895
3884
2741
5919
5513
2017
5015
1451
5085
4673
8609
8896
3750
3699
6743
396
4408
7265
4119
2987
5147
699
3651
1549
6156
532
5667
2300
1255
1260
3640
607
4609
3011
5403
624
8522
6151
3388
2871
7888
3755
5127
1841
6078
7820
1280
8969
3571
7320
2519
7640
1935
2269
359
6180
3113
2276
3848
1627
1003
2160
2924
1282
2503
8791
7543
1486
6003
4715
5583
8742
8367
1717
1907
1363
7015
5952
6352
1949
7740
525
5582
1620
5405
744
6834
3096
284
7806
4205
5293
4651
3226
8161
2510
1276
2083
5555
7876
2992
8074
5436
5500
2439
757
8489
6219
6678
6116
3939
1862
2543
5581
7161
4266
2522
3320
5561
3148
4850
3113
2077
1951
7378
7773
6818
4728
6701
7130
5724
7103
6733
4472
8014
7028
2580
6070
6758
5972
1910
4051
172
8399
7992
1794
7026
1606
7065
5001
407
6326
8774
302
2518
7532
2220
5917
5268
3820
334
2115
1743
2618
8335
120
1025
5972
1401
3365
2508
1258
2084
250
7591
7299
4914
3954
5559
6837
5375
5558
4793
7281
7366
7826
1891
3905
8334
1224
7338
5966
6883
2031
8150
1274
2593
3367
4074
4223
3764
7964
464
7338
8283
629
3985
2672
5490
4312
8578
8651
7230
4188
7362
8816
7748
5338
6464
4545
8907
6456
953
1618
1552
3115
6239
4130
8383
65
8333
1872
2487
1809
8087
7055
1399
8271
694
256
28
5616
7369
2786
7044
4150
3055
473
269
8408
8073
2640
3599
4706
8445
2372
8872
3244
6780
790
6518
2705
4637
8172
6191
4527
3603
366
2668
1997
4921
368
196
5974
8550
8320
4653
4641
8572
8606
8229
2346
5258
691
1870
2441
1489
5207
2328
2469
2963
3275
4169
8180
4719
3016
1199
7513
8001
1698
4950
4987
7327
8476
6661
7526
3143
3049
4715
1057
5588
4084
6823
4523
7935
8837
3781
6114
4641
5865
4468
5938
8390
844
2460
2310
7918
1422
8981
8198
3190
5231
6618
3653
8683
4120
8613
2357
8238
7736
7956
545
179
607
369
5335
5484
2907
4255
6505
6330
3108
2104
5895
5419
8358
1163
3218
7607
6083
1427
8439
2820
6530
4075
1566
1938
7928
8798
2861
2345
2625
2179
5190
478
8515
1557
3251
5725
6320
1240
5753
4448
2366
3239
6824
8189
6460
7675
3789
2405
5195
2726
7225
1577
2166
5886
2506
2863
32
4205
5948
5859
3409
8660
1484
2537
7164
6456
4265
5014
416
6685
3943
8158
1257
4903
1617
6359
4426
5799
602
3685
2882
4594
8857
367
7568
7646
991
6999
116
1797
1693
1743
1755
3372
6894
1887
8918
2317
8503
5411
4696
2633
7727
6488
442
7946
4127
7119
7541
2403
4543
8162
3331
1931
2665
6852
6803
1702
6735
3646
4679
5244
2644
7691
7052
5286
2553
4308
4045
8186
5687
2136
3483
8152
8036
5363
4821
4156
8908
8192
1248
3180
7125
3313
1564
6484
7983
1763
6883
7973
6190
334
4415
1756
2710
2250
3006
5638
5097
6182
7300
2185
4887
6449
150
6662
1003
5491
294
3987
8942
1894
8720
1685
2611
4046
448
3050
5942
5503
8653
7252
1426
7998
670
2514
7509
4024
7056
3905
2386
2638
8177
8679
1650
2298
3004
5280
1800
6859
8225
3777
7784
172
6904
2834
2371
6788
1530
4921
2170
950
4901
7329
8316
8544
3562
5906
4903
3784
4388
2273
4559
1282
598
1168
4301
6151
4257
1153
7446
5440
7466
6819
3918
5472
2285
919
210
7127
7288
1573
672
6291
7813
4183
8195
3848
4821
1111
8038
4120
8070
3068
788
4430
5761
1576
2922
2356
4490
4093
3890
2741
3437
3509
3965
7341
8529
3193
6180
1572
3540
4009
1658
5137
5195
4507
697
3211
1108
1982
5224
4643
146
8078
3846
1677
4476
7994
3319
7630
7955
2216
4648
7567
765
5875
7551
3215
147
8507
6996
7327
7819
5123
7454
198
5323
8439
4771
8045
5835
1084
856
509
2541
3889
889
1932
828
8691
5254
5255
374
6103
3475
329
1224
417
6746
6834
4676
2929
1302
3203
2609
6989
4703
6277
1024
2273
3645
3857
2382
3266
746
2186
7763
4723
6353
591
6461
3519
2261
8932
7177
4205
6784
7624
4744
2450
2689
8298
6242
2528
6536
4476
6002
8715
2817
8018
4398
6652
2082
820
2305
7463
5395
3958
3934
1327
953
1009
4235
5178
2487
2690
2928
1015
4962
2248
2915
6523
5544
1699
8289
8851
1396
4880
2354
1411
8504
8385
1298
3461
8527
1153
2584
6070
7493
1733
8925
6018
7206
4470
4570
6047
8112
7275
4950
4055
8623
5588
5203
744
2947
8337
2436
7854
6695
8072
821
4687
6240
4830
1855
2911
8312
812
2326
2970
3710
8291
2393
6967
3404
4675
4398
5356
2045
8316
687
467
5753
640
5773
3716
2830
4976
8647
8061
7036
4602
7895
7061
7693
6956
6529
6782
4160
5867
4809
2544
5425
7724
2992
5914
1110
1035
8619
323
648
8834
2608
7358
6556
5569
4733
6037
5037
7572
6687
1469
4520
7106
4468
1887
6516
7817
7333
158
1164
3767
3268
924
8154
1540
3782
8015
2409
2715
2348
2697
2047
7591
3548
1621
4437
1834
3343
565
3909
3393
3999
4441
8055
2939
3135
1305
4200
8352
4095
8204
295
2255
7618
105
1741
5087
6205
7242
1025
1183
1023
3913
7349
2265
4008
6643
8784
4345
4399
5145
2769
1019
2835
8645
5916
3698
7846
3313
6949
1813
8785
8843
3094
5677
7800
2068
5958
641
172
4904
6137
8690
8406
2185
7854
2098
8719
2892
2377
8919
1945
8397
8028
7622
7440
5629
2564
1579
8787
897
3615
3388
5594
5239
541
717
2939
1418
7098
2279
3508
5196
7886
8617
2695
5731
2294
2376
6221
156
4467
5034
4216
68
7140
2887
8834
7734
8003
7808
4043
5190
4650
8050
5467
1308
6456
5004
1013
6717
3619
1707
3059
7875
2107
8263
5764
3180
1241
678
8231
6192
8723
6694
5138
8643
1869
3800
2779
2867
4581
3736
8827
7444
8122
8953
2938
7847
8378
4421
163
529
2031
6826
5453
2831
8109
1928
3146
4352
3843
3007
5328
1379
5140
5102
7601
5382
8465
7494
5466
928
2909
3637
3605
1079
3452
5470
6770
3043
1088
4653
857
1748
7473
5192
5381
4694
4328
5202
4869
2138
8305
3409
4124
8841
3875
7775
7451
3041
1998
3253
7072
322
4815
4771
3750
6090
1746
4013
7296
5140
7493
2136
2875
5736
8997
3786
6383
8836
488
1646
8377
3191
2118
4287
3528
3278
1692
3676
3322
4600
8102
2866
6699
2172
3009
4159
5066
3178
5378
1602
3279
6303
7454
5721
2972
3466
847
1106
1496
5419
3824
1474
7538
7764
1390
7028
2192
4743
4330
4202
3723
8502
1775
6199
4774
3402
2125
1069
7444
3107
3103
7761
3596
7519
87
3676
658
7654
2676
8573
4811
7505
4813
7842
1156
5410
7445
4686
3815
6351
4195
8612
5419
6849
2292
473
3230
8393
8191
3760
7570
4617
1845
7863
18
1000
1003
8934
5184
8591
2462
3184
2140
2177
7834
5666
3626
7200
351
4792
6521
5418
6552
831
8252
1435
577
6997
4454
3091
1884
3940
919
1808
2472
8206
7997
3846
3624
8915
3521
8443
8483
5189
6592
984
356
2060
6914
1673
6424
6046
3850
6701
3112
7286
1794
8000
122
7005
7419
6998
1976
7886
4174
3411
2197
3491
202
7982
1423
6822
4738
4828
166
7090
4122
8624
8335
6711
1854
2360
4661
6196
2119
4651
461
822
5899
4198
988
2319
5768
3958
8799
1922
6461
5199
3431
4323
1220
6763
2311
6699
1416
463
3347
3817
4015
2007
8615
5101
3724
4762
6145
7213
2284
256
1716
8594
4202
1823
6833
6989
545
5877
844
6859
5582
4448
2673
1920
8848
857
7586
4200
2165
7088
5638
8712
6858
5440
4303
2434
2654
7883
1495
7183
7692
5344
664
4095
4587
8248
439
8581
587
553
7268
3798
1134
2482
7041
288
1897
2445
7380
1038
7134
3970
451
8689
2799
6784
555
5363
3553
4518
2421
4837
7987
3672
598
3161
5305
1989
1553
8681
3681
8069
1643
4998
625
6920
3290
6757
4347
5450
7923
3996
5911
1882
823
8426
5891
3610
6761
2404
8873
1697
3718
6691
6381
51
4882
6051
5466
1306
579
4991
4560
8598
260
7240
4708
7176
16
1045
2019
4924
8041
1547
3116
3948
6132
2101
5418
1506
2651
5512
2474
6686
2839
5533
1895
317
5727
3217
6952
5050
7945
8162
8011
8942
2332
2367
4880
2076
7520
866
1365
3631
8547
6562
6561
3668
7456
5032
8902
5796
3870
2995
4448
802
3442
1215
7021
2059
4002
793
7232
3787
6848
6045
1062
3259
7151
4784
2140
8144
1380
1770
3763
3728
2636
4107
762
2630
5094
8102
1566
2997
3597
4290
4743
2672
4517
5501
8186
2464
4487
7580
4247
271
5250
8750
4934
3689
7624
614
6323
2474
6346
4527
5475
1530
745
7138
7946
7173
3858
4786
8051
6096
4093
5073
579
8654
6835
7699
2402
6872
4569
8432
3831
2794
7149
2456
1878
2754
6236
110
1873
844
5101
6207
5225
5489
2014
2484
2063
799
6241
5034
4955
7513
3706
6123
4776
1518
2328
5870
2122
2039
7093
4465
1109
2482
1572
982
1619
3028
494
3244
3361
1619
2825
7340
6184
4314
6038
7876
7707
7749
5045
513
2865
8588
3927
2285
8577
1477
6208
1464
1405
8994
5479
5786
3589
2321
7419
4526
8088
8210
1931
4491
6489
819
1338
7660
7604
8592
4566
1815
8092
1598
4604
4051
5666
5454
3673
6642
8572
2831
2135
7134
7167
5292
3570
4232
170
6333
1038
4795
3466
6825
7647
7687
8723
1096
908
5210
906
8687
793
4185
356
7693
7048
1812
5409
3266
1428
3511
5571
5360
5297
3676
6333
7881
883
3446
450
6471
7121
553
2460
8387
3814
3837
3237
2942
3252
5210
7821
7715
6477
6405
2864
3493
1759
832
7467
6396
1035
5463
1939
2283
7835
7030
6010
5773
8341
5673
7752
1670
3505
2380
6890
8670
1667
3993
3313
3560
4589
3183
5993
4145
4700
2575
7068
5363
8796
938
4939
5761
467
5279
8472
5261
3528
3401
4275
7789
5062
7708
4231
8781
2528
6024
7216
3717
107
8086
3516
211
6314
6415
3579
1308
5882
3028
5244
3011
6931
3272
1877
8276
7000
3354
8966
6370
1771
6095
91
6828
6624
3340
989
1375
7708
3137
316
2325
2489
7128
6274
6515
5137
2149
6598
6240
4317
7536
3036
977
5665
8301
8006
2041
7845
1501
4209
4118
6466
3245
5319
959
7151
4468
3380
2969
4560
3491
4959
7849
2378
2365
3223
2283
2941
1173
6103
6193
3590
5910
5688
8880
7120
7029
7073
7597
1599
4964
4661
7732
1657
2360
562
8344
6952
3601
7985
6455
384
5114
1431
69
4434
7494
1319
73
5131
2203
7929
2772
3428
5499
2323
1605
8182
7756
7883
4018
5258
5657
3574
2786
4266
8642
4272
7693
6599
31
6352
8788
8720
3946
7551
3917
2612
4849
6358
8743
1093
5187
3377
4684
5121
1906
5971
5596
6846
7326
6479
4086
2937
4331
5192
442
6050
4849
5230
121
7696
8145
8765
4758
6541
8079
3652
2078
8853
7994
967
5202
6217
7873
474
822
5898
2536
7986
8441
6996
576
841
7477
5697
3356
8518
3561
7534
2559
3519
3961
7606
2363
3308
191
5521
6277
2977
1155
3081
460
7600
2750
8729
8945
3056
2604
251
5544
406
5680
396
2028
1438
8785
5405
1384
7518
2442
5217
2338
1695
8448
2998
8858
8545
5948
1810
1432
8611
7896
8340
8428
5699
3718
7203
1311
7544
468
3015
911
5865
4324
2162
4679
49
6392
8482
4693
882
4947
7767
4660
6507
8594
7459
7898
5904
1057
3355
5708
8884
690
3593
4542
5334
6896
2122
4775
1533
7633
523
4736
7096
7418
2043
5029
4335
6877
1276
7572
7640
2014
4428
7027
3583
8995
3283
6270
5917
8985
8248
8509
1739
8579
8252
1796
3075
3006
8762
8397
2323
5296
8226
5544
5232
2422
937
7018
4731
2741
4839
5283
6570
8872
1580
6841
7781
1880
1559
8203
3163
2242
8221
7784
378
8737
3835
8733
1159
6973
7192
4645
5671
7396
1321
8402
2035
3708
3466
5394
4441
5490
3630
3590
4813
7741
3588
3180
7628
3572
6262
4436
5240
4278
5102
4615
8581
808
8288
4755
1006
5184
4638
6291
5181
5641
7436
2683
3998
3047
1537
1986
2942
4402
1214
4208
8045
7000
3022
623
1293
3771
5114
5902
5502
1721
536
2391
7496
3466
8095
6530
7092
949
1106
5283
8752
8683
4559
3303
8068
3861
4498
4572
2861
8168
2826
2190
2326
7150
3064
5621
254
6081
2616
6612
6003
8393
4494
4205
5256
4445
2294
5743
3053
4598
4879
3825
3892
1270
6437
5009
1835
5808
457
8381
7443
1625
6864
515
36
3291
7981
6396
3259
3059
5747
691
609
521
4331
1051
3313
6420
4839
5870
2733
24
5273
5970
1621
5479
7218
77
934
8028
723
4114
4851
8144
7961
8028
6427
7155
7137
7847
430
1212
1528
5374
6741
1628
1357
1686
3893
420
8014
4434
2520
7271
2164
3584
7536
2105
3972
1720
4024
839
6410
3533
2354
7273
4756
3228
4206
842
3320
3402
5406
112
2667
6858
6459
1031
5296
5635
2994
2800
6897
2271
161
318
172
4368
4225
2841
6573
1718
1399
3075
6284
6364
7642
928
3347
5296
5387
3811
7063
3992
68
8220
3544
6354
2871
8246
6246
7780
5972
4924
7618
1163
3278
5107
1918
7655
1138
8018
2642
8410
8637
3190
1060
6441
3906
7354
7979
8787
7333
100
3816
7151
3134
115
7450
643
725
5060
1444
127
3782
172
3517
951
8521
8808
1932
3199
6874
5560
6198
5673
5656
1586
8126
6946
2291
5114
3719
154
3903
7399
7289
5234
4760
5737
3869
1944
136
1222
4799
902
2524
3061
6023
4609
5392
3282
6108
349
2738
8487
1550
7086
6154
4875
8542
2889
2868
1796
468
5233
6150
1049
413
4173
2756
6034
87
230
6094
7385
5874
351
5171
7521
7436
3733
8389
3892
2577
5542
7600
4459
14
2494
2808
2263
5216
6036
3862
5085
4374
3075
574
3189
7992
5116
2241
7731
8114
6153
1858
1014
1129
4292
3710
815
2664
8518
5
1860
1535
3724
6912
521
7217
4516
3694
792
81
6893
8879
6855
2944
5764
6412
896
2982
6667
7832
6039
187
1468
1671
4916
2128
4427
6066
3432
3750
7337
5292
2100
6370
4037
13
7940
3180
7581
5328
1947
1963
322
1914
401
3552
7209
6946
7759
3227
182
471
4194
6469
779
7019
422
4299
3519
2490
6338
2171
2033
6846
5713
807
8419
7963
6841
2923
2428
2938
8540
2164
2750
6644
5900
6759
2102
500
6324
4459
4721
5770
1937
1845
4907
1416
5079
7310
7563
6434
5664
8107
8819
5143
6479
6056
3716
8006
4451
5961
7430
1423
7359
2967
8044
8160
5686
8156
6206
5400
6987
1587
4536
7756
3223
2159
1504
7579
2476
3942
7189
7375
7278
5721
2003
7699
1369
451
1114
620
2214
1979
3974
6885
2215
7504
658
2387
6865
7009
6518
5665
5754
3486
5087
7097
6120
5134
2885
7368
8505
7333
3336
4989
6512
7106
4387
7934
8181
3323
6971
4262
6742
389
3017
5615
1585
3260
3243
2720
3668
6906
1697
6323
4435
7416
1130
8350
8232
8911
7239
4035
5649
3321
2575
5574
5003
4249
6138
5619
293
716
5490
6402
7871
8602
2459
3064
7409
6981
4186
5979
3104
2557
427
6161
2779
8253
2981
2942
124
741
3385
8672
2586
8909
2712
4016
6914
5371
4906
2752
4734
3050
7266
3723
3742
7711
4222
5277
7187
529
2213
7713
6467
940
7346
2281
5926
2809
1317
1869
2863
3174
7984
2723
8398
5013
2558
1567
402
5804
5199
1287
6724
5505
1153
2846
5670
768
8977
3651
1122
1722
4479
4869
8608
6379
247
6309
8551
3025
8684
1664
7805
6228
7055
456
6642
5510
7805
1238
4222
4072
294
4893
7986
1470
3226
7510
1116
5528
7038
100
1324
182
1988
1227
5995
2376
1809
2954
8636
4543
1959
4314
4962
8411
5651
682
3897
4794
8665
6185
5873
2810
6571
5103
8021
1411
1129
5991
6034
5444
5674
5909
1995
3280
1192
8680
2441
4301
4401
2813
2679
161
6106
3272
7315
897
5135
847
3001
1295
6014
5756
3538
5111
7857
2703
961
4238
8225
3742
5958
6064
1760
4746
2684
8508
4855
7848
7717
3502
4254
3088
6317
1602
6346
5949
6483
3904
6560
953
4172
5904
7192
4253
5714
6834
1973
306
2330
3714
7312
8079
235
5735
2500
5839
4634
2831
8877
8318
491
5569
6762
7640
2906
1870
569
2174
5863
1228
5705
6325
4935
7249
4659
2389
6023
1288
2802
2620
2980
2955
7305
2516
4350
774
4723
1488
3027
8099
2366
5742
5391
8168
7201
2056
4857
985
5644
8853
473
3754
975
1152
7302
3406
4771
842
3580
1565
564
3249
4802
4701
80
4971
7162
2880
1593
2032
4729
6286
5390
5740
966
8471
832
4462
3775
1943
8600
7121
5159
4222
1438
804
7325
6875
1300
3607
5942
4852
4153
4084
41
117
8585
6552
7467
6851
5081
6397
1697
3947
5145
2365
8491
5731
6514
8885
6865
2301
7231
684
6204
3276
1129
3998
1967
5868
4370
4793
4047
4570
5130
2691
1141
85
1216
4270
181
3872
7968
7201
6959
854
1803
8541
1082
624
6956
2769
2376
5741
3535
5842
6301
359
612
7322
6417
3158
8841
4875
4901
2187
3686
3817
2010
3627
6001
1697
549
4950
249
6098
4934
7339
960
5079
8472
6690
6770
8341
1275
1213
266
8639
341
3468
636
6420
8239
1716
3277
7738
5547
8099
7062
6305
6244
2442
8456
5614
2622
5095
2369
4914
1412
8678
8284
6247
3976
7172
5031
6479
6348
5456
2734
6696
3800
3766
5453
7136
261
6489
8378
3768
3078
4597
2073
2488
4230
8350
1601
1696
3300
520
7267
6486
4267
3076
4651
7913
1422
5507
3072
2481
1945
6394
957
1752
8242
5578
1938
8497
4302
7915
1924
7852
5753
8549
5961
4331
8213
3563
6536
8268
7219
6948
2788
1891
7488
983
8186
1426
6270
4250
888
7176
340
7511
5765
7540
6880
6948
3967
941
8992
102
6072
5600
6576
2465
5586
6884
2885
4910
5345
7981
4032
1761
1368
8659
5998
5893
2435
830
7805
7247
2835
2160
8137
2204
4905
439
3901
2760
1650
4150
8013
4564
4512
3704
5095
3915
6201
6016
7938
6425
8152
8895
6478
4368
6082
8563
4787
5185
2803
3464
8166
12
831
3549
3246
411
92
7206
4389
6185
4404
7898
1146
522
281
7600
123
6511
2417
3747
7439
6770
8689
1503
2073
7368
2510
454
2721
2263
3414
6252
8285
989
1245
1867
4997
8522
4836
4204
1772
3748
3716
3851
1498
3157
3488
2125
1566
6315
5303
6449
7577
252
945
4376
2126
5683
6073
1898
6133
3155
5585
4079
3127
4207
6548
1502
787
4908
6732
301
919
2844
5915
1918
6067
7128
2447
7723
3663
4073
3319
62
7820
7155
4506
6295
2256
4078
5479
6506
683
7882
7190
3092
1591
750
7805
5650
6100
8493
7535
606
649
1750
6344
1487
3191
5535
3459
940
2711
1317
3732
765
3556
4659
633
703
4763
900
1347
193
4343
1806
2715
743
1201
8093
7119
3419
8572
7433
171
2994
6598
4438
7596
7570
7395
4366
6865
3646
580
349
986
1132
4333
8248
7786
3996
8091
474
2889
365
7716
8941
4010
1925
3865
6202
3268
7772
2566
941
755
2014
851
6599
1390
3955
5659
3329
1443
7957
2417
2299
4383
214
986
5006
2770
2027
1493
8092
118
8960
2367
2290
4496
7673
8124
1134
3048
1395
3608
4979
7499
5453
2275
3167
8272
5134
7298
5005
4687
8460
3298
2747
3820
4278
6072
6698
7795
71
380
5469
8462
8024
5540
6905
2202
8728
2765
5472
64
2226
324
8585
8799
6931
5274
4111
2598
1199
3702
2548
2303
7279
7212
3939
6503
2425
3483
6607
3051
8973
1636
7802
1556
8895
295
4406
115
4605
2576
138
6207
382
78
466
8739
6101
8188
5558
2301
3738
6785
2068
3465
2547
8498
6548
4300
5500
6311
7993
6244
2920
6618
1231
7501
4162
6515
5845
798
1581
8169
4153
4002
3100
2044
1282
131
2870
8518
6766
5273
2162
2064
6088
8527
3715
6696
6405
7822
1121
1655
3956
3595
1860
649
5312
1180
7645
5910
3867
545
5482
8997
2432
5637
2950
5736
8445
8971
2179
3091
3075
5301
4645
3222
1500
1439
3276
1834
6240
7458
6941
1032
6676
4917
6974
725
8488
8750
844
6362
4802
4790
3987
2567
4812
7987
2729
4695
2711
5431
2319
55
3539
7101
4821
2761
4436
731
3913
1957
4322
2179
6148
1558
3709
5732
6249
6250
4219
1302
6603
5276
3584
1787
1945
4428
5473
312
3841
7149
3885
5379
4935
871
8640
4422
5047
5603
1093
8145
471
6332
1303
6134
786
4549
6012
5726
1466
6333
2279
4937
8349
2791
1536
8875
5995
238
6882
8777
2129
4246
3553
1915
8029
8422
5814
1188
4607
4857
8473
8428
8352
5123
890
6535
250
2601
4500
7806
8932
5521
2534
1603
8200
8769
3518
2897
2898
7203
2900
2530
2263
6030
7809
2195
4248
6720
3411
7898
2642
7703
7270
7584
683
5575
5960
6272
2138
8213
320
5215
2219
2338
5844
806
2639
2756
3415
1051
3636
6110
995
182
4622
1688
6240
3327
7161
81
3041
5349
5210
7672
5239
4240
953
6363
3212
1424
5157
1118
7734
1135
3356
4261
7023
1097
4413
8429
6677
452
4468
5508
8914
2386
681
5545
4850
4739
4998
7470
5076
88
2595
6522
7136
2
2376
3219
5195
593
7502
8744
6818
976
7482
3957
1089
5950
5303
1904
2046
5672
6335
2416
6990
4105
1254
1917
6955
7787
2747
1978
6002
1135
6875
2087
3965
1145
8836
2555
8353
2439
2355
6919
7478
3296
1442
1502
3886
3537
4698
4928
492
3403
8400
1598
8267
2392
3871
3767
5064
1020
7571
5585
4573
7960
5189
1916
82
5833
4728
8120
2090
3935
2782
2934
6127
8386
5895
5860
8699
903
7616
2946
4285
4976
6468
8130
4188
8154
434
4933
675
1496
7306
6223
8817
1253
3981
8164
2964
3326
6160
6117
3433
2269
5004
3979
186
5906
2774
8748
3284
1908
5966
5690
1460
3717
5246
7585
8702
3132
2889
8033
1714
1300
6101
3137
3139
7962
6422
1805
7421
7412
1337
7022
3491
7884
4881
5392
5890
8252
4850
8705
5493
6747
4952
4644
3693
8613
6890
8453
3813
8865
2233
6304
232
7164
191
6882
4687
6588
2974
5041
6539
2831
6710
4848
8859
4593
8353
346
4763
2075
7999
5959
2073
8185
3586
1036
2117
5004
3877
5485
3124
7702
6950
5638
7153
3285
7636
7751
7809
5214
2071
8037
7113
5331
1203
1045
3286
2343
6696
1420
857
1669
4578
6738
8245
8841
2367
53
3070
4294
6378
6314
1496
135
5252
22
2177
897
8025
482
8252
7973
3006
4021
6699
1900
6909
8339
64
2
7658
6828
5064
373
2846
3671
5565
8175
2645
2533
318
31
5150
4418
2973
1543
7278
7837
2132
6806
7082
7569
5453
7076
3119
5181
5869
5686
6559
1662
4605
1096
723
6588
6325
1087
7447
5857
1620
2601
5087
6278
1792
307
5980
2136
3118
2674
6338
8607
7431
2446
1169
7976
8328
392
6998
8640
7484
7501
2174
1480
8984
4666
6831
73
2778
1455
4346
4805
3495
2400
4072
4852
7096
6230
4944
2240
1456
6645
4755
5720
6621
2830
4772
3673
8040
5997
639
8339
1410
4957
1021
1007
1501
5687
5577
7431
2349
6801
4763
5389
4529
3539
7662
5541
354
8477
6631
5111
4838
5860
6924
1788
3561
3211
1687
5370
4034
102
1206
8882
2965
5482
6161
2503
786
1832
1943
6617
1217
6201
7268
4847
1847
4347
3723
4003
3946
2986
8060
6216
7454
2618
2347
3622
8473
328
6837
5166
745
8664
807
1641
1096
5320
3653
2274
97
3972
6483
4604
6354
6491
7235
6622
2829
383
2988
876
5701
7258
3332
791
2522
4067
6386
6020
1312
3024
4690
5513
8354
6422
5462
2123
3695
8579
4645
4310
2878
4317
5234
8252
7908
6115
8628
1303
1999
8289
8677
3121
7325
2609
7970
472
2926
2068
6822
936
5131
3097
4115
2824
4145
6676
902
5118
4302
3224
1534
4310
6623
2823
321
8653
2523
5725
6370
413
3504
4293
6938
2201
8240
7283
234
5240
6183
4697
4147
3046
2060
4325
7427
8310
1146
6679
2453
5876
7825
1449
2835
3942
7054
775
2146
7547
8860
4693
7593
4996
6069
7656
855
7415
3705
861
7593
3202
6993
1845
4765
4884
2169
7514
5879
2303
8560
5171
2093
2074
2525
3651
7000
8723
6200
7096
6530
6393
3289
7896
4406
4296
3889
5693
2792
1006
940
5465
50
7746
3888
6277
3104
1300
5756
7123
7394
6271
3112
1531
4899
1443
2141
850
7834
5840
24
719
7613
7333
7144
4648
1412
3989
5593
3625
3081
2427
2949
3452
634
237
2111
8132
6112
3323
3115
7427
4984
8907
253
1428
6076
141
396
7635
7149
6065
651
7864
982
97
1492
6082
8528
8808
7737
720
806
8842
5577
7123
5908
8557
4779
8071
8017
5933
8025
6344
4414
3558
6044
377
6010
3306
7296
5448
3427
4722
6388
5670
5107
2105
873
1746
8605
5068
6997
8133
1930
326
7786
8336
2421
128
6087
1977
3231
5582
2179
8837
2063
3084
1657
7151
866
2063
6797
6399
435
1464
7401
4262
1527
8811
8044
4813
2575
7182
264
8933
3819
4477
6598
4968
2288
1306
2448
8303
7757
7633
171
3214
2464
5114
8679
3802
8016
2248
8973
5170
1366
7382
5348
8643
4517
5689
3255
2213
4011
833
2790
5875
563
2825
8416
7328
7417
3197
3026
3565
2801
4139
6887
1967
3500
8315
6507
69
7728
5336
6101
5935
706
816
929
5489
8219
2720
1968
1863
8484
1489
221
4475
4887
4679
8604
4946
5052
5975
2088
1589
2821
296
8097
6836
5927
3419
4649
572
5973
5101
4698
3536
3978
4443
3846
8717
8715
3460
5209
4392
6047
58
223
5499
8804
2994
6510
3332
5239
492
520
158
2903
5940
4343
304
2206
4670
484
7628
6085
2113
3823
1027
4443
6762
5381
243
4690
6121
8832
8434
8231
1104
2641
2076
8476
5024
3034
7857
3211
4206
3443
2042
8753
6907
196
2153
7652
7857
7218
6200
3067
8569
1175
6898
392
3273
7810
1518
3148
2778
5488
6083
2744
1152
2542
4781
6500
7475
8237
844
8046
4251
8768
1901
2128
2544
7692
3666
8958
1991
3820
7773
6922
7424
2625
3003
6446
644
8490
2131
6374
5829
3670
773
8983
3437
6027
8327
560
5672
6065
2907
3123
5622
2025
6820
536
1384
5147
8191
1623
8700
5465
119
2879
7740
1822
3888
1152
8216
3713
1197
8697
4796
8764
6862
2479
4508
7988
7937
5612
3355
7492
424
6735
8747
890
3643
7901
3023
3846
2300
5107
5325
8819
5225
6279
8799
843
5287
4659
8904
187
7985
5228
7572
6880
3880
1573
4568
2220
5508
1051
1944
3585
3865
8381
7479
7001
1765
4435
8049
8168
5245
2247
1189
142
768
6172
6974
3029
7075
5321
6384
6043
6035
5090
6712
8628
8001
8724
8725
6416
4031
859
498
5396
6657
2042
3277
5336
1559
597
3585
6828
831
390
760
1288
4263
3067
1365
2382
3216
6329
4029
3526
4102
5791
3165
5678
8715
2881
1687
4116
7692
6910
6918
3914
2900
7897
4353
4828
5420
1617
3885
8448
2116
2501
338
627
7538
4736
351
228
1697
1740
2418
2335
302
174
5352
7913
4724
6710
4434
8467
8111
42
6360
8349
1981
7318
768
552
1041
1154
7239
1271
2241
4167
6096
235
6647
3391
4698
3594
7228
3712
8011
524
7672
1133
1491
8177
4559
1074
5323
4298
2741
8561
3892
786
3034
3958
6020
2017
3193
2523
5828
1174
8842
2745
5717
5709
1743
1996
3736
3220
2148
1785
44
7526
1391
8918
7354
107
6783
4358
4405
2477
442
5401
5846
3054
8126
5516
7355
8979
5256
8713
2943
2639
4827
4350
5317
7829
7169
7650
3694
4759
6045
6706
5474
8620
6312
439
1491
8249
3154
1168
7365
8047
1001
772
6041
5420
6925
6140
5321
4649
3556
2905
4262
3728
3337
6986
3557
23
8734
2631
5048
413
5475
2503
312
4752
4503
7802
4168
3441
2651
3060
3485
1653
8406
7407
1778
2752
4875
7027
5464
2840
2919
5245
8563
7603
4174
7466
1919
2510
1101
4278
3537
7548
8442
7965
7954
8631
5855
732
1974
8894
654
445
4939
3090
598
7542
7813
5262
8548
4837
3454
7147
3973
4722
4779
8054
1535
3521
6705
2599
4640
354
3742
3791
3390
5607
3789
5524
4893
641
8713
1003
6567
5783
3938
6276
8677
7413
1102
11
1564
5605
8094
7664
8203
7532
1321
1332
4928
115
2615
6478
6219
2904
2859
8513
6955
7585
7260
1092
1108
4925
3733
3519
4417
2239
6023
28
1182
1919
2768
8233
6335
6991
7485
7785
1036
2359
6147
4225
2854
5133
1675
5582
7067
7765
1316
1513
5653
6024
859
2171
3440
4212
8661
1835
5258
6384
7157
1641
8590
4562
8768
8190
5081
1263
3246
5954
7749
3503
4691
2098
8491
4914
5539
4684
4075
4795
2125
4488
8016
6823
5870
925
3527
4130
2926
8836
5541
6719
3552
1021
8936
249
2738
3597
5446
4858
1645
3281
2458
1399
3950
1625
4221
6447
6067
8499
3016
7599
2665
2355
5496
6123
394
3669
4018
1842
5220
8567
758
8830
6172
733
1785
6263
8114
2058
3482
8084
3974
2071
7462
2101
7728
7684
2022
5423
8317
6497
5958
1077
613
6191
5705
4711
8418
3767
4040
1530
619
3263
889
5612
94
7389
2140
1570
1140
1433
4433
4864
4125
1667
8085
3259
6677
2750
3244
1359
6087
8856
944
2705
5005
6302
7239
3736
8930
1313
1587
4212
3478
7047
1058
8043
8601
2456
4054
5572
6627
3726
1223
346
6583
543
4924
847
1672
8227
4361
8450
2612
8108
5818
350
3741
1806
1838
7657
8670
7117
2303
4758
3043
6397
7981
3159
4193
7363
770
7746
2716
5686
7576
4830
8207
4176
1775
1195
7590
567
6939
6564
744
7282
8961
4874
3465
2402
2834
3206
3219
6136
8145
3474
2476
6509
4694
3292
4274
4665
1565
7544
3091
2091
4897
2393
7322
7418
1785
8716
8867
1446
8452
730
4960
726
1225
448
2052
4471
3008
6476
7484
1021
7644
1053
2014
7897
8665
2903
5809
8567
3474
2578
5380
3347
4132
1127
4115
3280
2823
5703
5587
8436
5258
111
7655
2899
3781
7531
2771
775
10
6590
6821
2937
4837
7579
6724
607
5171
220
1953
6337
478
796
530
7001
1286
8299
5581
6991
1588
990
242
6550
4496
7536
7385
3919
2410
8105
5530
8967
7845
8224
8259
7208
8495
5760
5908
4073
4774
4285
3894
3003
4757
5810
2962
5793
7139
1905
79
5346
4365
8758
891
3999
8937
2104
2410
1643
1571
500
8021
8756
3045
879
6537
4637
1783
4464
8344
5469
5183
8353
4893
2072
2698
2920
7233
6815
3984
254
6826
742
2037
4602
2587
3755
4435
8587
4519
1814
3989
7009
8303
5337
7775
8999
8419
8901
865
4663
1013
5646
8914
4793
3009
6940
7665
2474
5696
5144
8847
8829
5020
2207
7337
6040
5846
6214
2369
4782
2747
6858
2539
3572
5653
2026
7573
6378
5174
2076
7120
609
1759
616
7812
3947
2030
7029
2015
7683
1518
4046
213
58
6728
5241
2356
8523
8624
4308
1047
892
7746
7676
4594
7649
2835
6507
7621
1943
4396
1069
7537
1953
6329
8167
5359
4491
5960
5789
3912
8017
6437
5015
7343
6490
379
2287
3347
8295
4620
1777
512
8754
5793
1687
4613
5580
8229
280
5697
5695
2043
7245
4247
3749
4473
4072
3216
7443
724
1665
5927
8214
3178
7854
4327
5984
3103
5846
321
2519
3807
2186
898
7315
331
1688
1361
3721
2862
4726
5719
2984
8527
8119
3830
4391
6337
8245
7012
4994
3005
2460
7737
8767
3265
7055
3803
6609
1674
1105
5459
7432
8989
8393
6536
1787
228
547
4146
1660
2580
7127
3561
2702
722
3617
1340
3205
7182
572
5357
8721
1007
8547
1065
321
1182
6694
1453
3496
1223
2789
6500
6119
810
7588
3558
8111
1848
8243
2147
6616
3593
2905
757
8555
6914
1269
3514
7857
1027
7848
416
7118
4719
1410
4796
590
8589
4631
2651
4626
7571
766
8297
5366
2162
5958
4664
6682
7836
8749
3768
2739
6226
2639
1589
4998
666
4735
3830
4472
910
2389
2162
8029
1320
8508
3077
7259
6585
2103
6816
5882
5097
7759
2110
7850
7560
5515
2786
4561
5843
4605
430
3951
1986
5989
1007
152
3855
2524
5740
574
2201
2999
3253
328
4206
6182
4553
6636
2919
5376
2983
5372
7445
5341
2950
7639
7273
4600
1992
1831
6193
5686
7273
2922
7591
4479
7285
3991
2331
7184
392
6375
2817
5067
5479
5822
4525
7932
2995
7876
4059
8872
7262
5149
7435
508
6726
25
8249
4087
1214
5032
2971
1373
6060
5174
5667
7826
2045
7399
3524
8415
4188
5247
8322
2907
3522
1672
7850
273
288
6953
6448
6866
3496
1896
4032
3295
1137
380
7908
8150
8104
7209
5156
5038
7347
616
1243
5408
5946
3946
2486
1004
6887
2834
2864
8533
4420
812
4064
5194
3883
2150
4276
8898
4704
6833
8463
3795
3315
4804
1789
5832
5714
733
1240
7268
6388
6972
6083
5303
8159
3559
8875
4500
2827
6052
8230
1188
3808
7646
163
8203
5073
174
1593
4876
788
6957
1932
5228
6161
8516
4954
656
7008
1225
7667
5132
2168
1926
4343
514
3634
6831
3041
5779
6292
784
6569
6196
2617
7337
4256
7663
2677
8151
8668
2181
7415
8424
1115
2934
1183
1506
6645
3053
1847
1008
978
6882
6021
3410
2242
5341
5838
6184
5443
3980
2823
6652
7877
817
7045
1897
4194
147
8604
4059
7209
295
117
8564
5913
6180
7440
4440
3298
4624
8745
7774
7368
5217
2719
4716
5593
5724
7423
4838
6894
2172
1655
5530
7614
231
671
1523
2221
3427
7770
4223
6227
1960
4105
287
6265
6962
1769
7204
8223
4182
5867
3264
249
3822
8601
7456
344
5667
1057
6508
4180
5030
1890
4311
8623
179
3610
786
5605
2242
2594
192
5904
1555
7873
4109
8351
8549
2277
3808
4622
3460
4385
7266
3930
6109
5968
7825
2331
863
1136
3870
1339
5599
6305
8488
6237
7615
3764
4834
3415
5
6561
4312
5498
484
2344
4977
208
4201
4417
1393
8181
3212
3183
7630
7941
5345
5728
6589
453
6578
1240
2857
7790
1883
1314
791
8037
8489
3152
3392
7262
5984
8538
4404
2374
5607
6866
4079
5007
2930
976
8083
4158
3428
8114
906
1192
1583
2195
6254
2947
3746
764
7072
6866
4645
985
1657
7792
4476
6234
1119
4614
2958
8977
4368
4903
4913
1051
2980
2304
7011
2351
7634
6229
6039
8300
8578
4711
3027
4800
7618
2490
1778
130
8927
2218
3043
1073
6634
8365
6428
6318
2660
4131
8116
2523
2999
2595
2996
3863
3203
8936
5849
2034
5050
4656
2682
7459
1145
6620
8144
5345
3555
8395
6
1093
1251
4970
1390
2423
838
4078
4654
1824
4274
7330
4829
1796
5799
4100
5726
850
89
881
1520
4324
2879
8673
4663
97
1643
1597
8219
474
3942
7189
8130
5818
5671
2918
2133
1558
5480
2513
8684
2707
7934
6102
6855
175
8355
687
8602
7512
4801
2201
5667
6777
1884
2029
5035
4843
4893
6670
1351
8992
2247
3490
3419
7291
5528
3363
114
8811
8742
4720
1932
4261
2819
5028
3467
6985
7406
7648
3636
5685
4495
4868
4559
3062
5991
1744
6707
8246
4170
441
2546
4087
8714
5160
7267
4429
393
284
5642
3993
4939
4743
5000
6665
517
1246
488
7397
966
7874
6888
4949
4104
4852
312
7791
6603
8846
6474
1700
3031
660
3301
