98
391
518
597
259
508
452
372
278
265
543
189
71
534
237
278
393
76
535
291
205
94
9
262
69
563
413
116
206
559
318
418
384
313
20
542
348
87
568
107
401
158
509
52
354
598
281
337
119
202
39
79
359
597
299
546
591
248
505
6
217
232
138
459
140
540
451
519
172
572
420
509
502
37
43
123
187
561
562
17
166
331
531
173
483
488
422
4
149
361
589
323
44
453
541
19
466
371
89
291
65
317
172
215
579
593
451
567
572
465
405
34
8
130
56
409
197
473
328
208
76
425
574
583
146
554
516
151
85
275
185
183
589
488
277
382
145
71
282
235
547
196
93
281
489
196
464
486
561
30
213
387
480
141
193
445
71
491
186
65
42
472
86
151
486
344
274
509
375
586
236
221
355
428
174
577
87
540
120
266
284
289
264
383
61
41
112
355
543
452
332
167
549
429
206
319
551
104
592
313
103
223
557
479
401
446
405
526
348
519
284
279
544
120
581
250
430
216
296
483
182
513
117
253
17
454
395
130
301
390
234
229
14
497
505
374
343
39
213
164
517
216
111
586
283
510
481
472
455
262
573
90
289
454
201
501
3
496
547
597
362
404
364
413
592
253
532
318
218
98
67
560
93
60
367
590
376
238
543
99
302
112
395
419
410
263
501
493
559
503
568
244
508
352
163
173
368
358
434
74
383
178
530
405
217
278
15
33
115
350
588
241
397
74
205
28
303
304
372
128
320
574
351
371
517
525
538
17
555
377
39
184
209
437
590
503
180
267
530
261
72
161
83
102
288
207
265
391
139
477
419
307
347
442
316
22
531
487
486
302
500
81
54
338
300
565
380
363
28
567
422
535
476
331
296
276
253
316
353
201
114
138
597
320
348
22
395
232
217
185
146
511
24
595
277
13
524
560
560
35
435
365
533
235
361
160
584
401
14
20
203
126
584
219
215
301
558
103
480
358
203
41
355
353
459
531
110
125
262
185
92
38
317
321
156
116
597
291
102
104
423
540
105
26
314
149
267
525
390
320
78
420
214
482
203
198
449
12
399
93
12
164
494
541
368
192
576
575
27
18
214
557
310
127
345
32
258
362
472
541
256
246
35
590
108
352
177
572
381
18
290
194
524
228
258
342
574
246
267
552
535
216
533
581
381
330
61
413
86
447
183
136
407
516
81
15
443
351
422
279
236
42
580
560
32
135
467
84
523
518
74
251
181
33
143
115
144
384
130
69
209
144
54
90
384
143
486
133
429
363
417
361
417
352
209
67
422
496
277
587
332
116
560
380
514
577
358
227
437
222
76
372
503
98
153
151
55
402
68
218
8
472
139
64
201
167
229
127
593
267
589
359
157
509
275
534
88
244
281
577
