447
336
950
6
917
560
240
173
451
81
569
505
369
351
775
0
549
822
628
345
818
997
526
735
333
735
902
898
468
124
200
360
862
670
918
153
737
639
336
80
500
928
580
85
385
700
382
983
30
180
388
87
481
619
593
856
286
201
932
498
734
749
92
589
781
532
202
131
728
238
939
838
794
991
480
625
802
179
388
811
378
899
986
341
302
156
641
685
894
526
493
739
634
322
850
113
274
629
575
447
831
138
781
660
497
659
115
465
190
503
408
127
332
423
499
321
179
203
362
284
2
786
766
506
124
582
583
822
823
902
481
618
937
293
171
597
974
47
160
920
667
444
179
655
41
885
932
357
254
220
33
808
973
784
459
43
312
85
359
618
656
850
236
488
554
540
192
325
173
488
50
299
27
910
739
488
76
465
487
366
858
75
257
509
861
829
448
306
939
195
500
752
490
86
892
165
566
827
400
872
986
514
742
878
428
433
716
940
874
294
489
431
67
195
951
55
460
268
176
146
903
228
37
541
425
693
901
597
617
463
248
115
984
992
257
493
985
353
393
634
495
489
477
814
85
298
486
715
78
257
273
176
386
76
195
267
777
92
979
115
719
594
468
33
668
334
941
980
511
226
606
267
510
189
713
317
821
611
947
620
8
234
558
352
183
967
980
48
893
895
66
844
485
874
534
622
330
689
391
102
744
928
592
845
324
391
96
841
349
786
729
654
358
264
690
126
410
313
740
592
498
209
541
92
749
185
629
566
837
853
275
513
554
575
242
666
749
474
733
477
979
195
196
198
532
698
211
950
71
806
165
29
244
694
946
718
357
909
26
974
738
629
461
902
575
195
440
993
476
707
910
255
386
730
441
423
477
858
739
363
274
827
230
69
382
363
843
952
984
656
155
465
636
93
920
948
693
865
863
123
455
685
717
481
166
523
507
629
118
628
47
602
32
762
144
739
69
892
542
68
234
192
915
27
368
66
658
278
439
595
971
982
103
973
552
512
939
818
847
21
722
677
699
87
115
512
185
804
884
508
605
759
663
359
311
873
378
544
934
991
994
982
534
637
547
750
977
288
93
579
408
801
46
680
267
838
257
609
317
250
649
800
37
533
188
771
810
414
374
522
807
612
456
718
343
156
629
237
693
589
617
435
898
191
654
74
3
546
293
946
31
27
213
155
738
449
603
983
17
590
239
781
923
425
550
48
271
624
481
606
928
762
162
820
386
411
830
271
903
857
355
397
747
571
15
770
336
425
250
374
551
262
930
636
668
354
529
198
124
916
749
780
934
765
67
995
611
399
609
346
59
189
63
239
21
212
321
232
403
983
548
798
56
304
866
668
927
282
692
757
305
748
11
723
259
728
802
612
801
689
756
431
219
306
654
813
667
212
520
322
639
224
157
354
121
474
420
992
856
46
51
210
907
892
991
208
362
431
419
27
145
716
42
43
930
950
514
681
438
910
343
851
383
887
713
990
565
272
492
397
787
330
18
639
629
553
191
719
769
768
664
829
303
989
400
410
134
155
657
928
764
134
667
256
153
634
5
229
993
220
237
614
380
698
645
130
60
854
837
355
562
997
278
332
206
751
562
31
745
287
654
119
856
393
768
636
560
827
963
429
360
908
124
680
143
954
73
277
787
712
669
649
11
699
130
349
210
686
107
294
392
348
637
632
863
250
450
844
495
15
281
809
918
683
549
854
88
693
640
862
926
297
44
492
294
166
295
997
111
174
632
917
144
526
578
313
52
317
812
316
107
786
474
365
712
110
484
797
218
408
448
983
242
239
110
328
952
546
921
294
106
643
157
549
867
851
801
900
331
487
59
119
224
207
642
797
745
487
924
305
563
799
44
782
50
821
63
403
438
74
36
862
263
770
597
749
214
485
87
959
449
187
298
225
499
996
141
781
982
20
369
781
109
750
448
549
995
864
418
974
146
892
196
591
345
830
533
462
309
785
470
813
642
413
806
647
126
27
7
849
34
513
865
437
158
384
248
722
200
658
476
480
441
634
373
119
36
732
153
103
819
643
860
457
904
193
915
21
582
353
717
261
737
360
718
231
928
802
257
800
533
769
929
235
567
625
276
32
925
70
620
98
606
999
420
889
305
476
196
886
158
785
329
245
992
551
668
468
768
360
365
202
711
113
532
563
439
956
779
64
535
50
139
307
305
880
418
760
625
857
974
414
644
873
97
469
859
185
497
858
378
798
778
110
457
84
810
61
903
816
272
778
118
836
330
567
879
315
418
337
851
212
429
187
619
499
808
585
28
946
