212
1223
568
481
2503
1842
788
1178
985
1309
2838
2377
133
2054
954
2509
1062
2813
442
871
1451
1348
527
2978
638
514
2428
1544
1496
490
95
2335
1269
281
644
98
727
2373
943
2812
1290
2104
622
399
1731
2916
129
1194
2814
624
2711
1242
970
953
2846
367
51
468
1063
351
1188
927
1899
1680
1911
735
1014
487
291
788
759
2278
737
921
248
1593
1715
1232
2753
2025
2216
403
2563
282
1120
2060
1827
655
1713
2941
2838
1478
100
868
1691
1845
1575
2574
2554
2211
2024
2269
567
916
834
1876
1122
340
1095
2679
2294
861
2459
1215
2692
844
2312
2403
2419
1805
955
698
2766
823
2339
1029
203
2945
1209
1842
1843
2092
2208
2802
1787
1443
1179
2068
2686
68
2653
531
85
202
585
1986
1748
1244
2070
384
2385
2709
22
2463
1324
1606
1596
78
1758
2721
2672
150
1815
828
2473
1953
1800
2853
2565
2222
849
1989
2720
1953
1089
469
1598
32
2976
2789
535
2961
1466
2940
1982
2079
906
2849
2885
1067
2008
984
1049
1286
2721
2352
710
268
2417
1185
2167
2341
2528
594
2684
1566
2830
2129
504
956
1132
2412
1541
88
553
1044
1927
2990
741
706
554
2816
869
1770
2528
1783
2508
843
779
1265
707
1800
555
374
1837
2697
149
396
2025
1034
2529
883
1852
61
822
2939
1682
1452
508
489
1697
726
813
2537
2891
667
1656
2989
998
2195
2892
1755
657
1720
2214
2004
1221
836
1575
1745
557
788
710
2288
1660
1268
669
2261
1410
325
113
1988
362
441
2123
1226
115
2679
2351
2283
1113
1546
1486
693
487
756
2124
1876
228
568
1519
207
1623
324
642
56
775
1293
1830
761
340
2973
1324
282
1332
879
1217
2647
1491
2323
390
1373
1194
2493
1179
2373
1322
1760
1664
2761
1701
2824
2592
2316
2570
2565
2074
63
1619
1851
1925
565
2516
262
1063
2503
1811
931
34
620
1014
1314
667
2920
973
2088
1761
894
2989
497
2647
2104
790
1170
2190
99
1738
1651
2258
1648
2003
2547
2166
2396
1671
2887
382
233
1842
2475
170
661
713
2081
2106
1480
2854
1622
1259
108
1941
2921
1724
1509
18
1704
1589
2735
572
1843
2365
2543
1370
2113
2581
2722
2689
1985
2127
57
2207
641
2845
2926
239
1274
1967
2296
913
1205
149
1770
653
1734
516
1771
116
1215
2641
2062
507
1040
200
2985
133
833
2023
2978
2924
858
1452
422
1468
362
2015
99
1428
1643
837
1413
2090
1767
2299
1998
977
1340
1467
2518
2626
2106
2302
243
596
2278
2566
2465
2353
2535
1679
346
1335
2853
2409
2793
1167
601
1004
1345
117
2720
1769
706
693
1273
1881
227
1902
2782
1421
1323
2550
1799
521
753
1554
2545
101
1484
2512
822
481
829
275
990
36
1953
810
2212
57
794
501
2811
1623
2572
613
1895
1596
1293
2448
2496
1981
2718
189
2848
1380
294
138
574
1999
1590
1583
3
905
311
2646
1242
671
2303
1178
1477
337
507
2825
106
1978
366
1096
444
2046
1608
1913
2406
1184
1274
915
18
1125
2437
1759
2600
2856
2306
2946
482
2427
84
1355
1124
2502
770
963
1633
1976
912
1076
2432
2367
1093
2512
1589
1429
1808
2079
468
1601
2995
1292
2353
1383
74
1909
1043
1813
2517
1597
2439
1499
944
1703
536
383
1900
2425
1427
2682
366
1659
129
1426
1661
1098
1990
780
1033
590
1207
1869
1367
916
1681
270
2545
993
211
754
1922
692
269
1574
351
2045
394
828
2553
2440
2545
2395
2247
721
338
1902
385
347
203
479
1607
1457
530
2536
1767
1823
469
46
2454
502
2389
2755
2710
2658
961
902
1677
306
2791
2161
1558
692
2533
743
1529
1514
1286
1160
1245
949
96
1962
2070
340
1650
2390
545
449
1282
244
741
1008
372
1403
2652
1181
1991
257
54
769
186
547
302
1888
1300
715
414
2243
2585
1611
1502
157
1216
2802
1834
892
1225
1514
2401
861
2308
810
217
556
797
2311
2544
2639
747
1130
2366
1198
1255
2998
774
1954
538
1609
619
1871
696
109
2768
47
488
529
1431
1284
2021
1544
2130
2713
711
2558
1064
701
434
387
2408
942
2825
2685
25
2814
1811
86
1410
2485
643
2967
1261
250
805
1319
2270
1735
1156
2181
2921
152
1433
1694
1145
2183
646
499
2901
2360
353
762
1102
1052
1852
1007
1467
2372
2097
166
277
2108
98
1128
1439
505
1190
896
2796
1609
408
2345
2524
965
2826
2750
722
813
1399
965
1765
472
2157
73
758
1910
1241
2098
321
213
2509
2475
124
2532
2060
2416
1540
2200
2271
1794
1959
2456
488
1873
189
159
1683
140
895
325
236
728
1250
2194
795
1155
1037
697
2356
1012
829
468
507
2273
2058
1554
2405
899
2554
1353
1202
922
659
1018
1655
41
1734
864
32
494
1143
1636
2034
848
1969
1369
742
629
2790
1303
2313
2599
1876
774
2136
507
739
568
865
1886
547
1539
2885
2403
2699
673
2762
1781
2284
534
1685
1150
1244
2558
2324
2818
2174
2641
2810
715
2254
924
11
985
690
2549
1199
2638
2613
2227
1204
1883
877
1287
2731
2411
2012
1611
1493
1362
35
805
2935
761
578
927
1648
1305
341
623
1811
120
1001
2918
2815
1197
316
2136
1636
629
2945
895
961
2296
1619
1763
849
2203
33
426
2220
1082
2256
1480
1121
1954
2366
835
200
1912
978
2518
717
1218
1306
704
154
1800
2004
736
2092
1285
2150
2416
589
1104
784
1507
2466
666
2039
1259
762
1475
1805
883
1823
1494
1692
2398
1913
2709
1578
155
1973
698
1389
1190
245
2052
1375
683
2666
2626
2429
1217
2508
2055
2946
2793
2994
418
2337
10
1820
2520
1815
795
1405
225
2303
644
591
772
607
1361
1191
407
1479
2819
1287
943
1610
1453
1930
1440
2949
1376
258
2193
220
1548
1517
2944
1900
1979
2014
1253
1019
291
128
494
771
921
1237
2383
590
2804
2461
763
1820
1845
2802
1339
2535
2833
2184
2338
2511
1536
2570
67
490
1205
2271
1591
371
1458
2780
911
1643
1928
1891
2194
2261
2664
1569
1419
635
1529
2349
2547
727
1406
1763
14
2324
2179
737
2932
42
1212
425
2215
2640
794
2013
1532
1811
1635
2449
2000
365
1885
2914
224
2249
222
589
221
827
1251
90
2386
1885
2596
1342
83
1563
1304
1608
108
464
418
1491
1115
1377
783
506
3
112
1042
1963
1910
2715
230
218
1742
2130
2504
182
760
992
1759
1176
1013
2633
2921
2839
2430
346
1635
1073
284
565
2668
1196
1682
2587
254
67
1095
204
1075
524
2203
1491
776
1038
1070
853
2088
2879
1592
928
2664
1612
1000
495
922
1778
2788
731
2288
520
145
726
2663
2128
1232
2993
926
1763
1941
1830
2817
2945
1341
839
1774
1930
692
2253
587
1590
49
1533
1202
680
1726
109
963
1586
799
1524
1948
554
638
1743
2591
2714
369
463
360
2838
1633
2152
66
2118
2847
1533
725
1626
317
2655
1989
1853
383
1221
1554
1795
588
628
1584
1444
1149
183
2955
354
1680
699
1104
695
2961
1441
322
2272
1646
2751
1360
2638
1142
160
2376
1763
1317
174
2954
1113
2982
1178
1803
22
270
2243
2901
1716
2505
1882
311
2637
2963
174
2438
2059
285
2387
2216
2973
1649
886
1440
1558
284
2427
259
768
944
2103
870
2646
2539
610
2306
415
1607
1628
229
493
1455
568
2382
573
450
429
1389
1178
903
273
2829
922
758
2249
1486
1826
1215
1164
2699
677
865
2478
85
1840
2400
1719
2458
425
1980
171
1334
2077
2091
709
2084
2960
106
700
1321
463
2717
1624
461
610
1584
1045
1374
2966
369
2134
243
2351
1773
1485
787
1850
1171
783
1040
1344
2593
2181
435
678
177
1340
596
585
1903
1638
957
352
2098
2018
2781
2418
1028
798
1700
2558
2144
1661
2808
1617
1535
1059
2115
1961
1143
2020
2974
960
2761
1693
1599
597
133
2963
2570
661
1932
2048
2039
1439
1490
1380
1456
2524
1510
2487
596
565
215
956
413
279
437
2602
1867
1897
2920
2036
1427
1830
1313
2504
487
2270
2900
2869
2619
1047
1686
1173
761
1665
1153
2434
586
942
1001
2877
2610
1912
1282
665
1574
2533
2184
1902
2837
2502
2283
1818
1240
1637
1941
674
1536
252
505
1838
2242
2187
2793
1986
1841
169
1724
2056
1320
2308
1738
1299
490
35
2150
2999
2880
2952
655
2236
942
651
946
1306
2379
410
256
2734
2492
2317
1328
506
740
1893
272
2914
2249
436
2397
922
213
1680
2845
1798
2384
2274
1285
2554
927
451
884
1008
1147
2069
155
2631
2824
1119
2855
536
984
1187
2957
44
2100
2786
2192
2386
390
2111
562
2517
2534
2104
2285
2729
535
2704
2533
2014
2493
490
372
413
518
321
1465
1759
2578
1898
1790
2989
2144
35
2444
274
2038
2581
2845
1349
372
564
1182
1491
1662
1823
911
1497
45
2811
24
2423
1376
1426
578
456
516
520
768
2741
669
526
288
1137
2024
1912
1265
2791
2663
2146
138
1312
1647
911
2573
217
2210
1257
2063
1730
2180
1837
2708
1921
756
2445
2915
2044
2633
1113
2564
2357
1558
944
1290
1239
2603
0
49
63
1826
1885
1636
711
339
950
2507
1804
220
1155
744
2422
809
2330
892
2416
980
2193
339
2861
2561
1126
305
35
2704
2387
1527
1084
2591
2197
2990
598
2156
1059
1223
2501
2068
2483
1188
950
2867
2168
815
468
1864
184
1885
1592
68
1850
1254
2953
7
2029
803
1971
2839
1139
2772
2891
2335
1308
1630
2488
944
1671
878
2966
1446
1627
909
1917
2225
884
2703
558
2797
2585
1297
2205
2505
1730
495
1857
337
472
2007
1289
2528
2612
1981
1377
598
1441
1148
210
786
2589
2206
567
2900
2394
984
91
1770
2820
429
1232
2308
803
2262
195
526
399
1682
2812
1322
1395
376
1473
1951
1395
2494
833
2618
239
1484
2262
2839
2458
2483
1540
1116
2364
1555
1798
1378
1162
2261
839
953
1600
846
1902
2863
1949
949
371
1549
500
1554
2063
1735
1275
2002
1720
1669
1740
1739
1065
1586
1857
1216
184
1560
2524
1593
2928
1694
1404
2811
2231
2360
2540
143
2098
2281
1790
1202
525
1000
485
2769
271
2436
2880
1406
1793
1212
1298
171
2231
872
126
2762
1423
2038
1015
1550
2647
2634
982
2042
2595
229
2797
1852
1012
456
24
2598
1988
501
1771
1825
45
2826
2350
2437
1873
843
438
1946
2204
1980
2733
860
590
2160
2929
2511
2381
976
2786
2199
1264
867
917
1129
686
2166
558
788
2044
2905
170
398
1221
1942
1570
1285
1611
934
1347
586
220
1330
1955
1227
721
1195
606
262
2480
798
2574
997
2897
2920
209
1099
461
1017
2860
713
458
2888
1742
2701
1067
2772
2079
2927
1140
377
2015
545
452
95
1099
2955
2947
2651
1914
241
1803
1456
893
1033
347
1350
1789
1164
197
2229
1703
2537
2337
1598
1010
504
803
462
1361
66
2776
2256
1180
762
2246
1558
41
1192
2289
2124
448
2506
2033
1241
724
623
713
138
485
930
2435
1845
354
2591
1422
1631
899
293
1033
2874
1237
2224
602
1327
1463
1874
1903
804
1714
1405
838
234
1477
1407
1872
109
6
1395
1616
1937
2460
144
1665
533
1
1408
2917
911
1493
607
394
540
798
1038
462
1298
1476
1763
2828
2740
32
39
1103
417
1453
995
2115
2561
2159
1904
2195
973
1751
1378
2524
2226
2624
112
801
82
2812
34
408
375
2856
367
1721
1228
2703
2411
1583
1914
2001
1105
687
1620
2268
2946
278
704
1379
930
663
1971
410
1492
2873
2871
2100
2658
686
1379
1300
227
2968
2447
7
2352
599
1307
2547
844
2438
1963
905
408
2427
2505
781
2641
1388
527
926
1463
655
671
617
130
498
25
1104
1859
2098
736
496
2324
1319
793
2080
2533
459
1745
725
1628
755
2683
99
408
2030
2674
741
2930
1027
2425
893
2289
1136
69
344
1
173
1739
8
1238
350
2939
1309
2459
1959
2104
1198
2857
434
2531
2065
2694
2988
2364
2874
829
1949
1637
1568
2531
254
922
259
1221
917
792
154
891
2164
1049
1001
2153
2208
210
1879
1146
165
1241
117
1977
2999
1582
1595
2342
2459
2180
1405
2090
1516
92
2642
2287
9
2535
373
1110
1379
1254
1036
470
269
1464
70
2926
2380
2239
2986
2927
22
1783
2882
617
775
468
2390
1657
2342
2535
1109
2483
1126
892
2103
2818
2696
2659
1534
2425
2286
2106
1722
2413
1722
2755
2507
1345
2901
887
1697
2189
956
1351
1160
2765
2389
2010
1064
1441
2535
928
512
2342
1055
2273
746
800
1535
179
2594
2690
1617
2839
1856
76
1209
2471
1573
1783
248
1158
1673
185
1069
259
2139
1920
2622
2204
1771
740
2684
675
1057
725
900
2223
784
2757
1098
394
1253
2596
1904
914
1481
2791
397
87
2382
436
2448
2368
2895
637
1387
1058
2511
590
93
846
1043
2413
2448
845
2580
2621
889
1474
2461
950
1613
2741
2131
2388
120
680
2138
2594
1345
471
1900
2356
1218
593
804
2134
972
2285
2961
2141
343
1547
1142
887
2910
937
2630
1553
817
1758
2421
125
860
1518
1185
510
1013
2947
1631
1210
1667
1468
2154
1434
1986
2181
879
169
2650
1114
1740
2519
1159
1505
399
1841
484
3
2090
758
1913
207
339
552
2371
1596
1898
2821
2162
640
2588
1834
798
1961
2317
1179
810
855
258
1313
1307
621
2804
2704
2834
2602
2561
1644
469
1696
1412
416
1212
1257
605
2434
2038
8
1467
1782
1780
283
213
1526
77
2003
8
2851
321
1165
2802
1874
2042
1937
1278
1446
1188
2916
2593
869
2997
1052
1745
690
326
511
1261
1903
2210
352
2758
2205
2414
2264
421
1330
1238
2237
591
1037
2713
2873
2803
24
234
2274
1293
2178
2704
1257
2066
2249
1223
1017
371
2401
1261
2887
1999
1523
1897
2072
2969
29
2621
2531
1113
1130
2588
1051
566
238
1006
2065
2993
2071
2945
589
2693
2011
1434
1878
1010
2115
73
1550
2344
1633
1082
179
2769
355
2992
835
1704
2907
1668
2823
2941
1122
1179
2658
306
241
1717
1175
2632
612
234
2413
706
2467
775
1696
2403
1590
822
2564
1188
2973
1884
1616
781
2953
1611
341
1285
1163
1024
2634
1045
2302
2911
1198
2718
1451
786
272
2059
2050
1265
1622
2465
2479
1603
1673
722
2249
1122
457
2273
1098
1949
2666
377
339
374
91
2126
320
2468
758
1508
2459
1044
2953
1014
2472
2568
2913
271
68
1289
2133
2509
2731
337
2654
595
1421
385
425
1141
1988
1321
2757
102
1660
350
936
1102
1543
2637
113
1672
364
2334
2705
407
2123
1788
1652
1200
1824
1232
2773
194
2826
1013
835
634
903
1199
1702
435
838
1301
973
1131
2008
1933
2312
2281
2347
598
2901
1347
397
1465
1194
2964
2530
257
2317
297
1313
505
2139
604
641
2172
515
2250
1372
400
1607
2616
493
2620
1830
2059
2691
2505
480
124
986
1860
1104
1170
2794
641
719
985
2342
2443
2162
2784
1588
2016
2274
1792
2500
1626
180
1833
318
2824
197
2271
332
547
84
2337
1193
2852
852
2386
1342
2947
1796
984
2791
234
388
1482
758
808
254
2423
2147
1873
39
2745
2886
1634
1689
313
1811
179
1334
1516
2033
2686
1395
2330
2871
1187
2750
1327
2443
1518
1366
2475
1153
0
374
940
652
857
1453
2723
1996
1704
1837
2460
2684
1441
1629
2798
2070
837
1118
2923
2374
2392
486
706
1112
1227
724
2792
2062
113
2690
2125
666
1535
2112
882
101
1045
738
2736
353
1953
2200
2611
2601
1498
2766
134
1331
1986
1311
832
271
477
275
2565
1119
2750
2050
239
2595
1921
260
1667
1840
2763
1990
2312
1908
901
659
393
1200
1032
381
1516
2474
1938
1478
2635
1951
2630
1856
1024
209
1954
324
2846
850
42
2563
130
2254
1746
1383
376
1678
1256
1445
1258
2870
200
482
1204
1364
2281
575
1746
643
1269
594
1754
1020
1669
10
646
2008
699
2271
1306
1645
49
2499
2837
890
2719
521
98
2784
530
657
949
2455
1816
1876
1075
1850
2600
2490
1794
2728
597
1918
511
112
2940
179
391
64
2691
2038
2293
10
2185
2719
146
316
2437
2749
1651
658
2750
1076
2684
1274
1561
2534
794
596
705
1323
2463
308
2801
502
1502
533
2501
1943
926
1740
471
262
1795
2918
2437
2474
2239
719
1135
1062
544
1968
1774
2485
452
452
1664
2082
991
2999
2072
2078
293
2060
1683
2726
1899
2473
197
544
2631
1401
1338
2507
1824
2198
2008
1913
1663
408
121
1050
1957
2311
727
949
2775
2249
88
533
509
1344
2377
1462
1544
907
2783
1842
745
1839
2097
885
534
