5630
3242
5472
502
3808
323
3392
2147
1507
5210
4569
945
2143
152
1588
5548
3532
5300
457
5806
4369
2829
2757
3845
3502
3591
5781
4275
5170
1299
5381
2495
1322
1590
2400
3144
3671
4907
1075
2762
4714
1141
2
5305
5183
1837
1142
5146
2452
2122
1394
3426
3284
2686
4241
5157
2852
876
4735
2096
1720
2200
3872
3139
3283
4135
816
2614
3754
5030
1975
4444
2500
4070
680
85
352
3332
1991
557
5459
503
230
162
4285
4979
4874
5235
4486
4154
3054
4243
1706
4450
4532
397
3390
370
1731
914
1325
21
2194
349
676
5121
4655
3304
4327
3026
4076
535
5486
1168
1718
5138
5455
495
4356
2545
4809
1844
5273
847
3546
261
5557
3457
3806
3705
766
5904
5268
1903
391
5122
3903
3099
1850
3462
4262
2683
5703
4318
1752
1847
1561
5687
2672
1127
465
868
2560
2063
3794
1561
2461
4949
2424
707
1959
5858
3365
661
4707
695
4473
2157
1479
5591
4526
757
2258
3602
5246
1573
4517
3923
1281
5445
5410
2575
3142
2288
4303
5357
5229
485
167
3749
2735
4375
110
1553
3899
4468
2558
2192
5983
1075
5123
4441
5134
2342
4975
2941
771
5647
3082
1237
1891
2063
378
3002
3288
1770
3291
4500
4352
742
1452
5450
3440
1489
838
2904
1894
818
4425
4975
3178
3320
1236
4838
5056
4992
3745
5534
1884
4882
3115
3507
1954
2826
1181
1614
234
772
4904
1959
1117
5728
4160
2568
814
2646
2771
3069
1191
1875
56
3640
1711
2785
1760
3697
3541
2724
5003
234
2428
5809
3227
960
4435
1769
4509
4477
192
3747
5705
75
3064
3656
2182
947
5517
3096
5178
1571
3541
2874
5326
1502
4707
5040
2811
4014
4964
5497
3587
3988
1768
416
3102
4864
762
5649
4479
1436
4190
860
1074
2210
4791
3474
2676
1775
2194
5644
2559
1839
3826
3468
81
1175
4776
5707
5544
49
31
2033
5628
546
2450
1298
5592
4936
43
230
1735
751
1208
3457
2919
5666
2204
4785
173
5375
959
4567
2933
1235
1955
1948
5907
2485
1092
4724
1275
5887
3067
5360
3497
5846
3504
1933
5182
1227
4425
5658
104
937
4819
4008
4093
2399
91
90
3380
3768
4490
5931
5056
3781
859
990
5417
4045
42
4817
4713
475
443
139
352
4037
484
3428
420
5117
4200
5812
856
3392
1137
83
4408
427
473
1728
526
4542
4885
4349
1109
4889
3151
56
2168
5811
702
1044
2389
393
244
4101
1539
4883
5492
2747
3661
2562
1294
3430
730
342
984
3160
5594
2236
2970
5144
3168
2197
4486
722
5015
1617
2371
1419
2914
3274
3077
419
1075
1102
1562
4467
3031
5331
5475
470
3837
2207
2013
4980
2401
1104
4059
4521
1866
2453
3602
4389
5228
1264
1168
1468
698
1411
5002
2509
1788
4903
3617
496
4824
3212
1136
4937
4240
5403
4037
5321
4184
3751
4313
1443
483
4017
5566
3276
5417
5691
308
3228
3927
2436
2888
513
3155
594
1545
114
1530
4142
104
2273
567
3241
3980
602
5858
957
814
3176
5940
3534
4440
583
3250
1055
3093
3124
2589
2257
2197
1552
2997
4469
2112
3123
4869
4051
1892
2414
4511
3955
2157
4281
117
5497
3935
4138
4913
3598
1075
1895
2754
3673
5836
4307
4852
2204
4277
996
3562
5322
3513
3510
5434
151
1038
2488
3989
3720
5646
1715
3409
4762
4164
3819
3189
926
5280
4510
1665
1458
2055
42
3672
2650
154
1180
2763
3597
5088
226
115
4669
2979
593
2298
750
5156
1330
4310
2167
5324
5480
4851
3606
4081
4093
4124
622
1553
2362
4422
5708
2813
3909
1881
1096
3461
5653
2796
5062
5612
2513
3516
5531
568
86
3288
4061
552
4967
3852
2724
5330
1231
5752
3325
2648
4834
4333
2764
1078
2625
1731
4065
2475
1948
1674
676
3490
2690
1227
3531
3852
4309
3529
4138
4699
584
3370
4697
493
4346
4652
593
2867
5164
1238
5760
2941
4830
1740
5389
885
2296
4494
3205
4692
3748
1422
3348
2324
2297
1772
5167
3732
593
495
1421
1697
3356
4578
1974
5863
3582
5497
4052
3684
4052
2415
502
229
4884
2894
596
2384
4946
3913
4636
1677
5711
3689
3723
1537
4011
1219
1703
5720
2235
1938
1401
5198
1830
2470
1336
3483
2185
3880
5792
1529
4139
4200
4386
1811
1146
2886
3653
1915
404
4314
2778
88
5394
4320
4733
4411
3199
1427
5383
4588
4630
1541
1520
4646
5145
4456
1730
5323
958
5596
2713
5125
868
5014
1927
2923
403
3481
4228
108
4001
5331
5442
3563
1137
2294
3118
2614
1542
5170
4339
2261
4166
4892
4008
2556
3145
5725
170
3853
2465
3338
1508
5229
3715
5803
394
2161
1747
106
2998
3397
3454
3545
281
2152
3649
5856
4563
5016
2151
4098
1294
2037
543
172
5765
4165
5308
5161
1650
4980
2005
4917
2452
2261
909
5532
3119
489
2670
349
5326
954
2014
5616
2931
3813
5700
481
1599
482
2163
4201
573
1314
2805
1384
825
2324
4163
2144
2495
3587
3856
3665
4637
2240
1142
4589
1082
1303
5416
5671
1136
129
2438
1916
1364
5397
2607
4862
5863
587
4913
5625
84
1327
5356
5828
154
4766
2084
182
3412
2449
5781
2355
4
611
4577
65
1678
5024
5413
2379
3152
3403
394
721
3456
1100
1879
5098
413
4997
643
5511
2199
1280
5080
5397
4379
5447
3491
1999
3031
1247
1048
1518
460
5297
1443
5198
5536
1558
73
2302
3219
1167
5869
5603
538
303
1054
1257
2519
2661
1725
376
5258
4905
1165
3886
912
1794
3011
4399
1386
2866
2013
2822
1561
4591
2975
4199
1796
3887
1912
5539
1100
4479
3779
806
2391
976
601
2016
1688
143
5844
5150
4080
2927
735
4132
478
3316
2249
5418
3650
1791
5320
5792
4335
2513
4298
79
734
1166
38
5854
4655
2224
2929
4045
5163
1429
5117
738
2517
4230
972
2238
5694
3268
2594
2922
4856
4593
616
2419
3810
5289
3021
5455
5443
1115
3655
4572
2978
2359
423
1796
1553
5206
3355
3406
2505
3265
2412
4451
305
5215
5256
1819
5720
446
4074
3381
4146
3981
5941
2128
2832
19
3440
3112
999
1904
4059
688
3235
3279
3967
3512
2245
164
1892
1915
215
792
1132
4024
2912
4797
460
1467
5730
2944
3995
4072
5137
5403
803
3603
1118
115
5477
1790
386
453
5273
5840
3318
3208
1219
2591
1183
4847
3664
906
2791
478
1087
3253
5494
3029
2317
5121
1504
2958
4377
5575
2007
207
5223
1985
3569
1517
304
4230
3605
1885
5398
1728
2159
5992
533
4300
819
3706
148
4941
686
4615
4827
1132
184
923
4319
4561
5909
5868
2969
2247
1082
4111
2965
815
4237
4371
4149
4387
3446
254
1269
3956
5698
4706
4074
1683
806
891
1156
1177
5712
1383
4627
1988
3240
579
533
3646
2438
4574
2525
635
3454
4333
2303
4543
4054
267
2712
3689
2728
5273
5147
4064
3890
569
3478
745
1611
2563
4099
4402
3120
2419
4010
4206
2797
1216
452
813
5719
1545
3146
5079
2469
5213
5948
3030
1087
4247
781
3533
4111
1877
1292
5416
5349
5428
3486
4097
3334
1817
4822
5228
1620
3838
3750
4816
4888
4007
4271
579
2220
5376
2533
3136
149
2389
2126
3640
5054
1181
2185
2402
1584
1252
4587
4192
2045
3652
644
2272
2716
2319
5008
1243
5006
3948
2282
3150
3615
2235
5851
4834
4280
950
832
5018
3889
2151
4937
5208
1061
2208
1774
637
270
699
4348
4604
110
3854
3389
793
1215
2554
1862
3667
2659
2641
4010
3754
533
4257
2347
1023
5152
2465
1056
4504
3966
1127
4354
1964
4664
2484
561
3489
861
3901
5588
5679
2590
5895
4382
3744
3878
3981
5419
1335
2022
4545
2137
5339
46
4013
3284
3518
3608
3109
5610
3038
4031
4091
4653
2727
2637
2061
1479
1810
4961
1919
2759
3567
2527
529
4441
3786
5266
2014
4260
1469
5821
3136
813
1666
2159
4114
5353
835
4740
3012
2752
1536
3832
2437
5677
1356
1622
64
4994
3621
5519
4341
1192
2110
5639
114
1108
4570
2537
4094
485
2007
554
1091
2265
4133
3339
5541
5135
4386
312
227
3160
5619
2093
1385
3351
3425
2744
2943
3351
4845
3466
2930
3836
2593
3335
4541
2321
2293
526
5540
512
4731
2322
4892
5009
5000
38
3322
4362
1311
4023
1719
2900
2075
675
5021
3966
248
2935
736
3963
2095
2390
3435
2278
348
2150
5990
1190
2126
3733
3058
4556
1595
5929
257
4825
4653
1028
1061
5805
2493
3846
3747
1450
5930
2780
4530
903
1622
5495
454
4480
1806
472
4356
4715
52
4215
5858
5541
5434
5618
3805
2027
1500
5778
4181
5381
363
394
2857
3836
5954
1753
4266
3644
1815
447
4751
53
2495
1259
1365
1611
3294
2451
5409
2206
4011
1437
3795
2436
5388
5034
472
3393
2738
2995
28
4457
931
5227
5018
188
2128
3332
1299
2912
4275
189
4502
5565
5528
3481
5169
5969
3940
3451
5653
4340
2902
2973
5983
1813
3144
4432
5432
3139
2705
3166
427
2169
1083
2795
1518
3809
4637
202
1439
2089
36
4060
2876
3474
1235
3
2655
3125
2995
1652
2020
4016
5848
5803
569
2398
4883
5208
3633
3173
3757
4536
1668
4553
5751
3951
1591
846
4363
3984
1635
3162
2510
3087
4837
585
5780
1869
3009
826
1392
2947
1860
343
951
1067
3173
34
2352
359
5478
1578
5866
5764
4861
4685
3146
5177
729
1559
191
2458
3684
1065
1652
2714
5140
3013
945
5341
1853
534
1950
4315
3415
4652
2102
2224
5671
2980
2035
2384
3644
871
3532
2376
4825
4329
3976
64
5466
2305
1757
5052
3060
2169
314
4514
5790
5499
5149
1285
3926
2171
994
3072
4785
5092
1896
5199
2451
4938
417
1799
5527
303
5495
4886
555
3601
5798
5413
604
4320
4745
4522
585
3405
2052
4713
5462
1918
1835
1739
4256
2383
4014
2487
3768
2226
2355
5996
1133
2087
5758
2897
2442
5559
3294
2563
2026
2921
1623
894
4835
4759
4199
423
1478
5627
375
2294
2001
211
2785
4433
5279
4117
3801
3026
3230
395
457
1131
3114
3503
4188
2816
4938
5906
4631
2163
4199
5093
1199
1566
4213
2539
5787
2312
5487
3830
1687
3786
4995
1326
2321
3787
3735
656
260
5512
5607
4419
2063
1759
333
534
562
4810
379
5797
5684
2058
791
746
1251
2649
3300
1487
3785
5793
2761
5954
5895
4107
720
4466
449
3039
1165
2390
5
3066
2344
3485
5833
2750
2218
4016
2561
5523
4176
4163
1770
4987
191
4714
5798
3523
2180
5000
788
1942
3142
2099
3435
1500
571
356
1939
2255
3235
5914
2928
158
4693
2029
4940
3914
2629
1280
2623
4109
1534
4161
4717
5739
3121
602
4621
4561
1146
4137
5074
3690
5564
3949
888
881
2697
2103
5292
3712
319
1280
1000
3847
1682
25
74
5944
5554
1468
3711
2670
1177
2018
1521
2974
115
2655
4619
5894
2890
5207
1925
4659
158
5316
897
2222
3581
1247
4704
3046
4308
1339
5009
5769
1458
4386
599
3819
1749
5223
4774
985
4308
4219
3722
2216
3080
4971
5909
4423
376
4566
2499
1875
815
1964
2922
280
1532
1649
5555
3765
3158
2305
4464
1624
4026
1790
1001
3609
2371
3045
1479
3747
1908
2607
2764
5932
3493
387
5757
2998
1031
1497
5230
3534
2470
1369
2408
5362
5306
5393
3497
4832
4490
4869
3080
3161
3358
2129
4771
5332
958
2490
2039
4799
2317
5715
4075
3952
1404
4940
5130
201
2396
292
5499
2186
4820
4223
190
1681
1098
3458
3174
2780
3266
1467
2605
3311
1025
2798
2409
401
4060
42
777
4689
4210
4715
2075
1798
4834
4808
2142
4995
4443
3132
5006
3177
1374
2354
1153
5799
1266
5945
893
429
5716
3303
5060
2654
840
3146
2878
3236
3968
5465
4209
653
4808
186
4959
2067
2556
269
2589
569
2279
5573
3403
3361
2457
1334
4772
4778
3763
473
2708
4727
5202
2797
721
5259
4438
5048
1511
1104
3518
4476
1444
5672
770
2676
765
778
3277
1053
1499
5758
3893
1890
934
2116
2711
4431
2188
3949
4372
967
5725
3309
4114
849
3462
2793
1280
829
5609
5899
5931
5317
3685
68
1382
1614
391
3825
1625
1902
1181
4470
40
4327
1331
2870
222
5377
1884
2389
1879
4134
14
4293
3575
247
1258
3196
2298
5884
4966
2967
249
3529
1241
1127
2310
3660
2131
5818
996
5522
2054
3413
2581
5145
1013
3165
2833
3536
2248
373
3104
5627
793
1505
357
4227
2382
3145
2312
3834
5379
2233
2526
1676
4451
2789
582
5169
339
5962
3442
3151
3499
2288
3904
1980
4658
2747
4549
3889
1909
2289
2885
5082
2755
470
673
5897
5608
4370
2333
1675
2500
1540
1900
3042
2472
5473
1211
3394
5964
2213
3128
1111
2911
4745
5501
3763
956
3397
4908
2358
3190
1069
5544
3766
4544
183
5869
3982
2924
1309
3342
4866
3837
2526
4425
3456
4922
335
89
1090
4274
3758
4008
384
5479
3943
815
3971
1449
655
1259
1828
4288
782
3326
3475
1252
2474
1599
2724
2940
3422
302
2179
2402
1897
1896
4376
1744
1299
2292
2566
329
5898
2952
2413
3926
3915
1819
1119
3547
3981
5655
1872
3269
3799
3018
2966
3315
785
5002
1408
14
4135
2706
4259
2039
3818
4558
5055
3803
1169
2895
3841
5173
4430
3787
34
4624
11
3636
1420
4983
2594
3235
4684
4556
5068
2129
5522
4353
801
3842
4038
1814
702
4894
4758
4975
5941
3741
778
5233
5166
4607
2488
4250
5595
1749
3826
4970
4682
1711
573
3153
5267
2643
1789
5111
4609
2310
4653
482
2830
4827
1690
2951
198
1958
1887
4480
3726
5099
3947
1814
893
2855
1934
5243
1080
250
3107
4423
1276
5968
1351
1070
388
3579
2376
1818
5579
3039
1032
1977
2267
3881
4673
2597
564
5533
5026
2908
4040
938
2776
5565
435
1692
1560
4606
4920
2990
2232
4220
5654
5514
797
671
1625
3087
5327
1513
3037
782
3929
2876
4766
2433
5005
2741
2250
5303
3620
3097
4824
2208
1059
5962
178
3506
3849
694
3214
3462
1781
5452
2507
1986
4404
3099
3974
5812
4072
665
987
5127
1764
5053
889
3877
3
3146
910
5210
4073
2201
1682
5360
2962
1842
416
5548
4870
5702
5999
3429
5278
5355
4335
140
3536
5861
3886
5916
1125
1246
698
1104
1852
3762
1009
4891
888
5177
2580
4312
1764
529
5706
142
5831
1800
4433
1679
34
4691
5919
1982
3975
4318
4182
1083
2419
4129
4950
157
4268
3659
4957
5755
5398
1181
3209
2566
1902
3157
4014
4710
2698
5061
2467
3343
2616
1408
2199
4703
722
1985
4113
1575
5875
2616
5141
5700
3812
3762
3298
1210
3839
916
2072
4556
501
131
967
970
5051
4707
1170
823
5342
4537
5891
4277
1831
927
2024
848
2298
901
2555
3684
5768
2942
1151
4827
2565
3870
4102
1319
1188
4589
3919
1496
5822
2504
2893
5307
3937
2261
4131
5264
3509
305
4940
2582
666
4409
5159
725
1117
3089
2191
3447
1961
5827
680
5748
1050
4855
2613
5736
238
1403
919
883
1668
4800
1200
2094
982
2866
3238
5237
242
4497
2003
3637
5987
16
2952
2674
1040
2618
354
1829
266
4860
4181
3074
25
834
180
594
4336
3026
1763
3633
4572
143
580
3861
3500
4203
5901
713
2874
5725
5515
54
1784
3962
960
1757
454
1427
3511
1571
2928
2331
3944
5721
3219
5300
3863
807
912
3205
3127
4469
2809
3881
4620
470
1289
2790
1678
5249
496
1289
4858
5741
2620
3787
658
5016
4819
2946
3988
2660
1725
3495
4440
1215
3022
1855
2786
2061
4017
3752
1432
4308
2944
242
3358
20
3183
5223
5789
1521
601
5368
5026
5438
4819
3014
354
4856
3484
2362
3435
1372
5446
5841
5766
5366
1774
3384
1161
4343
5958
3631
4825
1665
2613
5405
5532
2115
772
3121
3020
4204
1545
1264
520
2013
3200
3263
4868
1760
597
5886
2049
5759
1647
2287
520
2706
1798
3107
3679
281
3413
2192
382
2786
555
3280
1387
1095
3435
1592
3249
4519
3715
3731
527
1807
5417
571
2893
2053
3953
4324
5226
3889
76
5493
5073
3704
4571
4067
409
3607
2513
5036
5179
5496
662
1213
2655
1028
1239
2929
2991
4117
5931
5366
2157
2455
5969
4221
2880
3947
3701
2094
3034
5350
4385
678
501
5436
512
4398
4651
3957
286
617
3413
1786
331
2889
3899
2431
2350
3231
2458
4748
5254
5565
4372
5929
3340
3434
610
4869
2500
4801
1716
1987
1619
3222
4280
1282
746
2071
5225
3800
848
538
5151
2458
3886
5865
1284
3578
755
3910
2407
798
3208
1516
5273
5817
5758
677
4933
3784
2723
1906
3997
1547
1764
3818
5039
4189
876
3425
3494
1458
523
804
5597
3565
1954
1695
5054
1067
1562
5771
3193
1023
1284
3191
5488
5483
4203
962
1903
1847
1350
4291
1193
5602
1897
5701
3373
3906
4395
4594
1176
505
2787
4314
2116
1750
4507
5296
2845
2501
2391
1729
5860
3749
47
3666
4797
5507
1431
5990
4963
3000
4367
2105
4124
3228
1799
3435
4663
3781
2459
3180
3345
2656
364
1008
4582
778
5262
3952
5301
2780
5502
2941
3789
2657
5516
3425
275
134
2262
4164
4342
893
2277
1512
2889
2829
640
481
63
2825
574
5412
1174
5867
2682
2907
5033
4845
799
851
169
2868
5778
386
1431
58
5615
952
2728
2646
1292
5697
1802
3514
3578
2883
2150
4889
4201
3611
4683
4403
1675
30
2698
3918
481
1855
2753
3091
4577
1916
2815
4866
4521
1157
3846
2738
5438
5178
2766
4921
333
5456
1781
5333
1122
720
1157
2645
3623
2107
3102
1238
2916
5294
243
3214
2245
4398
1009
2655
1673
1873
5688
504
854
4793
846
4830
2922
1869
1753
4034
701
85
2107
4191
2450
4434
3403
627
4572
2871
3965
1880
3213
3304
2115
829
4970
2430
1004
2101
3226
3957
3739
2652
1517
2434
660
4786
762
1507
2287
2213
160
5573
4638
2783
5342
3564
667
409
2542
5491
1915
5946
5099
2512
3439
1649
1108
5075
4521
4219
4201
2155
2075
2833
1234
3909
2426
1953
5663
3714
1778
5735
3546
3443
788
167
297
4676
1163
698
5727
1090
2364
3187
3666
602
4298
2061
5607
1056
377
5187
3449
3096
395
4219
3337
5749
5159
2208
3136
3980
3799
4570
2399
1396
4128
4924
2583
3868
3117
5578
2629
5736
5140
2149
1237
378
2330
5317
4775
4185
1218
1938
5087
4113
256
1822
5670
4790
1420
5298
5391
5174
4658
3924
388
3867
359
4482
4622
2729
5766
2269
5474
458
4024
2885
1369
851
497
3101
73
1443
2007
1659
1343
5656
4990
4622
5582
3181
47
4076
1712
4660
5143
519
4571
1740
123
2652
3471
1199
4954
4568
236
1099
1274
2454
4577
5339
5556
5705
2303
1841
4380
3955
1308
4946
4697
4896
4067
4958
5011
5666
5240
5946
4554
1241
3865
3980
3538
639
4416
2818
2140
1917
5302
912
4881
4814
3858
2628
5703
2414
4622
3752
3286
5966
1642
3859
4708
2903
778
5452
732
2408
4330
4892
142
5949
5106
4062
512
382
3301
4998
2257
1698
1443
1692
5150
4910
2415
3284
1726
5439
186
4778
1720
3455
1758
4399
2772
3462
3351
2971
2591
3217
1867
1502
5192
520
555
5623
2775
4302
4961
271
4493
2202
441
4467
3543
4701
2941
5965
1116
4287
488
4222
3638
1435
844
1466
1949
4723
4654
127
239
4113
3263
1811
2268
3356
2886
3018
173
4563
1705
4561
5940
5881
4059
506
2863
541
2511
5812
2150
5460
5514
2550
1076
3814
4775
4151
3635
4706
4372
5213
4240
1534
2057
881
3693
5663
4905
1339
4085
5441
944
1488
5562
4931
5325
1636
1322
5331
4570
2381
928
225
3190
2998
151
2003
755
1740
4890
3205
5547
2745
3494
5514
334
362
3441
5059
1462
3695
627
5211
523
2639
4098
5037
4051
294
205
2146
1585
4124
5326
3243
3918
2402
2802
1127
2197
5884
2709
3473
3240
294
3766
2474
3777
3284
2714
2142
5970
1946
2988
5142
5790
5876
3586
265
1472
4179
5883
4975
4793
3109
964
212
4888
4991
234
725
4497
4666
841
1147
3200
3192
643
4705
5318
2817
701
5683
658
702
5427
1301
3884
3953
2092
2365
2074
4527
4120
5422
2613
1355
1381
5906
5366
1
1873
5299
826
2011
3082
3654
4053
4467
769
3220
2018
4038
5741
4998
2473
3841
1820
5581
249
587
5381
3564
532
2047
1448
1090
2506
2468
2230
2632
3982
2475
4365
1331
581
36
1340
1926
5292
4652
5045
247
3001
135
3184
1436
3434
2167
2924
5426
10
1319
2720
826
4786
5990
2480
3824
92
2291
3083
2841
3586
1777
2449
1225
549
2871
3474
2239
2410
2695
5506
1197
4974
1016
4712
327
4763
4051
662
423
2499
2983
1970
5851
2936
2313
5923
2572
3470
3451
2792
2411
2344
2231
1282
4314
383
1193
4737
3653
5009
5111
2060
4763
454
1901
1786
4173
4846
4057
302
3361
2071
5280
4832
4291
5082
2971
2901
4217
2100
5986
3872
3714
1218
1826
1106
762
5382
2574
1805
4876
5015
2000
71
3301
4405
74
186
3697
1945
4062
5656
4852
1370
1542
5356
599
412
2528
1035
3628
3587
682
2793
1712
1926
5862
4903
1965
3343
1946
4058
841
3854
119
984
46
3805
2803
2092
1207
1199
949
4409
899
5457
61
5914
2201
2642
29
5639
1673
559
4840
933
4907
2935
4790
4037
5846
717
1073
2748
2350
5964
2703
4850
2395
3285
4348
83
51
1075
690
2820
4147
1216
4152
5968
4959
1168
1589
224
1859
859
4768
1800
597
4985
1110
638
3818
373
4134
3414
2033
340
2588
5897
240
1455
2856
2324
2377
1771
3226
1261
184
1274
5485
2288
188
3754
4605
3047
5183
3356
2806
2808
2644
2655
811
1992
4172
5835
5487
5597
5013
169
2195
706
2608
3295
1165
5795
5117
106
3153
2536
3653
2260
3198
799
3076
3989
3272
1554
1953
725
2142
5415
1547
3103
4104
1190
434
2418
5422
2389
3055
5569
1271
1423
5360
5962
1245
1396
2852
2148
729
5162
479
2273
5937
3169
5611
3571
427
5236
5932
3723
3340
3242
3022
140
3409
5308
5901
4734
5049
3874
3201
4287
4813
4775
948
5460
573
1931
3729
2909
3289
1894
4714
4342
4968
1145
4902
2777
809
3889
4293
3137
2883
3029
658
1594
395
4687
3156
4852
578
280
3760
4566
4728
4219
5359
1440
833
2443
5672
1768
1314
272
4681
4982
1161
5629
3655
4107
1478
2653
4944
3708
265
620
4249
2493
4505
3490
1753
4472
846
906
4321
92
4268
3073
3942
994
2317
4361
4349
5451
570
4653
3633
5798
1270
559
3812
4238
359
925
1776
4543
737
4259
3625
3049
784
2313
3121
2109
2609
5005
5111
5220
1742
5148
5821
2559
773
1289
964
1785
3141
1904
4390
1705
2804
5652
1280
3380
2991
4980
4474
3855
4718
4093
500
2114
115
2537
1647
5351
5999
2901
854
5698
1810
1408
1671
2475
4893
2143
2625
2182
1797
701
267
324
5367
5008
2415
2242
5762
2839
4946
1727
3813
991
5120
1564
5830
2261
5192
251
5404
117
2450
842
3002
481
1497
3881
1193
1102
2425
4438
2001
24
3173
3882
5283
102
661
1933
5237
2824
4427
4964
5835
2381
5985
3083
254
5521
3216
2605
4636
1171
2319
2512
477
3332
1174
4862
3053
4683
798
4493
4282
310
4920
4976
124
2059
5990
631
4075
493
4042
5266
5026
1530
4249
1411
799
1185
3739
2480
5747
2593
401
936
2396
4124
2532
1277
1980
3850
1302
3679
4726
5562
4999
618
1205
5012
4855
2389
5993
2201
2386
2892
1759
76
29
696
107
1386
620
3353
2373
4916
1693
2757
4733
1949
1364
4843
3388
2543
4612
4576
2073
4952
5463
27
2004
4274
5066
1164
258
5265
3144
1542
1670
4821
3858
846
5752
3391
1560
1771
1781
1072
5622
285
867
4876
1469
2139
1295
5374
2700
5893
3157
1141
1324
3047
5707
3372
3061
5214
5803
2296
96
1781
4267
730
3914
5561
2810
3236
2642
3403
633
5976
2608
2723
2899
4268
3665
4034
2955
666
3363
5360
3201
788
3001
2323
3040
3044
5739
1089
2183
1426
2862
2733
1681
5823
5003
3549
3268
3757
671
5372
3555
5009
223
3196
4240
1777
5
4275
1234
2904
4795
4470
3262
1321
3107
563
1109
656
1872
1384
2378
467
2613
5153
2894
5575
2136
366
1738
3423
2867
5091
3544
5440
2887
2458
1903
3424
3692
3795
4681
5820
1226
3243
1842
2712
3165
5322
2175
2626
4665
5622
793
4496
4298
2646
1749
4503
1846
2257
1761
5341
3057
1156
1309
1446
700
3698
3491
5659
4412
5237
4404
5482
5314
2115
4929
1046
2316
3949
2018
5966
2952
4673
1335
891
4128
2143
5385
1731
2471
5800
2764
364
62
5906
5140
3274
3571
5784
5296
2152
310
2254
2519
4245
3481
4451
1742
3558
4308
5327
4947
4506
4371
635
3641
395
1804
2880
3984
447
1344
3432
3264
4590
4094
289
5490
446
830
80
3451
5851
1281
1858
2822
3890
2114
5357
3021
5708
5177
5669
5812
5144
5164
2858
1602
1041
2482
2879
2348
4511
2950
1493
1424
41
3828
4854
2075
760
387
5230
5831
4950
3007
2004
2325
3269
1074
3702
4786
1021
622
1698
4889
2445
3961
2721
2870
3267
886
4141
2322
1318
4220
3668
2688
1008
3365
5173
3570
2282
1477
2807
4313
2959
4661
2936
5367
4546
1947
2211
1938
4476
5144
1643
5672
3501
77
420
4554
148
2459
5841
2230
2746
5862
2711
5349
296
5749
2209
3245
536
2488
5165
3892
3609
2310
947
2594
3837
2899
4982
4257
2093
5802
4563
4564
5484
2253
646
1873
3272
3366
2221
3964
4589
1176
4292
3426
1955
4615
1822
5535
5640
5905
1573
4044
1161
1623
9
1448
665
3564
4868
4850
1236
3977
4303
4080
1581
3915
973
3136
3156
2586
1653
40
2323
2550
1581
5963
263
4272
401
3147
4972
450
899
1302
610
1692
5117
351
4891
3948
1090
5689
54
3401
5202
2434
2454
2060
5244
3914
4827
3932
4542
2894
530
2389
2424
2325
1784
2740
1390
871
1098
2817
5164
5125
2344
1688
3860
5929
4567
4550
5650
4075
4342
2190
4193
4492
3833
4885
2503
2115
417
2848
4139
1554
5580
3831
5847
4980
1432
5686
3240
1205
3683
4240
2354
1934
479
513
2049
4875
5377
4014
938
891
4136
4203
528
660
1754
809
4098
144
3162
2313
913
2904
3526
2498
2576
2283
4461
1211
2372
5290
2798
4549
5163
5492
4923
3752
3465
25
3133
2953
4701
493
4433
3700
2258
5596
1247
2364
2209
3844
763
4716
3476
5619
2068
2377
3925
4622
5962
1174
5685
714
1022
3283
281
4987
2305
692
4127
359
5262
2473
1870
278
4339
5919
1755
3449
2746
5234
4552
52
855
701
4951
2937
4426
32
1180
2337
2884
5245
1600
3786
4342
3119
1154
3688
5924
4039
1976
761
5465
5348
4227
5402
5300
5406
5152
4815
2096
991
4619
1875
434
4927
2718
1020
2123
3307
295
57
4510
3265
4536
3996
5531
363
2808
5774
4329
3237
3079
755
5602
2349
4782
715
5864
5222
4005
2434
757
280
926
4469
1153
5159
5598
881
3085
2815
2252
1978
5916
3401
4978
3876
5345
5757
4145
3394
3858
964
193
5225
988
3592
373
799
2945
954
173
5798
2045
1327
2613
4303
1862
3449
3243
4716
2402
3694
1214
3687
5074
4007
5681
3752
443
807
783
119
1925
2390
1849
3070
3389
5273
27
730
2213
1727
5388
5198
4892
4922
4292
2676
328
4168
3432
3793
3950
5566
4209
580
2692
2928
2298
4603
4911
671
1592
49
1686
1503
2020
3016
4823
356
3764
2127
3911
2249
2632
2336
933
1180
2655
3561
2536
2729
3338
5940
3031
4626
4392
1398
3703
2056
5665
3456
1423
3512
5550
4725
3671
5621
5621
2169
4847
189
5299
5234
2044
3499
2898
1071
5805
3481
4922
1697
5884
5152
5412
1513
4319
2894
3001
480
430
4834
1449
4429
2608
5110
5815
2503
2814
1178
4113
2919
4409
4409
478
3208
3463
5642
1664
5086
4488
4437
1050
3824
1607
1728
2171
1092
2972
3590
1831
3142
462
1267
4758
3588
3941
4062
1414
1753
910
3602
3404
2116
344
3675
3720
2452
2796
5098
3910
2882
2505
4789
2241
3819
4029
2958
4546
713
3151
5902
2054
5181
5145
4110
3757
2875
2708
2706
3679
2865
2939
4706
2569
2821
818
2327
5253
5979
5503
1966
1784
5904
5990
3867
2996
5446
5170
4862
5966
828
2527
1419
4970
2200
5253
200
354
2788
1679
1816
181
4899
5530
3086
4044
4686
3977
1169
249
5520
4661
2427
5656
5882
4897
509
1687
771
2411
3155
226
448
1855
4175
3927
12
1046
5573
3080
1540
5803
1250
238
3634
3870
5114
4283
323
1090
2301
5336
1255
5521
2549
3101
1205
3679
1070
3263
72
5515
1042
5331
4074
2402
5440
401
3692
1374
5352
5859
1567
2188
4614
2621
4850
3115
2697
4583
2536
3248
5119
886
645
3447
4847
4441
373
404
1186
4958
5769
3767
1278
2068
4159
5869
4449
2780
3100
3779
967
1209
4857
518
567
4598
72
5190
2096
5574
3073
5721
4620
2567
2525
5387
1422
3520
2366
611
1805
473
3961
2113
3501
314
3889
4980
5894
5900
2369
216
2483
2619
4342
4172
5338
3069
1655
2546
1635
1036
5650
4831
3446
4319
4772
4370
1845
1047
2100
3985
2148
4933
3756
5423
3825
1017
4565
1626
5475
4805
5263
2241
2627
1839
5402
1187
3169
1734
99
259
2821
2316
3550
1879
3651
2946
5005
1775
2218
1025
4202
1762
2233
2660
679
5396
5710
2611
5759
4741
4317
5499
1432
1123
3561
281
376
4863
3026
4709
1889
973
4939
683
3275
2421
5510
3540
3324
1686
5327
4483
5062
586
4562
444
3741
4533
3801
4767
1843
1015
1222
3570
2802
353
2410
3212
6
5156
303
3470
1557
3349
3064
5084
1931
124
499
1705
5494
76
2088
2049
4011
2765
4546
3967
1779
4629
1622
799
821
293
1076
1454
1777
1087
2377
541
5174
1478
5726
357
1793
3597
2721
2324
1140
3266
1343
2725
990
5716
5514
3694
428
3438
1628
3731
5452
3400
3305
1992
2825
163
1802
979
2520
1746
5531
1792
1358
280
5730
3182
268
4876
3370
1462
5048
281
572
236
3961
4754
2537
639
4814
963
4791
2730
2028
802
2469
3661
4803
4740
636
3845
5115
3132
2612
4743
656
1231
3440
621
5783
5763
311
1335
3324
3606
1088
1027
1642
4298
5305
5351
5062
926
5812
1034
4552
776
895
3234
1574
5726
2606
5385
335
3011
1319
4137
4177
399
5242
3302
2424
2600
5883
1371
20
5740
5949
4748
1685
3089
5517
3946
2822
5843
3736
2710
5667
4684
3178
3837
5304
5651
4916
2257
2695
4667
2569
40
1781
2507
5381
3213
2706
1614
1547
805
1300
3729
2873
1868
5999
1994
1754
4686
5427
952
2744
1169
769
5829
2347
367
1003
4087
4003
5074
5528
1158
3230
2168
3344
4313
3670
3382
4234
1145
5626
4137
2096
3623
1479
1015
5147
889
5027
5572
5313
511
4759
5937
4759
4244
5350
846
1268
5600
5678
5664
117
3210
1177
4222
438
4347
2160
5765
5715
2718
4157
5820
2220
5123
1020
3970
1262
4307
1198
3347
3588
5501
4041
3001
2937
3855
1855
958
3160
1937
5704
2560
834
1147
2127
4990
4363
1078
4583
591
2370
5616
3048
3058
4811
5737
2026
159
1755
2874
1036
5932
4863
646
2290
3532
4922
4521
89
4803
5145
4557
3111
180
3060
1515
5844
3003
4003
1550
2511
2134
1162
3491
1231
3022
2243
3117
679
5523
2710
4117
1268
518
824
5422
2790
2896
1646
70
4952
4847
4540
1641
1582
5186
2862
3760
5067
201
1441
2566
2060
895
5199
2587
3589
292
3302
5618
2037
1923
1316
5861
4664
2018
2706
3448
2473
3672
4553
5819
4562
3849
2773
5657
2642
2876
5572
765
1225
1021
1995
4932
947
1743
5942
5293
62
2009
538
1501
2570
5281
2217
2432
1597
3191
3568
1753
5024
1912
4816
4907
3545
4451
2792
3536
3157
1703
3307
614
754
1787
2595
4474
2918
5976
354
3660
5696
4545
3585
3074
4969
5331
3127
2969
3222
2647
1831
4773
5789
3524
1335
2458
3362
1217
5480
3763
4749
648
2439
224
313
2358
4463
957
4779
4895
3864
2844
5453
5535
4544
4997
1558
1259
1204
4532
840
5814
844
1392
4438
2832
3473
4572
3952
1400
2443
535
700
4242
603
670
5907
4899
2257
1760
661
2697
1083
2274
218
5192
5099
937
1974
735
3028
277
167
1097
5825
2254
4238
1504
3042
4550
1480
3675
1683
3069
1944
2808
5883
2612
2787
5253
4574
2169
5480
1112
3871
5681
3082
1679
390
5812
5803
4354
2394
657
2966
1092
379
4002
4505
4824
78
5819
3870
1375
246
5292
3140
1760
251
4598
4783
5681
4090
4890
3880
3138
5161
2621
1298
5785
3813
1896
2907
4647
2666
3211
1131
778
494
609
140
3628
2810
4815
1493
520
4566
4423
4069
588
3056
1225
409
2906
3417
5592
5178
2505
5532
394
2630
4457
1036
3113
4105
1220
1641
4328
2455
399
4814
1391
441
1712
1306
1383
1186
1625
1673
1233
4989
2546
4654
1824
3125
2821
1183
391
3680
3187
1197
2749
777
3652
4239
2957
1785
3612
2970
4426
3585
744
527
2592
2790
4536
2129
5477
4473
5495
3505
1215
5442
5093
5384
4191
3656
613
2064
1691
3008
642
2735
3321
2976
1341
4865
2822
5343
3714
1746
743
2411
4873
1045
1303
5013
3992
2435
2928
1117
3621
5731
949
3478
5144
1618
5771
2454
4495
4688
1511
2605
5452
1831
706
3135
3817
4360
218
1967
2620
2643
4962
345
3541
947
1418
5084
3540
5685
5369
3235
4551
5923
70
3279
2385
4113
2710
3
4743
2898
352
1675
100
5112
4605
201
2524
1302
1611
4237
4893
580
448
5937
4833
2607
2971
334
3040
3594
662
143
5347
4693
2696
5904
5731
2008
2727
5842
1152
5484
5418
5534
2029
1862
3596
2307
2297
3233
445
494
3753
4519
1603
821
5136
4539
3647
4704
5952
70
2298
2836
5706
5485
317
2077
3266
1131
1135
2264
5454
3616
2617
4922
5853
5205
3414
4497
2724
1579
5222
4373
5331
2960
3442
3017
807
1085
2377
2324
8
2446
697
1079
2483
3678
5914
699
4162
5487
3860
136
3686
4051
976
788
3239
4923
1420
1990
3730
1977
968
5334
4657
115
2910
4339
4697
295
1327
4208
5069
3157
3623
236
3919
1182
4258
1852
3831
2103
4793
2103
5388
1210
1077
1326
1951
3257
4420
3159
5223
2527
4184
1077
4950
4357
4668
5125
2779
4430
5395
3846
4097
2496
4249
2134
277
2911
11
4838
4469
5176
2370
1449
1235
199
2010
5198
1864
5781
4545
3207
4502
5905
3898
4358
5590
522
5809
3571
1056
550
3162
3100
1673
2034
4098
26
775
1703
4599
1643
5423
4405
5779
5858
3967
255
2595
4647
4728
1714
5895
5916
1843
4819
66
2861
5509
1188
1008
3331
2333
547
407
3349
1274
