556
592
17
585
33
405
570
113
411
393
302
98
133
35
209
334
427
254
373
321
494
379
502
325
237
330
531
47
367
460
447
414
149
279
5
43
149
239
586
425
289
558
124
18
277
280
553
180
95
597
202
31
26
419
566
163
330
48
459
90
452
1
551
407
30
562
573
42
497
83
418
226
583
418
263
365
415
347
506
463
310
569
101
76
31
271
128
132
419
288
177
530
204
15
50
8
435
228
11
187
281
404
238
303
539
28
202
303
214
561
495
227
202
550
337
478
492
571
591
378
251
143
418
347
203
450
539
85
256
410
69
370
50
24
66
332
335
349
522
419
431
550
157
300
369
313
274
135
330
571
200
155
581
32
49
272
502
70
319
160
409
543
126
370
424
65
338
581
25
587
433
486
245
182
400
126
493
550
228
523
504
411
63
522
287
88
259
477
289
591
138
542
538
535
163
32
262
364
585
110
476
434
101
444
189
277
340
262
164
463
508
32
359
167
192
402
260
474
282
216
95
121
160
156
583
71
55
584
553
597
252
548
419
548
458
0
315
359
245
591
64
354
165
112
206
506
174
586
151
35
52
587
213
248
164
373
28
459
358
309
188
297
183
114
308
408
562
71
538
263
262
188
383
475
379
127
359
434
22
371
414
86
180
506
246
592
35
557
589
13
372
156
67
338
269
396
82
423
91
580
278
459
316
27
379
117
107
171
46
33
292
10
188
287
7
291
22
132
377
392
206
99
406
489
476
236
316
462
497
191
424
492
236
222
499
272
466
28
599
374
528
341
228
244
133
547
392
200
299
218
210
586
36
337
447
535
456
141
206
140
100
204
582
371
87
299
319
61
359
508
205
532
257
296
185
492
300
325
227
349
62
300
194
551
345
474
595
275
38
184
352
402
177
41
31
197
492
303
532
79
486
187
129
179
516
191
177
429
159
58
276
280
438
231
244
420
162
490
263
473
71
1
77
68
539
234
153
581
567
550
165
123
210
114
77
517
269
566
294
574
217
517
552
427
37
567
421
324
19
494
270
556
226
347
403
143
246
52
39
440
555
389
351
260
185
311
319
558
185
297
501
40
374
570
153
234
159
57
201
58
113
401
316
329
569
580
292
398
550
258
486
49
277
454
182
6
438
573
515
67
420
580
113
288
42
158
454
443
241
447
132
484
542
279
341
340
232
382
365
525
439
240
169
269
520
30
181
581
501
553
571
408
129
59
40
411
393
572
48
112
6
77
570
134
423
309
366
432
348
462
34
384
549
467
76
592
64
136
98
565
594
446
77
409
133
298
156
267
407
456
541
101
307
585
190
570
97
350
82
346
384
400
527
227
212
470
411
373
347
562
111
75
169
81
188
201
211
204
2
134
