783
104
444
523
146
202
32
570
495
763
411
297
433
447
365
18
579
377
727
340
31
566
738
40
453
569
127
187
295
356
425
364
385
127
71
772
550
649
173
557
213
440
354
785
426
14
797
48
593
666
136
701
374
200
455
438
696
774
402
382
412
436
61
376
221
456
25
322
416
443
211
684
422
531
218
83
795
525
254
31
12
774
180
789
694
615
534
506
504
747
231
69
138
751
148
286
231
757
502
441
550
372
212
618
135
639
614
740
584
176
788
786
471
49
412
656
34
519
563
679
202
316
291
163
374
775
434
307
100
154
195
317
90
360
662
635
635
529
362
310
597
331
259
637
695
239
230
770
767
445
34
689
753
76
425
238
36
210
251
714
567
524
35
609
321
652
219
20
70
476
235
318
133
691
15
405
590
435
278
478
529
347
198
333
402
656
541
24
792
579
115
119
772
543
635
155
95
402
72
328
173
150
141
112
413
474
316
493
546
497
463
26
604
503
709
686
47
732
293
279
790
686
158
495
16
7
239
222
344
624
706
651
274
592
83
544
1
662
782
665
566
511
246
584
451
644
738
489
174
163
611
381
449
616
64
261
414
599
706
605
527
377
460
466
283
33
513
34
437
794
617
430
751
47
431
702
140
278
354
753
82
218
123
31
446
771
286
526
466
740
601
45
745
65
41
241
332
667
732
521
701
122
690
224
304
469
316
558
409
609
615
475
448
724
722
242
497
565
378
541
368
482
183
579
458
444
351
58
167
595
8
43
316
490
619
673
157
455
420
685
431
185
630
634
507
550
171
424
350
112
217
775
381
68
96
593
566
511
336
612
114
188
552
538
631
94
761
39
698
87
393
463
17
147
179
674
359
612
203
661
264
362
703
382
604
415
346
236
625
572
578
704
592
76
225
556
658
331
576
326
236
730
271
360
69
258
546
360
136
129
310
655
500
118
81
697
657
646
646
232
702
489
792
36
742
628
630
115
81
227
773
753
758
323
507
748
173
185
327
607
162
787
175
169
359
777
689
521
97
78
235
633
258
697
725
580
663
395
44
676
759
508
490
476
764
647
305
335
686
558
135
156
666
299
154
119
66
341
164
740
111
107
74
786
449
64
511
306
615
675
646
275
713
489
212
252
578
26
660
293
364
21
388
658
276
288
796
204
460
496
431
190
95
497
714
745
639
658
409
645
410
177
169
52
715
62
712
452
749
335
520
226
650
288
99
757
178
452
441
798
775
460
596
330
53
147
780
529
607
356
423
78
148
40
696
91
289
16
136
425
544
507
562
473
78
612
232
634
314
364
788
511
440
63
345
188
278
357
599
93
70
680
493
707
378
573
312
380
526
273
314
350
383
785
406
351
794
278
472
148
175
299
434
613
355
92
352
553
357
413
173
195
56
404
14
312
687
516
13
459
120
439
0
55
271
679
215
41
19
649
373
728
149
438
758
450
332
247
783
292
262
685
306
245
441
539
688
351
248
464
505
188
449
500
512
617
755
463
698
393
540
433
741
793
657
65
164
299
791
741
552
161
509
618
523
552
589
753
438
527
664
662
451
770
686
350
188
7
239
637
770
212
411
770
10
587
133
671
290
276
231
600
497
597
15
775
348
464
535
714
260
537
147
266
13
275
611
648
474
102
775
678
276
318
242
176
266
259
280
325
529
273
193
198
492
340
799
793
616
1
156
602
62
339
525
31
92
129
643
711
669
633
608
638
627
123
582
655
199
660
75
135
440
566
73
450
159
304
402
596
51
527
64
374
392
241
490
650
211
609
787
493
264
372
605
345
548
63
347
532
743
275
164
472
793
790
386
0
525
575
