123
107
57
40
165
83
49
103
103
141
131
3
57
42
31
156
58
157
149
92
129
121
119
56
189
84
40
55
109
180
148
64
98
21
73
44
88
68
11
21
67
83
46
66
167
0
100
32
7
124
190
70
127
86
71
29
157
193
45
138
74
129
56
18
31
45
141
89
10
1
132
54
72
124
84
103
156
152
81
92
126
155
116
58
167
185
1
127
136
84
126
157
138
177
7
46
168
32
174
34
24
136
79
63
57
108
34
53
79
174
58
156
105
63
154
117
36
152
23
155
144
136
169
140
112
98
19
95
191
57
114
172
94
115
162
2
34
88
139
193
122
70
74
173
78
179
5
43
98
77
159
131
114
81
57
74
113
118
169
59
154
125
100
98
159
40
71
61
79
100
107
15
81
116
87
161
151
115
191
15
31
46
194
197
115
196
18
188
192
34
197
134
139
167
32
113
71
177
34
163
