2427
3405
5573
2838
7317
1946
393
1743
951
6364
6075
2493
7573
3140
4225
3278
4234
849
7548
2207
9205
5707
2985
1604
81
3596
516
4728
6259
3452
2039
7025
60
5960
9040
9502
8143
8590
2593
5009
7964
7464
2385
5699
3994
2850
752
2536
5603
1818
3543
9488
8905
7939
766
327
9302
2997
71
5962
2274
3924
7783
6694
9134
780
4293
639
9389
6310
9547
3609
6226
2666
2010
2503
9891
3505
9930
3006
1261
6725
7678
772
4258
6119
4838
6315
5598
7276
7982
532
4295
7526
9812
7265
563
7979
6119
4076
883
9892
4890
3725
8732
4980
6264
860
9814
8115
1474
7763
9582
5798
5508
8367
7462
6620
5365
8707
7613
6247
4221
5465
249
6581
4289
3174
1151
4731
8922
9785
8885
189
963
4880
1712
7996
4225
1942
6567
3436
4589
4749
536
4017
685
1108
1096
8678
7569
389
3910
1273
7832
7742
2553
2438
9523
5753
9640
9359
1745
6363
6744
6789
394
5221
6144
9941
2183
2938
5432
242
990
6862
5200
3082
5660
7735
2957
4728
4139
5332
3102
4966
5955
3446
8029
8333
6669
5790
2544
3051
2818
4933
7599
1407
2098
3618
7361
5347
6064
9836
3199
1591
6986
2508
8794
2854
9175
1181
2088
5079
7705
8259
3657
8450
8867
5237
4200
3053
2292
3929
7021
2771
6384
1227
15
304
8239
6873
9702
731
3471
2270
7327
3631
5493
6649
8825
7608
2353
1257
2173
9815
5855
3047
5338
9906
3546
8896
6782
7227
2587
5198
3392
5435
9871
7794
122
123
7494
3888
9125
6799
3416
2822
6268
6415
5346
1626
9347
3524
8878
16
8832
443
801
6149
6679
1496
429
7371
4643
9339
2295
1377
1184
6936
5235
9917
9526
8165
1035
7513
3824
7509
4606
4728
875
7115
3253
7411
442
9230
2834
5509
758
5128
785
8879
4082
4058
3280
7544
5820
1792
3387
5733
7520
5948
3344
8017
6887
4322
3873
6185
9980
6591
3303
9575
1423
2311
3044
3512
179
282
4273
5516
1922
6498
8710
9194
9664
987
6840
6141
3836
1167
8444
7359
6195
6365
4298
6465
7151
8389
8108
3252
5389
6211
678
4231
9500
7398
2144
7613
3553
5756
687
7786
2216
8316
5330
6794
6261
6239
2999
7662
3192
5819
2989
1524
3838
9918
1861
641
8116
2564
594
4190
231
6052
4207
7885
5383
5757
9823
7622
5786
9721
2432
1314
7276
1211
6025
1491
2932
1658
9218
6862
562
4970
8739
566
3909
2835
2757
534
8153
1200
6964
3403
1133
6167
1398
9948
7571
6112
9957
1399
720
4819
4184
8473
6867
4562
256
6665
3042
3697
1134
5841
6240
5006
8642
6218
9547
928
1022
9748
3282
352
6568
4319
5892
5790
7423
1848
9700
6002
4741
6243
3576
8976
7643
1010
9616
1911
122
3279
2963
9590
1741
396
6565
1179
1884
6116
2630
1418
9108
1997
2452
1734
9170
9069
4320
9567
4270
3334
7726
6024
6452
2416
8934
6787
1901
2433
9015
764
4316
6155
3227
9279
6661
5442
3078
2614
4344
6328
9656
6835
8507
1255
6882
4711
8901
9707
693
7852
3799
9834
5430
4901
3797
3712
4701
6864
722
3195
4141
389
4826
4576
4894
3951
2456
7000
774
947
8056
3482
3030
4721
9015
5606
3968
7302
3638
8059
8551
7259
3134
3510
1950
8030
8205
313
8739
5756
8302
7795
1381
4135
9847
7857
6607
457
2668
3249
7673
3350
7073
4670
7412
7639
9276
1229
5123
6024
7977
2531
873
6095
1383
9841
477
6727
7407
3965
2282
9449
997
5630
4659
7846
3224
8771
4980
1412
5139
8497
3491
4466
5990
8024
7685
4393
5966
7392
5597
2049
2576
8133
4368
989
1270
716
9780
6484
7072
9217
9671
1581
9420
5519
4907
918
4560
5707
8367
5617
9891
6221
441
3676
9323
4587
7535
7915
6146
500
8116
4436
8866
7110
7248
1111
4927
6589
8793
2408
5268
633
1357
2874
5557
3978
5202
7226
5859
3499
5860
7013
9103
424
1501
2215
3686
8973
6932
9889
3658
3868
7676
4150
4705
9146
2188
5474
6358
7975
8495
8008
4974
7817
3906
5398
2965
5412
7851
6807
7079
4888
9673
5717
6698
7142
5158
5624
5272
3328
6584
1920
459
8317
6503
5275
2705
4869
9002
6883
5359
4111
1434
343
1186
2773
5288
1700
4816
6864
6330
2816
5373
6054
7200
9460
2874
5900
7733
9699
5559
3609
2113
859
8473
3898
1947
8646
6679
6235
3436
7069
1758
7320
3151
410
2421
6017
8932
7945
1243
4819
2820
3835
6092
1833
5662
6998
1746
3198
9488
5292
2439
4573
1666
549
4489
679
9116
5516
4519
208
3927
6724
168
4663
5697
3413
587
1376
4826
8151
5480
6432
6811
633
2869
8788
8183
1103
4069
6895
4538
4982
380
1662
2318
8676
4637
6073
3740
2817
5428
9320
2591
1308
9647
575
7652
8860
7831
488
3966
7028
380
107
3094
6273
5823
3245
9743
8115
249
5331
8311
5765
9672
7153
6266
9211
8395
3107
6961
3736
6418
8230
519
3513
1992
1380
5292
5138
1757
7739
803
386
2524
4281
6214
4437
3435
7303
8217
2358
5713
5454
7884
4431
9298
1306
5802
4303
6629
6057
462
8134
9510
816
6501
7856
4120
8219
1198
2027
2338
2207
798
5783
2362
9886
3377
1098
656
7925
9754
9133
8465
5813
668
1910
636
7645
7137
2018
928
5264
8935
159
6308
7848
7211
9219
7185
7127
4013
4045
7882
3686
5971
3574
9260
1148
2058
2531
8928
7660
3014
7034
6173
3964
6107
9247
8442
3501
2196
2458
7105
3900
8305
1110
5167
9668
14
8120
2504
1181
5645
1850
120
2069
1094
6435
5140
3721
2405
7605
2431
321
2209
9667
3673
4966
4781
7949
9969
912
1016
9721
5387
144
5871
7616
3852
4038
8993
7090
7986
5328
1379
3415
2817
4464
4106
8227
1272
1961
2470
68
1666
1814
4415
7755
9
903
5927
325
2292
6296
4814
6837
7489
1440
6213
1536
4910
6291
2650
2021
289
9636
5666
9735
7736
8363
7301
504
5547
9071
114
5107
541
4176
1219
1462
5889
1363
2364
3131
4952
1691
6973
7489
3081
3216
9015
588
2762
3711
4011
9221
8443
7934
8126
8415
9538
9850
8137
3912
1008
9103
2332
1320
4451
9347
4642
3113
9733
9407
5728
8498
9041
859
5624
8818
4069
5093
8058
3398
8099
7614
7817
9191
3314
2977
3339
9091
5330
7857
9882
6150
2173
7230
1129
9780
2808
7907
1856
1062
8729
2271
8168
1951
9842
3438
9554
1018
7467
3443
4017
8930
8590
2500
6472
2461
7468
4434
1790
374
9501
6164
7422
358
8949
1999
5995
4750
3377
6612
7009
3027
7537
5670
9750
8390
3088
4902
2080
6255
4062
9549
3840
7637
5950
8309
6716
8509
2763
5972
5546
9581
502
8742
3703
8316
3755
4791
4696
7016
2002
6426
2664
5154
2945
4728
1521
3530
9358
4440
118
3427
2145
3303
1228
9683
1080
8805
8712
506
1989
5292
3203
4796
2914
5549
9595
284
7317
4088
8899
6166
6030
2056
235
8665
2525
2026
7786
7776
6688
2424
2983
2252
8938
3318
6391
4896
2048
7655
8561
1128
941
4077
6862
662
5925
6251
732
9786
5638
2361
8113
910
4890
8340
1788
475
7353
6863
3239
4604
8492
2954
6393
9549
8700
9869
5160
7087
8249
6049
6875
683
5478
1835
5661
2048
7218
6166
1422
443
2130
9644
6580
4674
6121
3536
9088
5037
1561
1771
9307
6913
2515
2482
4430
8490
5963
1552
7232
2805
3767
3541
8074
9943
790
9658
2295
1310
4093
7424
951
6802
9980
549
9427
7494
2336
8658
6714
1921
8657
6339
3450
7892
524
6083
235
1000
9099
8420
3909
805
1503
1256
3857
9761
6576
7872
9597
6259
1883
9646
5177
4515
3322
1624
6351
2240
3506
6412
7824
4621
86
9482
4984
9721
776
8995
4787
4873
7936
1532
4970
548
4613
2911
6582
9979
1736
4542
2005
9844
6768
4900
6889
6402
8639
5914
6333
8882
8420
9699
3172
6979
4202
661
3034
4211
5006
388
6172
4995
9134
8045
2195
470
1548
5484
5867
9723
3089
5050
6274
7828
5071
3110
3211
1379
4031
2207
7186
528
2409
8091
6299
9897
5730
5895
883
3991
8064
2284
6936
1976
4664
8250
3924
1631
9224
2180
5924
5092
6433
8999
5048
9129
7900
3512
3
7514
606
4313
6113
6432
5062
88
5752
8370
2803
1093
2456
8200
3954
8941
1932
2190
4404
6263
6258
2082
7087
7867
839
7290
1499
9946
6171
3204
7549
2094
6964
2540
2544
9631
527
8643
5151
1598
641
8802
7311
8162
2619
4396
7241
572
3308
8872
4533
2665
5296
2963
7538
8565
438
9233
8435
9766
5792
2812
7603
3196
2436
2011
9417
6786
6351
8480
8374
3841
5928
7598
1899
6674
9490
8484
9896
110
6108
6379
7344
2676
2371
8024
4440
1525
1415
4222
5485
3952
8970
7459
2933
741
4309
4109
9757
9736
7397
6377
1250
1941
1186
24
5676
2906
3264
8167
5412
2533
6303
7401
7799
8986
3021
9459
3506
1377
9036
5923
4413
5323
429
1406
5140
1871
2523
8437
3360
4725
7637
4515
9701
9421
3555
5766
2100
781
2586
7111
4705
5494
5914
7800
6911
945
6260
5289
9831
4844
9641
422
903
4891
3758
4945
4375
1964
4028
4167
246
2747
4676
8242
2035
4207
5919
2043
6409
9247
4739
9929
7394
6965
6913
874
924
7581
9467
1293
1896
9769
3604
1338
5407
6677
3456
5759
127
4769
2026
8536
4708
7585
7876
3785
3794
6061
9417
8011
7101
7909
5951
5185
6763
5125
3976
69
6498
4273
3447
9076
7180
5549
6367
5251
7081
2380
2727
1805
6627
403
394
9274
604
2984
7692
2189
2515
9052
9286
1194
6966
7331
242
8258
9154
5276
1554
7468
7109
433
4059
3970
2484
9501
3727
8309
9113
1764
472
494
5461
3732
1568
3747
3507
3526
4109
6705
9788
8289
4090
3436
871
9355
5553
2241
8920
6285
613
6259
1801
3666
3195
3786
3159
8411
472
9621
8083
7618
373
1287
9961
4409
6768
2837
2333
2063
7373
7355
6865
1678
169
1590
2147
7636
5711
2337
403
8523
5219
4399
8803
6695
7147
6465
567
9676
5150
293
8363
3466
132
2828
6820
4582
7933
5318
5934
5302
5935
6236
8501
6776
9479
1370
3984
2639
6976
1943
2887
523
8801
1298
4197
773
7968
9387
9512
3844
5492
1019
7717
574
7257
2545
5001
7183
8349
3321
8363
3135
9255
1771
5773
1843
7111
2302
9409
5922
2184
7639
8919
2530
7426
1250
7348
5503
9517
6763
143
3223
2671
1786
2534
5829
8774
665
5533
1079
7682
867
3558
8126
9033
6522
9820
1043
446
2181
5337
7249
5948
7748
7256
3362
5580
1634
5845
6089
9206
8694
8992
2841
6211
2838
736
5248
3729
7768
1172
2340
7601
9974
8709
4969
3274
6526
3751
203
6224
4515
8862
1662
31
6163
4013
4992
5313
4214
9082
2408
9023
9120
3550
6397
6788
3171
552
3909
4189
7700
1665
3177
1677
776
2570
1985
1485
7034
3585
3073
5473
2652
3955
5887
8965
9608
8187
1376
7894
3106
5833
8207
365
5564
4093
4697
5222
277
6962
1384
4575
1055
9705
8761
588
8267
4218
8012
9191
8004
7359
3672
9188
5124
1356
5624
2195
2183
8214
1478
5999
298
2340
4018
35
5887
3763
7312
1116
5664
3187
9115
5722
9694
8831
8202
7824
7525
2170
4029
6282
6685
4212
3603
8222
1328
8877
8396
7404
3219
2896
9126
2175
2435
752
2902
5461
2237
7521
4709
1339
681
5261
613
9154
8180
3911
7038
7054
7449
6764
7593
2796
220
7989
8168
2979
4771
9353
4720
7540
9712
3376
4356
4204
6095
3490
8959
7432
4841
4909
3741
855
3523
9766
8983
4331
7878
8982
6474
121
1211
1030
6355
5825
7907
6230
1209
4615
2064
8198
6582
3615
6660
9464
7123
6600
4212
3484
9616
3935
4760
7211
8189
7988
2082
9360
3639
569
4584
7664
1554
2103
2400
5754
863
3035
3479
5562
395
8750
8669
5895
2357
1330
6433
8780
4265
9144
4757
2116
685
3278
9182
7342
6183
5685
4330
6752
8937
3697
8685
3640
5130
4170
8810
8446
4690
7200
9883
8837
1362
5275
8494
6320
8206
4160
1596
8497
8824
607
9622
8429
4250
7369
1214
2395
7280
736
9007
7419
6448
9398
7914
2899
7942
9047
9231
3797
2768
5571
292
9484
5938
3379
9301
5541
9575
7693
7576
8123
6278
5859
2939
9818
1213
4405
9389
8085
1004
2759
325
3587
6592
3869
8163
6852
2858
3458
5170
8978
7179
7560
4454
5027
6399
1722
4807
1978
9988
3134
5258
1117
9477
3574
7961
225
183
5237
7198
321
447
2910
6497
7790
125
3864
9595
864
506
7503
6391
9499
6570
5380
4916
2285
4749
7476
8937
4211
4520
6518
8838
9435
7786
3805
8658
2629
4814
2797
5046
5027
2749
8715
1462
383
5340
6893
823
8251
9193
5745
8690
7187
6654
2170
4819
799
8160
9700
6638
5556
5175
873
8063
5147
3993
7916
5420
3513
1941
7090
1289
5085
7465
4960
6792
2169
2545
9856
3787
1448
9741
7933
2903
3197
5293
254
2983
1580
7419
1456
2394
3714
9045
7611
1274
1198
950
9190
6410
8931
3569
7703
7579
3782
9929
6259
4907
994
479
6883
7642
6891
3784
7655
3194
9631
4890
6068
2323
568
8020
3546
1777
5295
9320
5457
3771
1274
2213
6881
3840
1718
741
7424
5055
768
7087
9189
3411
6013
954
9276
8889
7065
4288
8051
7648
7932
4074
1569
1916
937
1549
7126
5031
9888
9073
4958
8741
9491
7946
8095
7794
7350
2885
545
2138
879
9153
5293
5332
5245
6375
9230
6732
3429
4807
5461
3548
9544
5760
9480
9686
1856
8652
3226
176
9129
3318
6886
5277
9308
4009
6773
1316
3095
1878
5103
8575
4664
209
9998
4130
680
8185
125
9270
293
6626
944
369
8759
4369
1502
1444
1780
9843
2072
5441
6126
6666
1757
9078
3226
7941
8742
8459
8253
1579
5213
3923
687
36
2267
3538
5713
9956
9790
9516
6730
1813
3385
1238
653
2256
3061
7851
9814
343
6758
4733
5428
66
6760
9302
1569
20
8328
9129
9579
201
3695
394
3319
3006
6793
4183
2972
2477
2084
8594
7690
4148
9652
2780
1086
2593
7379
431
6205
5596
2934
9863
6045
5857
3802
2559
8531
1336
1981
2308
6167
1923
2090
5544
7717
5619
1244
2213
9884
1464
3219
523
4089
3267
3509
8168
974
4169
1483
6451
5499
4582
1900
6629
1246
2027
9688
7653
9079
5879
4410
7823
8308
6621
6368
2160
5692
983
647
8352
7335
103
1120
5132
1962
5734
7119
5855
6273
3451
3426
4620
4228
2617
6206
3051
4364
5605
9044
3005
399
2339
787
270
9590
3436
9224
8807
8896
5582
5072
7196
2416
2464
8446
4440
3442
4864
3063
419
4811
2348
7802
1534
5869
3145
6750
8891
7593
659
3028
4683
9615
5585
6860
5013
5809
4468
9811
6752
9127
1228
7145
4110
4395
7015
545
9749
5844
8295
8945
8298
1792
7695
5177
1644
8426
650
6993
7211
6811
2855
4555
5363
1596
9493
1624
921
2394
167
5479
9312
530
5653
9223
7896
2764
5727
9773
5028
3525
7950
8049
2919
3780
3736
8867
6091
7534
3503
4075
4493
3972
8504
9182
1192
1130
3091
2364
588
3235
1468
5542
8395
9880
7340
2158
7424
5927
1404
8391
9260
6904
584
6107
1070
3243
2684
1162
7886
8541
4414
3392
1047
1882
3799
7104
4991
8844
1839
7660
6484
865
8068
2583
68
1450
6295
3841
3081
4672
2355
5121
351
3314
3306
6002
5028
5225
1918
6916
5019
9516
8793
9267
796
9247
442
9861
1947
3382
3853
188
6340
6968
8869
2011
1664
9967
8104
166
3127
9803
8119
8402
8130
1494
2505
4939
4027
2690
2915
84
5316
8767
1798
8953
7824
809
5924
49
9762
7197
7744
63
2576
7068
2338
104
8851
3561
2180
3055
7582
2924
7949
6123
5273
6841
4103
9546
7977
474
4926
463
3821
2345
5047
5558
2183
4234
6666
1145
469
1429
6350
3515
4748
2849
3360
5841
3424
4924
6000
7265
7954
7607
344
2882
3655
1374
8041
739
9568
3318
4163
7031
5579
7822
7425
3358
5286
5608
1103
9392
4827
753
7354
5746
7788
8524
5682
6618
3644
8701
9870
7903
856
8304
3452
4666
400
1626
1507
4633
7686
6024
311
2306
6338
884
2040
3797
9967
8982
3048
7690
5670
9078
2759
9945
8677
8607
1661
2232
7307
4367
7699
4959
8275
2348
7598
6455
1242
8545
857
1457
2862
5125
6781
5188
9606
2652
8080
3998
2840
1815
4056
1547
6539
6151
3242
9667
6201
2447
5716
5566
6288
5479
995
8419
2806
1581
8545
8334
1815
2614
398
511
7677
2674
7482
5759
4330
6189
589
5838
6852
8129
3235
1496
7517
2313
3239
6422
1038
2737
7915
1552
3824
633
8049
2288
359
1544
2890
6146
6956
6397
9992
2183
2853
7761
5313
8457
2579
1144
8099
5769
6007
9303
1726
2164
5393
511
7395
1572
6087
9143
8567
4594
4335
3496
7171
3786
6873
3937
3372
7015
4540
8779
4922
4253
7356
7591
5543
3669
6084
8276
7925
5203
1365
4477
8956
3347
2795
5518
4784
7906
9016
8630
2811
5209
320
9272
8748
6852
5345
8525
6187
6017
1788
964
7287
6068
5124
3449
5374
6759
9010
5891
8505
2591
8131
4006
9106
3018
4479
7705
1923
7412
1414
771
2700
536
9224
111
2303
9892
4033
2782
5644
165
9632
6187
3316
9841
4867
4457
3805
5524
6065
6153
8577
530
4147
3464
7587
6108
8000
4021
8143
8717
2851
2576
93
5956
3723
2350
1442
8764
9567
5577
9746
966
6972
9301
1254
5224
4732
2589
1445
7775
3188
8731
2339
7264
7595
6102
2195
8877
4242
4470
9626
2499
1557
1971
8930
3279
4556
9195
2023
4961
3118
7651
9602
3352
5699
9125
5295
9117
5443
4519
3213
1004
8048
652
8865
6173
8798
9508
7927
2577
6923
3903
6743
8440
4590
1598
2912
6399
5152
1578
6339
790
4049
3422
6111
2240
3721
8911
2676
2532
6429
269
3814
416
6889
8097
4672
1165
416
8966
4706
3645
3709
260
9241
5569
3684
4103
4186
5271
4203
5262
4170
4337
2175
3248
1293
1937
3348
1337
7753
7152
8780
9505
566
2558
4707
8046
548
4771
3509
416
6889
6020
908
9066
7318
1441
5994
6801
2165
4780
7200
732
8081
6836
9369
3355
7969
2111
374
9845
9362
8006
7430
8281
896
7450
8129
6326
1649
388
5633
2822
2031
7162
2478
3429
3360
4702
3349
8639
9700
1808
2404
1207
3706
6180
2372
9877
5710
5790
9475
2631
9507
5018
9214
3560
7177
3480
8103
4701
9851
4260
9273
6492
1560
6196
837
5704
3228
5546
871
1271
2907
9897
4826
7908
2521
6613
6021
8672
2569
8515
6657
5812
9104
5135
1223
3457
3412
5389
2459
5176
438
9159
3375
4582
6937
1285
6469
9255
2671
506
2342
4988
7535
3179
1000
6151
7716
6186
3886
1138
1189
5745
3410
3695
8700
1579
7624
6218
326
5964
6511
9819
7398
9440
9689
9480
2310
2657
2036
1063
5163
2434
9396
1601
5331
4120
9055
7874
4430
5945
293
6749
9750
4252
7114
7293
7069
6368
1346
2326
2178
1641
5304
1321
8335
7796
9370
614
2657
1340
2692
3356
6645
2917
2055
9356
9660
3254
1350
412
9450
1460
2573
6055
1073
6361
4911
6417
309
4435
6138
7929
9276
7352
5785
967
4596
4456
9110
7140
3024
8011
793
4329
3569
841
1330
320
6653
9192
6991
4391
9742
4208
7274
7699
7241
747
8275
7184
4234
3032
9717
7750
7753
1630
6967
40
9947
3357
2945
5703
7703
2145
3161
8835
3250
5264
1273
4401
3594
6978
5151
5175
556
2593
3089
3188
8995
7974
2138
8638
7262
1650
6454
1203
7612
14
3542
8641
1750
1722
3456
6721
8745
338
9206
8157
3886
7023
8513
3827
8504
2953
5449
3441
3194
1866
2196
1104
6866
4478
122
190
1190
3591
3056
9875
2761
2364
5849
8885
3530
2129
3365
4807
3482
8578
7844
1516
7816
7482
7708
6265
2362
8080
2771
2937
586
6528
9273
4586
7899
3048
4180
884
4230
1817
9066
2554
9189
5773
6821
9977
5323
696
998
4061
5023
4630
1753
4899
3507
596
7200
7465
9701
1435
7390
82
641
6087
2563
22
8017
9863
5087
421
6514
2684
5877
3644
9716
4084
1629
496
5533
7632
1542
9384
9995
8833
9462
679
9973
8354
6799
3350
8316
6623
2241
8049
8355
8707
6262
4424
7960
1807
845
5653
6926
9494
2470
3581
4184
3957
791
6079
6932
4976
2297
778
2786
8792
1970
9148
5184
5064
1439
6228
8164
1999
2782
8089
7572
7400
3078
483
1221
7508
531
2487
6046
5674
7778
8049
3400
2004
7605
4442
516
5755
6307
7320
9865
7757
9199
1653
1641
2314
5891
9639
9503
5711
1178
9934
5032
6809
3639
8429
1083
9595
9717
7728
1365
6971
1515
2028
9573
7654
123
9316
4321
7492
6456
2359
7764
6086
9906
4838
6756
5484
880
6243
2804
9955
504
6742
9603
9835
7837
8265
6958
4327
6726
8211
377
446
5431
8050
1333
6142
3807
7265
7519
4576
4301
6489
4917
4630
9679
6484
3094
5393
3912
7180
9780
2752
6781
866
8264
4722
3965
3403
7939
8796
1419
7173
9581
3415
7481
1991
3356
9936
4930
6118
7585
4835
2884
5412
7986
4722
9673
9618
4496
8926
2321
8119
9030
6233
8333
3241
3757
5762
2490
1975
8349
8207
4807
8729
8660
3785
5477
8479
4332
1233
5755
4391
5453
3217
5363
6506
4735
4685
5205
8358
1817
1959
205
3942
2539
9746
9451
7356
3444
8111
8568
6705
3345
1667
1200
4180
1523
8458
9200
4910
5916
5588
7612
6103
1029
4269
1133
289
9631
235
6966
6481
6548
8560
6642
1198
7049
9471
5724
7666
2547
8796
8251
7997
3682
5356
231
1961
6974
1356
92
5897
5277
2973
6698
106
351
1596
6950
5051
6006
8704
6561
5033
6757
6141
4147
819
3459
965
3796
7997
5068
5614
2487
1119
6069
7727
3315
2941
7194
4932
1311
9842
3365
1856
2377
9397
3101
6242
5427
6510
3641
7025
3850
6306
799
5937
2996
2377
6494
9159
1030
3569
8020
8569
2240
3644
8093
3150
3494
5716
8553
8597
3467
4318
7720
5170
9004
8588
9876
7459
4998
4157
1963
17
6725
3199
8056
1329
1210
1317
653
474
3127
2083
4415
2721
2091
5350
7790
4767
7141
4673
3072
1573
5318
8977
5321
5654
8504
5826
888
7810
9973
859
1505
9732
5397
4965
4610
5953
6743
8537
69
5904
7995
8406
6721
6409
3322
8386
1565
4838
3523
6984
5730
3478
147
784
1068
6864
6464
3004
5101
5253
162
110
846
2270
9247
8327
5011
7893
9937
3082
1945
5279
7701
1039
9086
6422
7251
3412
2029
773
3381
7902
6069
1229
5207
7853
9942
8837
5337
4877
6471
7790
3427
7337
998
244
1702
4986
2749
3664
875
2589
2829
7210
7498
4066
5562
5580
8857
2480
7027
4082
9279
4983
6588
4622
6980
9133
1962
2248
3863
122
6842
8626
2267
7103
5278
3657
7679
7201
6693
6391
7945
7652
6838
7382
2926
8050
1561
4687
4432
2363
4930
400
8357
2374
5434
8092
5728
8229
9068
9933
1838
7654
6889
3892
4270
726
3785
1841
7294
5297
9887
9310
2127
1380
9415
3349
7636
4660
2254
547
2236
5559
2878
9732
1450
3215
485
2237
2333
3879
5745
9608
161
8534
1962
5594
2961
7073
796
7457
4838
5005
7135
9817
8017
1922
2917
8750
241
9419
559
4699
7986
8105
5068
5073
1090
215
3935
4083
6193
2825
8732
2190
1637
5022
4080
8758
9798
3780
6634
6140
4028
3898
4825
6011
4228
1808
4211
9426
1881
5227
5710
2684
7941
3302
8319
8539
3043
4338
7470
6307
815
7565
610
5778
3533
1440
2478
4749
8339
8819
7047
8086
2164
619
1425
9450
2282
2420
4101
3430
2687
6025
5073
9562
7768
3056
9708
7638
7663
2611
2532
7905
587
9081
6934
9832
766
1379
3961
4323
2379
3554
8952
3
2322
8485
1162
2024
8537
1360
5936
2127
3688
8521
1946
2313
9009
6092
8646
1750
6555
4047
5638
3808
8778
1871
7245
3253
6380
6697
2741
8604
9778
3317
9904
6168
9993
5532
954
2698
2836
4138
7111
4224
9368
1102
7550
7548
4019
8367
7377
1584
5530
6441
8792
5957
5886
2069
4217
5227
6298
5574
8199
8859
1212
416
420
7960
3165
1763
8883
1203
7359
9701
1391
8206
130
7421
9009
7992
3923
8459
5106
3303
7329
9526
6830
9668
2749
9630
8449
112
8541
1423
6721
9733
3789
7367
1783
5463
500
14
9451
7945
8686
8388
7899
5804
1899
7977
5159
5089
5987
3414
4060
2928
9700
3593
4332
7809
5882
3725
3270
5080
4137
6376
520
3982
3114
8910
349
3642
6592
7666
7668
734
869
1981
7279
2110
3734
4487
7412
1323
6840
4018
8372
5405
7014
3399
4997
2160
5816
1272
9663
5317
1425
5636
7007
1482
2917
3433
8283
4356
3445
211
1811
567
9961
2515
8992
4968
9881
3323
5740
4202
391
7957
3949
1252
8876
1315
1407
4340
4846
8530
3085
3069
5834
5336
2188
3516
1508
7644
2548
2137
9161
2020
1244
5176
5901
4953
4017
7230
2533
7016
5123
7121
7123
7682
7516
2329
6986
3058
5485
5683
3293
9614
406
3156
1160
6919
3922
393
3770
6059
1277
8253
9998
3434
2083
5141
7621
517
5047
2885
9985
7666
3596
8245
9984
8044
9347
718
6163
648
3938
4095
8714
9026
2269
2460
6318
9494
8260
4213
4571
6570
1097
8789
600
1528
8876
6961
5637
4810
9381
9824
5487
2062
1581
2746
4226
5129
4361
1337
9980
1848
1571
7036
106
2721
6631
4011
8193
9528
7288
6036
4203
9885
6429
68
3949
723
8587
4097
9489
8236
4719
820
6900
3167
920
7524
317
4588
1359
2925
7033
5766
4165
1488
5984
623
3143
2324
4421
6882
7584
7258
7807
7753
8795
7022
415
9902
7892
8617
1981
1471
8602
323
1651
7914
7218
1990
9862
4136
635
2894
8045
3047
2874
7325
9103
7680
1282
635
509
4407
1825
2554
8713
9648
810
6327
8306
8430
74
5405
3549
1206
745
5011
5186
8659
4464
5926
8240
7315
1617
7857
9149
1535
5495
7688
9773
7176
9579
6565
4190
1180
64
809
9423
8119
8411
2484
8107
438
643
7792
4374
9191
5377
9080
1074
9997
3892
694
9310
2224
2388
6121
8700
6401
64
53
3918
7178
230
7093
3164
6596
7103
5723
6500
4610
6837
3128
9150
7195
9025
343
3099
4373
5525
9764
154
2893
8787
9291
6838
7059
9384
9514
4864
209
1801
9704
3380
3836
2104
6431
8186
804
2947
6164
3916
1110
3897
4584
6207
2208
7913
4951
1280
9028
9194
7613
1196
6870
2577
9752
811
7920
3426
825
2955
1221
502
3908
37
6865
8308
9559
6973
5183
3936
6328
1387
389
6173
8534
5937
6298
576
3009
9161
8
194
4150
2493
4109
2050
5635
9410
8827
9573
3273
8273
7982
7626
3086
387
7293
2031
8658
6969
794
1673
1050
7381
4901
4276
6104
7721
9869
1352
9276
5290
9381
7220
4419
3216
4309
1033
8910
2349
9415
4261
4782
4103
9330
9371
6330
7604
1989
7068
739
6225
1593
4276
2687
5359
4264
3731
8593
6235
1628
3990
1674
168
4655
6625
5033
8266
5106
140
6286
2578
7674
8967
508
5073
7157
5659
3788
7579
6795
1087
1694
5034
1023
1764
6795
1980
9523
5869
8326
8282
8027
5054
2785
1029
4875
8048
7099
319
7722
6974
1591
3811
9415
207
3000
5811
1754
6192
824
8908
8340
6285
2488
9192
4192
4844
2209
6655
7883
3399
4266
7851
95
1524
3763
7959
6171
8322
5597
3474
8287
4290
1580
4790
898
656
6021
8608
5462
6876
8097
5931
4324
5609
1892
2254
7201
8658
3447
4958
2322
6116
2465
1777
2876
7116
7108
4785
9668
1757
6340
9512
7109
4845
7810
62
1024
6606
8711
5437
9837
1428
6940
5709
7071
3544
2054
7665
5574
8024
2095
5132
9934
5624
5615
1745
9429
905
7274
4823
7898
3300
2082
5877
2545
3380
9229
4911
4787
6541
9890
9789
2754
7133
9021
8053
4745
3405
738
7044
2674
7779
3230
350
5138
7624
7561
6079
9327
1153
4839
1533
8977
7244
3518
9789
3062
9881
8945
9518
3600
1458
8923
6645
7401
7529
7528
8550
5703
8380
4637
9292
5338
5431
9064
8534
2433
2263
6914
8687
7117
3190
2048
6727
3886
1400
4953
2323
1897
7969
7250
781
9579
7249
1317
4969
7559
1021
9936
5590
5099
3418
9226
7741
5841
7144
9376
9818
8753
1114
6446
3332
9876
7918
3673
5450
1507
2349
6504
7675
9085
5760
6115
1746
4936
3420
5476
9149
991
4652
7835
4968
9226
9226
637
5291
4732
6042
5532
9677
7925
5043
9009
2226
4727
8955
9366
296
3125
3454
8400
6043
5143
5242
4282
2208
7099
7402
8653
5796
6550
7452
4555
6609
2920
7121
8667
2185
2830
8305
6814
5234
4736
3993
8160
4671
9914
1346
4042
7815
3737
2063
8149
6277
8475
6019
4073
4219
2584
5308
531
7603
2912
5296
932
1571
3882
322
8150
2716
3020
769
7515
3599
7592
4126
846
1645
8675
679
570
7994
8353
5013
633
269
6316
9454
4212
4183
7540
2760
9530
797
6560
1691
5100
9411
5474
6354
4181
3623
5801
5374
2822
9592
6176
7830
9391
9633
2068
7406
8730
8533
3234
483
258
1704
3871
8001
2353
9032
5153
2161
390
1415
2346
9139
8645
422
2790
3060
8393
479
2058
1467
5333
7519
4876
2853
9064
4046
7313
2523
5662
4093
5761
3694
6019
8298
5223
1407
5618
8051
5268
972
956
2469
4932
1946
1397
4447
8136
7484
7336
3064
2978
2254
9546
458
7696
6048
4124
9993
9679
3858
570
9380
3824
9897
5792
7591
552
3387
860
4186
3570
3740
2815
874
1167
4086
2446
1058
2494
3902
4613
7910
966
1801
634
3451
3519
5435
9455
9126
2577
3719
8337
5328
5621
1080
2734
5282
664
1658
2803
8307
1085
6886
1267
7035
6065
4041
868
9011
2746
3776
1460
6060
2297
785
7417
7176
847
3225
8789
6408
268
5390
7400
8291
8962
5504
5488
7936
520
6673
1083
7537
8795
6301
9021
8780
526
104
1613
5175
2178
4851
7449
5294
4288
7259
7978
4452
3955
9870
2163
3092
1604
3690
51
2339
2877
4596
9434
1061
8206
3586
1527
2888
6206
1478
8400
7008
7241
775
8507
1920
7688
6781
1513
4994
2447
745
307
9923
8527
2719
5500
1374
6252
6145
9830
2675
6841
2681
5520
5204
3022
7522
5389
8140
8556
5971
8224
2988
6599
330
9603
340
2034
4001
3911
6154
7545
9600
7334
10
9527
3807
2132
5258
200
9157
1348
2152
3241
2178
6487
1890
8876
2069
3759
1794
5399
8987
2721
6420
1579
4773
9641
6389
4547
1476
9464
523
6451
5220
8072
5899
6783
9682
9024
6747
2925
3035
5314
9044
2883
6227
4194
3107
8698
2015
6290
8380
8645
8703
6056
4331
3594
9435
4033
4745
5246
5129
6318
6776
4512
1401
4780
1404
6459
3885
5187
5541
879
7431
3284
492
9258
5025
1765
8746
5103
2020
2393
2848
1032
4965
7128
614
9208
8722
782
9236
2713
6773
7743
4742
884
1490
5416
6559
9296
6867
5489
5822
9249
94
2206
9093
3969
6751
2245
7596
1933
4935
2154
5249
7830
6417
3637
8281
4024
6557
4869
2744
7239
8315
6750
5849
7300
4213
7646
682
1088
6937
9486
1127
6264
7106
2340
2450
4574
6802
1940
1820
4888
7950
7015
3907
6145
3350
2644
3303
7582
3695
6922
1930
5036
3295
6448
8916
4116
3764
7075
224
1824
7570
6591
9031
6711
9959
7545
6695
4516
2557
8649
4047
3989
7435
6533
6186
2863
9592
6872
1989
7183
9133
8945
3183
5835
2166
7816
4876
2759
3045
8923
8790
2468
3986
5191
1200
5299
1411
18
8504
887
5508
3621
2409
2280
1620
3143
1386
3971
924
2101
1831
4478
8508
2445
8922
7082
3955
5914
7653
2626
346
2154
6542
9456
7854
1066
6903
4639
9113
1043
8377
6171
4332
990
7374
6372
9259
163
7592
6977
8069
2879
9536
3008
2126
7268
8654
2332
6266
2570
5042
7080
6345
7875
9070
5080
5034
4092
9072
4016
6141
1472
527
1331
8152
4711
177
3357
8837
4283
6998
124
2567
4859
3349
1897
6216
4712
3217
21
9904
8444
3864
3902
1844
4779
5512
2881
4968
722
8526
1833
2130
1996
4029
5717
7917
3908
6567
2136
6470
2116
2490
8474
3575
988
1738
6972
6510
6766
3767
4425
1705
6165
4987
376
8656
3446
9922
5149
4878
7455
6038
735
8478
445
8822
8308
9854
8313
8627
1241
9874
8530
1751
9358
2952
9606
6370
3582
9764
1385
178
8060
2936
2713
2878
936
7457
3912
8239
6513
2208
2792
9036
1813
8739
2389
7440
244
4336
1291
9210
5539
5501
7273
7217
3884
1407
6525
9570
5762
4782
9423
6216
9922
6977
6650
6662
3109
3371
2228
8371
8690
7025
1119
6147
3248
6742
4312
8062
3289
3990
8493
6080
4843
1739
4204
3564
520
5503
1718
7005
6285
9487
4898
331
447
5960
2718
5702
2353
417
7584
2371
7538
4693
7786
6256
7220
8955
92
7765
9575
8164
2084
680
3412
4464
9296
8205
3782
3965
2692
8505
5762
7629
4087
7825
9735
9522
3976
3172
2496
7209
3694
1713
6951
2145
8812
3766
8548
6454
1796
6151
8226
9471
7074
4727
8403
8528
2873
390
538
380
9771
5048
870
9642
8898
8637
2494
8995
5900
370
6023
3398
1827
1027
4915
6056
3674
7307
4180
8315
5683
8362
2318
7498
1469
6833
9339
5374
6283
3197
9528
5072
9824
7406
8796
6796
8246
6499
7064
8046
735
9156
7114
1963
802
8444
1820
6639
4487
176
8185
6494
1582
224
832
6361
2040
2490
3825
9168
4921
6005
4852
5262
1078
7440
8105
9493
7241
3719
6697
7943
2035
4191
7372
8478
4033
5472
9300
4152
1911
1532
295
2131
168
6431
4714
9553
5800
9493
7800
1880
5561
8914
8210
1689
8145
7394
3248
9802
8957
6382
326
2098
9343
6807
5121
9985
8946
7139
6609
4682
4750
4721
8065
9694
8215
4506
8753
4037
2512
3078
7573
4187
4397
4008
6870
694
1782
1720
6182
9903
1319
3419
2881
516
6820
3408
7519
8025
8170
5049
2117
5927
737
8116
4475
5250
1741
8149
7561
7994
196
6499
987
6958
3866
1388
9444
1943
5207
8917
814
1113
4683
6097
5103
1761
9192
9021
9751
4106
8381
1910
582
7667
2083
6872
9147
3525
6191
21
6550
5923
6264
6846
239
9747
5587
32
9280
6211
2458
5774
6445
1657
2764
3142
9252
4956
3534
6323
703
6489
5502
5199
3655
6834
4792
8947
6754
1785
865
5660
6893
8469
9761
7131
9365
3279
3966
9098
9310
7724
2355
7030
4855
6790
7919
2621
1605
6345
1066
8053
3947
6711
3107
4999
9803
6313
3684
6502
951
6163
8615
3328
2768
9475
9234
3616
672
4470
5917
6621
2626
5750
9092
9458
3679
4819
9768
3243
6260
605
6560
3833
606
7563
7038
6514
2072
2940
4828
8056
9947
8456
5204
5796
9076
5057
9951
1279
7604
27
6661
4189
7217
6293
4803
9350
7081
3844
1691
1346
9382
3067
5173
2384
9437
2424
6068
4868
7953
989
8275
475
437
1706
1229
4412
8606
7204
2156
6300
2902
4356
8938
2670
3853
1950
6851
1717
3658
1580
796
9191
7584
215
2172
1681
8651
4290
7832
2817
1562
2163
909
7252
7638
8030
3702
1596
3312
6687
9614
333
5082
3332
5583
7428
8011
2005
3577
1268
1510
1297
5758
2591
2020
2166
9274
7198
4141
8060
3504
1565
8998
8351
6767
7446
6389
5352
2899
8184
4112
4967
7304
2724
6563
1438
3642
2019
1296
8797
9240
8487
7968
5557
7190
3485
5816
8699
7521
4572
3095
8860
7742
9213
2235
3607
1244
5494
9428
3548
6168
4741
8560
2703
8590
9941
4581
6664
4669
8544
2430
4330
8356
7618
5549
413
1288
6325
2734
4699
1239
7534
9420
4436
8327
291
4428
9839
5480
6280
1063
3149
9704
8661
3270
8331
4245
6597
9286
516
7389
3774
6810
5984
993
4344
9728
2942
9656
1291
7164
7257
8656
4841
912
8186
1071
1173
6461
5225
1799
8239
3571
8993
4584
3358
4212
4752
816
7320
967
5799
7485
3825
9273
6804
291
653
365
9354
9833
4964
2772
8538
3470
8833
7416
4496
761
6694
9506
1084
3102
9968
1804
9003
8060
6883
5536
7281
3811
3874
7183
7749
7043
1773
3533
1498
5407
4119
1178
8086
6337
6882
6124
7601
8631
5689
599
6475
2795
8874
1519
4969
4128
9455
2165
6286
7224
7224
5196
5939
5506
8534
1711
8339
6529
1110
6732
5941
3032
9768
8392
758
1586
9915
1542
690
6462
1911
2963
5999
2727
502
6920
8582
3969
4927
866
8943
8879
7857
1934
1705
7570
7305
2590
2051
7372
4032
2536
2393
819
8132
5694
5534
8289
7457
5656
3314
999
2492
3997
3440
5570
5404
5873
8391
7750
4677
1016
7779
9078
3746
4473
887
4790
3039
2797
6841
7080
976
7335
5643
1010
3185
3630
929
7121
794
1301
2420
9511
7087
859
2418
3007
6290
2974
9983
8610
6741
747
9964
5217
7472
4768
2386
1730
6507
4611
907
4009
4041
8763
5550
7995
5633
5436
2965
5864
2346
5568
6844
5153
8802
913
1528
1300
6571
8243
9858
3449
7554
4894
7775
500
4046
9961
2253
2251
4674
9314
3820
5618
6254
8266
5238
8642
1384
973
3708
184
1907
991
6095
697
1929
8658
152
8867
2459
6708
6229
9791
4929
294
6112
7315
9503
7303
6557
4788
6103
9630
1711
6376
8373
3159
4744
4793
9148
5188
9516
7766
7706
2629
9985
5284
6778
3715
3125
8209
9046
2053
1035
185
6486
1926
6851
2161
2649
7918
7077
6849
7087
4940
3050
8207
9634
3669
2071
6790
9551
1990
7015
4902
4228
6406
2132
5764
9911
4007
3954
9394
6656
6155
24
1242
9572
8210
92
6659
704
8946
6121
5142
1262
4496
1295
8827
5223
3130
9704
8076
5157
9943
7843
1963
260
3478
2558
255
4068
9187
4196
9642
4829
5384
1217
7510
7584
4320
7902
7405
8918
6278
1470
9640
1016
8013
852
735
9465
6793
414
6495
2004
6074
306
5802
61
3961
1315
1689
9975
4666
3264
3532
9282
97
2505
4577
4254
2882
9295
5555
5040
3104
8679
1386
1312
6151
843
2688
2077
150
5822
9252
3918
5155
7913
216
1109
8450
4854
8980
8770
8593
6968
3901
4738
4538
5749
9712
433
6348
5938
6200
451
5267
4329
5056
1659
6483
5705
9123
1078
8580
9530
1854
119
7095
7532
1446
5904
2679
8971
1974
4313
1323
8513
7953
8848
8040
1768
7142
9102
8515
1930
1122
2498
2435
1223
9039
8860
7589
9138
9225
5128
7449
1385
8961
1956
2506
9951
4459
4000
7131
6247
3874
5426
5005
7151
4876
5634
8525
2775
2760
7337
538
3244
3907
6337
2564
70
2969
2248
8512
3114
441
9815
9880
4412
978
5753
7327
5477
8025
9867
4386
6413
8397
1519
5786
230
5969
8252
4607
5829
3464
4613
8678
7709
5872
548
6634
8393
3605
9827
1065
7413
7973
1479
1333
8298
4436
74
8331
7348
5862
8259
2240
2162
1705
5460
6951
2090
8166
3040
800
774
9452
903
9370
2767
700
7791
5737
9700
6388
8656
5603
5159
5891
525
8212
4724
4347
170
4977
6655
9412
2718
9273
585
8124
6182
1976
9870
4525
2899
9573
271
8567
5570
9675
9319
8941
3830
4917
8940
7244
7092
467
9827
3413
1323
5161
7360
1419
1310
3910
9545
5736
7935
3362
6406
5226
9465
8512
7112
9067
9242
6515
4307
5358
651
461
5097
3925
4174
2882
9972
9936
3971
1372
15
2799
663
4504
4657
6649
5641
6285
8648
7989
8890
2509
2734
5397
4817
9587
8858
1283
568
1388
326
7604
7638
4963
5881
3897
7450
5765
4864
8244
2353
4467
6621
5127
7380
3429
9996
4296
9825
315
8654
64
2915
7119
4420
2195
8641
8438
906
5931
4081
7846
5261
9437
3239
82
7322
6637
3566
2288
5205
2892
9393
7451
1443
3071
5126
740
7348
6956
663
2179
5184
6526
1231
3388
6237
6007
9982
3261
7722
6149
409
6195
9404
3693
9457
4941
834
7332
366
7448
9702
2221
7943
1657
7235
4412
6193
3929
766
6185
3394
1338
4162
2240
3537
1912
3788
726
7019
187
991
6326
8532
6713
421
2745
8185
9352
2788
5427
8846
4897
4744
4090
7929
9488
130
3362
6713
408
5613
7924
7028
4900
1768
1773
9244
3767
8981
9858
734
7125
4126
3826
7463
8715
2047
6676
114
6840
3443
5662
4978
7839
3134
5175
5929
9173
2580
853
8451
6357
917
9952
2354
8403
8550
9416
7174
6270
1197
6353
1081
4750
921
9516
3668
2876
3595
9938
9921
3105
6229
9849
2799
7687
6605
1369
763
2172
8653
8056
5489
9732
7243
4017
9695
2830
3168
6276
8370
9983
7480
2679
8576
3083
1125
4457
7009
4850
1583
1831
6714
806
8636
3784
8695
411
7448
5699
7285
5064
5393
3456
5753
3594
6370
6476
6624
2615
3002
9766
85
6223
3832
1094
4744
623
9334
7150
8769
2944
4062
7096
8049
8844
9005
5710
6016
5120
3923
2761
889
8813
52
2209
126
6297
8511
4420
8265
8946
3576
8386
4641
8515
7427
4996
7029
831
7967
8828
8200
1690
6797
456
969
8902
5740
49
877
7627
9379
7968
4571
8736
5274
5407
3700
7542
8501
9373
1886
8661
253
667
9467
77
6269
9636
9866
5758
7222
2970
3050
2179
5119
5867
4855
4729
653
9027
9234
5294
5963
5066
9537
2789
2854
4462
3680
9397
8584
5787
562
7473
3215
4951
7544
675
1529
8378
4813
3377
990
6363
8475
5585
3977
4998
3998
4905
5556
3096
2452
6063
6640
5773
1997
8799
1806
7025
1300
6827
7597
3203
5722
7868
4832
7784
4427
8551
5579
1979
351
3003
7866
866
7360
743
1646
9596
7395
2120
405
1142
4005
3216
2741
3213
1635
6243
6884
45
4870
6842
9319
3336
9577
506
9381
3155
7448
4559
9992
8938
7239
6177
1775
8500
9836
2089
7298
2273
4746
5005
8212
1359
1163
4327
4286
988
4505
5332
8590
9638
4120
3512
2763
5422
4676
2046
9619
4124
4323
5837
2755
8747
6231
9287
2274
8165
5971
2731
3994
3753
9542
9978
8804
5448
504
1478
5968
656
8528
4166
9166
8224
272
6183
3388
10
6047
2845
1228
2326
9345
4391
176
9043
2164
9888
8933
9336
2377
449
3642
7721
252
4019
9355
1717
4770
8243
4830
8476
9663
2255
9129
8478
1873
5324
3550
2895
6813
2010
5077
1894
740
9807
5988
1061
4193
176
7293
4563
8210
3423
2916
3892
8592
4637
3755
1498
844
2656
93
565
792
8576
3443
3477
2832
4284
358
7505
3699
7738
7218
5712
8450
1467
6210
8997
2259
5916
9838
2712
9682
4425
2910
2334
8597
6156
1594
8122
7179
1411
4672
7325
3984
7776
7280
9322
8799
1497
7095
6484
3301
6896
2230
6088
2125
6654
2975
8615
9838
3592
3820
9132
9373
1907
7980
1548
80
2387
6666
3675
1537
4511
2363
8042
4539
6305
3316
1118
9524
3081
1238
3613
9062
8945
2551
8706
363
6267
9518
7872
5493
999
6123
5618
3240
3201
1024
2257
8293
6567
9808
7487
2643
5863
1443
6640
9340
8583
6723
6856
1313
9519
5222
2095
8203
7216
7368
1809
1231
216
6964
5027
8141
3485
5791
9184
4182
9207
7025
369
2567
9307
320
7002
6742
561
3803
8545
8760
3111
2641
5706
9932
30
27
2366
6648
8306
6684
8794
3902
2168
1204
8772
2874
9040
3595
632
6011
2137
6656
2128
2107
8531
4414
1074
6301
9040
6856
4947
9346
3060
8641
2201
8328
92
3402
8975
128
5995
8601
1441
8874
2094
7234
5847
367
785
2917
6399
2219
7323
51
3843
6981
133
9550
2233
2556
9816
1101
1929
2639
9651
1433
4025
1961
3932
903
7797
2472
4222
9873
8314
2137
9248
2515
5137
7105
8454
4015
5737
3258
5505
8750
157
7336
1426
7556
1268
3031
8973
3982
5112
3955
5416
5851
2158
8020
1121
628
4340
1956
9999
6985
8393
5901
4561
6026
3029
7172
3491
5151
3865
4156
4592
500
5954
9577
7217
5524
4423
8434
3762
6704
5522
8242
8358
1740
8028
7771
2609
4423
3072
7415
5507
6038
3521
1644
9957
9996
2423
9451
4075
6023
9525
2406
954
4137
8694
636
9603
9137
7494
3458
1197
5574
1917
9423
721
6769
4086
916
8143
1012
6206
1606
6350
6666
6087
1481
3440
9083
9356
987
3907
892
383
7131
3844
3666
4382
9460
8511
945
4309
4250
6977
9829
1628
9647
3934
3484
7745
4962
9615
7358
7025
676
6291
6666
4575
9017
6502
1422
3399
2920
3487
9554
7308
6639
1234
4178
8429
4582
8663
246
3047
4509
7650
4112
564
4725
2753
4066
5089
9304
3780
7369
5373
887
7334
6058
7997
3246
9195
5223
5548
949
8802
9629
9328
86
5945
8861
5688
1605
111
1574
9649
2593
4996
9196
2552
3942
1117
9447
7001
2445
8324
1658
8758
497
4397
9149
6436
2750
4691
4538
831
7
1696
9537
6382
6580
5083
3256
7137
6087
620
8307
951
6425
8107
3708
7964
1590
1671
2351
1423
386
9058
3700
4545
9846
4377
1577
7641
1995
7986
3291
1109
754
8462
7378
4780
5565
8830
1543
1278
4318
7009
3250
4780
3066
7691
4100
5332
4760
4290
237
4501
1692
466
2459
8705
3899
4416
6977
5264
9819
5852
9407
2721
1353
9295
6724
3020
8422
7124
5484
2050
2206
5651
8679
6262
1494
6312
2921
5765
4498
979
3111
1392
3856
8328
9652
1195
4740
2790
3352
2205
2721
933
7210
9608
9057
6792
5738
8562
4049
7459
2702
8882
6780
166
9830
135
1939
6262
5326
7650
9685
4365
3808
8660
6193
3800
2531
8705
7477
5214
836
2900
3041
3441
1679
6812
2605
8957
6730
2260
7428
573
9486
3137
6604
6381
7043
4692
1939
8778
3895
7935
8888
7973
5163
3748
2290
8758
4010
7689
7857
3917
3607
7064
6543
644
6514
403
2675
6785
4566
4549
5810
6440
9170
2227
226
5436
8386
3617
6380
5606
745
6272
7501
4686
8589
9574
873
3414
3856
294
717
6583
6982
5086
3936
5842
5816
5888
3957
4473
4579
376
1535
1670
4221
1884
4481
3208
4710
4849
481
9903
7943
2090
280
3341
1419
1596
8794
7084
3558
4093
2716
6302
4069
2170
1798
5008
516
3991
8935
1496
7446
1170
719
9101
1188
3393
9070
6117
7077
1945
5942
1369
8054
1952
3647
1621
3895
4730
1623
284
8498
7552
5907
3161
7464
7776
7447
4800
7482
1277
8830
6370
4625
7430
5735
4207
2890
4517
9100
5014
5538
3278
2752
6248
9209
3367
3364
2619
3862
8022
7318
3626
1223
117
2070
1418
9827
1107
502
5543
671
6373
6110
9581
4297
6602
2745
1938
884
4316
7552
48
9472
209
9553
1441
2197
1585
7532
1347
2172
1043
5593
8043
4714
9920
9641
8325
2074
4473
8391
7337
2246
8211
1595
2778
4210
9680
7499
5785
8693
7194
5710
5366
6580
1225
7919
9014
4781
2980
7530
5728
4845
6292
6726
8161
5822
9747
3167
3951
449
2004
318
9371
212
8108
9352
8911
9616
3101
4416
8215
2609
6372
1754
6685
1539
1384
4237
6588
6277
7635
4403
374
5821
7790
7952
7009
2344
4164
7245
7228
4044
9768
704
4127
1548
1155
4426
4976
8118
7605
284
4162
8797
3757
8135
5048
4255
3268
3743
952
1122
403
9546
6602
1183
4725
8347
8463
8379
5014
9334
5711
7422
3003
6495
3035
9154
6860
3892
7585
3258
2252
7603
589
6892
1945
5353
6972
4141
4063
281
7420
807
4823
8949
640
8441
4124
1307
5488
1691
7134
7055
8860
1117
1215
3953
8769
7819
2747
5083
9268
6767
3781
6186
5340
979
1805
870
2796
4929
5085
911
670
4121
4563
3622
5499
7278
8584
5509
4358
7341
8799
716
4089
3451
3113
9305
2646
8586
9093
6451
7600
6856
8294
3459
3827
6117
4892
7120
3997
910
1092
2725
5904
6443
1371
8993
3616
8065
6542
8875
8326
8852
4141
2080
7271
5773
3869
6171
5151
7684
5549
2767
5175
9771
2737
4916
2550
9414
6858
204
6947
8314
5670
2624
2312
2881
547
1436
450
87
431
6563
1733
1189
6780
6736
1436
5368
447
6859
2239
5612
3623
9317
3101
6426
9786
5024
5608
9483
2987
7549
8337
6216
1832
1059
2392
4112
3872
5513
1685
3877
1858
2896
37
1955
7184
3392
5452
830
1155
5837
6793
6199
5512
5014
71
5018
9703
1931
3583
9495
2020
1784
4347
827
5982
5218
8038
6059
8165
1196
9503
1373
8426
5302
1116
8306
9358
9603
4410
660
4892
1670
3027
3112
7842
7225
7641
6015
1114
8985
9182
9567
8456
881
5126
7561
1676
1585
8020
9575
4951
6266
6913
9380
2858
4217
6124
71
2329
2670
3787
5134
7583
185
9679
8227
4603
912
9206
7709
2297
1934
5129
8150
2203
6267
3830
8100
7573
6052
4936
1127
1289
7735
4946
3550
6615
9454
9867
3174
7190
2245
2466
1391
9936
7993
5347
6509
8503
2319
9778
1320
5973
111
5172
5456
354
7211
2046
6322
7071
6239
8965
9967
767
2231
9652
127
5797
9831
9787
9393
6231
7419
4948
7341
3330
4412
5186
7209
696
6044
8514
8548
4741
1534
1923
1426
6432
5061
6002
1925
2124
423
2974
772
6477
7037
8315
7403
9655
5626
9874
4414
5874
805
4437
6075
4459
9269
1631
7115
7060
3801
1226
5973
4348
6593
7819
8432
5161
4572
6456
4674
6865
431
8905
5593
8743
2110
1836
5877
1523
2394
2370
7745
7099
2631
7688
7084
5133
5465
4736
2008
1071
3067
9165
14
4077
5515
3854
2988
2129
6037
8545
941
1889
7626
1033
1155
5906
8973
906
3411
7627
9627
1569
2813
9668
7236
9793
6358
4621
9178
1928
7204
8635
7413
9680
3333
2285
896
4961
1388
1805
2740
1555
9914
1857
9086
6866
3701
6897
592
1066
3799
8452
7825
8242
3398
8451
4177
4501
9627
7151
6718
1851
209
478
8476
2198
5436
7152
372
2344
5284
192
8268
1474
6700
8358
639
5735
7427
5113
8248
7904
9399
1633
528
5208
3889
4347
5378
4343
1664
4646
9015
5053
1397
5531
5972
7028
2841
6233
4220
9751
2823
9614
2674
3457
1449
674
3615
8798
7634
4204
8332
2079
7989
8216
4765
7065
3169
6497
1354
5484
5210
4632
7227
2273
7732
6470
5824
2189
5326
3118
8762
7523
8105
3675
506
4261
7124
2633
3059
6602
2053
1392
2606
1659
9222
7739
1866
6712
8682
9095
1726
4136
9467
1479
4221
525
1809
1668
8917
5766
9040
3697
9988
8814
1599
4220
8503
1057
592
3841
5184
7247
545
4585
7443
9001
1662
5871
4941
9561
6833
9363
8450
7694
3768
6600
9058
5012
5712
2936
3494
5474
8275
487
8509
7245
636
4820
9630
9274
5203
6860
7913
8465
6617
5129
5598
2109
4001
4392
7529
6304
857
4840
6985
6627
1748
7390
3580
6010
3958
630
9129
6326
6107
4804
1081
5781
6404
2744
546
8580
3839
671
1746
1108
6370
854
7892
2298
9443
5610
4450
2544
6919
8059
3704
3658
4213
4991
3888
7123
2886
9954
5152
6582
876
7803
6172
7032
8188
8266
7177
3426
8873
3726
5471
9388
2911
8259
4729
6469
1688
4536
1133
6991
5662
7023
8658
5592
750
9165
3923
6611
4677
1921
8895
5316
3290
3025
9738
331
583
9760
3716
8088
5430
5981
8548
2525
3604
6884
2929
6497
4084
2791
8652
9216
4947
3880
5405
672
4627
5517
4872
1982
9702
1862
2044
1927
6793
4282
2344
5507
9722
4365
1498
7083
7896
4175
2933
4907
9270
5534
3343
7827
9307
1211
6437
5031
1561
3050
7131
7638
903
771
4803
8600
5261
3541
2200
6433
2076
1274
3785
8146
5176
3366
5069
3855
2452
5145
3335
3066
5272
3380
5543
6126
576
2296
7978
5080
2228
9434
3488
1136
6064
386
472
5894
3471
9875
6218
6182
3097
549
1632
6974
9110
8814
7058
2951
4605
6975
3261
3182
3486
5754
8831
3015
1513
546
433
7527
4665
6891
2785
2592
864
4240
6779
4186
255
4659
6980
8764
5346
8910
6595
825
2871
2025
4029
5879
1929
885
2331
2444
1821
9157
2073
9041
9288
1564
1949
1944
5099
9633
4882
8266
2812
8287
2737
7241
658
1033
6411
5092
3869
155
3429
5977
1775
5083
5585
8692
859
4606
7493
8358
7321
7559
7162
3025
5602
7419
50
7423
9486
3760
5799
3715
104
9700
2508
5303
1611
5417
179
5876
5420
6142
5147
6720
979
7049
4466
4194
8694
1904
7263
4625
2100
503
8597
7706
6364
8883
453
6481
1191
4541
6803
2718
6136
3522
2018
4920
2911
6296
7679
8256
4708
2139
1831
8996
5894
4934
1782
6692
2368
6413
9053
8481
1236
9782
3855
8113
5544
2040
3416
1168
602
3835
9547
7088
3584
9023
7798
7377
112
6841
68
7707
4089
8264
863
3624
5453
3974
4047
3263
2411
5146
5876
6619
4301
5226
7308
1642
8683
8253
7697
6993
4729
3134
4866
1069
9060
5933
9772
3908
1173
7664
1813
4586
4511
7079
2821
3535
2747
4429
9954
262
173
906
5190
1505
738
8117
3039
8280
6921
2023
6627
1752
1579
1467
5869
5544
6520
7553
744
9526
7711
5298
2999
5120
8026
9053
3135
5071
2980
8624
9890
2702
8216
2611
3481
1816
3351
6542
5677
5119
7029
7738
3554
1097
1793
9733
1856
4261
4767
5503
9695
7276
4484
802
4206
7858
862
1470
5072
4347
6093
8162
596
9818
1393
4391
4864
2325
9281
3654
250
9252
8325
5258
2242
7385
3057
5312
3006
1625
3711
1467
147
3800
2664
1396
9438
5507
5102
4254
1053
263
3993
3143
7980
8911
5564
5435
3535
1546
7331
1651
2761
2251
6524
618
8391
6074
2031
9584
5772
4264
9435
1400
1402
7231
1326
3980
7978
4936
9168
192
6248
1639
5165
9796
5198
7264
8877
5907
7547
5197
2786
5016
4255
1143
3533
4752
7878
6353
5261
7482
4574
6997
6006
1323
1063
6262
5450
9919
8887
2692
4326
314
6038
7598
1180
7404
9709
2210
9752
6178
2774
5648
9393
2985
3839
7453
2430
5566
5297
2019
338
1713
3256
693
4341
9224
5150
1663
3889
3472
776
7612
4342
3534
1980
5474
5050
4467
9245
345
9185
5917
102
8009
7076
5067
9791
2608
129
4265
9230
9282
1551
1849
7437
4523
8748
307
4915
8048
5734
8787
7746
2596
8578
6992
5405
9254
1612
5101
9460
5703
6235
137
3613
3146
2352
4833
3137
9653
7947
565
2272
7667
7562
791
5681
8347
528
8351
7466
1596
7597
6076
8025
9951
1759
9718
6701
3918
565
207
9668
8851
5004
4023
2001
9225
6104
8527
8505
4975
1744
9445
1435
411
9111
6910
1562
4907
8307
3250
5112
7334
107
5280
5120
1313
6369
5218
3168
8302
8842
9692
5682
3295
326
3102
3813
3704
6081
5593
3804
9987
3605
4910
3443
4428
8601
6402
7242
7548
8137
9118
3920
4020
6259
6338
1548
2895
5356
6457
7146
5738
222
9464
1553
7152
367
289
381
3981
5678
9556
9870
4580
7564
3524
6621
6140
1620
4023
2549
4245
3160
6695
3573
456
3578
7767
5201
1661
9108
575
832
518
7797
5016
4886
8617
6985
5443
8942
7419
6627
8931
5299
7831
521
6715
7675
4973
1276
386
1921
1608
195
3747
7517
5768
8947
9137
50
7902
1229
712
2309
7542
3812
3295
3765
1278
9481
4777
730
7445
6213
1194
1246
8719
6386
8391
5203
3669
823
9398
3184
5193
6846
5157
8043
8407
6435
2806
436
7671
7387
5688
4620
622
7758
353
3601
4868
2339
9799
2919
4449
9079
5966
596
1265
2570
379
5256
4503
6262
2391
7862
1693
2828
8192
7892
8169
493
5897
1451
5259
3090
7602
6059
9250
7256
8226
1951
7871
5531
2592
9176
4498
6526
2066
9672
2512
660
3996
5390
422
3727
3210
2377
935
4515
3945
5978
4241
3909
5999
203
1070
2773
6475
4437
6855
9077
9223
3251
34
9765
634
6769
2044
4861
1082
800
3041
1334
3214
2793
4808
6837
3634
9003
5308
9109
6643
9635
853
5728
3595
6007
4950
394
103
4335
9407
2010
1459
8816
5794
5925
6999
4998
4914
5704
3050
2814
328
9666
9365
3469
2624
589
7059
3136
9936
2167
4548
33
4232
7569
7265
9443
2196
7811
2713
1979
4447
8921
2618
5819
9490
5119
4700
7467
7882
5476
6759
2422
6520
3870
3796
911
3713
5226
7921
6670
3798
8269
606
3306
126
3565
3733
1412
3151
3733
2487
8638
7883
3497
2256
9767
3255
4678
6284
9333
8519
8597
5812
7165
7173
1724
7473
7841
2081
6640
8561
6855
8082
9628
2806
2833
8859
3159
6220
9166
1000
7748
7875
5165
4728
635
2330
7722
3988
1936
525
2982
4333
6221
1205
9223
4404
7601
4062
2729
963
9588
2646
2095
2649
6902
6176
6539
7299
3059
3992
8693
2214
3028
3730
3291
2200
582
4379
2310
3950
6783
8705
1268
4896
5042
9534
823
9241
4609
2672
6666
2939
7306
9684
2283
6207
2543
8944
5226
1194
4758
2928
3260
8843
6009
695
8076
5008
3195
6008
2831
2201
2009
8941
2946
5380
3512
3252
2259
2855
8960
5834
5144
3133
4884
7983
3487
1767
2701
2233
9571
4292
3907
3621
7240
747
1095
7240
3460
6517
9472
243
810
3303
8768
6581
8372
4013
3538
8442
5276
2531
4178
7266
5479
8397
9048
460
7055
6758
4355
6625
3691
7957
9855
1453
3517
9563
1394
4007
9912
7625
8744
6898
3579
4175
1593
9805
6463
1887
5012
3573
8953
6512
4699
1098
8316
398
9930
4302
366
3007
5604
4954
7237
4737
2445
6907
2526
3662
9070
4329
3290
5185
5832
4232
3126
9139
8536
4952
8261
6814
4995
4951
940
9811
2958
4535
9369
6582
7357
906
241
9495
8358
216
3253
6076
2625
2435
160
1209
782
5426
6752
9890
9283
2490
8510
2999
5569
4347
11
2110
7842
4102
4026
9967
7761
3052
1476
5976
1845
2242
6107
9569
5243
7825
7263
458
7616
3098
263
432
6392
230
5757
46
5102
2331
3544
6096
456
6554
4598
4963
4581
2661
3478
2825
9654
7951
3360
6392
231
2092
2178
9986
5145
263
8471
4623
6237
7522
9510
6230
2750
8952
3285
363
3324
8783
9799
9138
1825
7369
3433
5138
5937
2025
3221
20
4067
6450
5057
2955
2230
4651
9511
5357
3906
687
9490
8047
8797
4402
5938
1424
758
1277
7212
6620
3729
906
5825
9072
8783
7707
7656
557
954
4037
7515
7429
9562
6026
9115
1539
3527
7060
9665
7127
4603
7981
4530
3199
6195
8363
6334
2321
7506
6537
7206
7924
4402
1697
1687
3919
2776
6822
6951
521
9266
4669
3227
8975
3856
4939
7506
965
2493
1193
6466
7956
6632
8869
4237
8113
883
8675
9855
3517
5335
1808
823
9577
6722
3575
3376
8514
1054
6060
5915
4858
9919
4277
5722
6807
9545
3353
3499
9973
732
1952
3967
8870
6125
2555
6406
9338
8930
8269
1577
8906
8681
4214
4660
5277
2261
3168
8878
9342
1447
6066
2630
1653
7477
7074
7228
6017
3001
4167
8297
7543
1849
1293
3339
1700
7886
4994
4161
846
2051
1949
5792
3673
5132
4926
5648
5350
3408
8160
470
4742
4149
1003
2910
9020
8199
4471
2468
5600
6628
4571
751
703
2023
8754
5132
3456
8783
9343
5426
1426
5211
3031
5591
4401
9684
9133
2815
3495
5895
9788
1387
8799
3053
7037
7686
6404
7289
1416
8535
6792
8878
951
4675
7569
8123
7733
5875
590
9827
