240
222
348
625
490
305
172
369
635
216
446
198
216
123
253
88
208
476
170
396
146
290
103
581
174
619
445
430
474
581
471
173
417
549
102
48
186
124
82
2
142
337
506
85
227
415
631
450
42
576
151
494
493
672
393
453
410
565
601
144
464
335
697
633
436
227
315
547
536
553
684
659
220
96
507
354
522
268
326
201
27
158
273
427
169
514
436
699
556
650
259
58
148
215
506
183
493
383
236
275
394
98
197
231
506
377
132
618
380
688
634
32
601
68
313
55
197
374
501
462
170
203
652
500
546
665
483
608
157
351
512
667
662
94
11
614
622
52
214
327
563
365
88
247
595
664
63
166
290
319
572
451
346
596
304
306
70
626
398
659
662
0
580
369
605
681
453
629
290
208
464
566
361
530
554
83
394
454
90
532
164
173
638
201
19
177
350
655
604
516
165
613
138
349
547
120
154
255
423
535
674
669
519
575
567
179
246
515
397
580
582
596
682
421
673
336
470
189
398
145
391
333
274
152
609
163
318
295
567
612
321
385
256
149
386
398
497
44
42
680
12
440
328
160
465
377
462
381
65
664
38
374
376
172
494
407
622
126
17
404
698
85
374
658
54
102
402
635
290
238
104
429
631
574
536
290
606
431
302
227
510
456
75
399
487
125
186
347
52
522
571
457
180
341
316
414
615
377
134
42
648
43
270
182
367
399
481
580
126
545
107
167
141
539
327
664
576
48
492
203
302
290
180
340
45
291
634
562
48
149
691
550
17
177
338
492
562
367
4
248
132
65
442
108
460
258
454
90
462
497
606
572
353
211
45
19
81
137
184
77
239
207
253
337
602
591
470
638
51
74
680
67
555
414
308
214
333
36
175
599
163
585
443
308
463
248
377
219
455
675
2
624
562
23
223
305
226
105
544
437
603
155
634
37
294
333
591
182
159
286
495
240
133
411
554
658
491
110
437
40
40
655
220
294
501
676
373
264
415
531
630
228
68
587
533
194
246
340
141
395
463
332
197
500
357
414
237
415
597
209
237
426
252
94
322
220
474
163
468
632
479
270
446
331
49
398
426
214
439
616
696
198
571
225
106
85
90
648
635
522
114
540
516
685
479
537
232
336
447
400
652
174
183
400
59
691
174
55
212
293
392
442
578
510
629
234
670
546
42
316
651
356
361
84
155
216
88
219
58
137
263
370
340
22
651
399
657
659
668
427
696
578
647
305
214
667
289
119
308
14
367
95
479
300
526
397
45
81
424
36
88
168
170
26
565
132
398
446
611
548
185
125
330
631
58
121
595
490
613
583
172
71
6
367
610
286
230
378
595
219
419
516
143
307
29
408
530
604
686
357
519
553
675
106
541
327
14
274
183
74
351
163
479
255
175
478
308
3
263
404
244
37
257
495
61
358
411
27
420
422
609
56
676
106
46
474
301
453
66
625
349
32
498
531
512
143
5
166
300
606
63
559
577
224
450
433
275
348
316
192
246
178
324
535
42
292
653
69
223
582
392
664
504
675
310
50
640
179
237
317
0
583
662
590
333
289
353
555
385
109
645
419
685
23
582
695
425
694
56
218
247
438
354
653
674
428
56
101
243
604
