276
356
401
221
328
53
233
138
80
326
54
23
163
427
305
105
73
391
217
156
438
95
30
112
205
479
257
246
370
451
478
201
167
378
165
484
253
267
62
200
141
380
228
60
461
0
106
53
6
414
358
337
337
224
262
148
411
394
215
133
132
431
248
71
452
147
212
371
277
335
370
115
129
426
7
17
157
25
462
34
66
301
224
399
328
450
417
498
69
459
103
466
321
290
98
40
13
314
166
354
388
251
306
418
354
24
474
428
136
234
40
33
153
381
203
340
413
309
68
483
331
443
266
323
296
387
473
433
475
100
292
369
419
483
165
453
150
405
9
299
116
20
73
257
79
46
483
194
47
413
323
222
165
407
71
82
330
18
133
434
138
445
120
472
26
305
113
297
159
218
497
320
253
74
204
127
200
248
57
291
311
403
265
400
223
418
218
281
378
256
373
22
401
285
0
179
44
403
82
206
302
35
272
110
281
364
251
150
484
11
444
41
344
114
331
148
52
474
455
183
349
460
498
373
498
423
239
74
305
228
98
467
275
80
296
309
287
103
51
139
467
266
35
322
210
418
165
155
406
413
490
412
206
418
348
405
212
232
464
157
294
165
51
349
390
109
8
192
216
310
439
350
348
410
492
337
218
336
94
132
39
149
292
267
345
11
450
427
74
316
210
200
278
8
65
303
339
269
188
309
214
349
73
130
329
163
19
181
275
23
459
304
369
182
139
362
327
317
229
374
30
135
82
252
449
455
49
138
186
1
460
35
273
432
470
175
28
225
190
392
314
31
391
367
154
278
177
160
175
342
21
411
482
389
457
499
152
145
59
129
451
121
24
166
108
392
377
350
499
475
106
377
66
480
264
152
335
127
401
61
126
458
257
109
16
489
352
318
190
419
387
45
477
353
441
282
467
308
308
171
172
155
356
239
240
263
68
432
324
282
407
185
147
299
310
397
442
368
425
293
96
332
292
165
318
376
213
315
495
16
120
241
252
311
339
156
158
271
483
258
169
367
315
440
406
419
152
494
465
2
498
181
329
236
351
30
420
196
446
277
435
9
188
260
283
172
15
67
283
488
267
110
138
206
417
106
364
185
62
246
397
143
218
416
10
155
464
459
129
411
299
44
187
141
130
134
477
321
68
476
