2337
257
4318
4837
3169
4339
6251
6144
4501
6638
5603
6540
5515
2441
856
4158
6788
69
4884
3015
2185
3573
1516
6230
4912
1052
5892
3669
1941
2090
6269
4569
3836
6810
2273
1947
6682
315
3207
5935
507
241
3298
1646
5245
2471
5644
5660
3780
3268
4440
31
4807
4015
6500
466
3224
383
1829
5198
6809
5396
4005
2556
2082
204
1903
2161
4071
4523
5579
4286
5613
1650
3493
3795
4381
6794
2480
2768
1721
2237
4656
3256
2484
1994
1493
4634
623
3315
6299
2925
2469
4724
2190
2823
6999
4003
6995
2410
212
286
2946
6051
4448
6485
2960
593
3142
3741
3113
1671
848
838
6346
4726
1595
6178
1443
5946
6768
3899
35
2638
3524
1663
207
4502
3313
2666
5027
4282
3973
1257
2545
4410
1832
5742
6766
3643
4020
2917
4833
1156
3909
4010
4208
3765
79
2284
1475
3829
1007
3466
1137
3477
2970
3545
2825
6223
697
5039
3673
6045
3214
5415
834
1879
5328
5385
1093
2237
5890
6893
2974
572
6787
3196
5927
2865
3422
2427
944
344
6193
3965
1665
1519
5418
1172
6034
3220
94
1396
5466
999
971
3868
5779
1653
5893
538
1943
2763
1454
377
980
5499
1254
2002
5154
5030
5195
5932
2398
902
6081
3049
1167
2119
1634
1711
2813
6977
6057
5991
5617
6460
5465
3133
4368
41
3074
101
3705
6913
971
4806
4526
5861
2619
4790
1559
553
1873
6194
6337
45
6844
2736
3670
3081
445
6907
6870
3316
6161
1098
6876
1073
3530
6677
2419
3159
1828
853
2271
3908
5213
4352
3384
6045
6262
4277
2944
3860
4566
6242
1302
6279
4590
2239
555
5697
6319
4870
1162
5655
3247
5154
6477
6641
1579
1425
3578
5546
3182
1576
2580
6518
6416
5465
5814
1168
5194
2251
6322
541
1197
1463
3688
4104
514
2474
4298
963
4372
1955
3892
3966
738
971
4849
5640
6096
6636
5536
991
6053
4880
1965
461
4096
3023
3756
233
3859
1284
6281
3271
3010
1677
6427
1269
6061
5325
5855
2203
2280
4263
6888
6831
6916
3169
5339
6474
142
43
2793
2386
3669
5890
2566
2292
3273
4526
6071
1309
5183
5740
4249
5806
5401
3913
4635
914
6602
188
3341
1038
3383
3301
3458
6604
5137
2336
3529
779
2799
3417
4002
1086
609
987
307
4559
4095
3081
2002
3376
1039
2663
2293
102
2030
2638
4109
6723
5942
3730
5817
3238
5285
4146
2327
3633
4318
924
4269
175
6393
6986
2494
1712
3821
1749
2184
3922
6038
2204
4042
5006
6161
6257
3874
5388
485
5752
452
2539
764
4821
3183
1745
4942
2529
4290
2219
1990
6648
2956
2347
1182
4283
745
3635
6830
669
1760
2418
3690
2644
3241
362
4097
4301
4428
5602
5337
1572
4813
935
536
5431
4251
1570
2766
2718
3359
2806
3230
6202
4938
1937
235
4895
1080
3613
6568
711
6440
1449
6759
2428
5997
6864
2434
3161
3663
3606
5768
4981
4122
1723
1192
4358
4985
4749
3753
30
1331
2046
3618
3541
4803
6831
1373
3650
2437
3567
526
5527
6484
6573
1537
936
5041
1454
1969
79
686
3051
3805
3872
1609
4290
2558
2748
140
2535
5515
724
5785
2726
1013
2356
3986
1064
5103
3001
3310
1112
5756
6745
1856
5897
4124
493
6370
5054
3826
1661
6679
4669
5133
2160
333
4233
4734
134
1497
98
3209
293
3101
6219
5604
5068
4540
4304
3108
6784
1279
1106
3895
3040
2224
5441
3645
2335
1155
3172
4479
1989
6156
2872
754
2626
3811
291
5645
3937
548
1364
3309
6316
5723
1161
5938
6890
4885
5315
2490
3993
4954
2770
2051
3042
4567
5001
4798
5392
4760
6574
3199
4100
1242
2064
5633
441
326
6397
1758
2231
777
5351
4524
4582
5384
5987
4171
5280
3705
2398
2963
1883
3749
6131
2699
1369
5810
4677
2588
1918
4981
5974
6852
1462
364
4138
6078
4873
1794
6675
3982
4100
2155
6353
4018
2309
5871
238
485
3899
6012
5403
5645
255
939
267
2036
3395
61
2610
4739
701
2743
1161
5314
1679
5016
2049
5917
4511
5595
4088
1097
4846
4527
5621
660
4992
1108
6957
5289
6231
4241
6432
5259
5251
4737
2099
6113
3658
3116
4266
3696
1344
4777
2842
2894
555
6584
3800
714
1534
2805
5618
50
3072
1986
1536
5228
2984
428
6733
5142
3128
4093
2160
3520
1739
3586
4714
527
4483
3866
4403
4253
3323
1295
6566
4468
2918
3953
453
6314
99
4381
4210
1677
6574
3525
1876
3575
1067
6914
5666
2981
5081
2884
6975
1410
2265
6354
6690
3145
5658
4084
6112
15
1867
3293
4257
2575
4212
1471
1428
3887
2657
799
5671
4471
4035
2119
1151
5058
2517
1122
2328
1117
6936
1106
6321
6748
2788
5637
4120
3612
75
6110
1005
947
2907
5072
6046
579
497
5741
5703
4014
500
6605
5971
5644
4597
4306
5747
1735
6625
3688
1762
6495
2992
1682
739
3066
5309
4831
1959
835
4562
1508
5783
1803
3096
5811
1906
85
5568
3729
5499
3803
3649
2877
1203
4127
2934
5187
5606
1308
6899
6905
5660
3130
5884
5545
4111
2656
6890
853
932
843
195
2977
3176
4493
1765
1770
4520
4361
4542
5333
5501
1747
2147
1658
2250
2573
6732
5006
715
891
2896
128
396
736
634
1907
2259
2633
5623
2626
6235
2144
2394
4587
390
4019
6134
1602
1126
594
4040
5038
24
24
759
3952
5101
2585
4033
1783
2126
106
251
3969
1060
4541
6524
2148
2146
4179
214
4275
5919
2932
1147
1908
4211
5467
5464
1878
6830
525
2000
2919
4320
5136
1720
5924
6936
655
2266
2466
2092
3243
6176
5152
6529
6070
6615
2752
2080
4425
3710
3731
2669
918
369
5177
6917
2103
3158
4842
4196
5429
4155
1486
1065
3685
2242
4016
3390
37
4683
2554
4423
2284
3508
1562
126
6911
3807
6042
4657
1943
296
4046
889
232
3450
3006
2551
6285
221
1858
1717
5071
2501
1525
207
4789
3834
803
5116
2500
3416
6004
325
1215
3091
3770
3200
1587
4520
1007
1793
2881
2714
712
4606
367
6168
470
6054
6480
1848
1547
2197
710
1762
5377
3774
3338
6851
862
2406
6203
765
548
6337
3794
6023
2773
1579
6470
2350
3235
6461
3051
4696
1445
6449
5254
5800
5286
6652
3571
3371
6024
6968
3431
1038
4270
2507
2890
978
4351
1703
2732
2637
2053
1215
792
174
6781
2306
3909
3805
4994
4863
1129
1653
386
5790
5849
6062
1530
159
916
1619
2309
5129
3358
5093
2784
3448
2351
3938
3289
2996
5795
5982
1893
219
909
3908
520
2426
1636
2369
2591
1301
1048
2509
2538
5848
1973
774
1798
1881
6510
6235
3247
509
2173
2179
4674
1195
2759
784
5424
5393
2669
2259
4350
5633
5356
6908
5169
6695
390
1069
1416
1434
5386
613
2442
4780
5414
2364
1390
328
3853
5288
3705
1703
5547
4795
3473
3383
6980
1414
4056
1817
3301
4423
2797
2749
1515
6274
5573
4636
2472
4767
4607
3106
4772
3904
6084
2614
2823
6908
6397
6751
388
653
5767
6133
3378
2507
6153
5312
4324
1323
1550
1705
4808
5375
6742
3676
909
6123
1927
6174
2861
17
1353
2569
1986
3162
990
1225
4877
786
6760
3666
937
6942
4613
4880
4542
5117
4806
3107
482
976
749
5357
3866
3440
6516
961
4494
1402
3659
6721
3674
953
5041
1452
6904
456
956
6162
6227
6042
2043
3398
1943
2544
1208
5959
3460
3958
2203
6530
1154
315
6194
1936
5270
2252
6613
2152
2434
2212
1917
4024
5130
257
4756
1701
5610
1021
552
5805
1830
4656
1306
4285
4178
2559
1395
6836
976
4059
317
3115
6767
3648
4015
3703
840
1624
5179
2357
5428
2044
2306
2936
2450
4694
687
5994
6293
3102
4280
6669
6009
3111
3048
341
5206
213
3026
5444
2077
1846
2609
465
5343
4954
2154
6262
4453
6336
5459
3500
2882
5062
5581
1181
4669
4492
6804
638
1603
1350
6543
271
1137
5397
1475
1512
5951
4456
6386
5674
4560
1196
1792
4168
1989
1181
254
6800
4065
6216
1576
521
2567
527
3186
4098
2440
2111
471
3349
2321
1058
5977
503
4458
2372
4605
324
3081
5620
349
4019
5772
1313
6913
2364
2837
1470
6064
4162
2607
6891
6488
4625
1479
3442
3621
4684
1639
1739
2030
2891
3556
4892
1435
6328
3230
6737
1706
1900
32
1500
5897
219
6541
6305
2542
1905
4019
608
627
2039
4428
607
5461
2822
3006
2236
5723
2255
5013
4060
1235
1812
5414
1003
3784
1511
3668
3720
96
2069
5368
5620
4546
2110
649
2239
1397
3243
4139
247
4091
6108
3771
1895
724
6174
5768
2000
887
4574
990
1102
6099
1749
6509
441
5716
2439
1726
5253
5385
1609
4373
3913
946
3959
6129
4897
3728
4023
969
3632
6676
3285
913
3462
6809
5380
1122
5778
5261
5974
2119
5300
6882
1008
2931
3306
4260
6389
912
6628
3563
4526
3867
3118
2943
6114
12
1410
371
1752
1049
4919
6131
6814
3113
1082
4431
3900
3446
4583
4530
2867
428
6756
60
5483
4710
6450
3818
4533
2839
1993
6464
54
3718
2063
1669
4549
5939
429
5924
1714
4623
5359
4755
2698
4800
4917
5700
3651
4337
2698
553
5488
4008
5000
5572
3785
6088
1198
2284
3795
327
1456
2780
3807
6578
369
4166
898
1045
5704
685
4481
4607
6484
2984
3390
5345
5964
5394
115
3287
4416
6358
1330
3575
550
5751
358
5639
6386
1014
2394
1531
6013
4053
5652
5204
3808
224
6046
484
4717
6971
4905
1005
1394
2118
3581
4185
4411
6110
3626
4268
1820
6397
2212
4550
3080
4289
4687
4789
6472
4298
5831
48
155
2253
3969
2518
4662
2734
3484
1332
1441
6842
4006
4005
6046
4554
3717
4587
3518
3459
4226
3100
1186
6283
283
4817
3923
1774
3550
944
2158
5814
725
4801
2768
4761
1699
6037
6985
3148
1177
1794
4560
1958
6989
5227
4460
2343
5031
3652
713
6151
537
1076
5783
307
4067
2243
5299
3674
1377
6315
2776
6565
5985
2667
2702
4765
4764
5853
1501
5575
6129
3121
3990
3386
672
5947
5054
5073
3834
4960
968
996
18
478
398
1385
6144
4641
6868
128
5626
3641
1593
3340
4831
1305
1826
869
5938
5683
6405
6618
2695
5494
3335
5003
2181
6473
6370
1781
256
1562
2983
2743
178
2135
2564
2026
4765
246
3610
1653
6287
6328
3189
3942
499
952
3681
6604
6840
3601
109
1449
5896
5909
1287
6789
6455
6146
2212
14
2838
3566
1594
4372
4363
6628
3692
1888
3455
3655
5729
2949
107
5523
5745
247
3504
4419
1381
1135
4562
1068
2754
2032
1936
2137
2850
4308
6722
1192
6471
448
2751
2009
3860
5791
4131
4103
6426
609
6657
615
4236
4508
1754
798
6640
2667
1826
1831
2891
5882
4132
1177
2735
6284
6850
5878
323
5956
6683
2856
5191
5135
2688
2671
3099
123
4324
3302
907
3105
6608
4403
6801
733
9
2532
3839
5566
5119
3791
4839
2449
3362
4538
3057
4160
5939
5802
1704
1816
468
3439
4737
5768
4797
2235
4817
3213
1676
4171
2435
1123
6552
6518
2442
2973
1714
1363
5065
4253
3721
6528
2757
5232
1833
3861
4275
720
1102
6366
5195
4749
6555
2143
6072
278
3337
5450
187
609
2342
5340
44
1882
941
5853
2733
3896
6579
702
6466
3459
3405
4525
1512
3514
6851
6236
6225
4785
6129
72
2026
5439
1154
4949
1737
4581
3161
2407
6366
3411
5438
11
6412
4597
3330
1236
1436
4778
495
1193
2535
6453
4630
4371
2758
2060
2254
1341
2920
2030
6478
3772
303
3266
4503
2942
6583
4882
1305
4991
3460
4766
3569
1238
4095
2317
3443
3798
1764
1359
6074
5296
5995
2638
769
2854
2978
2322
4237
2938
1523
2083
17
4941
1303
3545
981
4308
3559
2360
1013
4853
5882
6064
4409
2447
1040
5256
3342
4959
2369
4978
1688
1231
3
2378
2954
4865
4311
1368
5676
1297
2143
1189
551
4552
5686
5833
5889
149
1955
6363
2688
3982
2164
3179
1172
2164
419
4489
3573
5108
1951
2800
5557
6978
4186
6181
6132
4608
5698
3313
6719
5557
1703
5446
6708
368
4888
1359
1237
4195
298
4391
798
3317
3990
5715
2533
2576
6693
2540
501
3561
3658
613
3934
3765
6957
2179
860
2264
4728
6474
1978
4009
6871
4804
5324
4602
345
4460
1366
6860
397
5641
1965
15
2859
1358
3495
4942
2569
1942
5137
609
4230
5661
2909
3780
2590
4489
1782
3253
3451
5671
4994
2795
6940
2330
6018
1418
1469
5567
4409
730
2106
5524
4743
3479
4561
511
4553
3260
5899
6562
4094
4921
6215
6163
2448
2259
2228
2754
3421
3770
5032
1660
6778
1230
2297
4829
2435
2370
6047
362
929
2691
2125
4452
4368
4618
3810
697
2244
2005
784
1540
3336
4972
5465
3813
6450
1742
3584
2331
5438
1292
179
365
966
533
2499
2904
1563
5177
6693
5954
6338
3898
561
5118
5550
572
2276
3249
13
5837
5764
657
810
5814
3591
2845
6687
4338
232
1950
957
6686
2872
125
3770
262
5581
5255
4125
2177
529
6235
1392
4730
3602
3109
3274
2736
1009
2162
113
6143
881
2883
1769
6597
631
5551
4475
1409
1240
913
1821
5421
3595
5265
4890
1660
4491
2070
6702
534
5057
2481
151
305
2533
6725
611
5482
5798
2538
3691
5377
3950
1608
1377
4826
6035
129
2811
6200
899
2984
3643
3436
623
805
1394
603
2186
5354
4865
4149
4423
904
852
5738
5805
5114
5691
2119
4096
779
446
3990
1332
284
5653
1740
6800
6037
4649
4235
237
2701
5003
3760
2746
6661
6446
4871
4662
4350
5747
5810
1760
1387
2946
193
4326
1161
3999
1843
457
4786
5065
3218
2577
6025
3058
6413
3106
6513
3
1134
6435
5286
680
3844
1238
6340
2707
5252
4297
2254
2088
4608
2689
175
6756
4329
2285
2917
3883
3689
1614
1907
1101
1297
3681
4653
1652
4273
1093
4998
3068
2022
1912
3422
95
4237
5609
904
5468
6734
729
3967
6787
2764
3476
4152
6840
4072
485
5250
2498
4957
3299
4530
519
47
2678
147
4414
6469
1261
5619
4576
2645
1432
3337
6723
326
3949
4587
5573
2177
5794
4540
6754
6529
4013
609
1833
5889
2851
5700
5681
3156
5403
1434
3868
1480
5039
5656
6621
2524
2838
3867
6531
441
936
4356
6074
1884
480
3746
1834
2665
5591
2257
3366
811
4266
4072
836
1392
402
536
6660
4418
2596
785
3454
16
3621
4695
5732
4443
2644
4441
1113
2548
5108
3338
1286
5403
3812
6352
3655
4098
84
114
4958
1864
366
3551
3339
4041
919
1201
4878
1210
4977
4233
5219
4835
4438
124
4209
1678
6699
1250
3023
4587
5894
3111
347
1806
1222
1459
6617
6112
6246
1284
1484
4985
5237
2747
1044
3872
6189
2204
124
801
2021
2662
3550
5245
2390
3795
5910
4320
5494
2914
4992
5923
2876
6624
4582
6953
5474
2973
6378
3183
4608
2626
4157
1773
4922
6664
3161
5681
4664
4027
1417
3906
2734
4638
6203
3258
6391
5384
3535
1325
2307
3781
3567
1742
1250
1847
5699
5297
3652
6051
3320
59
5062
6776
1804
2493
1683
129
4720
6232
1573
6204
794
6274
3382
3251
4407
3758
4832
6008
6001
4498
4412
2334
5402
3682
4179
2402
6814
5258
1247
6040
6910
896
1197
4098
2062
5416
1498
252
3892
4217
5791
2058
4611
4381
5330
6322
2716
173
3122
6798
856
5803
3215
6930
6181
745
1875
3821
386
5287
4961
2506
6976
4738
5289
2157
6127
5504
5100
4483
4322
1648
6298
946
984
3245
6622
647
4280
4572
819
783
2984
4363
5998
4165
3402
2697
2527
1402
2484
3541
109
2043
6186
3278
3996
5940
42
4361
6598
2210
4052
537
4915
6183
6508
6417
6198
5894
2869
1189
5655
5614
1828
4863
3814
2923
2438
3877
5658
4487
2903
3575
870
880
3728
6902
2845
4364
5364
712
6978
2663
4063
5768
2678
2117
2764
1259
974
2955
897
5101
3968
5007
6833
3338
4235
6816
1758
4896
2393
5431
4912
1017
6426
5621
2367
3967
5405
991
3137
6904
2669
4877
3040
369
2566
4168
1283
1335
6146
2649
1087
1201
3813
6326
290
1128
6297
3079
2829
1112
2151
1759
2611
3913
5523
6718
6993
6062
4842
2403
4652
2822
2219
5551
3042
2641
3335
5437
582
3874
4598
6661
1428
6667
4567
6879
5052
6223
3604
2085
2414
1920
4896
3850
2323
3968
5358
4086
6444
2845
6823
6707
634
2654
2327
802
4241
722
1573
6334
1081
3384
4110
51
2002
6168
2892
3711
1003
6000
4160
5902
3679
180
6057
452
2974
957
3519
4562
3571
4585
2369
2292
3095
5531
6759
2154
729
5145
4525
1898
6496
5868
5501
3998
6767
1485
880
4049
1987
6074
992
3061
980
5575
2813
6601
829
3370
5242
742
4170
4103
1011
2848
614
3970
1198
4426
3038
2474
3659
6898
6878
802
2521
1956
3725
1396
6078
362
4015
1935
6986
4192
4279
2935
3353
1253
3359
875
747
6606
2334
3521
6130
5437
3644
478
4279
215
4973
3098
3650
2508
6959
4103
5244
5495
4570
1699
602
2252
468
5531
3040
6041
4902
5135
6088
6917
1806
3085
1518
2638
137
4893
1417
319
2293
3075
792
382
2504
6939
3406
3059
6257
1335
235
5860
2921
1780
1641
6485
5165
3523
6072
5069
3795
5243
1894
4700
6047
179
6015
6025
105
3757
3052
1456
5428
6462
6475
3496
501
4675
3563
4243
830
3909
6499
2214
1126
733
230
1328
6599
3002
6820
2248
1188
5263
2312
823
6941
4970
1049
3060
5528
6927
3064
3734
1150
1675
5341
3284
1887
2628
5558
2225
1691
5526
2726
3003
494
320
885
4378
3630
4541
2145
5206
5812
6935
6769
4025
21
6046
6874
6803
5284
6669
1104
4732
102
517
59
1205
4506
1819
5395
6375
4683
6013
2929
133
5971
1667
1747
3982
2989
6520
1948
3986
4759
431
2766
4606
4787
4242
4116
2114
6432
3709
6297
2791
6394
3537
5799
1974
1418
1637
2821
2036
3491
3703
4888
3497
3539
488
2172
4696
4601
2614
3055
6969
4370
811
1378
194
986
4842
4133
244
793
4218
5670
4001
1355
1890
3150
4396
1380
604
848
545
1991
5447
5814
5555
3121
1005
2114
5676
3006
915
550
831
3935
2727
5073
257
3335
3811
263
1038
3713
4143
843
4360
1912
1637
3436
667
1682
4942
441
2596
1618
4042
1
4551
1616
4565
5683
5343
1008
1029
2015
4536
5436
6719
1960
4696
4038
4105
4039
5860
4869
2010
4301
5440
4083
6814
2156
3342
658
5462
491
1560
1321
5068
5460
4904
863
115
4187
5572
1778
1685
4853
255
5667
1039
3770
5066
4746
6719
6761
6610
146
5110
3087
5979
5265
6216
5484
3779
3599
4255
5074
6081
3752
3543
4066
6419
6063
6941
1573
6975
6368
2281
180
1265
6418
3139
1500
1700
5616
2298
673
876
4603
4574
3918
2775
2070
3143
6935
996
45
1015
2123
1051
3578
170
1697
6428
3277
2342
1381
4836
5384
693
5263
6994
6852
1447
729
5232
3396
3701
4395
6637
6524
784
2013
415
1109
3448
392
5902
4672
2849
2545
5795
1332
1807
347
3807
1198
5818
4312
2064
284
6012
2004
5174
5054
2975
2782
308
1481
2317
4363
4530
3201
2951
1273
4200
3635
5302
5549
3940
4476
5840
5353
2340
5433
4594
765
4760
3741
3917
601
3870
4272
2915
6133
201
5794
5232
2198
580
4780
2797
3637
2831
4854
3743
2244
5444
6715
2326
4456
6804
5686
3882
3942
2899
1103
3128
3716
2290
757
5682
1957
6579
4522
3781
4991
2894
5502
5484
413
6658
6305
5370
1844
6352
2232
4140
3789
1249
2490
5268
3254
2976
3616
1418
2381
2378
1096
813
1642
2090
621
4783
951
2977
1980
4967
2374
4282
3876
3384
5864
700
3035
1687
5310
3240
346
6514
1109
779
572
5155
843
4525
2128
5404
3792
2751
1272
6916
6428
5652
1278
5647
4027
4870
5330
5476
5183
6321
4058
6128
6410
3237
2175
3009
853
3453
6239
3461
3146
3004
6917
4760
5731
2191
1801
2827
806
5325
6453
5858
6446
6316
2421
3390
2374
6877
6425
4321
4748
5231
4259
6737
1959
6953
3720
3587
5943
3185
4189
2393
3968
6370
5024
4958
5994
258
5175
501
6392
6001
3288
5906
3403
5725
1351
4288
891
6419
6349
3154
1185
4344
75
4221
340
5453
4251
2130
6462
2865
2047
1234
3594
4680
3145
3217
3300
6833
3006
4061
885
3078
2480
1640
241
1980
430
3449
5839
2202
2346
3658
6540
6991
783
3114
148
3212
868
1594
6959
3512
6554
5932
44
1274
3046
6391
6285
617
3883
4183
5454
6160
2471
5994
6011
845
3536
565
4173
6712
2099
3789
5432
1073
4849
5882
4196
5298
95
5942
494
5956
3200
5315
4707
2061
2601
4169
2864
2150
968
7
457
3315
6210
4945
3916
2244
3856
1440
1265
6369
3229
312
4793
2554
5135
5523
6511
5500
5535
2810
4799
6767
6007
6875
3578
6020
3767
2438
3139
5588
643
3297
5609
3868
4613
6388
2930
5277
3442
4431
1312
759
4308
1535
3274
5693
6660
2631
5954
3220
1609
1027
1390
1406
4201
2840
3877
1619
6515
2919
4472
383
5679
4881
3139
6150
5147
6925
919
4411
1594
1604
2421
5064
5867
6045
745
3560
468
6188
4552
4968
616
1629
2287
2621
572
2470
1185
3647
10
5443
6925
5786
5256
3939
5178
4941
3841
1560
4112
1547
4405
2276
797
3087
743
6590
5584
5517
4539
932
861
3724
4138
843
2093
5335
6315
5049
3954
4010
6344
204
3268
2482
4274
2979
6315
4461
2226
1378
5553
1313
486
1267
2787
1593
3411
2719
6588
5809
5557
4213
5118
1546
6392
6217
4334
4809
1738
5990
4834
2306
4400
6870
2890
6819
6154
1901
4905
6163
1579
5574
414
3881
4208
6421
5547
1192
549
2044
2265
8
3486
2961
990
5712
3881
6013
1445
4807
5390
1151
3144
4835
503
4350
2283
2633
5410
2397
912
2258
1408
2665
5891
4662
1369
4607
514
6482
750
4544
795
6853
3539
6438
4418
4145
815
6032
1021
6389
633
6105
6677
2367
5673
679
4179
4319
3352
848
2549
5158
3053
5511
844
3821
772
979
1675
5899
1309
1216
1326
5718
5007
5215
941
266
3815
1184
2131
3543
5833
3617
2183
1492
3017
6054
2566
6442
6679
2904
4515
2244
1645
5403
1893
3370
350
1262
4523
653
4204
4575
4582
165
486
5631
1875
2542
1412
1425
6531
5608
3505
3881
905
3301
900
3151
5000
1590
203
4050
2095
3303
4364
3673
6850
3489
1865
4869
2341
2446
4208
5914
5567
3375
5260
6620
921
5161
4339
6615
3778
134
1909
4222
768
4823
374
5421
2445
935
3696
6426
1260
4595
5464
1718
1198
4966
138
5162
3933
3257
2556
5836
5173
959
781
169
4026
1351
4216
5684
6762
227
3481
6493
6407
2853
5442
4085
3465
6112
1818
869
3518
5476
3475
5542
2559
268
798
563
4632
6618
6918
1066
1235
1755
1013
5154
923
116
23
199
1552
2635
889
6576
6899
6899
6997
3858
5535
271
4157
157
5882
1815
4706
3660
1719
3088
440
314
1690
1262
4335
1592
2087
3949
2409
2403
5383
6381
1435
578
5727
620
818
6229
743
3453
5235
152
2524
4902
294
6831
2819
559
808
3988
4835
5406
1372
1925
413
4952
4286
6152
1779
1890
2268
184
2330
2845
1368
1121
4133
6312
5766
6278
4079
4672
2335
2645
421
1266
6752
1568
6734
688
5282
6628
1903
842
4470
3566
1871
6228
6077
1641
876
174
1561
4516
1321
1193
3908
4697
6941
6220
2187
33
5328
5622
1270
5978
1692
6711
5959
4234
2318
2135
1052
3277
2344
3064
859
1019
6508
6799
993
4845
1031
5412
5198
6965
863
420
3089
117
258
6052
2748
6512
6541
1350
1747
3061
2246
4232
927
2635
2303
2087
3737
6014
2912
4299
165
5758
4623
6308
6613
1528
6534
5042
4102
6662
2713
4866
2308
3938
6754
6796
2045
2849
6643
1801
1708
3202
6207
5746
532
1989
5862
4684
6294
1288
2484
3440
2546
1237
3188
6007
1174
5431
6838
2698
5438
2699
5122
2903
6344
3300
3639
5231
6682
1903
621
1573
2771
4669
515
3025
3034
6622
1462
322
183
6698
6295
1491
2172
5066
1512
6844
3624
4198
6163
337
3592
696
5582
791
3306
78
6854
2123
4151
469
6127
6925
3828
1792
1822
5049
3086
160
5188
2054
5239
3398
6871
3999
713
3931
6830
6400
5846
1576
16
1923
2898
2610
2002
1487
4894
4893
3908
6658
2673
817
454
2853
2940
2314
212
4654
1331
2297
5403
1075
2387
3272
4351
5386
5349
4627
1579
1013
1397
82
507
3971
5335
2195
3377
1914
4119
6612
5435
2976
6059
6110
5621
2786
431
3397
6441
1499
788
4875
767
5421
4279
5933
858
2774
2354
958
5465
5690
3001
6159
6863
86
1339
1176
304
1597
5162
3527
4248
3371
4849
1751
3825
686
825
3997
2424
1261
535
4780
4765
2105
774
5712
974
240
1109
3407
111
6728
2557
3988
5447
6224
2226
4957
5338
994
3035
4916
2215
2093
6159
5786
6845
3136
1797
1255
4895
5496
6632
5447
5289
6050
3181
5414
6485
2820
3915
4540
2783
6485
5614
4380
6929
4597
1552
1390
787
607
5861
3268
5163
3540
2985
6458
1798
1465
6560
4886
2232
4208
5713
4879
4805
6172
5152
1723
3244
2269
3103
5656
4221
5212
2296
4252
4351
2137
977
1199
5352
2080
1485
2614
6730
4577
1699
3067
142
3815
3965
1543
296
2608
1055
4698
5567
4315
1282
650
6823
5177
6492
5287
5037
3321
3806
3959
6006
2119
5754
2053
3549
423
6230
4267
6639
4899
5097
3801
5980
2709
1929
5470
1972
822
4303
579
3883
2220
2776
1231
6051
418
6144
6189
204
5433
1573
5210
5099
4644
6382
3882
6092
1890
1806
5154
6941
1037
6896
864
3601
2735
1336
5406
5286
780
3204
6022
372
6050
702
5095
6402
3965
5159
4230
1582
199
4081
2712
2080
6924
2352
259
6547
2316
1839
3317
3730
6882
5355
2468
6979
209
3966
1748
6187
1063
6474
2087
3214
713
5959
3558
3440
6149
2715
4478
4181
6799
1637
4822
4258
6315
2414
781
4046
2465
6373
1056
6936
3575
534
121
4974
6480
2902
4475
1727
1338
5261
4825
1398
1333
712
5719
4835
2520
4626
73
4656
3381
1070
4039
6189
325
4868
2634
216
6734
4645
5792
6604
2360
1789
6595
253
2031
2797
3096
4718
2691
4737
4202
4183
6403
2660
1143
590
4152
1014
2707
984
5414
5584
5264
6932
1661
2436
5287
5237
22
1651
5664
4714
4640
2252
3078
4860
3467
5782
1782
6203
140
1995
2357
6861
3310
3129
4593
1909
2906
6397
6944
6739
1573
1726
3325
4501
4848
5763
5769
1458
6909
1627
5861
4255
5765
4032
4302
4624
6238
1886
41
1236
4162
3421
4894
3621
787
3808
2242
2163
6194
2578
3684
381
2654
109
3137
4467
1938
2950
1306
322
5832
744
2219
5773
1953
4915
2023
916
5070
5689
5287
5412
5400
2565
2737
4467
3620
4504
2637
6493
2283
1257
3523
760
5726
6056
1432
2353
5790
896
6800
2378
2193
1423
1365
3360
657
3443
4901
5364
6662
4594
10
3046
6972
2406
1786
1241
5399
2883
4663
4512
3059
6622
5017
3675
3192
2949
1471
2709
4394
1741
5877
3485
4902
4267
79
5710
769
1427
252
4453
6203
822
6134
3776
4312
4540
3605
710
6575
286
3275
102
2188
598
3674
735
5096
1141
1802
5145
6568
1521
967
5511
6899
4970
4199
6474
5204
2135
6144
3835
1752
2297
864
3556
1969
4179
1558
2387
6097
4596
3046
2860
2227
428
4315
6106
6450
4991
5524
2
5837
2808
3952
765
1922
429
678
6935
3335
4979
6774
1472
1377
2622
651
4903
6699
6175
626
4078
5120
5299
5355
2278
3483
5731
3398
4744
339
989
2658
4204
5797
6623
4958
5378
4697
3435
4962
6523
2447
1923
4664
1147
4978
2474
1772
6605
2634
5045
6315
2106
4528
1412
2239
2328
3930
857
1776
1388
1510
5708
5551
1923
2059
6976
1844
3426
3875
2430
215
800
2741
1988
3259
2845
6104
3433
3319
2546
1513
1719
1310
1476
6589
670
1038
2086
2114
6393
6525
4690
6575
3376
4984
2619
3173
4041
1405
4890
3341
4379
2928
5004
1136
4120
2099
220
6102
5006
5039
1650
4806
2651
4159
2559
5884
51
5179
5348
2416
3216
570
5574
2923
5684
128
1632
3581
653
119
6406
2514
13
2434
6537
83
5165
2221
1467
24
1726
1704
3769
2667
404
3698
3952
3087
2080
594
5805
6472
2936
6961
270
3717
2933
6908
3462
4264
3624
1293
969
886
2345
4456
5068
529
5014
1251
2975
402
4621
3031
4267
2844
726
1628
2674
2549
4720
1200
1399
2773
1294
1952
3611
1257
4870
4751
5305
6601
262
5523
911
3037
1691
2495
2401
487
3335
6675
4563
2889
702
3960
3731
5239
278
3655
4297
2071
4328
2953
117
2789
3599
2553
2387
5651
4460
6094
148
1326
2884
1037
1236
587
6070
1787
2188
3456
485
5495
4916
6416
5886
2246
975
4886
430
552
138
731
964
4152
4658
6018
3110
4409
6601
328
5995
2980
6901
513
236
1510
5989
1741
2472
3630
5953
866
1922
2013
1717
1515
1633
469
5737
5302
4076
5428
544
3252
6351
5082
5563
217
5175
693
2002
3859
4134
3118
894
2975
6620
3364
462
302
1786
3335
420
1831
1068
1407
3386
4455
4370
6355
5158
6715
1211
2965
1008
1174
1607
1066
2964
6150
4310
4367
713
6624
6290
5272
5365
5732
4863
6234
3658
987
2907
4136
2264
2116
6349
2027
1056
4295
6526
281
6899
6545
1470
1416
5501
6766
3557
821
6153
1804
2864
4477
4482
5659
2347
4516
2900
715
1753
220
3021
5207
1901
3309
2595
5709
6579
4243
5498
4759
6457
3094
5954
2011
2091
3378
1747
2430
2128
1910
2183
2008
1551
1098
3978
5713
4021
2481
680
1090
5510
606
3291
558
4348
3147
6319
1878
4353
957
5701
1915
1166
1931
3896
5567
6230
4205
6015
4733
74
6626
3111
3695
1113
425
5165
1949
5443
5449
5925
787
1826
5468
3217
1020
5942
5478
2650
506
5764
3203
6396
5784
6442
951
2513
2287
3001
6271
253
6636
5135
1028
48
5210
5728
5656
3373
3028
1849
3041
1135
731
3297
6050
4283
805
469
2865
1918
4375
3206
2395
475
5697
4784
5939
5225
4087
530
6562
5335
1065
2317
521
6245
3280
4834
4522
3937
2144
437
220
946
4981
3960
620
3868
4846
5245
3664
1456
4535
2852
384
1063
2290
765
1006
3308
309
5771
1252
2011
2255
6862
2012
1114
827
771
6914
5090
5671
1729
2822
3961
4679
1738
4150
3200
3946
5340
5153
3028
1351
3795
1510
531
6896
6277
866
1485
4363
4938
2592
253
850
5598
1482
5874
2281
4237
1406
6622
3516
6409
3060
5018
2851
5827
1124
500
1038
2836
3341
4918
5506
1222
3048
1468
6158
6636
1555
2218
3567
6106
6553
1712
5142
1867
3079
6955
444
3693
4617
848
2564
5147
5194
5720
4318
1695
6931
619
5564
1537
5346
5274
6973
1433
3068
885
5864
1869
686
3637
5219
4663
1557
5584
1872
279
3566
3079
3256
2456
5831
3333
2778
4865
3883
2350
108
4130
861
6465
5746
233
6188
3572
1893
1480
2333
5139
6890
5029
6183
3660
2515
6406
2479
2170
5059
3302
6707
6051
4067
33
6347
1232
1018
3191
1764
4409
3433
6793
2511
1571
4140
5582
6158
6520
6708
5055
5839
920
6065
279
4265
4689
2285
4305
3914
2841
4340
845
4299
6691
2383
2563
6491
3438
2592
299
3536
3286
3360
5814
4845
3556
612
5508
3973
3321
4790
355
2878
2187
5200
1600
4448
6905
923
4798
724
2465
2853
5144
5490
411
305
3612
5058
2290
6225
6975
3500
4087
5806
3903
3732
2033
3432
4976
3069
5365
4985
4263
1790
1693
3227
4676
4257
4609
1914
3576
1608
4535
2116
6947
395
6127
6677
1432
6956
2088
1872
31
2380
2313
1871
6959
1070
1645
4603
2974
1992
4750
863
5902
299
4708
2559
6103
2192
1979
3126
3899
242
5046
2852
2929
4354
3683
4807
5505
2805
6285
1545
3169
762
6096
791
4026
6576
6309
6777
4826
5517
4426
6901
3934
2017
260
4422
3372
2112
2187
2595
2579
5278
5027
6922
591
724
5555
1890
1805
1561
6956
4280
895
2717
2520
5937
1812
4271
4532
3063
4655
2254
5387
3495
922
1460
2632
2142
1824
3638
799
1716
316
2552
1689
2281
3569
5181
1659
3964
5326
6156
122
2818
3253
5487
6213
2083
2249
5213
6046
648
3938
5359
4190
1473
4799
4064
2212
2747
3134
6093
5298
5926
2410
5675
2357
6557
3002
744
2494
4079
5690
3570
6938
3890
6240
2196
370
3767
2270
4591
5352
6784
207
909
5599
5038
4991
713
3237
2447
2475
5282
1016
269
3530
4965
6426
1714
2855
554
1746
4415
964
455
2680
6588
1988
3745
4701
3114
565
4058
1685
4476
6729
6476
4122
5099
2576
6027
2478
5576
2579
1160
1652
973
2207
6457
4804
2813
1347
1998
513
154
2312
6599
5417
6269
4213
2770
6096
2975
1972
3880
1897
1582
157
2559
3571
6492
700
6698
3939
986
161
2876
212
5097
5628
4075
4328
1969
3691
6905
6057
1634
106
4351
8
2128
3670
3514
1281
6652
2542
6231
1057
5684
3390
4866
5510
5941
6665
1402
33
2719
5138
817
754
6359
1919
5368
5713
3466
771
71
1356
684
3975
5305
5146
4961
172
2861
1890
51
3071
4178
257
842
5409
1506
2430
2393
514
3351
2580
6909
3442
4324
1267
4561
660
6858
2315
5196
1647
6330
55
6068
5146
4234
2778
4892
2835
3593
360
721
1427
2444
1955
338
1378
4731
4521
670
2875
5014
2822
4607
3332
6112
2484
2500
3245
1206
3763
6180
2298
6265
4110
5326
5542
5518
5276
3046
3198
2263
2120
1322
2743
5891
1662
2562
1957
2592
401
2262
5833
1585
3030
5825
2421
4602
6039
3291
3840
5688
6413
3541
3841
3670
469
6325
2473
5650
117
2426
2098
4957
3828
2673
4237
2689
4259
3757
1701
1686
4044
614
6822
6333
1701
6752
3377
1014
3761
468
4167
6892
1731
4971
2927
5381
2160
1039
5070
4168
5824
5796
6578
71
4809
5187
4723
4700
1488
6432
3503
5568
3700
1201
728
6822
1361
2415
5395
6127
5302
1033
2136
3918
3028
4355
2673
3795
6763
2606
2914
1501
2778
4177
1275
208
106
2285
1980
247
1681
2526
230
1019
214
1629
4242
233
4773
6282
1408
1937
713
4399
3766
6202
1881
1824
1827
1516
233
455
4815
3294
5174
2411
897
53
2565
5024
812
3262
4392
6347
1055
6162
3918
5988
6832
3800
1574
1605
3652
201
6200
6338
245
1957
1384
30
2001
6163
3168
6117
2546
4637
849
4337
4344
5634
181
6299
2735
5548
5716
3043
222
4786
5320
179
6566
3593
4623
2813
4026
6299
1870
6293
1585
1361
4437
4738
902
3364
5770
4805
2448
5383
661
2852
403
169
6237
3481
6530
639
1838
1714
6022
222
1800
5198
544
3278
1293
773
4055
3562
3366
6230
3055
6483
2034
1446
6278
6980
4093
516
908
4233
2097
4890
1846
1945
2715
1109
1591
1010
3804
6709
3692
5187
6618
3976
4002
61
67
4866
1399
5810
2798
5079
4617
4304
1374
1224
1807
2199
6907
6820
6722
4973
1310
6046
5103
6356
1073
6964
4684
3537
946
4447
1980
2661
6282
302
6801
3664
965
6390
3965
3593
4192
3077
3445
4706
3058
5628
3507
5584
3273
1961
4102
2257
6802
4460
272
3518
661
418
1900
5072
1922
6541
5874
135
1060
6533
3992
5189
4152
559
3222
2856
713
1699
4438
3391
2604
6772
5287
3052
4611
289
29
2047
3537
3896
3774
572
3201
2762
611
3147
5899
34
3001
1365
1611
4086
1995
6606
4791
3992
4998
3102
3830
2135
1168
3937
1400
2606
1014
1022
3949
6270
3361
5325
5334
6887
6636
1490
202
634
5741
3854
6862
1994
6357
5268
4525
3384
462
4481
3959
3094
1704
3076
1761
1059
3775
3198
3185
2869
4125
1459
5139
4621
1832
926
3413
3316
4823
467
3204
3948
270
6909
1673
6465
5132
4432
1156
6566
1029
2736
5043
467
5825
3657
2231
6892
3992
1784
4651
2957
168
1366
1601
4610
388
1285
2451
5067
5739
5283
779
5933
2355
2428
2888
4939
1376
2828
6429
3059
4052
4241
5199
2437
5348
807
2036
2470
5469
3053
138
4291
3954
5468
3459
5641
291
4080
843
3465
3827
2543
5483
5784
3902
2591
3270
1725
3957
788
3644
172
6120
3439
1056
2440
5999
6186
6675
5380
6940
6903
4100
1250
2928
5825
3245
4717
6449
3954
6650
4185
6516
179
2968
2659
2781
834
1655
5778
3177
4661
3838
2533
308
4150
6306
2574
2411
4487
4042
5476
160
2300
6490
3654
5326
559
3418
667
5392
4495
1707
5199
4274
298
117
6696
6355
5465
5855
599
1606
6955
3557
257
3507
769
2951
3029
2631
4249
6340
1752
5261
958
6098
3292
847
709
1752
5063
6125
4818
4050
6784
2176
5017
5624
4916
4356
992
2692
1830
4776
2513
3837
5670
4963
5638
3205
4312
2917
2333
1596
5885
3775
123
447
5879
5696
3533
5049
2789
1277
2473
4156
4486
6755
5619
1179
907
6916
6211
1935
6277
2077
2604
6484
3398
896
1400
6632
1763
2450
2703
647
415
4602
902
2934
1403
3093
3891
3562
4065
1346
4063
4972
4879
4727
2237
1940
3145
4640
2487
3678
3272
4158
5207
6477
854
668
5939
4179
4411
5233
6570
346
361
1987
5819
4426
1212
1081
6900
4207
1470
4202
3952
2934
3087
5407
6098
3181
4233
6706
4382
4612
1753
1130
5975
4052
1369
6284
1011
626
515
3248
6146
2311
6488
4749
3813
4671
6303
4161
5244
4420
257
6264
2280
2775
4096
6528
407
6763
536
5736
301
566
5814
147
1519
1372
5253
6557
3340
6161
4215
1856
6516
1259
2224
3691
5794
2354
2815
6104
4302
405
5886
4753
4299
3203
5088
3870
143
3026
3490
445
6721
2231
6898
3086
76
4691
5388
2882
3762
6078
996
6408
4764
1450
5
4971
3301
2551
5448
5188
1159
4134
1032
751
6429
1428
5658
6404
5791
6774
4843
6933
5484
980
705
6487
5018
4467
923
6927
2296
6482
5661
1330
1757
4024
4331
6176
3834
1760
14
1830
6314
4683
3173
912
6394
6977
2707
847
3578
1763
3574
1372
6043
1223
3920
4945
6868
1849
6446
3520
4157
3651
3998
3939
1652
4681
597
4887
4813
355
6742
6541
923
376
5695
102
3670
1875
1110
5723
405
3037
1505
4014
2299
1159
6530
4297
4926
4409
3953
4449
626
5932
4675
4038
4700
4249
2345
74
6162
6420
5067
2451
4096
800
531
159
6605
184
1111
299
2932
6767
230
4728
5198
517
4379
602
3341
3535
5135
1630
4340
6346
1881
6416
6130
2539
6224
1391
6565
5526
6050
4437
1362
505
2373
4470
1851
1316
3018
3572
706
6295
41
4317
1530
3240
6848
514
6140
5839
1037
20
2087
1680
1659
2653
4217
3389
1033
3112
4474
5509
1589
2071
4024
5045
4000
3071
1044
5225
5635
122
3747
5024
6416
6904
5121
6857
2171
4795
5825
5349
3863
3246
5895
1635
4581
600
1190
6393
1575
3043
6437
462
1490
5580
6739
714
546
2630
2868
4454
6871
3720
5468
4701
5006
5511
6993
5910
58
873
3453
3293
5857
2744
1400
1221
3115
1158
1028
181
1125
2539
5938
5372
6732
2329
3162
842
3333
2480
4367
1148
729
4515
5161
779
2846
6101
3156
5146
6961
4249
2238
5555
1390
6446
1502
6397
6274
4147
1040
5563
3784
2308
6261
3164
4368
2489
6519
1914
430
591
3513
361
3718
4966
6709
2343
1549
6599
72
2682
4866
3935
1800
3018
6716
604
1653
61
5365
1770
573
1040
3428
699
2698
3257
3441
4121
4126
5846
1945
3305
6559
4497
457
5190
629
4059
4174
5303
5047
3185
3691
1399
926
3936
1981
5830
2970
6881
2969
48
672
536
4901
634
4245
2303
3235
2613
852
3354
6681
297
4883
4087
3830
3279
276
5980
6495
403
2055
1964
2783
3484
4773
943
5798
4033
6791
1245
3832
6081
5165
2319
5806
1631
2346
4611
6322
3529
6916
970
4723
243
146
4903
5209
2917
5383
6734
1122
3757
2731
6838
2195
3650
2736
692
2
2143
2713
870
1824
6576
4935
1617
5780
2165
1253
6040
2163
1296
3403
4794
1659
891
6881
4102
3462
971
5761
6917
4436
4147
3143
2155
2898
3079
5820
5724
1335
3054
6957
6760
5044
4154
2034
3826
6827
5472
1307
3531
6856
470
421
4949
4749
1662
274
6111
3682
6790
5039
6508
5377
2128
5150
352
1528
4389
3972
121
3367
1921
5669
4709
4033
3491
1275
3782
4431
884
4478
1215
2872
6249
3365
2481
1605
3062
4858
790
2752
2305
1508
4153
5333
777
6718
4248
3017
6633
2397
6592
4631
5268
4751
6699
449
3958
3070
6312
3972
2525
4427
2992
5500
219
2016
1952
4870
4929
5982
5744
5173
65
6413
6927
1651
3152
3282
2592
1457
4310
354
1093
4603
4700
3541
3054
2314
3216
638
1686
2381
2616
5063
6803
1474
401
