225
151
133
256
216
127
111
1
16
55
146
219
290
0
19
89
89
133
204
226
68
247
42
116
124
140
230
136
49
64
9
267
108
42
23
33
277
145
120
149
255
110
86
139
121
291
287
291
240
83
152
7
63
57
298
184
130
266
281
218
4
254
247
72
136
259
292
164
284
90
237
257
93
293
81
19
206
54
284
296
103
181
55
292
65
263
157
216
253
79
194
181
199
247
85
283
75
92
107
249
227
39
111
207
146
244
97
190
8
18
140
86
30
141
83
150
130
256
135
77
2
293
68
217
34
10
215
140
131
180
113
56
219
104
194
16
47
179
199
285
220
178
269
271
293
181
152
0
30
193
48
111
107
46
132
55
65
192
285
75
238
74
65
158
135
268
10
103
138
138
221
127
2
166
212
60
261
27
149
90
132
225
224
278
54
253
81
190
19
256
146
155
208
244
144
186
52
204
54
270
121
293
82
152
105
27
229
285
93
142
158
117
81
10
219
73
58
65
259
214
260
143
80
181
283
73
1
228
118
143
96
31
51
289
135
116
294
33
184
37
176
154
275
228
132
60
248
189
135
120
47
36
265
285
281
277
8
17
100
144
56
98
282
255
88
56
99
280
169
31
105
158
4
290
189
27
279
128
137
130
101
213
292
58
90
137
71
43
220
44
90
223
179
228
98
118
264
263
154
135
