1599
66
791
154
1702
1790
933
1203
454
726
722
901
1507
999
1320
454
1182
1878
1384
1128
1840
1933
1930
527
1122
1575
1809
1716
169
707
1117
1413
1247
264
554
342
28
182
1862
280
516
1444
1104
1492
777
140
636
1445
1857
767
1267
303
531
1558
743
368
123
1702
1988
833
637
1775
1185
1800
1510
1041
662
622
1549
1180
72
824
1417
1874
1072
1236
1372
1803
1433
1026
1309
629
520
1916
1380
1750
1846
1364
686
1456
1833
984
1312
943
81
1268
424
402
1086
197
1630
1539
542
645
202
549
644
1416
1552
1209
1268
818
1654
45
683
1299
870
1234
396
48
1070
1704
773
670
1013
1704
1920
1197
744
429
1397
1264
803
1664
525
1093
1915
1663
529
213
1783
938
1505
1929
1775
1546
1440
1734
1453
365
749
1495
1296
386
332
455
1552
1533
627
1335
187
1832
1585
882
1166
1271
824
1258
1359
1862
1211
14
1159
1217
51
1867
1005
463
1276
1468
446
1932
1084
207
1128
1938
1427
517
1685
372
1693
1894
598
486
1061
751
1125
1068
1108
1977
1484
1821
1319
727
211
1523
414
44
756
1138
1809
1174
1724
307
1565
1435
1242
1485
1852
190
1193
974
803
206
90
235
1668
604
1019
1954
1188
1654
660
1256
1223
1173
1952
1668
1943
863
984
310
1284
426
1563
1606
197
558
906
1717
1565
118
447
370
792
1763
1998
1451
1108
668
1460
477
1149
933
700
1915
977
1643
721
1847
1666
106
1901
352
1977
1916
1983
1256
1976
94
1547
672
856
512
1644
482
1473
1224
917
1275
1192
452
549
739
34
266
1656
810
1831
1950
1018
1233
1906
432
390
1330
1813
1134
1181
573
1977
269
1186
1249
1490
144
226
563
1441
1219
18
893
1220
23
272
1622
1032
1369
1819
730
1279
417
1919
1766
1740
52
1096
1138
1898
55
760
1931
1389
1713
1811
796
160
619
1623
88
749
294
410
1223
540
1241
844
1883
627
1350
635
1229
1899
1880
1940
1545
931
763
1031
1875
1677
1560
868
1396
1239
172
1394
101
1012
1028
1935
1814
857
70
705
908
1284
319
1866
1269
1894
373
682
73
1617
1928
654
1423
764
1034
151
56
1187
1047
22
669
1067
1347
1779
80
500
703
524
945
152
1304
154
496
1824
1628
1440
553
1061
105
1869
577
1299
1092
64
139
1354
1971
1451
488
1038
904
129
25
1423
1290
393
1762
1651
1537
804
1868
398
574
123
1991
1812
357
449
1131
805
648
231
681
343
1633
959
771
1746
235
1737
84
1508
621
313
669
932
1381
1593
1965
1604
509
90
892
1456
813
1830
1045
644
1485
1137
1534
682
244
702
1109
191
34
1022
1961
599
1830
1091
289
1239
1437
1826
1037
33
520
423
279
221
24
1650
1605
578
697
1600
1359
1748
1832
517
1383
535
418
1188
1497
1377
1275
1569
817
14
600
893
1572
221
1193
929
1212
920
1190
246
1731
769
1861
657
1291
1623
1062
508
1127
760
1371
1007
1674
928
1767
622
186
960
225
284
592
1130
549
1485
975
1561
1847
633
1183
1565
37
780
757
1219
585
90
1153
852
759
1648
643
4
201
261
506
1962
1541
1152
1755
80
1511
1635
26
1680
48
853
1640
942
1195
1230
26
549
72
363
1217
569
1159
1953
411
284
18
734
1814
380
1847
683
1836
873
465
1822
688
20
754
1755
531
611
447
250
434
882
1368
1685
1280
419
1042
280
60
582
1779
331
1503
99
1114
1387
148
148
216
20
868
1312
1231
43
1725
1922
741
1127
1630
1256
212
1664
1313
1959
1426
1696
326
1404
1432
1655
920
206
1618
810
95
735
914
1755
1937
1712
176
1187
341
596
226
796
694
765
148
1500
240
1683
549
1867
570
1555
830
149
1936
356
1103
59
1835
597
967
1748
911
1185
1663
642
1554
1061
1204
447
980
392
352
677
383
1593
612
1308
908
535
1476
1839
1679
1561
911
8
1009
1342
249
1754
536
1630
999
1549
1669
1248
1878
1315
1129
613
648
697
149
545
604
26
428
362
104
269
951
1352
326
431
1334
1949
969
59
430
1934
75
1158
1747
1727
1444
1079
1635
1021
425
1187
812
853
1838
1959
187
1410
617
846
1874
1492
85
1427
1381
1787
1999
1504
610
146
609
1572
1866
1033
1433
1732
880
939
21
1512
77
1647
1885
1526
942
777
860
1196
1307
384
701
1510
1412
1819
1534
240
1194
244
227
262
487
846
122
1111
395
387
103
1255
1972
166
1420
1299
1801
600
1814
1616
1971
294
1238
972
872
1519
1402
1254
1110
1715
648
1258
505
470
118
1876
41
916
153
1542
1602
703
409
405
1665
452
861
1165
1624
1036
1272
724
1951
862
927
876
1720
1937
1509
1810
1228
256
1414
1828
1174
1462
1244
128
1100
168
833
1207
630
1346
642
1376
1901
425
1212
1993
81
880
1031
520
1542
1255
1451
815
1324
1677
1474
126
58
614
1260
1618
1447
487
1657
1644
164
1806
1847
461
1929
495
712
29
1835
1689
1150
619
630
1960
1158
110
461
1091
175
1449
1067
453
1029
1517
1557
441
1711
249
1374
1662
1857
1789
790
730
1134
492
368
1723
765
800
1871
360
407
1575
924
295
875
474
502
1959
958
255
1879
1613
578
20
1055
365
1746
492
256
1886
39
1799
1941
1408
1114
1753
1055
681
279
188
573
1386
1946
497
1351
545
136
1650
487
1960
525
1779
101
1722
77
1767
62
646
1001
399
1456
1500
1889
1341
1749
1604
736
1127
1097
1374
712
535
1337
1940
987
318
1162
571
1955
345
1187
665
1455
124
553
160
1690
1914
85
1352
265
1367
1699
539
1889
1253
58
730
323
250
195
669
1685
1907
407
72
1198
1233
1754
841
222
1730
526
669
424
1371
390
1874
1229
1889
952
7
277
1351
1037
1120
1516
881
152
406
24
326
1056
859
131
517
428
795
1145
751
714
1598
382
1906
1469
970
237
725
1361
389
1129
543
859
1800
1826
1075
129
958
263
1606
1027
940
818
1744
53
1516
1556
1360
1451
129
1549
1514
1968
1247
664
172
418
2
1697
175
1437
668
1156
1385
1746
445
1091
1407
1124
1130
4
727
960
1312
773
779
294
1170
637
1146
1944
223
1408
264
1965
479
750
806
1715
1675
920
989
1423
828
1936
1251
1922
1851
1229
64
682
264
312
122
209
1543
1862
860
1751
516
1217
1573
679
1143
1029
1757
936
1506
1717
1234
1938
824
1895
1905
1307
1112
1987
1409
253
1958
1075
1368
6
619
1239
913
556
1043
24
1861
1579
20
694
662
1436
1390
865
1339
1107
1630
1648
1125
309
732
130
1345
164
1717
159
1862
553
563
1865
1822
1965
711
1860
673
788
1113
143
316
70
1302
1103
193
235
25
1975
24
1283
724
1685
1987
543
1597
1084
16
1103
1526
1929
1975
457
372
1780
1059
867
1249
1589
1230
1725
237
1920
1060
1630
96
943
970
1033
1274
171
1271
1931
1899
935
864
1268
1758
1209
354
592
1696
1109
56
753
1103
23
1101
843
541
1837
299
380
1892
1599
274
677
147
412
772
649
1702
1906
269
1793
1237
521
191
377
3
365
492
939
1446
1751
205
486
1750
1207
1231
906
1454
1263
541
1411
672
1759
1480
208
821
1256
1668
1343
450
543
220
1942
1894
1905
214
1344
864
1437
112
1267
701
1123
1418
1914
735
1271
1981
244
1737
1265
1625
1368
1638
1092
1532
834
586
1449
14
1903
608
1911
186
561
1043
1281
503
1247
1224
1085
1301
828
1752
876
418
1619
1964
1819
1452
1020
705
341
417
1869
1163
706
146
1872
1141
1889
1814
1805
390
1645
170
84
1871
1551
1335
873
1105
400
108
460
956
936
634
1683
435
584
271
119
939
576
889
1688
1105
1006
1292
1038
251
1109
527
1885
246
758
577
1892
911
1661
521
754
446
234
1467
133
1101
986
198
320
1398
305
1242
1800
586
1719
151
604
494
268
1568
895
1103
713
126
1012
134
1461
98
676
647
448
98
1886
1731
1487
1989
652
862
1973
1258
1165
1643
1499
689
1429
83
540
1837
1806
1124
159
881
1320
1670
1281
248
932
1913
750
1377
569
1930
220
1527
849
724
1476
238
36
1283
750
905
479
1524
121
137
1392
1481
852
928
1696
665
1883
1876
845
1411
545
814
1347
114
1894
754
615
1900
245
985
896
101
797
1003
754
753
954
600
1848
1815
879
741
573
1841
1634
980
1911
143
1509
747
353
571
1324
423
1396
1975
256
490
337
787
95
591
1677
490
733
334
346
1724
555
379
1966
839
610
1593
1665
526
1580
780
1208
1180
1920
1964
1321
1
200
773
1723
1947
1280
364
1132
320
429
1004
1182
1464
1048
1293
191
1559
1302
1558
1443
1000
1429
1482
848
325
101
14
1318
1842
1952
1194
1225
154
1240
1806
716
1474
1851
1052
700
1849
1749
1955
1718
1361
1379
1404
1318
1719
943
1869
701
1373
1837
635
1550
1769
401
460
101
119
746
1802
308
250
351
1828
748
1487
1349
1582
820
82
1178
169
1401
1402
1713
1166
3
1903
522
1331
1823
156
637
864
1166
815
1251
795
1945
1198
1153
367
831
1332
210
1755
1869
632
320
679
761
1214
511
1202
1803
1815
6
982
521
1108
1627
909
1037
232
1881
877
1029
651
1056
927
646
714
1194
1293
606
780
998
1993
1989
1744
1314
666
271
1410
409
433
993
140
1703
443
285
1769
1541
1775
1148
965
1926
567
1574
640
1693
635
1185
1569
1864
456
660
359
413
720
1911
523
271
1611
1609
1073
1149
1164
1677
1069
1687
1070
130
339
110
781
942
1799
1031
353
54
1394
748
100
1981
1542
1456
1813
838
1257
908
1765
1559
1405
74
1903
924
288
1757
1509
613
1055
379
1669
1230
133
1209
1242
1977
1618
609
1039
153
1559
2
1566
861
1293
580
1047
1064
1365
1383
1756
1897
1514
1959
489
92
1474
526
625
1948
1396
22
787
1027
1316
1465
1452
911
1450
71
1653
1907
144
787
1821
1991
1514
187
658
1709
1903
562
393
258
982
251
365
828
140
148
212
1830
1505
765
1292
37
1859
755
1573
758
1747
270
984
711
1283
1939
645
1918
592
390
667
1626
749
1537
1535
1604
997
1081
1264
1153
1570
819
1345
1063
1707
579
1957
1913
1639
1132
1081
737
65
1593
1691
1690
644
38
73
1639
949
1708
644
706
880
119
692
741
811
438
1460
719
1479
191
349
1267
1636
1324
337
1779
452
582
942
1285
152
1244
1283
1855
1798
240
1742
1316
1292
750
1251
1147
1886
826
394
1624
1068
1125
559
249
1903
827
1293
143
1458
301
1236
887
1869
1574
566
1780
1788
700
610
571
958
1044
1176
779
857
1394
1676
1958
1867
1132
197
673
1020
714
1157
548
1647
397
466
830
215
1353
1763
840
70
784
679
1188
497
1772
414
1218
1775
1896
