55
116
114
168
64
26
55
67
125
189
129
107
79
148
0
190
87
163
190
162
99
12
104
2
112
168
97
186
74
118
91
139
53
90
3
82
79
95
63
19
181
135
7
140
47
14
70
12
88
167
3
82
37
46
0
73
82
69
102
65
3
162
187
41
62
38
146
144
179
96
69
20
124
47
192
138
15
198
197
163
117
50
120
87
134
168
39
75
83
153
8
134
8
55
15
138
28
49
194
54
6
90
122
152
70
0
40
96
5
89
138
55
18
64
193
158
89
68
152
132
74
65
179
47
60
136
58
35
188
33
144
136
142
130
156
69
150
143
91
187
164
153
80
181
50
4
66
131
11
119
8
102
121
120
179
150
115
160
0
31
73
146
64
185
94
114
86
190
33
104
133
15
136
3
164
40
9
2
103
58
126
134
2
87
69
19
140
64
105
93
198
10
40
64
7
55
154
167
29
128
