248
2557
1541
2640
4877
2525
1180
326
3261
2374
529
4543
4137
38
4938
4372
2522
2249
45
2307
3005
4897
444
4780
3111
2164
1050
3056
3992
631
1672
2557
4431
4521
3492
910
3595
90
3190
3639
1728
658
4704
2191
2270
1510
3866
3990
3970
2325
2960
1374
215
8
3872
3110
3861
3336
1099
2568
4788
1058
632
3236
2285
3157
2391
2070
4053
2860
697
691
3479
327
2209
1353
2525
2980
1279
2980
4683
4507
361
3956
4856
1879
3854
3604
2497
4960
3769
4174
3892
829
1630
113
4238
1054
3188
3828
2953
320
63
213
2558
4050
985
258
2995
1437
2148
3025
2913
4088
1686
747
2116
1473
4834
4011
3704
3551
3679
180
1484
2660
1975
2168
3998
3032
4486
3053
1915
2241
309
4713
745
1799
2706
4903
1955
2035
2262
2538
2328
3264
3266
2550
3736
1546
3671
4078
2284
2570
4169
3295
3257
723
2407
3172
481
3159
2073
1459
134
1483
4574
1996
3827
4842
1450
1866
753
4684
2520
4802
2891
687
3305
4313
4847
4054
4641
4882
2434
3157
3411
1932
1406
4159
4041
4897
2090
1351
1402
203
798
1058
3767
1682
210
30
1419
3041
722
884
2159
1702
1232
2048
904
863
358
3681
3886
698
2558
1356
4553
2389
2984
3923
2450
3453
3823
1635
1251
4514
3368
931
444
310
4216
952
3011
598
250
4686
3671
3657
3113
944
3529
3598
128
4720
2424
499
156
4315
4704
1376
674
3035
4349
4753
1722
4184
938
4242
3391
4081
4464
1853
786
324
4829
4407
2763
389
1244
3256
4044
4011
3946
761
41
4606
3900
3472
3607
2845
1594
815
2152
3404
888
4475
3809
4010
1409
4736
4536
3784
1584
994
685
3430
1333
2926
411
3544
1713
1983
4971
269
2758
4900
2814
4328
4541
1742
3621
2551
29
3120
647
105
1781
1071
2414
1541
3126
1465
1678
29
1120
3986
875
4969
3072
3185
822
3016
1330
105
2187
2162
1073
2691
4290
1433
3384
3185
3337
501
2364
3621
1250
4534
640
1224
2990
4860
3644
1719
4982
3091
1956
104
3113
603
96
3010
2263
2443
2877
4786
1912
2157
1359
994
2994
4093
1065
4964
4982
1691
4179
4412
3022
4480
4262
3243
3917
308
2928
72
850
4894
1271
3793
3523
1494
3651
991
4306
3156
3460
1231
1662
4563
4772
3797
4353
1696
2931
2163
1537
1588
2222
1288
3198
2249
2163
595
487
970
2548
2798
2113
2122
3501
3760
2277
310
2932
4099
3524
543
3604
700
2241
3032
2749
4704
2236
270
4779
1323
1175
1173
3897
4804
1246
3367
2907
3509
296
407
597
3223
1428
1580
4188
3298
202
761
4302
745
3464
2425
4320
3980
293
40
1700
3295
1509
3900
3445
4480
4666
4410
1729
2142
1099
493
2033
1941
1052
2938
2504
4805
689
951
4590
2018
904
3050
2216
3799
1418
325
4117
4716
3110
1110
215
1622
2507
4213
4076
1221
847
2807
3961
4969
3384
2504
4354
3901
734
909
3376
1782
532
1399
247
3405
1569
2460
1363
3624
3527
3703
1695
79
3184
2904
2601
1057
4623
4918
3613
3135
4642
1464
2301
280
3386
4331
2570
4340
1396
1757
3953
1325
4896
3273
4365
2839
3475
212
3236
4192
1803
4788
2633
481
3662
1992
3990
909
1007
1169
4596
865
31
4912
4577
2777
2116
4130
2956
2084
2736
4774
1327
1901
289
4592
2969
3731
4824
4205
3920
1514
712
958
1360
3800
4902
4130
2194
3460
3199
60
3828
728
1802
388
353
3863
690
3505
3189
1265
2432
2652
974
3028
3212
3864
714
4133
1805
3109
3050
1092
4333
2731
2112
4989
34
1236
1658
1595
2802
3515
3130
2175
3726
896
1049
2998
777
1005
1832
3768
1646
2739
851
4997
932
4997
2506
3754
2111
4670
1301
4441
3187
2815
1116
3455
3111
1968
920
142
4052
4600
2778
227
4577
4352
4781
2154
3629
1377
2258
1029
3775
3070
4913
4460
4605
468
1854
910
2080
3445
528
581
176
1836
345
4456
3025
2724
2178
3449
178
4081
2847
231
4213
2927
3946
3847
4776
3097
1879
4563
4192
818
3291
1340
4268
2936
1266
1772
2125
862
2700
252
1192
1904
859
2732
4468
881
3947
737
1599
2961
4542
2464
2920
2123
3875
3345
144
714
2570
31
4163
2403
1487
2139
1172
3893
3009
1848
4146
2405
3390
2794
3061
2654
829
3000
1684
1166
3935
512
1567
804
1722
1
404
4630
4644
3916
809
4239
57
1788
2124
4132
4328
2676
2122
1575
1520
4223
1154
1317
947
3459
3886
3907
2620
775
893
3038
4202
4396
4999
1935
2417
1023
4399
1629
433
2068
654
2692
4077
3270
73
4507
299
875
1969
3611
227
3269
779
4300
3725
1627
2052
274
1027
2774
2395
3236
4640
1079
563
4989
1885
1150
1627
635
966
2845
3211
4821
3869
979
3125
3938
4818
1284
2166
1228
557
2821
1920
2908
850
4454
2645
1023
984
4529
938
429
94
2398
1621
882
2426
3857
1613
3614
1984
2691
1677
4919
1187
2124
2028
2894
4707
2339
4364
3735
2939
3476
2452
593
4549
3592
1181
4190
69
3931
4285
3661
391
3062
3419
75
4869
4164
3265
1104
3201
1018
943
4333
4180
4936
3841
3811
3896
364
1831
2134
1464
2997
1973
1265
1146
173
2030
947
2246
3752
178
1424
3070
2209
2361
4066
322
812
2003
3910
4895
822
2805
3611
563
4384
1386
2372
4919
4963
3748
4495
4193
2605
181
2670
4446
1513
4991
4627
4240
1981
3251
2769
1857
1205
3010
1725
1845
1173
2902
3099
1029
1523
4004
3045
2053
2459
449
3911
3403
4388
3134
2749
1994
3264
4769
1709
3715
2840
313
1353
2599
1542
4406
3229
4868
148
2874
1200
33
4370
3440
4325
63
3557
808
3440
3766
211
3059
2822
641
2579
4417
581
447
4200
4005
922
2711
4799
2698
4106
4751
1478
4725
4408
169
2916
4630
3421
1635
2952
3196
3286
1897
3969
763
151
3265
2052
3517
749
2811
4548
3002
3946
2043
484
2597
1497
3708
3808
510
561
2227
3466
4549
2158
1893
2680
3833
786
1670
2234
4917
387
3439
921
2476
2479
3763
2235
2249
4954
2334
3843
701
1608
4563
126
1717
158
3112
3608
967
2474
4104
2901
3986
3427
4517
4603
2184
1074
3175
4268
3489
4776
1126
1914
2140
386
1560
1003
2964
1520
4119
3228
3165
3715
1226
650
4065
3924
2886
68
2196
4377
849
4907
2096
210
4708
3611
4926
4250
3562
300
2610
3113
3008
4697
2441
4278
747
2801
330
914
2049
4460
2774
3224
133
1669
925
104
1803
2710
4486
4354
3387
3570
4403
3656
1621
3387
1631
4501
2658
4603
1269
1649
4275
2160
758
750
4985
1857
1766
3389
4960
4797
820
1713
1832
2739
1965
3750
1569
2619
1659
1298
810
3787
4079
4329
710
4503
3288
3807
2493
184
1446
869
1674
3172
16
47
3174
2246
2598
2269
2856
316
556
3053
359
3983
140
1697
1014
4360
1511
2356
4122
5
2807
1272
163
2962
476
2100
1868
2485
1553
2089
4201
4818
1546
4491
4621
4261
2613
1949
1669
3789
3594
2677
4981
365
3528
4479
556
215
1485
2933
2686
2970
1673
347
3966
3690
680
3952
3094
1846
290
673
3229
2612
3425
384
1755
3497
3150
4322
2852
4237
4057
383
1486
1306
1723
4410
2441
2502
4785
2287
75
1606
4023
4604
717
1730
4799
504
4445
3976
4757
3913
1064
1312
3528
3706
1796
430
2487
1801
567
2526
3381
494
4048
1650
114
4255
4496
1847
2936
3856
196
3862
2415
824
3770
278
3741
623
3022
2406
1278
4172
304
1528
3467
99
2323
289
3098
4043
2364
4054
34
3118
4869
2696
2906
3009
3709
304
4853
1299
1878
245
3067
4315
3363
4538
975
4194
3748
1133
72
4935
1207
3570
895
4201
1341
3006
1276
4119
150
1527
2181
1148
4002
2161
1997
1318
1981
3259
68
2381
3453
4704
4272
3113
1427
522
696
4508
2820
4241
2641
1174
2163
2216
3631
415
2589
1296
3218
3904
1537
3070
4986
1458
3170
552
2448
3064
1690
238
4690
3169
3372
771
3795
2741
798
1690
69
2913
946
429
1107
3029
2231
2368
4864
3570
2521
1396
758
4601
3249
3544
4660
3207
2594
2954
3927
4428
1146
315
2587
1827
824
585
1982
4020
105
3110
3025
4325
1569
2917
2164
1103
3536
1853
1525
612
2650
4757
4397
3519
307
4015
519
324
1414
338
2133
2230
3088
1552
2009
23
4805
126
2925
4546
2766
2106
4488
1756
3350
1270
3382
609
864
3882
1034
2467
1279
512
563
2726
2401
2561
2024
3407
1929
1285
1336
1090
1183
448
18
818
4823
4904
1054
2811
3843
2370
4807
3723
2629
1172
70
647
4228
317
1220
707
2754
3489
4403
721
1865
1329
1810
803
552
3231
3771
1227
1878
1766
3010
4039
2889
4272
3220
586
994
1858
553
1765
4737
3954
2200
1925
393
4857
4014
3030
2584
2587
339
2470
2478
4650
1537
4500
4183
474
2729
206
174
4736
3564
26
2143
268
4179
4172
2473
2262
1755
1919
3407
1373
1472
2855
1138
409
157
3970
93
1338
1918
23
812
1938
1970
3454
1689
4957
1696
599
2124
3265
2452
4103
3527
3184
678
1333
1803
3210
1568
2243
2803
2712
4266
1256
4419
443
1604
2514
444
435
2951
4337
175
2036
3984
3070
4587
2850
818
3482
717
4829
743
4291
2323
839
2051
1561
2861
4930
4141
527
632
2264
4322
1733
3336
4386
4664
83
690
17
660
919
1683
1131
2864
3879
4584
677
1596
4331
2244
2024
992
3929
455
6
892
4324
569
4571
2621
1823
4011
1840
2788
1490
165
786
1651
3535
4242
1633
2111
1951
1581
1589
4061
3262
3030
1435
2683
1789
940
4957
3660
1598
3657
584
2414
1993
1589
2055
4004
1029
1000
957
35
1691
903
871
2332
4476
3017
1439
2005
1419
4743
2045
2652
2309
3295
4296
657
1261
3292
82
4374
3244
4387
1114
1717
4405
3451
1763
4127
2199
2466
2866
3213
4147
1
2981
356
3998
1115
3478
4698
3616
783
1663
2903
3306
1159
2015
1379
1911
1013
4330
1826
1609
977
2855
3254
4452
3025
635
1793
4776
158
2852
972
1256
4542
2400
713
3719
3060
2315
2698
874
928
2414
1541
184
1500
2869
2797
3231
2756
4337
293
1376
4824
3444
99
2602
2738
1156
3454
2780
2399
1558
3398
1668
1980
2596
951
101
4519
4929
4273
2085
206
1056
1119
4188
3919
4349
3330
2976
4622
4619
2658
4582
1100
4525
2712
2859
4650
1168
3915
3224
3290
2749
4237
2988
3942
917
577
4923
1104
1020
3475
740
4461
3592
2100
1977
1319
2331
232
4135
1965
3540
1710
2029
1033
4493
619
3594
1342
1405
699
3951
755
4213
94
1427
2785
1103
1531
2685
1133
2986
1572
2532
1858
1730
29
1643
774
1061
4058
2320
1903
2824
3828
4963
1482
4680
1815
764
2480
253
3091
173
926
2409
4629
3079
159
3494
3722
3360
2280
1724
2655
3825
31
2770
2776
3998
873
3196
2707
431
2111
1619
2296
4636
2436
4707
504
4109
4022
4350
4430
4487
3262
2837
1070
4442
2790
3814
1505
3823
1790
513
3490
3207
1378
3244
1520
3943
3660
4735
2393
1856
3561
3698
2471
3482
4379
3290
2153
3032
2275
1946
433
3823
4584
2262
3917
4977
4856
2891
3060
46
2874
370
1999
3634
878
1524
442
2641
2218
1344
470
2422
2129
559
1164
3251
4650
2960
3640
3171
1411
3047
1583
3939
4783
24
1126
2152
3939
3601
2064
4450
3721
2550
404
1581
3815
4998
4225
184
3144
1867
4791
4406
2916
4023
4772
682
438
4017
2191
2768
1786
4487
324
1783
4281
670
2372
2978
4514
4564
2665
1181
399
1983
4419
973
3737
806
1146
2712
4377
4597
328
236
197
2430
3786
2844
762
2930
1051
20
4004
432
437
4045
4919
140
1853
1820
825
1601
1345
3853
607
1497
3329
1822
3553
1144
2496
4078
4146
1249
4613
548
87
3216
3346
2723
2388
4711
2720
2115
141
2940
269
4411
1128
1104
812
4970
141
4994
1559
2150
4030
1177
4362
2292
1865
3072
4071
2501
4455
340
3154
585
1136
858
3417
2309
541
2291
3506
2536
714
2825
2337
1172
4238
1843
956
4328
2144
4108
1724
1298
4888
1602
1178
3178
4207
2355
3052
825
684
690
2315
416
3035
2134
1354
2150
2340
3803
4989
3713
1918
3282
1652
4893
1126
115
3954
3794
1008
3220
1406
951
3792
4937
589
1757
4102
1395
1410
3935
1548
1622
1764
1325
3797
3521
1266
288
4483
4562
1109
1984
2389
1234
2842
1849
2235
3388
1002
2339
4952
108
4912
2744
43
1786
4871
4809
378
4853
3486
3138
4355
4516
2905
484
3160
4144
1300
3217
2711
3973
3390
1026
1051
3623
464
2108
3642
2162
4697
865
1188
4641
3071
914
933
4008
548
1954
663
2061
907
4878
1975
241
2949
3689
2169
3149
1908
1892
659
527
28
962
836
460
2569
3794
3911
1967
1513
3846
1592
4992
670
4832
137
2488
4936
1403
4777
3064
4381
471
3210
233
254
1783
3165
2110
3671
4077
3053
4557
4058
1214
1732
2421
834
3879
4862
1690
239
3414
2816
2083
3426
2302
2580
733
3214
3602
2548
920
2961
3410
4073
623
1774
3259
2703
4141
3929
3513
1126
3267
2966
4568
1464
2094
166
1920
4146
3141
478
3639
3481
1672
78
2480
4866
315
4739
4297
2749
1818
50
3634
2871
143
1786
1209
2187
2640
2972
3931
1445
147
3034
4045
91
579
4873
3024
1607
2084
2236
1827
3101
65
1846
2259
4886
1736
3940
4429
1991
1451
2829
1539
2545
1895
3542
4437
893
3089
3102
3671
3300
2748
4067
1929
888
4095
792
244
3395
1460
4092
3679
4450
4364
3775
105
1869
1181
859
394
3926
421
2069
842
4115
4832
967
219
1834
1246
483
2850
448
1584
4390
239
2317
1480
3846
1071
1208
3632
3401
463
355
395
2084
4185
3970
3528
4933
3955
38
4286
2662
4826
80
4121
4511
1350
4068
2633
4326
591
892
4571
3917
2837
2749
1153
104
2949
4299
2669
1033
855
820
2876
3410
4284
771
2717
3950
4165
3571
4792
893
503
3525
1611
4347
2011
2729
3416
2115
346
3429
1914
213
2205
2229
4510
377
3834
3495
647
830
2226
1345
562
2348
4912
74
2016
1114
948
2345
4401
3237
4805
2582
2613
2438
622
211
1637
2159
1631
4815
849
858
2460
2679
4603
909
3530
2849
745
4965
3766
214
2272
3998
2200
4203
179
2829
4212
2413
651
3923
1393
598
1177
1694
698
4544
1190
293
1611
3285
4619
1911
2854
809
429
3201
610
3845
4904
3075
4045
1984
2908
2645
2792
4787
333
1883
2329
66
1516
1058
438
2610
2339
2774
4517
4868
4390
2690
3632
940
2125
3226
4798
4462
558
2088
2685
878
2735
3762
3659
3994
1689
4900
1133
3670
152
2168
3974
1163
1134
4886
4968
222
1936
1217
313
4905
4577
1744
3725
4240
1394
670
1273
2890
3195
2551
632
2001
4586
703
4078
3264
794
2632
217
3384
3416
2039
3800
1518
2759
1372
1412
1437
947
1565
4995
436
3546
902
3227
1068
4671
3438
4219
3713
3944
4369
1981
4994
3567
1118
3448
4118
413
4004
1027
1860
1514
1510
2411
3119
3562
80
4125
1604
785
4756
3503
3946
1839
4854
1960
2797
847
1928
256
687
3929
4970
26
3292
4959
2490
375
3768
4597
3893
2716
759
4425
783
1931
720
298
3044
471
2959
4870
1043
4216
1254
1155
3956
2655
623
4639
2454
2092
4920
2514
3367
2219
2244
4065
1249
2356
642
1230
1877
266
2220
4082
735
3707
3614
765
3630
3814
1225
2909
3886
1012
1803
1386
2924
3220
3661
4866
773
2850
1897
2672
4988
2802
4277
3726
1454
438
1080
100
3259
56
48
3433
3515
4313
4654
1774
4746
1783
279
2410
1250
1773
4175
3424
787
548
4148
4477
4746
143
3301
2709
3947
2573
2637
4877
4092
816
2295
1027
1832
602
3503
1937
901
3959
395
2793
4211
149
1701
1138
3289
4904
534
4289
2005
1874
216
1027
4727
4415
4647
646
402
2335
2142
1232
977
1173
178
4559
2858
2164
2693
2431
490
2114
2145
3402
2597
1444
502
1265
2439
1480
1018
1273
3972
386
3068
257
3769
2974
4605
1840
3325
4836
3516
4427
3711
2754
3373
4612
1437
3811
2109
4702
2878
3109
2596
60
1181
136
2095
818
4082
4867
2889
700
1383
552
3621
250
4068
4648
3235
3309
375
529
3516
347
3203
1627
308
30
2020
4354
2524
4083
317
3006
1600
341
2646
2134
27
1954
4885
971
965
1926
335
4585
2063
2619
3219
4184
3267
3074
2660
1681
1610
611
4785
1091
4379
3497
219
2502
213
1345
426
223
3882
1472
12
4905
4016
1396
3204
1909
3356
1491
530
920
3765
624
908
4163
3546
4436
2945
4368
4346
4848
102
2056
1559
1257
3735
1825
3061
4908
2731
5
4948
3513
332
982
1983
2701
4458
3013
1593
3991
3692
2889
4060
4980
4330
3413
4565
1205
1041
835
47
166
140
4020
338
4242
1651
889
3584
2466
3899
2779
2716
2508
3370
319
4159
2168
324
4190
2408
1086
2775
1705
183
3235
120
4289
3863
995
4001
3660
534
3424
31
2140
4506
4064
1499
4953
721
3565
4453
2167
1669
4901
2624
98
234
3746
1959
38
4453
468
4986
2339
3972
1834
3540
1997
4060
3104
788
4353
2354
706
1349
972
18
7
2268
3782
2477
3497
2839
2827
563
3816
4709
674
4117
3934
2165
247
4773
797
830
4123
4836
4581
1048
883
1568
410
1214
4822
41
2170
3873
3223
2126
3179
4898
2379
1640
1259
3659
252
3202
1193
530
324
395
4457
1467
2822
3867
1062
913
725
4974
4199
2433
2776
1175
3555
4076
4085
2116
2865
3502
1666
122
1129
3591
4180
1685
3406
3270
806
2630
4365
773
2491
2858
2918
421
1238
4154
2665
1471
3902
1612
3405
259
4592
366
1849
1185
4628
1298
3941
1530
114
42
3803
562
1765
2649
95
4548
1949
4748
502
2649
3179
667
1354
4607
4949
680
1067
3179
2441
1363
1498
1826
1630
3159
3351
4249
470
2445
1042
4927
664
4579
790
3068
1787
2312
1610
2657
2172
1414
4025
131
1384
2949
2361
4253
1405
2920
968
1001
4474
4575
747
1026
1496
576
4776
1961
3936
1186
507
2179
2443
2431
4494
931
1065
333
1666
4993
4361
1906
3234
3158
1839
4266
4750
1259
611
2887
1045
829
110
307
2067
3119
464
1844
4242
1029
4957
4756
3181
4184
534
3260
1480
1058
3787
1885
667
3480
3454
2099
3141
735
1738
3919
2853
852
3491
4463
3708
1757
1768
4828
2255
69
603
2767
712
1600
1905
2568
2779
3947
4236
445
974
3798
3397
180
1682
3338
1055
4301
639
4889
3968
191
1707
3758
896
1613
3347
266
4964
989
4570
2728
2860
4429
4806
1758
2256
4530
1050
1208
4578
3502
4782
1714
1124
4309
3667
2314
3938
629
4642
4336
938
3007
4404
2996
4672
2006
1476
3042
4094
4107
2353
3987
4553
1227
3200
4803
4246
445
1550
987
1147
4124
4890
187
4195
1109
521
1518
2729
397
3851
489
2350
1131
451
785
1117
3565
4556
880
2187
4666
3975
1204
652
4771
1681
1268
2416
3391
4673
3832
3181
2945
4656
1788
2454
3560
632
3880
2609
2691
1375
1279
3975
1294
357
3730
2452
3734
3056
3513
2542
765
2433
3645
4346
1179
855
1829
2921
3073
2786
4979
2266
1163
4034
3017
2906
1449
4550
3277
3782
3890
2912
2327
1713
2406
3389
275
1625
725
3842
944
283
2801
1555
1380
991
582
1853
361
3550
210
1603
1159
3359
172
2166
4279
362
4109
1252
1002
4364
4557
451
3628
4913
332
4928
2920
4175
3831
992
2585
4854
2482
495
1075
3222
2320
2399
2484
4858
476
2896
4434
2416
1594
4286
2217
4666
288
793
873
3046
4402
341
4122
1185
3583
1865
6
203
3142
4925
2777
2836
4892
1332
1479
3389
1005
713
1546
4249
955
3174
2854
3281
3432
2472
2180
374
4685
4998
479
1066
245
112
2190
3856
2393
2597
238
2986
1728
4548
3292
3592
1778
4812
2980
510
4617
4231
504
231
1445
2201
2617
1189
675
2062
2507
3419
2977
4674
520
3002
4760
1978
1732
3479
4118
599
159
2821
2343
4899
460
1999
2480
3796
3734
3078
232
221
3946
4616
4324
1140
4341
2290
3509
4086
2186
1708
1335
678
4872
3642
4177
4133
2822
2940
684
1116
4348
3219
3081
1157
1864
1835
548
2151
3929
32
967
2695
3843
2601
4692
1075
2727
722
4443
1731
3038
2173
660
561
3755
1920
3098
2383
1602
1746
37
2911
3441
1494
4594
733
3177
186
4752
1337
264
818
1905
1089
2615
4973
1651
4268
2915
4954
4802
1745
4322
4459
308
2845
1140
910
577
2275
276
1885
4661
2189
4073
3596
2732
2145
4173
1279
1456
4207
865
4430
762
4423
3163
1721
4155
4840
2645
197
3493
4475
3355
2945
3955
1742
1873
1258
3721
2500
679
713
42
1042
282
2807
3300
2620
695
4039
4370
1085
3519
1729
1310
878
3914
2359
2480
37
1529
4264
1784
2487
1124
819
2532
1409
68
1606
1198
3808
1327
403
2478
4545
4942
2675
2503
1418
4028
2597
3888
358
4885
2151
185
4072
4896
4549
2376
3079
587
2208
3591
3352
802
4781
2540
3738
59
974
1573
4586
737
774
1725
1846
2258
3414
984
1886
295
237
710
3111
2088
2332
2144
3538
306
2007
4005
769
4023
4807
958
1298
4495
3148
4134
4876
1320
3272
4240
1549
2744
983
4468
2790
1642
2930
4506
2062
3197
4819
2570
915
277
3187
1253
3248
1971
831
1691
1760
2080
1377
3978
3569
66
939
1479
3395
944
3750
4789
4399
4168
2704
3559
1645
1290
924
2155
3877
4073
2636
1710
4551
270
793
4054
1095
256
1483
3991
4440
4380
3188
2382
2121
3068
4310
2339
2188
3336
2469
3367
4099
702
415
2018
14
4094
3024
3599
2391
3823
1579
350
351
416
186
822
2369
1396
2286
1733
731
1093
1194
2925
3014
3763
1026
3582
1195
2322
1185
178
2549
677
463
1576
2389
3122
282
1576
1744
4988
2612
4328
3821
1647
1202
817
2307
796
4524
4217
2096
1489
3976
1149
1268
3715
273
4163
1435
1970
3598
4930
4401
2466
3053
2334
759
2266
3709
212
2484
1627
2851
942
1432
1335
4532
3211
1410
51
1362
142
3201
3426
4458
2041
2471
2991
3113
3487
1353
2526
3079
1651
1211
3000
2204
2776
4688
1050
4175
845
1151
3289
2077
3220
2378
4940
1990
1592
1584
1413
2411
2105
2386
1165
4660
1150
2555
603
4974
4133
2168
1809
1465
4625
3270
1684
3624
3729
2211
829
986
3689
2053
553
4781
1631
271
4033
1170
93
4938
2207
2659
1894
872
4126
3697
1766
1212
956
1890
4018
2301
3623
3568
2937
0
1777
4077
4446
3501
2985
1242
3891
4538
4255
2535
4379
756
3596
4325
2148
4469
2628
975
40
799
4905
2462
2967
4294
2181
4331
3866
3635
683
1400
3838
3964
3651
1496
3570
2641
1208
1117
1943
3810
1976
3248
4740
2285
2983
1098
2235
1043
4440
3097
3188
3898
1354
3439
3851
4445
890
709
1280
1727
907
876
4723
2222
391
3884
2634
1636
1192
3309
3089
4946
2927
1683
1981
1341
632
2359
1181
3914
4408
3799
1533
3181
4269
4368
2160
3957
296
1994
3905
1628
2809
4586
822
2939
3912
3429
1738
362
4947
3319
4318
452
1049
1868
2563
1360
4321
2894
2158
2245
3624
2461
2192
2429
2917
2988
3273
4378
2859
4264
4593
1175
4674
3924
2307
4861
1666
1703
3702
3213
638
4063
4817
1565
2729
2935
1146
1100
4639
3852
4306
167
3330
3349
4657
3286
1456
2521
3050
233
4413
586
123
2187
131
3647
4820
1649
2514
2367
3105
348
2989
2545
1309
257
971
4681
2005
754
1303
3917
2166
430
421
2557
2868
563
1016
1337
648
844
1605
3004
4764
4261
198
3902
3207
3947
1292
3608
1912
4801
4204
816
504
3629
3780
1557
665
3472
2803
2244
1668
1700
4706
48
444
281
1331
4721
1117
2216
3908
4811
2792
4865
1336
2919
3118
2375
2138
2550
1462
1776
4519
754
2365
899
2103
1383
3641
26
4192
3654
4770
3111
3695
2827
1590
2547
1547
1764
2855
2833
4368
4802
3146
2690
2669
4468
3935
3137
4579
2230
2808
1646
154
417
4961
1840
233
1012
3938
4819
1433
992
4699
4626
3736
4289
3677
6
4357
4352
3609
3700
1812
2637
2103
420
968
2746
1045
1845
656
947
1122
1471
3064
2874
4726
4161
2525
1838
880
56
4836
3515
1195
2481
3535
3622
630
4365
1077
871
1743
3
2725
776
3083
4404
2647
3381
4844
4552
4415
3241
3040
4286
927
2016
1953
4088
3520
3212
2175
1245
404
4630
3254
3559
3643
2870
285
3365
1799
2294
1469
3780
2174
1576
2713
1854
269
4688
2744
3348
4604
1485
781
1503
1625
432
4399
1978
3972
3671
4906
4916
4324
1588
385
4434
189
4453
1069
2713
679
1353
3871
2385
1820
1496
2142
1429
1477
2225
1014
526
257
449
2853
247
4732
623
2059
3700
2456
3453
3093
2276
2674
3584
2846
3397
2707
0
2251
3462
4945
1787
4065
3376
2386
1285
4198
3517
1221
3586
2456
1771
3565
603
590
4874
3434
4215
4529
280
2461
2529
254
3711
3848
4663
2571
3508
1209
2338
3099
704
1617
2857
3336
1955
4972
3273
4444
788
319
2984
1628
1277
3849
3159
450
595
2104
340
1013
4684
4665
2079
3119
3697
4732
3941
2251
115
4633
3800
73
410
371
4464
1055
1312
1015
1130
1605
3435
3808
2294
1709
4834
3707
3719
4734
2639
4314
252
2788
498
1456
4331
2933
2511
4720
765
514
2374
1266
1869
2112
4480
4114
4289
3746
2281
550
2539
4309
1873
1037
122
4039
772
2743
2681
4541
2105
140
689
4792
2752
269
3946
1147
1165
2001
3549
4324
1665
4701
4125
716
2047
3284
683
821
1308
4662
3801
4903
183
3240
1926
1478
769
752
304
2492
3710
2026
4304
1031
1993
1076
1007
4582
2078
2819
4351
3949
4008
3416
2140
3123
2635
1219
137
164
3267
2050
3022
3112
3244
702
335
3615
2979
2434
2872
2695
3873
472
2077
4379
496
4314
966
2154
3510
162
3616
2730
2895
3311
4006
4327
2871
1780
2798
4571
292
2614
1456
947
1090
2675
705
1204
3264
3977
1358
4937
159
2338
492
4106
387
922
3084
658
3378
434
2419
893
306
4797
4592
3684
2351
3987
2711
1967
4514
3679
3835
2462
469
2954
4567
3275
506
3875
3877
1663
3484
3972
296
3080
4829
4049
692
363
4534
2383
2574
4580
437
2198
3893
4824
3872
3901
3256
2011
3161
1473
4273
4754
530
4033
3735
4127
2319
1017
4833
117
1546
601
4486
1335
3706
570
1434
3177
1725
2532
2483
266
1076
3358
1762
1893
1998
1228
1780
2962
4052
4430
1992
4230
2044
2443
531
572
3081
2025
1783
2142
3680
4607
1114
3516
1685
2641
683
1159
4484
4759
3559
339
4987
4675
4913
3839
52
3708
1449
1034
1969
2036
1251
3700
1712
4843
1384
422
2774
2742
874
1983
2048
4648
3968
1196
644
1515
4393
1666
470
1778
2798
1779
2182
4038
3296
716
1799
155
3097
4311
419
2375
2862
145
4466
2598
1546
401
3961
4781
542
1740
1302
3673
3892
4601
3938
3403
2970
3782
4616
1723
1452
4639
314
557
3051
3677
3434
4636
2825
1859
2518
2106
3694
1560
445
2225
876
714
2934
3121
3655
4288
3903
3190
1753
3281
291
1253
386
438
613
1628
268
2681
2305
427
4644
1881
4194
1075
260
3227
918
4617
2214
1759
2269
1902
1291
796
232
4166
4802
3448
4303
2771
1516
4823
1979
2094
1195
1823
2258
2362
827
4359
2232
3229
2065
778
1994
1571
2432
2724
2663
192
3786
887
1039
3858
2443
4146
3565
1745
3322
4855
4073
3244
2665
3864
54
2586
3219
4069
4434
3169
3445
3116
1020
1950
2725
3381
1743
3098
607
4081
925
2469
2543
511
2631
1593
2712
3274
4160
4382
947
3547
4802
2157
3675
94
1160
3379
3653
2339
3546
3597
3470
3564
4975
1803
1660
910
2205
2786
4094
846
1131
2441
304
1577
1368
143
854
1959
109
3751
4777
893
2213
2650
3488
615
1261
1280
1126
2438
165
1394
905
2395
1030
4526
907
3832
4311
4296
4305
2567
3568
1466
2889
4114
4935
2944
3648
4110
2200
2114
2161
4196
758
7
2674
3045
2441
4546
3201
874
3552
3732
1260
1109
638
3246
2229
1752
1137
608
3076
352
2661
2219
1718
4125
2479
1456
2980
4681
4445
1875
2262
3330
507
671
2070
2702
672
2607
2938
2090
3799
214
537
2535
1313
2812
2854
2745
3384
3710
2066
3629
3559
4185
100
199
3141
3962
1619
1094
4928
469
4941
2756
725
2184
3936
813
4358
1491
773
1451
4901
1102
100
108
485
2183
379
2617
2591
1654
4248
3707
930
3863
4270
556
3180
2668
1148
639
277
3196
2264
1118
4411
