135
2010
2034
209
2277
2429
2038
222
2023
606
1685
1680
1755
1694
559
427
318
938
310
1829
2077
1156
841
1323
1086
528
960
642
1445
1009
1329
252
1042
406
233
766
80
2124
1614
1426
2497
40
2089
1997
1244
1049
2009
1230
409
1992
2490
962
2731
1126
685
2593
2212
2920
65
1350
1983
2729
2263
2328
478
2892
1979
1280
963
325
638
2854
2964
1795
376
676
2031
2603
1747
1447
1381
2116
2699
550
2108
2179
338
832
1725
251
360
1734
1164
1458
71
2154
1541
1387
2644
2411
635
2435
2330
2798
91
1842
2000
1787
808
889
2627
353
568
2946
2942
214
620
2488
509
2286
1053
564
178
175
2161
641
1406
1912
2980
2180
169
1212
1259
132
1581
2751
1940
714
1509
923
1378
1845
1123
2511
1141
1469
550
2197
2582
2513
2930
271
1743
1559
1194
1181
393
1392
2720
2245
479
2022
501
2983
8
1930
2852
828
810
1902
2473
811
2250
212
2272
2495
296
1537
1359
417
1982
2410
1069
829
353
2473
2596
1419
665
1372
1857
1309
2195
690
261
624
685
306
860
1161
1497
2331
410
805
2419
1330
77
260
1117
2491
2446
988
786
663
2361
1790
342
1237
2972
1974
700
1089
973
220
1346
838
2411
2322
983
473
102
2378
1709
483
1387
350
818
1059
1048
2355
2592
366
894
1522
2227
2227
619
1116
410
1616
39
762
1775
1066
2199
2190
818
1957
1933
1498
1402
2817
2481
1515
354
2589
2384
2817
1234
754
1387
1726
2548
2382
531
1720
463
2308
71
1197
730
2789
2680
1466
398
2557
468
1640
2589
2612
1318
2676
2489
1295
583
1721
708
938
118
115
1375
309
2371
2659
1503
1608
1289
786
1338
1532
2817
948
2376
2968
939
2115
196
1061
2784
1589
1696
1926
1715
555
112
783
990
2926
2272
561
1840
736
1351
2063
1620
2252
1076
552
1885
1972
671
1169
2565
445
1897
646
2509
1049
93
2629
2822
1968
1320
504
431
884
292
1677
488
1776
1800
195
1250
2051
2980
371
1369
2199
319
745
2770
2353
1963
445
1598
612
1489
874
1929
2471
582
851
868
327
1343
2197
1310
10
105
973
2193
466
137
454
2273
2865
2778
1638
2879
47
2501
1383
2108
1550
970
205
2449
2902
1604
1697
2691
1282
211
449
2556
341
2747
121
2356
586
1218
1722
2399
2080
55
2101
1591
1158
294
1765
194
1592
2320
1718
1727
2398
2287
1966
2322
678
166
2742
831
1365
2055
2972
291
2367
119
1297
1710
416
444
674
212
2654
1598
645
867
2790
819
1650
1334
1983
525
1915
280
382
158
2010
1221
1479
2276
2077
2354
285
1239
2392
2301
23
54
592
263
1936
554
2103
333
2384
251
2273
1006
932
990
1634
2247
134
1440
2194
1490
2778
2404
2238
2069
1807
1056
2523
1271
902
1310
849
253
2947
2270
2459
1291
653
73
311
2622
2451
2736
2750
2653
332
2986
1009
2840
2323
2229
2197
1665
2686
404
2645
184
2321
2159
2523
2586
1396
2313
1843
737
462
954
804
190
2515
316
2420
1395
2097
810
375
197
1196
2284
2747
1015
2977
2144
2539
1130
1645
2315
669
552
2026
1949
2290
2896
394
955
442
243
107
1237
1010
2989
1184
2535
1491
975
1272
814
2240
2290
190
640
892
1238
2292
861
733
1440
1972
341
753
2057
756
1399
2635
1115
2733
233
2474
2496
2864
2445
1839
35
286
2368
528
2159
875
2198
2086
534
478
217
2647
417
1216
1617
2201
2351
1086
2125
2372
1049
1652
1015
187
1754
1504
2038
327
1155
825
1221
2031
388
1578
849
2855
2287
2566
1479
1044
1039
1121
1780
818
1558
2737
2022
1306
979
208
2719
2156
1370
1103
2019
349
142
2384
2687
2252
1162
1728
1137
1550
1629
1735
2862
2204
99
2478
2686
2447
1488
2019
1308
2664
823
596
2569
221
1825
1102
2153
2699
1034
1096
181
885
101
2361
2671
1167
1047
2539
365
865
2017
1642
2860
2539
2919
893
285
1170
21
2000
749
812
89
2707
2631
1717
764
1835
2036
2311
1595
563
2523
839
1194
1391
2035
2250
647
292
2588
1420
660
1887
182
1408
2438
1777
2330
1225
2395
2211
69
2347
2976
12
2146
2191
2664
2124
2070
1674
2281
668
2247
1953
2897
2341
622
1506
670
2465
1740
1306
1202
1417
2537
199
1533
2324
119
353
781
2121
261
2250
1760
1810
2992
614
434
1861
123
1681
66
200
2295
1004
598
1863
5
716
2775
837
1104
959
520
1981
2265
883
512
2900
2802
1269
2719
2246
1427
1955
1076
449
1203
2423
2877
2521
2782
1592
1488
497
2797
2894
2382
2187
2524
1938
456
2412
2708
1224
2305
1079
1097
2
1915
460
1902
1394
301
1245
1219
1379
730
2149
1473
164
1573
701
1372
1251
1240
837
783
650
1644
443
358
1169
779
1779
2492
680
1345
67
1365
22
337
2713
2542
2347
988
2915
2473
1302
1884
1659
1148
2900
846
2533
2384
278
2334
2110
24
2989
1213
1380
880
1605
2525
452
1836
2987
637
2164
1578
1180
1399
1949
136
924
2695
1324
2327
216
599
2213
562
712
885
2340
1671
1836
734
2034
2427
1098
2283
2481
405
2594
2705
2973
2792
2494
2560
390
796
808
1201
2077
1175
2138
530
195
1644
2237
326
1217
1749
214
893
359
1925
1915
1331
1637
926
806
1100
2135
1801
2547
2549
2264
621
2620
222
2351
2446
143
2163
1622
1134
1032
1858
1957
1386
1480
823
2690
315
2218
210
1458
1453
2774
1570
105
1556
140
1283
138
441
654
1443
339
2213
1746
2163
1168
277
1859
2057
2571
131
1731
1177
517
2005
1855
2132
28
982
1695
1113
1568
483
2720
1823
211
2553
1568
2477
1133
2897
1085
2528
97
2989
579
2004
752
2932
1848
2126
2544
745
2094
2518
2112
1610
260
1394
2475
180
1553
2173
2766
988
350
878
1560
1600
2631
1829
1037
2852
118
600
1751
625
1027
1916
617
2904
1724
1287
1161
2836
253
1994
826
2613
1853
2260
2611
776
165
354
712
2163
709
1250
1947
1727
1844
1607
1806
2831
2931
2479
2823
2197
1495
2559
280
868
1802
1824
1026
992
629
1475
2295
1273
1180
2840
1313
734
2598
964
2497
2485
1319
2073
655
1057
459
15
1779
717
194
56
2775
1973
1851
1505
2729
157
1222
2573
1208
504
897
2692
1378
1962
2270
656
375
1737
1896
1048
446
238
785
1269
2810
2226
2737
481
1481
1979
805
2792
2017
102
2185
295
2703
150
2547
433
2798
1738
2958
2825
1848
1789
1239
673
2683
567
472
1633
675
2041
1911
1731
1312
1934
2722
626
180
2333
1481
667
2035
2706
2583
740
535
1452
2855
2834
1855
1617
1855
1238
268
1182
963
1151
2080
259
2249
307
2843
371
1389
2950
2179
2457
2345
406
2255
517
2962
1397
2008
582
1809
341
1837
98
2540
2114
1137
2505
1881
2560
2539
2128
1158
2158
1618
1905
1160
2226
1131
2319
2063
540
1537
1887
162
2991
551
50
484
1641
1836
951
2650
2356
412
437
1671
1269
559
2726
39
746
1817
2896
580
2505
1397
885
744
1227
1518
2994
1352
671
892
2980
1881
2011
255
310
746
885
2372
47
1702
2751
1537
449
2764
913
1686
1196
1453
1489
1097
2481
1633
101
654
1315
1158
17
1898
975
662
2700
2466
1788
1875
1397
525
973
2386
2067
1994
476
2234
977
759
145
1455
2481
2064
1511
1080
1607
2104
2056
97
2430
327
535
1229
2752
473
2539
483
1839
1870
2307
1316
73
2339
708
2591
1256
100
2920
713
1039
1660
1833
1780
1584
939
499
899
250
1618
792
911
2336
2582
1149
1977
2413
343
2809
1301
2699
2668
1389
1871
68
1453
2511
2332
1463
285
1337
2952
1452
241
278
815
1683
1345
1469
2578
2557
347
1926
729
2046
398
2641
2423
1267
2505
2102
1838
2958
1104
190
208
648
528
81
2983
518
1033
673
2265
1260
525
1596
572
2365
2936
2735
1914
1653
870
2957
225
2334
2227
1487
1618
6
2795
773
643
946
303
1067
2003
1052
0
2414
490
2191
2508
1014
1547
1283
1882
2246
903
1596
1411
1326
1982
581
1903
682
2588
2138
2609
2603
1967
1987
361
499
480
1772
2396
1710
221
1417
537
2028
402
847
2794
1250
2816
2198
2405
448
2011
2570
1990
1782
1587
1977
340
824
1191
567
1965
289
952
68
206
2595
706
960
2602
2252
954
1725
1182
2748
2747
2770
2999
587
276
144
833
1048
1214
1540
2774
2019
1900
1853
367
2980
1068
2840
1993
2453
28
1855
783
2346
2690
2617
1463
977
1901
2643
436
1380
1058
2827
2344
1756
1739
1037
1812
223
530
542
85
1754
750
2134
548
922
1712
1595
1731
2275
1909
1368
191
1204
2695
1532
1558
2114
42
1559
2022
696
2600
464
1576
1288
74
1185
999
1060
596
2500
2185
1229
1916
1527
505
2325
2727
962
1846
375
695
929
2779
1052
2380
685
324
2697
1542
2693
2242
299
1700
1379
2203
2869
1613
1777
865
1184
1169
2473
541
2745
258
740
2680
2633
2556
306
2366
550
790
488
2871
2934
1117
96
1227
1755
2084
338
1769
466
1081
481
2925
966
878
968
2628
338
467
2394
2061
2827
1965
2089
525
2163
501
1143
1759
1658
239
448
1558
15
2941
793
1112
1453
1552
2473
1170
800
2187
821
1770
247
628
2026
1701
1715
423
1483
533
2741
168
2099
70
1695
789
1420
741
2952
1990
526
2197
1131
194
2707
1536
721
975
159
1079
570
117
2325
22
1403
2560
1004
407
1114
1049
264
209
997
2440
2677
2845
2488
359
1167
28
1333
1742
285
1560
1093
1430
1635
2286
93
444
1118
2693
2324
2061
2331
22
872
1696
889
2311
2513
2301
557
2230
2429
1304
1507
310
2602
1465
1314
337
1859
371
2233
803
122
390
589
2470
75
1724
2228
407
2905
581
876
2644
1609
2424
2805
529
444
710
1069
1726
803
2628
2962
1470
2939
2333
834
1807
2191
1937
1598
2217
381
1943
269
380
1729
1426
1309
1210
2029
51
2068
2710
1578
2394
228
2536
984
2162
2557
1247
1281
1089
2765
1561
228
2944
994
1786
1766
2213
1776
206
2050
1955
1646
1109
2025
507
2875
1666
1797
233
2918
311
2663
2317
2307
2721
2473
1732
1697
1492
1429
1698
936
2651
1396
518
2096
334
418
2851
404
568
2095
2975
894
1923
1465
1162
732
2746
1004
1772
328
531
1164
186
2845
1672
2674
1895
1581
2201
1305
1812
1191
2831
2812
116
2750
383
2153
718
581
305
2621
783
2071
1820
2235
283
1283
440
2616
2536
2988
679
2421
303
2390
376
2551
816
2292
1354
2979
314
2975
2378
1499
2412
1161
1673
2725
578
2408
2437
2179
919
1510
482
813
835
1276
445
1570
345
2679
1205
2558
2840
2451
1990
837
1876
147
635
1542
1168
75
2520
2994
418
1597
2401
1596
1180
447
2826
2459
1674
2142
235
2514
2325
1676
168
48
2075
1132
2899
355
2896
1831
2814
1976
2277
1086
2337
1189
739
95
1564
2768
2436
102
2770
1400
95
2448
1930
1473
2654
229
2347
837
901
2966
979
1126
681
2641
60
2352
291
1078
2467
43
80
2137
2807
2342
2646
1808
763
2927
1301
807
1775
567
1967
863
1809
1434
613
253
2620
2060
2248
1822
1186
2535
2009
2584
892
2673
2606
940
2586
395
1481
1144
2408
404
334
249
2776
1947
568
1429
2246
2028
161
1454
2133
1681
109
2051
2691
1562
2106
977
923
2872
1870
2054
991
1434
1364
2230
887
515
108
694
1434
2691
414
158
1152
297
2179
180
2595
2554
816
2411
2944
1387
1720
587
2613
2571
1477
2097
88
1556
2499
1639
2937
1224
2001
2695
1805
2959
1213
1480
1753
2111
130
699
2479
597
576
288
344
1359
1953
9
2382
1420
492
648
1197
2531
223
1804
101
480
1341
471
630
1053
330
2707
1689
1613
2527
98
2015
603
1359
2637
2665
2858
2901
2396
1258
1502
1039
2852
109
1687
947
2023
2534
1070
2396
2462
2232
111
2449
913
2307
2606
786
902
2383
2855
1480
632
177
93
2208
1791
2593
2020
2524
389
2302
211
1199
2241
791
120
1914
133
982
983
1199
697
1971
2398
729
866
667
31
1990
2341
2546
2409
2315
2085
2636
1736
2562
541
148
1216
1234
1816
847
1641
2291
355
536
2124
741
2123
2137
484
1988
2699
282
1072
994
2286
1441
549
273
2507
1831
2032
163
487
1155
1792
1336
1556
1669
2274
1187
2846
1713
1806
1578
2862
741
2735
2448
1792
401
1760
8
999
2251
290
504
1689
1539
546
760
1645
2738
1823
133
1248
522
2497
1863
142
425
301
2619
1598
2456
2813
957
1751
2586
948
86
2430
1900
543
2166
2570
2952
2135
2775
2686
757
436
342
229
1326
2563
1350
141
1997
2983
2634
306
2572
2270
2030
226
2432
2090
1739
1825
891
1224
1685
1147
1148
1189
1083
2166
781
2516
1771
1155
641
2165
1335
2017
1904
2191
2952
2937
2728
2534
397
313
2665
272
368
384
2630
1585
1389
1592
2379
1990
2992
1169
255
1990
234
2929
2599
757
711
2674
1292
1914
1792
340
1683
552
2048
2554
2479
2962
685
2305
125
2664
1444
154
1052
1118
1817
1592
1839
1139
2210
2213
232
1407
2831
583
1274
1693
1969
1824
1539
1264
1140
219
300
226
2682
674
1455
375
101
1485
900
809
592
940
1280
2173
2170
2934
2098
1762
2537
2426
243
306
1687
594
1506
1816
1579
1528
2697
2601
2071
2537
2951
2200
1050
822
843
1290
561
2705
1322
784
606
2948
341
2026
333
269
1602
2232
1983
973
204
1292
2701
2288
50
1459
2491
1312
1946
1835
1278
1458
912
647
2731
42
2567
2389
2366
745
1274
552
636
1260
2647
2905
829
2569
392
1520
297
1971
728
2985
2206
44
1703
1194
2075
714
2346
104
1861
2834
1450
2706
819
713
2239
965
631
1578
792
2286
892
345
2298
2302
183
1398
2107
863
2339
2821
2362
1797
2525
2083
2556
808
672
1803
2765
262
2750
1334
2290
2725
2821
160
1783
2894
2369
2031
386
1213
1123
1439
1338
613
926
1929
1909
1073
977
1906
2525
844
1334
2815
2663
1202
2215
903
208
1368
1512
1321
299
1453
2940
2171
1851
1292
703
380
138
2018
1149
2722
956
1930
2710
565
251
80
1255
1613
1799
763
2646
2782
98
1619
1122
1473
293
2825
284
1751
1898
1390
1006
2054
672
4
254
2046
68
1545
2214
949
410
1809
1588
1494
1872
1483
1489
2129
1739
2068
537
2268
1361
2280
1870
502
786
703
920
468
635
331
1365
2621
928
2824
897
2216
1038
2389
346
2173
666
487
1523
665
2161
2316
115
1875
2678
1068
553
1387
1009
220
2239
291
34
1301
1319
1333
2370
945
2670
1763
1369
2557
1284
2926
906
2514
1533
2342
1991
1126
2128
225
1978
295
2873
343
2066
2448
812
2265
734
2012
2344
2209
2809
775
1790
2821
850
555
93
886
670
1104
2020
365
940
2165
667
1324
781
867
390
90
1023
1826
2798
2984
564
2626
1774
569
2267
1803
127
1855
1483
2120
2368
1272
2672
646
1022
480
1395
435
204
983
2722
210
1543
1291
1537
1498
2161
1440
1315
414
2200
2748
1601
2848
1818
655
1974
942
87
64
2940
1398
2570
1723
2447
1702
597
837
437
788
1617
1130
1350
20
983
230
357
2336
2638
1120
2979
2617
2681
13
1228
2412
684
2960
544
1400
2475
1727
1009
1612
935
513
2244
1005
1614
1723
2142
1669
1158
250
1092
2840
2005
2818
167
1079
2176
781
2730
2503
262
2880
1081
2916
1417
887
808
1062
2736
121
461
1294
707
534
1699
2058
1677
2084
1516
212
871
2841
2450
2041
479
1715
2065
5
2764
227
725
2419
1844
913
2988
2170
580
2168
2992
2180
1403
1442
1164
688
827
718
991
2431
365
2061
2273
987
985
693
1601
2107
1175
1277
857
708
645
559
1112
1338
1061
771
1810
2836
2921
960
2565
1565
70
2741
986
2230
2243
1942
2381
2240
1004
1682
1451
1984
2775
521
1160
564
242
395
1018
1537
711
1052
1886
23
894
2299
2093
1732
309
2298
1418
1893
1462
16
2795
1444
421
2689
2889
58
2796
2575
2685
2989
1910
2586
825
2037
2732
2938
2601
2649
1119
1598
1748
1143
259
669
2611
1456
1763
810
1684
1041
2463
325
1027
1078
2703
2483
902
257
1155
2111
636
1432
857
714
233
1805
713
2487
152
1214
2656
1177
486
1485
703
813
302
2491
1816
324
543
1645
2365
1433
1830
840
797
2505
1153
1272
2395
1528
82
572
1364
543
764
2526
213
1907
125
774
703
1354
1727
2950
2848
2319
1452
864
319
1845
2254
820
12
183
2297
1894
1465
198
1510
2356
737
2756
516
2668
1172
2685
485
812
1508
2469
1338
164
2463
1228
1092
645
1409
2262
32
