2
837
362
548
774
99
335
109
260
275
118
151
196
769
125
425
12
656
860
32
825
424
137
272
339
504
773
258
93
824
728
688
527
110
351
370
332
620
282
761
592
287
776
547
126
330
223
204
659
501
49
256
642
41
876
701
865
283
843
723
274
73
282
566
252
893
693
213
733
4
270
342
92
82
271
526
508
708
11
671
703
135
132
99
89
241
774
821
881
622
65
768
799
802
128
416
872
497
887
50
571
224
103
206
17
63
748
796
591
168
740
516
692
527
110
723
230
479
355
384
491
442
58
743
117
765
211
369
416
859
753
413
80
225
325
143
426
79
682
740
95
5
740
730
759
456
10
38
165
603
92
288
256
615
630
498
195
488
49
214
671
211
888
694
325
277
784
785
759
341
598
84
35
547
610
18
359
212
421
130
481
534
155
104
51
324
114
367
731
450
564
854
69
865
772
308
846
130
656
867
184
38
587
210
820
770
431
587
0
560
526
545
587
678
733
337
92
778
422
204
579
251
547
269
834
476
680
761
606
335
233
93
114
810
702
111
811
690
189
294
123
267
418
4
111
169
722
781
203
896
681
474
509
712
285
200
583
477
609
568
522
397
416
292
468
352
247
888
93
447
269
378
582
167
112
283
689
21
46
804
297
455
836
137
297
331
632
286
194
651
250
28
550
134
159
475
583
145
789
219
693
886
555
659
851
753
505
306
760
100
578
57
49
139
230
490
69
398
534
492
482
167
63
331
170
843
39
731
61
401
820
789
881
565
547
842
166
708
825
773
757
833
300
648
531
308
704
511
575
111
761
677
676
745
322
179
250
621
760
539
896
499
801
582
271
466
845
770
569
498
255
692
452
13
681
365
800
377
381
344
260
840
532
457
218
409
192
461
621
751
839
311
515
628
440
297
169
36
142
180
542
276
539
742
501
750
210
17
783
515
606
147
208
340
499
349
615
158
732
89
57
493
826
540
83
16
852
860
799
827
884
623
248
277
642
605
180
534
117
284
716
885
178
387
7
228
329
224
651
549
388
35
472
287
411
345
178
330
117
514
555
524
704
171
760
586
20
55
736
663
559
725
251
872
90
123
476
662
892
383
511
341
504
443
30
557
100
518
774
547
760
114
3
649
842
349
397
651
76
482
382
647
677
796
793
248
61
169
29
355
143
889
306
235
325
17
221
140
647
308
499
259
137
394
677
532
423
652
239
551
575
528
682
689
65
738
409
373
764
679
316
564
658
130
320
695
562
497
83
694
598
863
299
489
275
636
462
395
697
329
870
376
172
898
756
681
321
506
279
882
11
43
57
264
537
487
365
568
64
275
117
461
227
614
580
142
139
661
237
244
646
867
678
759
108
380
768
520
468
428
760
215
185
247
598
243
780
623
230
855
735
626
387
888
556
765
505
377
144
85
541
294
260
874
740
115
786
702
65
196
885
321
190
374
654
8
593
73
639
443
710
808
570
80
741
491
355
20
363
552
591
577
545
382
809
823
875
482
147
236
192
263
118
397
367
577
771
38
783
762
166
354
281
234
881
639
402
566
774
316
697
596
855
195
134
174
11
601
72
220
174
446
665
808
61
458
99
85
676
885
596
443
601
268
144
538
789
100
216
366
115
97
155
104
337
575
484
368
828
5
577
623
364
440
727
163
552
734
392
289
832
693
76
410
828
750
665
212
122
879
661
317
529
290
161
354
584
487
694
618
810
398
524
473
608
41
744
432
794
841
168
354
199
297
307
429
775
783
591
555
451
364
565
369
296
631
583
555
657
258
762
518
571
364
17
406
195
591
794
479
347
278
850
332
147
91
644
371
466
424
819
656
553
599
210
389
99
693
790
211
816
899
290
267
757
576
250
240
392
608
222
600
30
173
479
682
681
466
416
224
669
140
63
55
163
496
106
517
16
587
753
565
228
708
307
425
510
58
537
645
620
678
480
316
417
51
718
493
311
429
407
552
565
691
302
99
494
335
831
233
758
697
237
474
161
475
456
357
313
452
373
233
319
755
771
126
879
831
631
605
513
9
68
336
140
114
568
697
237
544
