424
502
4
892
453
614
824
710
180
419
652
955
149
568
323
327
571
358
773
373
707
992
208
270
866
340
223
662
851
791
462
424
853
739
880
854
458
767
64
991
268
411
995
788
691
495
863
640
122
311
645
636
311
453
849
981
720
947
562
235
299
283
653
358
814
13
172
991
14
932
428
704
835
437
356
321
95
781
297
968
663
175
135
356
42
726
25
534
175
301
849
629
820
953
180
285
905
903
356
114
546
503
801
175
131
468
298
653
182
183
301
594
976
680
550
457
25
841
692
695
602
526
7
961
177
404
774
255
632
501
309
989
52
134
419
878
305
933
137
949
643
802
983
586
591
968
961
734
440
840
942
235
781
211
969
266
527
554
416
266
209
548
770
634
0
771
686
603
842
691
62
29
787
624
322
677
362
235
505
327
298
448
747
582
724
999
330
965
938
326
302
961
518
463
367
541
657
763
117
697
744
227
948
153
161
62
12
141
43
652
252
298
779
245
614
988
139
551
118
766
869
771
68
672
309
83
169
75
260
18
645
957
809
191
775
508
882
472
463
24
960
271
717
553
744
443
292
729
262
62
385
16
452
918
277
995
545
883
218
544
420
636
347
121
991
646
499
874
137
594
583
953
980
481
928
457
621
766
33
346
105
745
927
144
84
972
110
702
701
963
288
640
614
301
640
618
48
113
189
713
803
399
890
355
162
925
154
85
877
818
369
985
112
794
53
898
521
719
187
726
983
520
742
14
150
145
99
605
382
278
64
187
883
677
91
29
480
919
174
346
885
723
335
900
303
856
70
969
118
884
128
942
298
669
857
463
198
147
486
845
279
553
816
20
414
22
541
640
561
260
160
620
704
845
857
694
178
860
527
122
688
23
601
378
225
871
884
359
621
993
406
14
414
229
186
234
728
400
933
289
393
304
805
798
738
75
633
75
926
180
818
705
610
972
217
758
618
241
347
929
373
349
831
772
214
558
41
302
348
93
390
949
515
85
111
901
369
907
595
767
869
860
789
609
41
655
693
174
376
631
26
434
58
789
885
795
261
305
137
607
542
186
374
775
5
882
676
37
454
127
701
351
684
287
220
23
376
963
617
910
23
726
102
301
601
299
804
520
422
337
846
415
43
308
415
242
818
48
744
641
112
484
49
541
855
409
785
223
36
70
353
818
995
426
762
47
526
788
23
14
677
394
861
523
999
69
70
989
166
653
229
470
473
846
637
935
82
207
74
268
928
218
272
775
24
541
378
212
244
717
163
152
733
25
809
415
165
674
871
49
789
981
745
0
549
457
898
784
98
724
314
275
641
5
532
112
162
909
795
431
472
720
604
460
684
921
310
910
441
855
510
987
779
586
479
154
137
449
719
756
137
524
45
943
370
81
935
889
157
798
536
118
21
289
69
421
397
663
536
629
760
31
950
480
4
227
260
977
992
858
879
911
837
412
784
830
576
756
934
254
157
211
885
978
295
758
876
456
652
510
156
816
150
224
661
138
508
929
219
872
527
784
837
69
176
928
758
354
911
608
68
531
6
488
958
554
868
450
115
903
253
251
541
346
558
5
829
327
327
698
896
717
18
759
494
635
679
642
283
847
338
2
135
989
996
210
224
832
125
713
39
784
756
857
656
376
445
905
290
442
689
250
55
314
668
202
582
572
847
176
676
210
821
262
609
502
547
636
366
177
985
430
620
805
357
844
911
5
950
402
442
311
814
491
756
131
257
551
33
891
122
54
395
551
557
264
391
788
823
562
316
800
505
287
293
316
636
625
888
638
774
114
31
819
210
980
324
381
998
360
498
126
574
887
78
210
70
59
100
586
516
305
262
490
572
454
840
688
333
83
598
63
465
934
62
648
457
414
978
380
735
195
918
369
165
807
153
398
851
141
342
708
86
397
713
179
940
736
911
886
980
86
94
764
993
554
635
196
952
871
603
900
943
266
1
758
445
155
526
704
569
385
983
390
762
872
480
62
885
434
270
744
285
167
619
416
925
442
250
65
377
723
586
856
891
786
623
18
9
22
435
675
115
410
644
508
50
513
128
376
868
606
995
619
300
842
329
264
279
866
807
621
489
124
203
285
614
311
156
554
900
685
251
452
573
14
849
395
139
969
987
373
260
225
497
692
101
802
220
679
987
494
605
363
685
825
202
598
36
981
771
593
788
835
987
239
381
327
90
629
90
958
991
24
330
559
379
342
509
43
145
138
582
914
985
584
63
963
451
240
851
32
657
482
444
532
390
879
404
514
258
264
97
579
367
910
994
851
430
589
