54
99
10
31
81
64
130
198
137
6
161
133
77
107
21
193
189
105
172
49
142
176
170
191
184
152
157
193
17
69
30
95
144
171
31
120
87
105
43
197
22
10
22
119
184
174
179
196
84
23
76
84
115
111
49
98
8
183
32
45
57
34
5
167
49
177
54
109
151
119
198
61
118
4
156
78
130
79
55
193
68
141
168
85
2
166
188
136
198
126
157
41
89
129
148
34
132
176
20
132
35
24
110
10
103
169
157
192
174
92
109
20
168
38
101
154
161
65
6
149
118
98
111
121
190
173
159
30
62
36
46
183
25
135
15
65
195
45
174
71
64
120
58
186
141
63
168
13
18
85
100
78
123
6
12
145
90
106
147
7
83
162
30
107
84
64
150
29
198
43
123
168
84
23
34
174
23
147
11
19
187
148
25
86
186
39
150
76
59
108
43
31
191
14
17
76
120
190
95
34
