523
491
729
539
529
119
672
364
76
520
253
400
429
633
746
384
710
538
702
340
513
743
654
126
92
597
768
340
100
521
429
11
621
451
18
62
236
87
84
366
370
124
269
100
261
317
119
241
412
558
116
342
438
729
664
672
536
725
404
683
2
56
447
711
716
35
482
312
514
124
545
87
665
569
481
694
269
184
91
65
537
171
155
160
689
113
597
409
127
768
5
82
89
638
129
148
731
336
93
619
295
521
538
777
597
643
333
267
280
268
232
724
591
376
135
213
69
596
537
334
230
27
488
269
222
193
71
405
207
332
759
539
462
163
181
362
219
703
164
262
412
638
371
109
533
598
779
154
549
166
440
515
512
520
337
2
645
35
517
304
603
94
227
205
205
558
518
509
575
752
603
428
779
18
433
370
605
555
252
402
551
651
582
252
225
749
339
786
513
618
687
392
756
39
118
4
694
398
351
741
371
122
6
289
698
235
21
390
59
506
782
770
701
39
695
157
254
590
387
708
168
695
217
417
332
77
227
101
318
70
565
584
589
513
760
776
189
239
402
461
355
647
660
141
316
605
576
523
491
333
340
121
525
593
695
255
474
691
255
148
730
412
349
105
353
106
454
37
425
448
382
395
106
727
195
248
761
626
468
744
154
688
732
184
675
603
478
326
655
765
158
116
60
402
682
140
738
248
68
797
656
675
589
100
100
13
431
454
134
586
582
441
161
90
205
451
576
24
193
602
65
143
276
682
601
13
48
661
356
463
613
660
6
219
721
668
451
237
779
60
280
297
684
195
724
591
347
30
470
589
564
191
772
302
84
185
581
336
355
679
284
627
542
749
97
590
640
407
222
635
460
349
579
659
122
72
294
660
283
430
346
766
43
345
139
29
723
38
84
417
567
552
541
681
386
237
276
510
460
761
422
252
6
590
602
363
610
749
459
460
33
374
512
78
346
524
234
225
740
500
153
578
161
347
123
788
39
183
19
176
683
134
401
627
524
467
307
502
217
407
216
315
97
315
285
675
54
572
662
124
476
7
234
280
339
292
459
249
94
496
561
520
624
706
435
612
531
495
705
184
756
8
192
454
142
193
163
767
17
685
546
468
207
581
58
646
611
711
481
506
702
603
547
169
239
785
318
212
142
134
343
212
230
678
56
47
573
427
134
487
321
163
258
172
368
720
348
402
548
552
399
541
761
189
126
409
604
631
41
710
115
317
779
112
163
755
531
668
225
477
28
191
313
738
267
617
404
780
454
286
682
107
332
485
228
665
660
186
76
792
485
510
467
696
271
14
671
21
325
305
400
797
664
650
333
494
241
142
591
446
170
783
41
308
233
407
690
788
58
433
114
665
232
128
709
570
600
403
686
494
387
784
443
44
333
525
305
620
198
191
436
681
541
425
437
744
732
662
729
753
612
65
289
476
134
689
571
40
58
419
229
420
768
255
281
656
657
781
89
670
417
768
344
466
723
656
675
361
24
678
490
469
486
752
143
230
722
564
106
69
329
705
502
26
752
577
732
77
438
235
442
265
563
118
367
477
704
167
325
28
114
107
476
516
628
576
143
91
768
333
454
150
377
627
151
51
616
283
121
614
178
558
230
49
306
324
172
141
600
212
305
709
765
42
673
257
354
342
534
64
708
385
258
798
670
539
475
565
284
784
131
352
87
441
115
59
401
206
388
742
495
25
186
648
398
165
46
496
3
694
374
663
628
371
211
322
236
62
790
99
671
292
559
510
282
463
628
105
229
504
75
397
217
314
212
586
504
67
790
118
205
67
100
294
545
71
684
165
631
607
188
257
517
347
497
165
751
501
125
193
