228
564
1020
284
1855
440
1758
105
651
1139
1706
1292
805
596
1289
600
1093
1575
1753
1415
253
1607
284
226
767
178
1117
252
1832
294
442
1183
445
919
418
958
1104
1698
61
1465
127
1275
1106
927
985
35
233
1262
510
1702
638
438
1586
1248
1502
363
1341
1119
1314
265
114
372
1349
754
906
691
883
115
748
1114
1376
1380
908
1967
1313
1758
765
546
107
488
596
609
71
426
1915
9
991
1474
174
826
840
36
1013
1332
795
1356
1007
1550
385
1711
743
597
1067
1071
102
1249
188
558
1845
451
291
1274
268
763
1992
535
1660
1687
1730
1898
470
645
659
561
838
1497
834
16
271
298
818
1510
516
822
1827
910
720
1382
293
1345
403
1245
405
825
1946
746
950
977
1066
764
1853
1112
1848
1717
1624
804
504
951
1691
722
1584
1147
393
1868
231
577
476
1844
608
882
290
1773
1293
321
804
1529
1554
960
771
876
1816
1214
97
207
1962
62
250
1633
1775
1459
317
1544
52
1991
1626
1653
1093
1547
1706
389
744
9
598
436
199
245
1269
1549
120
738
789
1356
122
1408
1349
500
1710
387
1084
572
496
528
1802
1556
624
368
1434
421
1330
919
800
1142
1230
702
1989
268
1220
1308
443
153
800
1571
383
613
1717
487
651
1514
1274
554
1029
217
1230
274
1047
842
1801
1900
699
320
160
1433
1651
619
180
1142
1619
1687
1016
970
1708
178
1389
201
21
1163
1597
1062
839
22
912
277
726
1820
61
781
599
1247
1633
1004
1363
715
1797
325
1863
1671
1471
1941
116
411
616
1780
1097
1468
1669
662
1563
1779
964
1969
1951
107
821
1433
1668
1481
1986
1206
864
774
173
327
741
1128
357
400
687
175
1636
719
1164
1851
1303
1933
1065
1930
475
655
1878
1119
0
892
1653
1006
461
1193
612
1860
1873
784
115
1220
1377
1504
548
204
706
1773
640
182
901
312
960
1930
650
1369
46
1201
898
1224
1960
1716
277
204
1565
1363
588
1227
1816
497
1661
880
71
1101
1473
1098
567
43
803
1152
525
513
1495
1603
1587
734
148
1692
1645
1812
143
1941
1719
1174
1958
1972
29
1389
1462
561
1190
709
426
584
206
276
416
714
1951
1610
425
1086
27
163
93
1397
137
1626
1113
443
89
504
1879
809
1557
74
55
1128
167
32
351
976
1201
626
1148
1710
445
1165
1348
1684
1649
1403
1658
154
894
929
13
322
1286
1905
1006
1785
1303
912
1596
1786
328
738
989
1212
623
513
267
60
621
1277
1528
1333
1431
1197
1136
1227
1298
1203
218
1368
857
1070
1066
958
670
1881
22
842
603
1585
803
1498
1140
708
331
165
1259
1572
701
1032
1998
106
1858
434
337
664
919
1541
1332
1895
1948
572
1554
431
1511
1996
1365
1125
934
563
1896
78
832
397
1067
962
1206
1510
1741
972
891
1994
1241
478
349
1031
495
1809
95
708
1581
1545
404
699
250
247
1450
1441
224
1497
481
1175
676
492
1590
649
482
610
1041
1123
985
366
263
884
817
1323
573
1418
1508
1212
1002
893
1312
1215
647
376
504
1819
1589
1137
1553
1817
1435
1706
1344
1919
1803
208
1934
1142
1808
97
1605
1229
695
1867
1417
182
134
239
1302
111
589
596
1169
539
376
743
398
1167
1934
1168
62
729
921
1024
451
1033
1858
343
1698
580
1320
1299
1794
637
1133
130
1239
868
1917
1016
998
123
300
1596
1269
819
795
1805
1233
1494
903
50
794
381
1870
1774
255
1713
1422
1234
1010
830
364
509
119
1636
270
463
1374
1447
1030
1883
571
1159
1419
1370
1774
698
581
268
388
692
373
1258
569
1945
1327
1479
88
681
1205
1013
1250
570
1249
1011
1014
1332
158
132
578
277
100
1995
487
964
158
562
578
995
1002
1290
1932
1358
1148
621
1936
897
831
1599
868
1589
1481
1699
1286
762
1482
1818
612
881
1297
1302
984
1760
1675
205
366
377
1033
376
1332
20
1420
1931
813
1736
1056
1103
513
1545
354
459
1285
315
1472
1762
1826
1700
1211
885
1045
1664
779
457
1650
974
384
1475
1398
808
336
1984
1416
1552
1377
49
1386
1637
1365
676
146
853
1373
1070
1503
908
780
1572
1579
1739
153
424
1068
532
256
1600
710
737
1494
1443
593
1317
1766
1965
1906
1082
461
1970
1880
937
638
1711
502
1385
435
1420
648
654
146
1357
771
963
1223
1096
110
418
611
113
999
127
1825
480
323
853
529
580
1942
1656
1571
1938
1307
1178
97
405
1185
25
217
1881
274
965
982
1715
240
1135
362
56
1102
1549
106
846
1929
1083
1766
495
642
91
1811
1145
1688
1741
1399
1523
438
1017
1233
299
1479
873
18
858
97
1716
1148
1544
1893
469
1413
1884
274
26
168
764
848
1880
456
1347
64
1964
1618
112
989
109
1470
1755
46
333
465
1602
1180
29
1155
610
59
144
808
1841
1190
552
1548
1848
1371
1117
176
1231
48
1276
1852
1184
1713
1900
336
493
24
1451
395
381
1207
1815
1815
1329
1540
1625
495
1781
1826
940
61
450
1016
332
932
1329
1664
1449
1671
1434
1502
1866
309
1802
762
414
66
1043
1309
1949
1875
1037
1108
622
1909
394
1540
82
74
1288
1098
557
769
1487
1917
1557
1745
410
1315
978
370
1810
301
1302
1975
390
991
1046
220
1031
992
1686
377
1536
1034
115
1600
355
1311
330
969
205
56
1062
390
1020
907
1975
149
1335
1369
1261
195
1659
768
371
1719
1959
884
889
994
525
1493
1850
913
1833
1037
13
732
1469
200
374
895
891
1792
1260
1538
1308
165
1046
1158
429
389
1038
175
1353
333
103
329
849
1548
1051
1704
265
848
541
1088
172
304
1326
461
399
1045
1227
1712
1635
1942
307
1671
1060
1711
1301
792
1934
1484
824
1354
1552
1831
1029
63
1753
524
1119
754
1294
694
1715
889
1261
1400
650
1319
988
602
1307
1361
1147
413
125
858
360
1869
1275
542
1617
1746
1872
103
1379
1939
1953
1440
1105
1176
618
1299
289
1193
1328
1217
1921
1961
1014
1534
1271
1017
1851
645
1733
794
545
1200
1387
1107
1481
1724
1687
779
1785
620
1591
611
751
1405
463
99
351
769
182
719
376
635
523
1206
1605
853
517
167
1744
1857
200
1377
1233
1739
275
373
1748
1543
1382
1882
504
1116
1536
1709
1971
284
1431
1522
739
911
945
1179
1487
1323
1087
852
1468
514
1658
441
1340
1784
1445
1397
369
1264
50
456
1232
1042
1568
675
480
138
1458
755
353
352
1387
1240
1801
1696
374
1633
185
1014
1634
710
1135
1416
234
866
309
1727
1890
1243
1158
1426
125
431
257
1601
60
492
1798
588
1
939
1965
590
657
1914
1782
1273
104
1558
1579
143
1431
1170
1409
1386
136
1558
1997
137
1378
230
260
455
56
1837
139
1545
1547
391
317
916
944
712
1851
473
828
716
13
143
204
1564
1479
267
258
10
1255
1821
1625
1753
1930
1210
889
1403
302
946
662
1704
354
1182
3
297
410
1320
900
1870
1887
1478
1921
98
419
1604
646
361
962
637
1159
1266
20
1894
977
511
1775
1623
1100
846
185
1430
12
1780
1818
1954
887
629
1184
1466
1425
1122
1021
680
1299
1391
75
781
1594
944
1936
985
1211
319
524
1191
164
1005
1903
291
1214
259
1944
137
415
131
1624
732
987
1424
1540
511
1371
1654
1497
1123
22
1992
1594
1454
571
68
150
468
1185
677
485
389
1573
1365
608
851
1699
1565
464
1229
32
602
942
1149
1956
414
1418
763
1429
192
1223
172
222
1616
564
763
910
732
38
1521
525
392
96
1076
1946
397
261
1754
831
1729
452
1368
1398
414
1569
1499
181
2
821
1762
1860
531
1532
390
288
604
220
1239
1560
1929
181
229
1108
763
1252
888
645
1512
1185
1916
1607
1138
969
1324
1955
194
694
265
354
497
89
1176
1692
675
1674
998
1774
832
1526
1656
1338
480
136
1251
1129
1731
1026
388
779
106
1770
558
1998
1605
754
1102
1741
1450
63
1612
1024
1775
299
112
1121
1508
1654
1263
1055
1968
23
1329
795
134
1041
1151
832
1203
689
1742
1023
1751
1699
1891
1336
1806
868
114
966
1066
1266
1111
897
15
1151
1840
1959
1066
853
117
1060
1967
547
869
157
1789
85
1102
733
720
1091
57
999
68
1312
127
1690
1296
130
380
514
1942
113
1775
1019
518
392
571
1521
474
1097
1949
1523
1873
365
1929
53
427
857
1396
21
110
1468
760
1925
931
85
856
71
544
817
448
1047
307
433
87
162
1831
1435
1412
452
54
1303
1434
719
1676
1722
1634
695
1139
1199
995
283
720
1329
1537
1790
1194
1109
1439
467
1890
1860
1618
183
1171
727
1523
1736
72
43
1680
1268
1700
1732
1489
300
930
317
114
1111
1049
1901
1585
707
1404
1157
1462
1782
1852
1062
618
930
1002
656
885
1479
1868
230
424
1107
203
1325
324
1205
1303
754
501
335
1864
1083
1086
377
930
997
1138
1425
371
1389
588
65
317
1691
892
729
1131
1081
1263
1723
1265
1617
281
1238
1044
500
818
602
1667
1591
90
378
1825
247
1178
1600
816
1501
1385
458
1100
1373
1079
1874
1137
440
458
1147
1753
594
450
1655
1878
750
635
390
760
1749
1711
648
1260
1205
1909
1812
338
1750
186
1201
1673
1688
1402
81
809
136
907
1662
1228
1185
1575
1404
1658
719
1716
782
1551
1535
609
149
315
1411
1695
1491
1559
114
505
910
911
1483
1842
592
0
1625
1450
1163
1102
546
1228
393
850
1626
1431
337
176
1317
1127
214
625
1594
1519
1401
1
1859
86
175
230
1168
875
366
1915
1643
1270
1968
25
1446
1740
90
1905
224
1134
1111
392
807
847
381
1807
120
1808
1921
302
690
1434
502
157
664
1719
592
559
1141
190
7
1643
313
1785
631
472
1970
532
372
1428
902
1733
1547
1249
220
530
964
1933
1355
323
980
1228
1498
1141
222
1684
1847
1848
201
5
931
806
669
1251
1642
1089
1527
1393
1664
679
12
1196
183
1604
1946
1217
334
949
1018
1676
99
1604
466
1614
72
1957
199
617
307
28
527
60
1632
1208
1748
582
1122
1264
1733
168
310
1497
967
1820
1752
177
40
1628
1295
1275
436
560
1715
247
1568
1096
1711
125
1076
146
561
134
1254
648
271
712
721
1417
1236
300
933
1090
407
1677
1784
1353
220
1886
1593
1590
1412
296
405
447
1856
704
1763
1326
995
226
874
1872
677
1724
322
1597
595
920
343
64
1028
583
1706
354
471
119
1267
391
296
257
1873
788
1457
641
1633
1130
717
195
1501
1588
632
934
811
1338
1442
1040
1158
1472
242
1294
1115
910
1799
566
1466
1228
890
27
508
1993
1423
1708
1619
1624
1210
618
749
1224
447
