2355
5456
4787
678
5358
5417
231
7742
6733
7664
5899
3671
5488
7462
4003
6169
5303
5483
7640
656
7317
4843
4440
1764
3198
4392
5595
3633
5882
6687
3265
5442
604
282
5847
495
1611
914
2745
3344
1727
2366
2769
6429
1416
4732
6269
2980
2248
3803
6031
677
4353
4355
2990
7501
7433
7489
7769
526
6234
3187
1548
4375
6
1420
3067
7861
1927
645
2491
6150
4341
4705
6208
6165
4048
7514
3265
1943
1341
5101
3384
1985
1806
5375
5
4292
6778
5931
3186
294
6700
2985
5969
894
6070
2524
5826
908
614
6392
7633
4019
6513
4813
4732
5267
12
2869
6162
1991
858
2070
4982
1400
1088
7253
2371
4828
4564
6936
906
4239
6067
4917
1846
2828
6769
892
1937
7752
5932
221
1951
7339
4921
5112
40
5675
7808
7040
6163
327
2212
5898
1134
3230
4762
312
1931
6505
2011
4220
5700
2203
2100
5707
2334
2196
7611
6945
395
4284
6428
5866
7881
2178
7761
3156
3881
7793
2288
3567
5482
2924
2206
5885
6596
2566
1313
988
896
1408
3348
1933
324
3744
179
4192
621
2602
1366
574
2453
126
315
5842
5620
6158
956
4757
1890
121
6687
310
3962
3849
4876
6626
1818
4806
345
3509
2696
5941
7617
4349
4143
2800
5940
294
2311
2595
5000
2184
6034
4768
7821
4618
5762
992
893
1777
1400
4375
850
7433
2215
1714
1074
2670
1047
3824
1670
2999
1030
3674
5800
4224
40
6305
4667
3539
1359
4370
2900
6963
3431
4344
4821
7044
7768
6350
7515
4186
3854
6623
781
2652
4629
252
1749
6612
4829
6617
1515
2647
733
1029
5325
5259
7572
2885
3979
2906
4203
7500
6014
7602
2679
4952
4505
1782
5850
1323
4759
4932
1673
4836
1684
2275
2664
3195
7800
7497
7249
7766
398
2887
6259
1930
7666
4754
4759
7025
6569
7855
4030
2468
4939
6842
5159
2133
2779
3282
2796
4620
4535
6949
5964
6588
3498
7379
4612
2561
95
3713
4054
3193
1649
1597
427
2108
861
7433
3988
6393
1753
6470
4652
1006
7614
2110
1946
3011
3488
3470
5107
6020
2174
1902
1020
1401
3221
4959
6924
676
5711
3376
208
2455
2649
2412
1385
47
1106
3811
2928
4849
3550
1364
6873
5055
5915
5748
1781
6006
428
1629
6417
7848
5872
5334
6972
1585
3607
571
486
3000
6923
6601
3044
6084
137
5000
3729
5560
3155
789
14
3564
4286
6923
1641
5226
7206
3214
4507
7682
3394
7987
3756
2058
2322
6351
4401
7030
309
1115
7157
3856
535
7169
3190
6996
6471
2757
7942
5482
166
6675
4115
64
6715
2209
7808
131
2084
640
7537
3515
2343
6213
7398
3457
1511
4302
4159
2717
2674
7475
6558
4288
5495
6539
7337
7770
4885
3864
4462
7705
6798
1488
2082
3840
5082
841
3138
159
3544
1664
3547
1333
7455
2309
1892
2654
179
3655
3977
3130
4052
2232
2179
93
3312
4892
7842
2476
4536
6707
4076
794
591
1345
1055
831
4703
4535
2643
6930
4934
895
2620
899
5422
4201
1163
4920
2683
557
755
7265
1053
1116
1737
5626
2053
6312
1924
5533
2547
6668
7524
3009
4718
4121
2416
723
2958
7391
5335
4143
7219
3380
312
1595
5656
4644
3837
3232
6977
6197
4578
4774
6546
3541
4500
2027
7034
4386
180
768
2892
3030
4026
4192
4654
2958
503
3918
682
6069
307
2698
7138
1745
884
3759
7648
4714
3360
1004
2252
4306
1466
1181
1142
3222
6856
4869
5907
5951
3157
1642
2629
2437
5714
1550
4819
1873
5208
6981
1912
6957
4873
376
3735
1931
2452
4020
3788
1327
3862
7471
5917
3705
798
6938
5711
1875
6153
2332
3029
2675
6540
1648
2275
7885
5585
284
5602
1689
5688
1996
3324
508
4990
4620
5078
5206
1531
3935
1438
1575
6341
1342
3065
1694
3122
2608
2143
3008
187
7746
579
305
7101
7652
1770
4963
3353
7648
1885
6296
2426
2743
1082
1749
4790
1178
1828
5925
334
5186
3418
6854
5776
6636
3045
5429
5340
3189
2091
81
3907
5261
5665
3054
3147
4123
3038
5625
2703
7981
6666
1347
1347
6554
1269
6444
3093
3127
6276
1581
752
2354
5638
7809
7258
3854
165
1201
3325
6907
7607
2875
7171
5393
2420
2590
6554
1705
7554
2757
5399
4568
2285
4237
55
5577
6194
2357
5632
4470
3066
2017
6854
7875
3940
11
2121
4151
4795
6407
2876
1751
1159
7408
6560
1825
2431
1332
7183
3618
7580
1082
2773
3188
5576
5099
4473
5720
7925
164
4953
4588
2443
566
3123
3977
5753
7512
6016
3195
1901
1898
1978
6238
7198
1126
6463
209
6278
7077
5582
4058
622
6156
4077
22
6753
849
1133
7003
7938
3245
6277
556
5882
480
6044
7768
6601
5020
291
3567
1150
4303
926
1314
1345
1040
2690
4214
1998
2149
3130
6180
7804
3951
3524
7825
1147
4595
1400
4645
5405
4997
1257
906
2379
4691
4132
4931
1304
4171
5781
358
2674
7914
7753
7224
884
2082
5134
4515
1241
3879
2359
5270
2764
5335
7932
2233
2331
2692
2878
6156
7945
4319
3815
3483
3458
2626
3888
928
617
6553
6140
7797
2190
3374
2594
7732
6523
5009
3656
6445
6125
7392
1770
5251
672
3384
4602
3043
6915
7160
34
5154
1611
2159
6245
7218
7908
482
803
4929
2689
123
7227
3887
2580
272
7691
3305
1818
4623
2898
3175
6478
5700
5175
6142
2749
4295
7331
1378
4857
1157
841
2364
39
3049
3845
3300
2292
7014
1570
2428
1956
3299
6390
6312
4491
3012
1512
1901
2452
1554
1042
4965
1662
3526
2945
284
2535
1719
1113
4427
7553
3101
3222
1711
1185
6401
5357
7428
246
6787
1936
6819
7318
583
6865
6709
1972
1534
7710
4115
5294
4236
6186
3836
5507
6555
7213
7730
6946
2108
3585
3121
2141
2805
6445
1101
4284
5867
639
4647
494
941
7058
5067
5403
6554
1008
4905
2197
2481
5456
5230
1196
4211
1728
767
864
2999
2142
2642
3569
5834
4672
3625
4435
2368
5044
427
2878
3740
2849
1376
1057
2711
1612
1288
2294
336
2999
473
6577
4753
4515
6228
3922
5626
1847
323
218
5645
6265
6865
7322
6613
1336
4229
6630
2611
4492
7325
3817
4358
7158
6019
3474
118
2529
6062
1516
7262
6730
5656
3596
3860
6523
5207
5987
6998
2802
3931
4275
3986
6369
6147
6175
2001
5711
540
4123
4738
6364
6966
2562
3039
673
4901
6406
3518
1014
2129
7425
2294
2701
2554
939
4652
635
6605
997
2937
343
6107
1905
4601
2747
6588
6597
6899
6440
7935
4404
4128
5702
908
1420
2586
6792
7705
6527
1506
1774
645
6393
782
5028
4628
6608
6029
1864
3528
6170
3672
1865
7448
1816
7032
1514
6096
1231
6830
6822
7620
5047
2306
1646
3378
6541
5803
270
6131
1987
6743
5293
3230
3031
4249
5235
4922
3009
4397
1669
349
3846
3944
4331
3877
170
128
5587
7250
3714
5877
2991
1727
2024
6556
3449
1211
3719
6406
5206
7112
341
593
7448
2927
4577
3403
7454
4606
6594
3902
3926
4896
5295
3100
4003
6295
3245
4616
5210
3992
7139
7934
5477
1283
6985
7841
1034
5117
4031
6880
1862
7724
7738
4163
5331
6606
3481
6424
393
3318
7062
3892
225
1253
3735
3048
5332
6721
7780
4482
2658
1716
4468
4477
7278
2532
288
7430
1542
6922
5689
619
1793
5233
1653
866
3713
269
6404
2932
728
5558
2368
1285
2183
3328
3779
1280
1442
2487
4372
5155
5199
4732
6137
3300
4845
6839
2160
1343
1937
1463
184
4893
6187
2734
7818
2786
71
514
6821
1235
1968
7249
4807
2850
2863
3268
6327
2584
7537
3982
447
3934
3654
7938
6200
2856
6277
3983
317
3519
6670
921
6081
2217
2856
500
1981
4918
5896
6079
386
6442
6259
2011
428
5826
6842
5127
2231
293
6821
5274
7339
4265
3435
6107
819
830
92
7872
5132
7035
1633
3906
6617
3715
2908
3161
2579
4755
3753
7769
5789
4076
2502
5929
3189
5143
3151
4763
2823
1754
1953
3565
5403
373
1185
3739
1903
7961
7893
1183
3488
2982
3055
2183
7297
4191
5483
7664
462
5741
3662
3300
1787
332
7757
6286
3493
1814
2640
4310
7338
1450
5131
5661
5716
5881
1676
7574
6384
5293
6676
5695
893
5046
3036
3196
6144
370
1465
1870
4021
2999
3481
3572
1375
5952
1773
7966
5568
3699
5025
7690
1189
7051
6278
7614
1817
999
5585
5216
2042
2670
7165
2037
2984
797
3083
1524
1689
4718
7850
7942
2057
3302
4849
1629
2831
6844
584
6638
2315
5537
7783
7756
2556
7472
1526
6435
1198
5940
5652
1229
7568
1232
3060
2772
7523
1871
5473
6853
3727
1033
6370
6253
2640
1070
2168
3763
5197
1394
644
3026
5449
5141
837
6961
3826
2318
3327
1696
2135
1747
3832
5937
2231
7880
3741
3953
5556
4737
129
2626
6311
1846
5381
7254
5965
1666
1874
5642
990
3351
835
2076
3582
5315
6624
1867
1229
3351
7558
1674
985
3321
1186
2400
1075
7496
3996
3423
4703
231
3920
1342
4197
6761
6583
6805
5764
3671
740
7413
4294
5856
555
2274
4783
5342
6428
2031
6031
2753
2733
7604
1271
5402
181
7277
5128
5958
1557
882
1254
4981
1713
655
6348
7446
4060
2303
6842
5153
3282
778
5833
2112
5918
7032
5662
6683
5020
6128
509
2110
3737
1074
6901
4521
4182
2798
7033
1973
6956
1535
655
3358
5961
4807
673
7665
4632
4839
1522
3859
6207
5851
6378
4267
3202
689
4818
6701
5700
4452
1371
6788
1198
7065
2584
4251
1256
2741
396
1225
837
4313
3358
2263
6395
2171
3689
7022
1935
1698
2800
3170
6671
2942
4782
3861
4409
1889
332
5897
2234
6302
2540
3846
5136
4349
1890
1956
336
2583
1603
2294
7940
3092
2133
83
4844
6719
7654
7170
3109
6531
2296
5505
2280
7301
1049
4850
5609
5917
337
3171
3167
1394
6325
6520
4259
7664
3481
5431
5106
1065
7011
3824
3597
3077
7930
6599
4160
2407
7580
1952
1791
2335
207
6309
1835
7365
2735
6903
6452
5944
5286
943
4121
7219
3962
2255
5772
776
3073
1162
3185
6397
5551
2988
2436
3008
2128
1895
2969
6087
2769
956
319
5640
7928
1026
6078
210
7924
790
7872
2759
6927
6304
4108
4662
6655
6461
7533
5785
7580
1998
2929
2472
3053
6620
6413
1816
283
4327
542
7219
327
1354
2826
7509
5047
1356
7749
4032
2347
6533
1200
349
4750
618
2395
1680
5512
3960
3435
5430
2416
5626
343
4542
3743
3766
1996
3937
5088
1850
3121
6335
643
3390
2245
2199
2641
1910
2467
4067
3673
5047
167
206
5737
6211
3883
5587
5400
1203
2539
6003
3776
7040
903
3602
7946
1005
2214
1071
7650
2645
374
6783
5065
3212
5970
1828
3656
2741
2941
4367
7234
7840
3979
7599
4515
7261
2911
2836
4405
1698
1551
7845
3857
1108
6436
250
6834
1909
2429
3415
101
2155
4370
2630
7772
2409
5078
3408
5474
6972
4342
5719
682
6324
3263
6803
4928
5677
5916
5031
2017
6585
4476
5151
934
5739
6674
7241
7962
3267
5814
6765
3821
6129
4201
4906
7746
776
4918
4334
2851
192
4659
6481
5972
4712
3559
5711
6021
5414
3590
7264
2464
5932
7127
1718
3203
3705
5750
3282
1992
3209
2550
1668
639
7963
1246
6589
2557
605
1364
3090
3277
117
88
5199
2501
4526
2407
1398
2612
4349
2239
1747
2424
3184
578
7293
6188
1906
7476
363
638
4221
4831
2928
350
156
4438
3476
4626
3740
5270
4049
486
7311
4360
4391
6529
2812
7843
2716
6164
7078
7470
7764
3627
567
7843
5512
7078
4937
1455
7718
3713
2641
1494
6213
3214
3369
4404
131
1413
3449
7646
4414
3314
7361
7335
2219
6092
3845
254
4438
5414
6676
245
3510
5502
7415
6300
4908
3699
3507
5388
3096
212
5755
1152
536
5012
886
4317
7135
7129
4584
7506
2925
819
6335
346
2032
6442
3709
2014
4535
4016
3388
1976
4367
4597
2979
531
5628
1946
7396
1262
5142
1661
4782
7295
1149
947
3382
6324
2362
979
4446
4436
2227
2543
2175
5061
6282
3806
2392
2342
3604
2293
3218
5404
6001
5908
2735
6315
4045
7132
4431
1274
4594
7166
287
6265
6535
3183
3806
5278
489
567
1229
2890
6756
6889
1715
4491
2765
3309
6730
5946
4480
4345
3209
4037
1906
1118
2255
3975
1074
5695
5545
3283
6145
7068
2304
5072
5578
4748
5154
4158
5247
7945
7531
6743
4306
3941
5520
2000
3597
987
7111
3838
7055
577
2518
6550
5412
1561
1975
1357
6975
1990
7141
222
5462
6427
1479
1258
2843
1423
6005
1977
5778
5069
1195
2270
1107
1000
2825
2105
7454
1964
6916
279
2710
6863
5933
5876
7196
3271
4700
7328
6217
7669
953
6462
4039
2750
7270
3433
717
7419
1420
2546
5621
5190
3457
1861
2107
3957
7827
682
7956
1891
4532
487
7464
5609
129
4418
4206
5228
5425
2211
227
2512
6615
1304
871
3787
5523
6323
2740
3028
2779
910
4155
122
2081
7919
4061
3280
1122
966
6147
1734
6347
1299
5210
979
4487
5604
430
4750
7657
4028
3042
3484
1267
6608
3594
2628
6401
7787
3557
4895
4501
7345
7738
2731
7552
5376
2893
3710
3561
6962
7934
1815
317
5183
4031
4368
6067
7104
496
5487
2170
1678
2713
4892
3522
2249
7043
2990
3684
6580
5811
7198
431
4542
3524
2141
1552
4635
5856
7041
1501
7825
6683
26
1918
143
4716
3107
1720
3191
3592
6101
5784
2749
6556
4885
568
4647
5863
6861
2545
5620
3443
3927
7325
6617
5102
6038
1095
4774
1961
6623
7154
4936
6892
1429
4674
743
5875
4819
2955
7727
5386
833
1525
621
4288
1290
1993
2319
3595
2916
2458
4110
504
5006
7058
103
6349
4376
4696
580
1213
6108
1051
314
198
3530
3902
1964
7979
3361
3232
1932
4617
1466
2694
3137
281
4734
5224
485
7105
5304
469
5989
1558
5509
1603
5132
5555
2920
6199
3737
5999
2746
5965
7948
4349
1791
4197
5120
101
2771
4010
6770
6171
1411
3136
4575
6649
7928
6857
7756
2910
845
533
543
4898
386
2468
3307
7669
5706
4184
905
3155
703
700
1761
614
5622
4843
4488
7352
3628
7582
1539
7634
6943
7766
234
1590
2105
2658
5544
1078
1063
2509
2271
7920
5321
7272
232
6566
1794
6896
56
2430
7854
4635
3678
5459
499
5444
6121
2549
3760
1712
4262
3396
4115
4476
3270
4772
1991
7461
1886
3485
7818
5236
3977
2386
6044
900
3560
28
723
2993
7242
1155
3660
2847
2790
6552
6332
7588
69
7986
5732
4947
1085
4355
3619
6310
7447
918
6629
3143
6226
4135
825
4539
1473
2206
4737
1195
2511
1450
3906
1361
6563
3895
412
7867
2974
203
531
2495
2561
386
5963
1852
1836
5988
5330
7944
3649
3040
4376
5563
2151
4648
6778
5207
2091
616
3451
1363
4800
1316
595
259
679
4781
7074
7781
554
7359
1341
2122
1474
5946
5097
798
3672
4731
1638
790
5736
1623
2466
5686
2498
5107
1295
7677
1515
6467
3342
5485
800
1885
6730
122
2874
5881
34
2959
2413
7752
4926
119
5866
1389
6723
4143
2853
2844
6561
5829
4977
4046
5577
1324
4870
670
4348
5728
1829
6403
7039
880
3346
2922
491
6061
5312
3312
3040
429
6155
3193
2714
4604
351
4528
28
2144
4150
3227
1416
4232
5118
1369
4240
5648
3416
1403
7239
2547
2365
7421
1169
1678
2427
7008
953
5645
4381
2917
2273
6644
1065
1127
7444
4556
1987
2006
1528
1384
4975
7436
7455
3475
5684
7949
6972
5144
2908
608
3506
4268
343
1796
2376
5948
4095
7761
7801
4047
5046
7213
7784
6360
3115
2279
2417
3547
252
1843
7195
1273
3957
5058
1641
4314
6967
5822
5776
7157
3892
5535
4802
2111
5143
1453
5737
878
2624
5650
2863
7528
2989
1435
1722
6029
2420
2443
4021
6749
3884
6812
4361
2248
1068
1811
5740
7121
6891
510
5712
4062
3207
1293
2235
6238
4961
459
6070
5015
6309
6839
7391
7563
487
387
5274
710
2153
360
6884
2567
3513
5668
6151
1224
5367
3473
4906
3436
1461
1251
2560
3845
2743
6334
2785
3391
5081
5682
6709
4460
2960
7252
1292
4268
7112
5434
6859
4088
2733
338
7362
2251
5510
2400
6617
4975
5243
5138
3239
7008
3895
513
7589
4126
2280
646
7671
468
4195
6263
5290
6112
5285
7805
2108
1279
2293
659
5524
598
4645
1885
7058
4383
7862
3554
7233
2414
3803
4520
2473
863
6998
4651
897
6495
575
953
6722
3539
5156
7725
2519
2984
3977
1798
2993
2168
6352
3875
4982
2070
3828
3037
4569
3446
2927
3713
5509
1276
636
3176
3635
223
6455
2677
6811
6970
2976
1195
4230
1967
5182
553
322
5752
7264
6402
6447
4555
2110
6205
7927
4585
2879
5286
2075
6212
2772
7503
1896
7819
4609
4967
1608
3795
4412
6516
3956
4195
5422
2608
2695
2332
3926
5054
7790
131
4045
1735
5052
3629
5668
2165
7578
1990
4457
3020
2396
4221
5065
352
5166
7504
3983
2295
1837
1391
6346
7611
3986
5648
6733
2267
5577
4046
272
5504
2976
1790
1972
7784
4890
7249
7396
672
4196
671
3223
1634
3487
6422
6834
5192
2204
830
3785
4780
5350
5096
3270
3487
7096
3571
6690
2754
4879
5114
4177
7172
6490
1437
2875
6328
5391
2346
6116
3730
5783
745
5740
3198
2217
257
3954
2140
1332
842
6868
6172
6390
4400
6994
5491
7722
3392
1233
7223
2334
7954
1595
5213
4130
3796
7363
5196
4445
1839
4422
2269
3513
1815
2317
6450
2174
7860
1455
7536
4989
4968
1748
3226
2018
4541
6612
2955
5037
7404
7677
7952
1530
6412
1395
5152
5884
7702
6898
1976
2056
2961
2608
2263
5581
2782
350
467
3106
6690
5068
3607
5816
2891
1772
5882
6319
449
7086
4540
6788
7979
2123
2527
3175
4955
6174
4640
2090
791
4332
2769
2454
2821
1732
5524
3544
114
4418
3125
985
2687
6189
2085
107
5800
7424
4815
222
1906
3782
6233
1715
7345
6046
4921
5416
3763
2590
1393
2098
2957
1556
2281
841
3135
3176
2535
3677
4742
2717
5357
4518
7167
2678
6319
5017
1331
1845
175
6646
3715
7679
1591
5182
3953
2139
562
3650
7304
4313
3112
1367
746
6927
7316
614
1012
510
2788
6816
2255
2708
2317
526
4822
4363
5704
774
3295
2543
44
186
617
6524
6633
2218
1056
3813
3934
569
7503
2481
2520
2014
7586
3200
4776
1457
87
6444
7520
2277
3009
4747
6698
2005
3577
16
5892
4663
33
785
91
2477
278
803
3331
1530
818
7713
7121
1809
7802
5836
7446
265
4139
7948
3064
7662
6300
5973
3822
6257
2704
7525
7191
4927
7898
5993
4152
3054
2861
4607
7057
5524
7487
2455
1754
7282
6746
5298
3935
2894
7359
6604
4725
1950
2231
2263
3288
2976
4727
477
5858
3847
2415
198
2154
1615
2799
3514
4855
1457
7606
6430
4960
7283
5849
6523
7041
2327
141
6973
6044
6259
2833
7703
329
7137
6330
1219
3163
268
2588
3559
5585
2347
7442
4436
886
6858
6699
3367
6934
5316
7409
5010
1501
1805
5847
629
3149
3884
6142
2342
7515
5445
420
7568
4839
6676
7082
2871
7191
7478
128
7129
5391
4897
6319
6576
2126
3189
6146
4437
6184
234
5330
7870
1884
5160
3821
1832
721
5045
4514
2064
5234
4552
5612
5722
3618
5437
3897
4181
350
738
4373
3094
7534
7534
632
640
392
6417
3176
4006
2113
5543
5388
775
3184
6150
5327
1080
5730
4726
1197
5727
7859
1216
5661
91
3855
31
5851
2305
773
3667
5841
5314
3269
7381
1249
6632
3638
933
5586
6591
2230
5887
7764
5456
2031
6700
689
4233
594
3316
3539
4728
3827
369
3180
4342
3137
3454
582
3872
7584
2895
7399
5505
3237
5914
1824
2636
1133
7027
3954
5956
6875
6966
4318
3902
1644
2909
4936
1022
3960
7602
7943
7167
5191
1886
7627
6735
5709
4703
4651
4438
3140
5400
7371
1527
2020
2306
2343
5134
5826
6080
5118
2842
3138
4945
2973
4788
6778
1311
3462
701
2469
3508
4606
5399
7681
6540
2288
2185
6854
2949
2753
2054
5826
2547
2225
2567
3606
5008
3498
85
3271
7440
5097
5283
1921
5907
2886
3287
1327
4148
2081
5865
7087
3647
1259
6308
7542
6783
5838
5002
6144
1268
1786
3605
1393
4067
5133
6935
4301
5192
5215
195
2001
1511
1767
644
300
384
2253
3851
7581
7265
4556
3558
362
85
5059
5068
6010
5946
3865
7669
3856
6001
2827
7014
5668
4846
4948
6986
5280
431
5047
3196
7860
7113
7212
6242
3862
3229
4069
2483
6041
7850
2875
2776
3753
636
4666
6896
2081
7107
1350
5358
3913
6014
808
4573
1903
5654
6457
7492
2912
6919
5929
2213
4611
3769
1132
31
4947
7021
2179
2227
6647
7955
3491
2787
384
6008
4099
438
5758
7068
5319
6361
5055
5473
1604
5920
1765
5984
1647
3370
7331
1494
4839
3233
1684
5436
3804
4832
4728
5300
2458
1904
203
3167
2870
5739
2564
715
3859
194
1703
2122
5522
4506
5703
990
1428
2000
4828
4944
6956
5790
3837
4064
934
6677
186
6806
7855
5322
728
7095
4511
5710
1577
1299
4202
6549
5192
2619
6174
1271
6063
4113
3993
3477
2933
2039
1867
5396
5350
5673
4580
5893
2880
3239
1434
3365
6536
1291
7960
2559
7240
5625
4038
304
1573
5747
2353
4483
416
1868
6680
4730
6185
7796
3218
3118
3035
1650
6751
4814
4505
5105
4361
4995
6787
2865
7670
2932
1300
990
4045
1637
4122
5950
67
4282
4563
4291
6209
5914
4641
2816
6708
7471
1386
4280
6832
5769
6415
4819
7489
5346
2247
7722
6096
4284
919
7617
1711
3943
816
5396
4417
3807
2149
5386
1801
913
7623
4678
6093
7358
3487
3357
6822
6840
1543
226
103
2698
5605
2844
4712
1845
4037
5721
2414
532
5714
2332
1272
5857
7921
1265
5929
4432
251
33
3149
1369
2260
2818
1865
851
876
3110
3556
3196
274
3827
5420
3029
4208
2579
262
3818
1447
4225
6422
5424
1160
7108
967
4934
4395
5689
6775
3422
2032
200
6402
1333
336
4473
5866
2558
1951
543
2336
1885
1120
2802
497
2190
5892
2171
5840
742
7617
7144
3580
3250
5771
6847
3597
5756
2738
7279
97
5483
7704
7107
5597
4234
6349
2032
3938
5601
3401
3789
3726
4479
901
802
6060
2970
3382
5848
4473
5837
359
5136
1044
4799
626
5968
5569
7972
7450
6553
89
5213
6344
5076
4434
6907
5921
1834
3431
4001
5632
3443
804
6727
6421
4998
7312
6555
6553
2607
5110
2370
1645
7166
6418
4923
3406
5692
4565
7269
1975
6777
213
4951
2644
7361
3285
5997
5342
4461
1388
5667
3287
6229
2900
3161
4004
931
4049
2550
4290
4291
4859
4905
7206
3574
1258
1931
5621
966
6526
2016
2333
3668
3912
5117
4558
1101
2777
1731
3673
4987
4773
5193
1251
311
7314
1368
1669
6525
5027
6607
4740
3928
6588
4007
2408
4732
3409
1489
6203
2418
3951
4028
3360
5549
4263
6834
7693
1212
6098
4322
4966
4441
5126
2424
3831
1694
5972
7976
6606
4183
634
6219
627
7346
172
4960
7045
5459
4794
6707
6259
7620
2910
1818
3987
5066
4708
6812
930
6227
2230
4205
7513
395
2307
1173
3304
1677
4876
6894
4818
4534
1803
2124
612
6806
7807
1463
5843
3136
152
6483
689
6657
6204
3745
7948
1005
7668
1566
5155
7188
6967
4553
4742
3348
5264
642
4233
7176
2158
6670
4772
4831
1352
5879
170
6023
7083
2640
3748
3463
6177
3927
6602
300
3712
819
349
5211
1420
6364
3812
2374
4746
5273
6080
4730
7650
1957
7022
4564
2799
7403
7577
4307
2983
2801
2650
521
5538
3857
7629
5676
5833
97
3409
6025
1820
1396
3675
4888
2015
7994
3256
6250
7906
4226
3357
319
108
2208
428
3316
6659
7018
1862
4185
6811
4956
7367
1121
2393
4123
4194
3058
834
5463
3610
6045
1093
7433
4827
1767
3361
2716
1651
3206
2996
7336
5040
1768
6946
7257
4246
5292
4702
7662
2365
3572
2328
1886
7173
4178
1987
4501
7479
6559
7425
3739
3258
4586
2926
1430
1711
3726
454
38
4713
5149
7924
5678
1548
952
760
4530
1537
64
883
5596
4755
4839
7314
2777
1897
4256
1109
2976
7968
2997
2683
1683
7813
1783
2892
7422
7340
5263
5954
4860
5423
4595
5205
3832
5703
1717
3810
6097
4096
4469
3063
5911
2396
6071
5694
2611
6534
2127
1795
2211
113
5433
3043
7970
5325
7045
1427
6181
4774
4783
3082
258
6809
3277
2892
7788
2355
97
1108
7385
2279
3726
5342
1092
2284
5224
6414
1870
2737
36
6720
5056
190
3182
3949
2731
4072
5274
4278
3056
7217
7090
1745
2396
2106
5869
2061
811
5157
2753
3779
6766
3723
7375
6235
6406
2455
765
4088
6352
3517
2530
3713
7067
7963
474
7373
532
3754
7736
1578
259
5664
923
6986
5038
6950
6553
3979
4059
2993
7897
7202
5491
5951
7613
1699
4546
3632
6972
303
1819
5247
77
4858
7129
1627
2623
5751
832
7142
5670
4323
257
1353
3823
4075
3932
3634
5269
2427
800
5419
3116
5540
4494
6808
5723
6697
284
2573
2407
935
4885
5705
5546
2014
2141
2324
738
2144
4115
112
2533
7252
2319
5758
2034
1447
6922
4337
6692
7697
4189
5415
2880
5055
1890
4201
2093
7138
6135
2240
4355
1300
5089
3058
3707
2338
4172
4056
3591
1274
5040
605
5115
6066
6992
5397
2216
6515
6876
7607
5258
2560
2551
7033
1175
2151
6995
3783
5623
834
2039
2271
4435
4842
2018
4299
6662
2810
138
3644
5425
6331
3261
1728
6827
2225
2089
4768
2773
6401
4919
6873
5963
7101
5969
3765
2294
206
1988
3588
126
2237
4993
4732
2525
6366
5054
7339
3343
4761
1594
2196
229
5590
669
4142
7481
6084
5181
6325
3580
711
3197
6314
5803
6460
272
4398
1696
5033
2907
1911
5765
902
7161
1708
2915
98
728
2659
4825
5876
2944
3444
999
2559
3252
5882
7146
1376
6321
7654
866
2871
7123
6655
7343
4016
6679
1466
1371
6637
1467
3889
6544
914
66
643
2666
6764
4244
2505
1127
4670
2113
3248
3003
5354
678
760
961
2617
4328
5448
11
3399
4446
1963
922
910
11
1899
4329
5133
2568
1928
4964
5204
2432
5397
7606
1967
6613
3056
6528
3501
4449
2076
5093
779
7895
317
962
5506
7175
3503
6331
4906
6144
5891
49
7817
6927
3094
4431
2621
1446
2128
3652
3073
2457
822
4171
6047
5953
7661
485
7219
1923
5004
1128
4695
4459
1884
1457
7664
7602
6575
950
916
6750
2586
4022
4951
8
4944
6161
1329
7929
6300
4404
13
7854
7290
6188
3248
4155
6931
7772
3780
268
6228
3338
1793
2822
5610
4947
1655
459
1436
4543
3834
7197
1732
7151
426
1754
3051
3379
7005
2917
4352
7736
5675
1510
7093
7262
4247
1959
6135
7528
2261
7519
2503
7437
3900
7052
7354
2411
5642
5177
3785
5467
5902
3551
6742
4383
7798
1960
1084
2616
5173
6798
3089
5717
1681
5602
3259
2341
1158
3049
5932
5389
6938
3681
3451
2741
7806
4513
2208
1789
7390
7838
5900
7630
134
2058
2019
7051
1264
6294
2903
4517
2990
792
4194
846
6256
1225
6367
645
6387
6309
390
1488
5255
1205
1730
4744
7611
7273
689
1422
6246
606
6711
5467
6229
2176
4543
1974
7436
3081
528
190
2427
1640
6983
1511
1087
5180
4599
258
2769
1343
5530
4468
5263
6592
1842
6216
7781
6472
5568
3681
6360
4895
5344
5832
3055
2983
1471
6564
1726
3173
5883
7687
7888
3104
5525
7716
1584
5922
5781
2655
3796
5211
4795
893
359
7397
6685
187
4849
3235
5026
1082
1637
1986
4249
1687
6472
6753
1591
1049
3065
2957
1323
580
7265
933
992
4810
5111
669
206
3489
3248
2781
7997
6448
6786
7881
3096
3554
2516
668
7018
2013
4996
7405
3447
6605
1364
5780
4665
2458
1010
934
7350
3256
5666
6875
378
3484
7242
2129
503
7436
4441
7593
6005
1935
1621
6543
3255
5060
5633
408
2092
4943
1831
4740
3663
6126
775
2850
1820
4201
3164
2131
5102
1832
6343
2854
698
5406
6427
6883
1442
931
2884
932
6199
480
5396
1948
3662
6244
1708
5179
829
2579
7299
4394
4915
1213
1494
3313
2161
6477
6764
1849
1577
6616
4293
4203
4593
85
1758
1718
228
6508
4772
6576
1557
6119
4851
4308
1521
6277
6473
618
7024
7469
2060
2372
2360
4928
7092
4324
910
6727
1878
6075
441
651
4238
7756
5429
7236
5385
7151
6481
1961
4204
1650
2278
294
4453
4890
5620
620
2380
1223
2202
4258
6773
1525
881
4601
4117
6751
1542
1053
3341
1342
7923
2055
6104
3950
153
2735
5774
3378
5756
1823
1874
7502
1019
3043
2271
5074
1450
2845
6569
7927
1870
1013
2931
3426
2932
7469
7981
3781
3310
5202
6791
1957
1131
782
7574
4726
3634
6555
929
1058
3707
5778
714
4328
5738
2081
2260
3105
1065
3803
2005
3679
6752
5930
569
2222
532
159
112
6780
5017
746
373
4565
4853
1189
2620
7302
5011
7562
7992
6755
4129
2565
198
2533
1927
1637
3385
491
2563
2092
6083
4513
2469
7813
316
2302
6052
3285
7506
551
6172
7082
782
433
5605
4432
638
1540
3281
5378
3717
4635
2241
830
5243
6887
1956
2481
322
467
4110
3026
2406
4771
433
6987
3248
7349
6330
4241
5320
2794
7690
7189
1796
5534
6287
7250
6737
3986
1599
7559
2172
2923
6321
6271
4830
2259
5592
2059
4642
5502
2972
3858
500
4615
4950
3391
4744
7800
40
6872
4676
5673
1143
3695
3148
2239
3143
6833
744
5398
6705
4891
1555
633
5507
6925
5922
5902
7028
55
4878
6991
4034
1392
6817
5235
4842
3237
6265
1451
4868
878
1980
1928
1336
4348
4953
1401
33
6639
1718
6002
124
1796
5500
5993
204
5803
4987
3066
3918
2167
122
3883
6164
6063
5087
7049
321
5313
6647
3761
3232
86
163
43
5537
5313
2464
2864
2416
1489
3313
2700
2483
1413
4587
1246
1825
7071
6237
6717
7162
6033
1689
3125
5222
1492
7139
7471
7918
5016
7094
2606
6161
6230
3309
1013
1796
3649
3093
7
778
5850
3916
1670
6315
739
7509
7997
1364
1707
3580
569
3146
6536
7840
1874
1164
6371
4130
1927
3141
5229
41
7431
3371
1584
2511
4172
6647
2432
4587
4962
7873
208
7419
5254
7863
5280
1966
2793
6970
6932
4236
4692
3349
3617
451
5413
2842
1120
1999
7479
4827
6085
6532
6496
2434
3241
3579
5204
2574
3
6999
7270
7530
6389
1587
6127
5483
6338
6634
6087
5990
3358
2178
4912
5676
1694
4149
2003
3492
7119
3806
3938
2051
1698
2301
3932
7210
4228
1383
4271
283
4556
397
4151
6105
2638
1638
5988
1052
6285
5564
1083
2478
3789
2768
3955
229
2309
5995
2495
5437
819
4419
1003
722
4618
5766
6432
3830
4743
1350
3394
1461
162
1664
1976
547
4575
3082
7307
1501
579
7897
6183
6117
676
2988
6272
1748
5786
5273
7950
1851
5969
7602
2296
7450
4992
4500
3151
4668
820
4299
3121
7725
5062
5861
3598
410
6955
1170
1223
5827
7082
3060
5810
5087
5352
1801
1658
5644
5279
5938
2596
7600
7533
4640
6124
7218
2761
3738
7245
7375
6992
3373
3616
3609
4926
5744
284
4946
2040
6194
5564
929
7045
1283
1406
4335
2269
1756
7623
1441
922
6827
5732
562
2315
4415
555
6316
3624
4173
3328
258
5919
7709
2931
3021
6157
5716
7047
33
3336
6814
4558
7052
3161
5239
5743
3562
7367
3543
6666
5672
6222
3704
5810
6739
1519
2437
4633
28
3553
1441
6793
4266
357
1872
398
1628
2615
4998
1394
410
4896
7818
1120
3222
232
7367
1194
1317
7913
7215
6182
3124
6207
3532
7091
424
3292
2149
25
3350
1208
5833
2127
4124
101
6843
4502
7770
2752
3002
2178
1745
7876
4267
4376
3350
4664
4901
7059
4914
6601
6233
1281
601
306
7644
2955
3461
2519
6355
6801
2095
4658
4410
5427
1258
3620
400
7277
4828
5101
3683
1882
3673
5815
7475
4569
93
2701
3398
6861
6246
169
7112
4350
3628
4138
3612
2973
382
3172
3523
1060
1275
2705
743
156
5993
6310
1669
6840
2357
1473
3510
3103
776
7422
1624
2503
6209
297
221
3645
5397
1805
7792
1409
3201
5099
5887
2381
1575
3207
4201
3638
6220
4764
1542
4268
6829
4143
6349
5980
5497
4865
3110
6836
2992
5021
3853
2502
5078
7506
7455
646
2515
4795
5829
6510
5226
1338
5626
6976
2452
7555
7610
4651
505
1684
4425
7047
2634
7234
4573
3451
7741
4591
1256
2366
806
4376
1798
1530
6831
267
1600
908
3956
54
1083
1512
1917
5337
3392
4762
3353
5533
3753
4775
3667
191
6116
146
980
3749
4391
5114
6677
145
5808
2017
4926
2547
3448
775
4832
4824
820
5685
1036
5377
5638
2261
334
5135
3399
1598
7561
473
6761
7886
560
2272
5197
4209
2334
538
4832
5886
979
2154
7346
448
6028
4401
6549
7761
7998
958
5550
4258
2350
5409
3035
7192
5104
6493
4161
2321
5946
7291
3184
6788
2852
59
7029
3463
5694
358
7997
3177
5198
63
7777
7871
4516
343
6930
4668
6172
1024
7138
4538
7408
3673
5805
4693
7607
2824
2914
2678
62
3463
7026
4782
7681
2837
211
6136
2887
2060
4721
801
1431
7507
1970
4995
7066
6697
2724
6253
1102
866
5254
5790
4068
7087
5488
7728
6264
2901
3871
3090
3883
1344
3489
1134
6942
4721
4697
6249
7500
1938
5872
1416
2692
3114
4248
816
7298
4715
7614
5382
1193
3945
5324
7797
1760
1125
4952
3085
2822
7368
940
2761
4691
5547
3250
1449
4300
2579
1468
3582
5538
6522
3566
3332
5864
3592
6153
7209
752
5537
468
5228
4545
3927
41
4833
6390
768
5785
5776
5750
5155
5565
1725
2251
12
2138
1475
4257
511
5872
5850
5406
1481
1183
4664
6104
6706
1526
6483
6007
4366
5402
259
4840
1202
656
4678
7739
6916
6695
4062
4443
236
5637
7253
7847
3431
3212
160
3185
2682
1320
6689
3858
3843
7672
5383
7783
2538
6166
5137
3629
2359
5637
3055
2933
3390
822
3273
2307
3765
5687
3033
7369
870
2105
3827
2427
3071
7676
6501
399
3655
6553
3513
1043
1963
875
1431
4522
6775
7387
2119
6308
3488
6023
2517
4089
4349
1743
4749
5474
2710
187
5414
7381
4821
7948
2427
2843
1305
7006
692
6735
2026
1718
7747
6453
839
2798
5771
6004
6490
4858
3995
6257
2189
2774
2839
7306
7669
2574
2167
4524
3564
6953
2217
722
6142
7091
1042
5083
2426
2150
1074
4229
3432
2740
5542
3020
2201
1780
4806
7513
7257
4518
3310
3433
4801
3749
6938
4859
4649
6504
811
3445
5243
628
3782
3092
5924
6498
4700
3598
2275
5000
1860
711
4867
839
5443
4011
4902
369
686
7918
4535
2836
3879
2782
6849
6760
7107
161
3934
5713
2892
2961
7175
3024
1506
6576
7435
6092
4156
4682
6875
3641
4876
7014
6017
3171
3713
3240
2801
4697
2726
838
7416
5560
4903
5733
3409
2323
6132
4559
7063
4604
2686
1619
7828
5170
2655
5754
2871
806
6102
4769
1636
2348
5744
5240
2726
5563
5442
7254
4224
6368
4370
1078
6433
7622
2965
4114
1205
5018
7635
4442
7896
158
4391
2705
7845
6668
5282
1733
2029
5028
6607
7721
3203
4052
1490
4688
7477
5188
4010
5192
4565
2683
3157
6609
3957
369
6611
1145
6256
7281
5698
5525
7141
1962
3688
797
1471
2068
4816
6885
4592
5306
3147
564
3068
7463
3288
3779
2481
2865
2462
6739
6005
5725
1045
747
4536
6061
4101
6381
5256
4173
4071
1556
4867
1366
6631
6157
7526
3004
6155
6574
2564
5339
7277
1751
6291
3929
6052
6820
2017
3063
7105
3980
3428
953
7733
7769
2414
880
7056
6916
383
3873
2660
7148
5300
5012
7176
3571
6558
58
4280
3702
3502
3323
2010
7398
2444
5660
3164
4295
5254
5770
7032
1349
6501
6789
4825
7662
988
7660
1368
5585
2906
7137
7711
7728
1727
2328
7790
5860
1770
5569
5884
1998
1777
5136
5365
5685
7914
421
5218
3649
6566
3229
7271
787
1150
757
165
3135
1093
5846
6848
487
1628
6849
2810
1973
3429
6679
3902
2548
4496
5574
3513
972
5457
1740
2979
536
7602
2857
1436
5350
2564
4325
6449
3210
7409
4731
3709
3999
3821
1057
2604
6811
1419
7349
1819
2894
5804
133
6939
6007
5074
2107
3221
2307
3218
3491
647
1699
680
1819
748
6984
2852
1942
4794
6846
1859
6988
2053
3106
2393
3522
5505
5506
6825
7153
4261
5519
6039
5526
4394
3137
2164
5462
6834
6728
2169
2443
3462
2922
3279
5039
4600
4158
331
1379
4647
5763
7031
2653
2017
6365
331
4589
2851
6126
4475
3690
1467
1933
6314
4029
4239
6502
1596
3273
2550
3502
5001
1526
644
5120
2413
7449
1187
601
7100
577
1308
1965
5971
7649
2421
4068
458
341
6005
3828
5381
1299
2371
795
3754
5551
365
186
1388
3210
5572
6409
4166
1752
4259
4347
3652
7437
6481
7791
3323
7268
1340
2511
7897
4812
4326
2889
1239
5295
6236
2664
2507
6431
7328
3278
3417
5215
7912
3344
7626
140
3071
3054
4213
7463
1290
3693
4505
3328
7973
1427
2637
4415
1324
1023
3022
7634
4758
34
440
6959
7291
2654
4240
6468
6774
185
2877
1155
6437
4350
2967
4547
7181
3696
7256
7701
1691
6700
4144
164
4037
474
7220
4935
5007
2447
694
5095
1258
387
6704
6600
7351
4586
7705
7734
6505
433
4890
3788
263
5462
4122
7780
4561
6372
373
4950
634
7050
7180
239
2708
3415
7414
5872
7498
2325
6357
3903
4614
7231
6915
6511
179
1759
2346
5479
2716
8
3763
6065
1971
4909
2326
545
3630
4125
5904
2336
6156
2716
499
3220
4790
7903
2647
5037
7616
2147
6766
4879
654
682
3253
5847
7316
4051
2759
2124
1333
4053
4300
1892
5069
5976
2766
5296
266
3696
7084
1829
5685
3446
2023
263
975
7493
5849
755
7638
5326
1670
3914
935
3801
1675
6134
2749
2456
4019
3354
3671
5417
553
1178
5560
5609
903
7043
3400
3504
7756
2585
5976
2348
6061
5948
4099
6365
2
3830
3439
5610
225
4388
3891
543
328
2750
6867
644
7923
6468
38
2587
6798
7302
1881
7797
7621
528
7308
4145
4599
2033
6874
4114
1416
7271
3190
5372
405
617
7088
3403
7043
5905
2775
2320
5617
4451
185
297
5004
5758
3206
3132
1024
2013
5139
1296
1739
4170
7930
7240
7662
1569
478
2044
5374
4925
3468
885
3671
6913
189
6533
7919
3205
5816
5825
3976
4506
3412
7581
7231
6268
2523
6882
6530
4051
5130
2126
2655
4262
4342
1032
1655
1245
4488
766
785
689
1193
5917
5963
3890
6969
812
1899
2804
5752
6277
7059
6807
4231
7858
3667
5042
9
2272
3801
732
4900
7234
7043
3350
6500
7045
21
7640
2366
939
582
5942
5297
2631
4085
2479
5768
5972
4665
6867
5949
5937
277
782
4535
957
6794
404
2740
1355
5895
427
6018
3522
7932
1808
1192
1492
6220
2503
4257
473
4321
3458
3976
5831
4633
2413
5327
6224
5214
1044
1641
6168
1811
690
6856
5970
5226
6615
4992
2102
2834
948
5579
7329
7246
4998
3558
5384
3809
2333
5336
7962
2853
905
1362
5362
3643
288
7474
1142
1501
3309
1890
1807
7568
3832
6173
2373
5429
4078
3602
5366
3133
6829
5792
6578
1660
7982
578
3510
1495
7440
2308
1347
2456
5629
7155
5851
544
4987
5908
4568
2300
6993
7946
745
6608
3731
6939
5033
5359
4109
3084
2205
3277
4744
2600
4554
396
2299
5664
945
4274
529
6860
3497
2364
6803
1039
3479
715
4851
6681
4555
1341
5876
3399
2874
279
120
6053
7060
5598
6312
4691
3266
2117
2298
1349
3518
5504
4514
2276
5134
2487
2071
2578
4894
7894
6848
5707
6905
2241
3835
6182
4388
4837
5834
6139
5527
2410
2011
4703
5017
5316
6515
6859
6647
4841
4598
2075
6304
3741
5781
4402
5024
7784
7764
6330
1719
7785
3383
5961
2645
1733
8
3167
2997
4344
6536
2572
4883
5451
4272
7343
1035
3046
2018
7832
656
5053
5489
3151
581
4454
3657
5486
1083
5835
1149
6889
6920
5371
2476
4782
832
1883
3278
2535
6803
5241
3232
1885
7747
4609
3882
3638
3648
2760
5290
5919
5857
2310
7519
7236
2753
2593
4211
4796
3764
7588
5381
3778
2085
4558
6291
1822
1549
903
3457
6563
7186
4205
2824
2449
3642
6989
2750
5210
7754
4974
4733
386
2495
7751
2675
1951
4264
7376
7558
6592
2270
4917
3425
7594
6305
5863
5792
4862
4369
525
20
822
1862
4057
4147
6158
2572
4853
3743
2047
1534
3995
2257
230
6846
3204
5858
7556
974
7736
54
6751
1422
5188
1669
1029
4434
2442
7623
48
6111
4594
1148
5317
7170
5246
6293
6071
398
7292
4098
648
4976
3604
4505
2992
240
7553
6304
534
3526
7645
4855
2171
343
788
7589
3126
2443
1467
2749
6042
396
4793
6700
5491
7452
611
1506
3055
1875
4134
2395
1498
1588
3933
2889
4034
7851
4227
2912
2298
4070
4226
893
6585
77
2986
4724
7650
7711
3261
437
6238
1770
871
1881
6565
2279
5579
3407
5148
4720
7800
3741
2265
7006
4666
1045
5634
7427
1485
4119
5907
449
2221
4221
1981
6085
7816
999
5164
6884
5781
2594
417
1040
2686
951
4799
1590
1529
846
33
4984
2677
638
7848
7618
495
2034
6418
267
6755
6969
1925
6634
3104
7657
300
4370
7476
5169
4984
6892
5447
4282
7304
4815
4292
4346
6563
927
370
277
5410
6399
7393
3695
5227
4084
895
5906
7320
6743
1546
6841
3573
6262
3168
5623
2280
3081
2802
1095
2604
1548
7319
2801
1846
7806
6780
7125
3512
4212
4858
1623
835
5978
256
5799
1863
4871
6511
4075
7990
3580
3461
972
6663
890
7536
3866
343
4093
3012
4253
5225
472
2440
6841
7630
494
4331
6716
1440
4746
6484
7496
7336
156
4055
4248
5471
1745
4099
5104
210
6029
4440
1573
606
4296
4438
262
155
2882
4784
7014
662
5604
7712
3271
4150
4149
6804
4581
3007
2229
7814
2972
1909
2266
4265
2806
2776
2212
191
2837
6926
1823
6919
4154
3487
7029
2004
7087
346
5101
5881
3927
916
6980
3873
6224
5904
870
5051
6338
7802
6217
4626
2823
2382
7015
1914
439
7638
1686
1318
5710
4176
5765
1047
6844
685
7125
5679
842
3254
2961
4580
1060
6666
6092
7887
1927
706
4374
3364
7240
3445
5146
3325
5438
5271
1943
207
7245
7676
1081
3197
5456
7931
1875
2763
6818
7917
2236
6507
2953
5717
1027
243
6528
7961
2640
2032
7840
2287
408
6292
5738
6611
4028
394
4659
4596
1535
4266
1324
4399
4002
7176
2765
754
1118
6567
5598
4995
3582
7435
34
1945
6998
1580
608
168
3683
6215
2959
1530
3201
5646
7581
633
643
3711
4316
2633
5362
4178
2250
2642
1253
1995
4923
1051
1850
1520
5797
1426
4142
1685
4552
3496
5662
979
7032
2841
5595
3223
4168
6473
356
5526
7189
6666
5826
2014
1260
1850
3717
3144
7577
4809
2582
1866
1933
6233
441
7337
3115
2494
7842
2187
3631
5925
6896
298
1403
1488
2890
2149
3776
1983
4373
1776
4485
3435
719
5292
4503
3499
4555
4946
6093
7610
6217
3400
4023
2704
3569
3478
3171
5996
5676
4146
1803
883
1312
503
5854
498
6214
7220
2153
7744
6505
5921
546
2303
5052
2861
7569
1153
3353
4275
220
518
7762
4618
4589
3427
4790
1275
3010
7935
610
3022
2128
6200
768
6397
5525
4835
4129
6794
377
2032
4403
3884
1056
5163
2399
3300
5071
414
3329
2607
5496
276
7813
6100
7459
7480
5723
5405
1083
2524
342
2466
4083
7511
6886
6144
3283
6790
4080
233
803
2738
3399
7318
6578
2002
2570
663
2371
4647
1050
3658
1813
4997
5301
6570
2062
7538
7412
7935
6147
1959
7325
499
3110
5171
6310
1413
3917
319
3271
2838
3995
5484
762
4641
5581
4697
402
3016
6179
7936
7221
6729
2792
3840
1784
975
7264
6645
3221
3941
3342
1795
5003
1285
5535
1202
3731
3727
2806
4083
3770
1941
4053
5441
4512
4819
5093
1315
4619
3260
7650
6286
1577
815
1253
871
7456
649
2191
5861
980
532
2703
341
5172
5148
2897
4791
4609
4258
2884
7366
477
7530
5829
5077
3339
6255
4589
6165
969
2039
1588
6067
4359
6593
3072
6494
2243
2906
3342
3302
5826
846
5820
4352
5228
3132
5296
3366
5
5827
7721
7643
6724
2392
544
76
3090
4538
2330
4946
3680
7868
6157
1876
1893
833
6892
1674
3187
7431
3985
7708
6901
4057
5958
2153
3463
6504
5808
7523
1458
5876
4441
791
1219
3493
2457
2826
5510
1078
3871
5887
5412
2065
6689
7638
2646
7157
3166
4174
3397
3859
6220
4587
384
6457
6116
2355
7897
805
6854
6226
5276
828
4873
3997
4845
5459
3363
1971
2749
1769
1970
1152
2601
3128
6949
5467
7727
4384
7754
4303
3405
4036
3060
3703
6136
1840
2888
2946
6582
3191
7396
4567
7576
1052
5229
3794
4696
6822
6260
5995
2827
7831
773
824
6466
4981
139
1673
3395
2183
3555
689
6431
1820
4603
548
2928
516
3431
5628
5425
7266
7040
7446
4730
3353
5561
2201
2902
6500
2944
6870
2498
3266
1996
3403
6469
782
5833
1218
4135
1709
1182
599
3599
5216
1879
1878
5629
3833
4724
4035
1376
618
5069
4403
6804
7352
800
2455
4220
79
2553
1625
4857
4976
7740
1694
3908
5061
4178
4844
2094
2262
4590
6181
5169
1811
2299
2162
5681
5457
1572
1339
7253
5842
4159
2834
3581
6205
983
6383
543
108
3924
3030
1857
4068
585
4501
85
3552
5082
3369
4844
7046
4936
6081
664
6779
7259
3034
6243
6994
4075
6793
6629
2399
4554
3543
1094
874
5649
5958
273
4671
774
1970
3696
5475
5735
7955
1546
289
5974
4767
2806
5762
1632
844
7130
4890
6059
4147
1445
3647
7484
4112
4133
6293
6563
3494
7813
3205
6723
2367
2279
6540
6338
7057
3354
3119
6089
5117
5304
4748
2296
177
5343
204
4906
7596
5706
3445
6432
7713
5131
2460
3660
2229
743
3768
5756
3491
6285
785
7329
6207
2357
3798
956
4504
4690
1742
6308
7798
1843
2023
5174
4930
763
2795
985
3909
3259
1104
6572
3401
7721
7662
4431
5403
1792
2955
5899
1650
7475
7314
4383
618
4623
5987
3944
7721
7468
1924
5803
547
2575
7860
2050
5816
6751
1056
3490
1530
4930
7151
133
3149
5140
696
3256
999
7620
5523
4227
7672
2570
1357
6064
227
2120
3829
7930
4585
4413
7763
2132
1191
2848
504
722
758
351
5041
4856
4720
563
6549
478
7634
3872
894
4220
2621
1158
2516
3864
2327
5479
5061
6473
5518
4598
2833
422
2429
2008
3521
4368
7207
4218
1399
5529
735
2382
2337
3024
1034
7331
6727
491
2301
4191
4484
2255
1856
1820
7378
2366
4916
7389
4798
3869
5008
3500
2362
5025
5639
3217
