683
1058
760
1249
498
1455
1449
1891
1088
1196
1253
1081
1432
1270
1167
1308
49
236
1419
1306
779
909
1572
143
655
860
1244
735
1685
1187
750
515
1727
1137
447
1310
291
930
1683
891
678
761
908
1669
371
812
1390
402
890
1884
414
1165
1478
192
1880
943
919
1805
1743
1625
718
404
1151
1552
871
1192
1358
517
336
1706
1185
1504
1656
355
1452
296
851
573
497
882
1418
1710
1770
4
31
1810
673
1685
1198
1925
44
531
1375
938
1446
1296
711
1418
1768
1785
174
348
1815
580
476
1437
1383
1814
1133
381
1630
1615
676
102
787
1891
411
521
1220
1525
1144
855
55
1537
763
600
504
519
643
764
690
1519
1249
332
569
797
821
1532
771
419
564
1519
887
157
379
487
1149
1309
589
1927
1701
595
824
503
580
1417
1878
884
409
873
1344
881
1102
347
1900
1646
1338
1054
903
1171
355
562
573
1401
145
288
789
1397
461
1415
314
1362
408
836
1428
506
1512
989
1638
1664
909
842
560
1821
898
416
1956
118
879
1611
1509
198
748
760
844
765
1055
1788
1861
1413
406
5
1286
108
1345
1531
351
1955
678
1009
1244
178
184
510
1896
805
1585
723
1132
519
684
1897
517
1962
512
712
628
1825
759
1110
1838
218
1693
1130
628
314
291
76
1293
1926
482
987
15
1612
1309
1178
1612
1309
1648
648
329
1975
1285
922
1802
514
453
1447
297
1991
1131
529
886
760
452
1131
888
64
1395
155
850
392
17
1565
1649
1603
1873
977
305
167
1666
706
958
1625
1405
1556
24
291
1726
297
384
548
1520
896
160
1764
1777
1611
1447
1026
1525
556
1778
1709
1910
1499
1846
1771
216
38
9
1593
203
1382
832
1888
378
346
1699
1616
48
1842
989
556
1130
521
272
1105
1767
832
1509
612
1485
1987
145
600
533
907
1427
1160
1302
479
537
615
1343
471
1603
449
1278
1775
495
1630
302
629
899
403
1709
111
730
1076
251
396
37
122
654
1477
931
1069
819
1791
443
942
1327
1360
294
372
291
635
1466
1841
1566
1850
1984
927
1724
1623
1431
1885
364
919
642
160
944
3
1036
936
1197
1700
1164
400
1618
1339
1203
97
1846
1627
1746
1892
1786
740
713
1634
93
108
746
1738
190
667
1756
1229
332
1171
1228
1274
650
906
1069
801
622
1910
672
1494
24
484
879
1525
400
1685
659
1724
1416
1190
1733
1289
433
138
577
1216
1081
1734
823
409
1041
1353
1003
1589
365
613
1773
1115
1573
254
851
1235
1641
1934
914
77
1713
1891
1867
1583
449
918
1137
666
940
409
329
408
1360
540
1003
1988
1663
1899
1125
1173
1534
760
367
1592
198
1456
1865
1306
1111
1133
1296
1263
1516
24
351
81
730
1544
1762
1081
771
1244
1574
1139
1655
592
685
961
1962
1023
1646
1791
1984
230
1992
750
1988
369
1398
1167
840
436
1406
93
1415
1336
132
7
166
1088
204
729
169
822
1901
1879
483
1847
1648
1542
389
488
1336
1590
183
1924
1915
1311
196
755
1950
294
79
1640
784
733
1076
391
941
629
1690
945
1042
1824
356
381
960
823
358
261
1865
5
421
106
776
62
1767
1109
397
720
538
1724
1334
1284
209
1373
1177
1697
760
1257
1661
254
1032
1968
617
817
1446
917
1924
56
1590
301
364
1411
1790
1242
306
540
389
1790
130
1749
138
1615
896
1053
32
358
158
910
823
547
714
630
694
624
1124
799
1156
1664
1341
477
887
484
1643
1092
1251
202
1594
1908
1300
1011
1501
1394
1799
367
225
68
210
376
962
1848
500
1383
1094
785
1431
22
152
1456
1650
323
864
155
1771
94
157
380
362
1360
1956
1369
328
808
1746
1515
294
403
301
1325
58
1094
1657
947
133
827
1767
4
1456
1606
1480
1558
228
1539
1023
1205
984
574
1508
975
1141
623
516
207
1110
704
966
692
683
1036
297
1837
1245
117
1833
211
1612
450
304
355
1043
1364
1433
998
1341
1107
1119
1391
1761
1881
1252
1313
169
747
1951
362
1121
432
156
784
1114
1295
823
1735
1742
681
611
860
158
832
1173
944
39
707
734
1844
1155
1271
917
142
379
83
306
646
1498
776
1367
1759
93
1195
458
1285
23
385
1309
1183
433
1622
782
1585
894
521
1849
1138
989
1271
1564
228
1544
691
1043
453
1465
1215
1586
1345
939
138
1345
226
638
1286
177
21
501
788
1805
1146
1514
1103
1660
1720
882
545
1298
794
1530
278
1638
426
1472
907
255
393
1871
1218
1031
456
354
166
1425
1686
313
1877
1511
838
1193
1134
1644
779
14
856
529
1379
1948
1981
627
414
1123
274
1265
362
1329
884
699
13
1665
0
214
877
1889
622
444
1647
1889
587
1616
554
1415
882
1583
1863
752
1239
834
632
497
256
1040
1010
315
1328
832
1896
1469
1584
1101
1637
388
172
1442
1446
1645
600
1092
1089
1306
285
1503
918
339
884
664
561
1956
1630
226
1753
1893
1438
1741
1288
247
1251
1032
1591
1129
1685
295
374
778
507
1280
885
105
887
1327
1761
1241
1775
1401
1118
624
1065
589
1982
1487
1874
1606
1691
635
1387
782
1159
330
1440
701
621
601
966
1759
1651
1306
177
787
527
1643
127
1167
1283
1649
1252
641
470
1060
675
673
1601
1715
6
610
1026
409
1243
1623
1136
1575
1579
1506
204
1905
1895
231
865
1333
305
1248
1736
1733
1028
474
1546
1334
1409
140
1666
129
616
1719
1950
791
911
905
434
865
242
1692
1593
341
1015
1195
1722
356
1484
757
979
625
656
842
452
1356
11
1634
922
1788
1546
1277
1606
460
1979
501
1706
1484
321
767
351
40
1812
1841
1798
1477
57
397
1305
1112
1690
1708
253
1601
1041
1046
87
1588
1622
765
936
888
1090
665
678
440
1120
78
1448
1960
1855
282
1085
449
1478
1210
442
141
1477
924
142
1903
1843
911
1092
1465
1402
567
709
897
1787
173
1463
493
14
1907
1493
123
1787
133
524
125
1886
59
1536
466
1675
635
1961
768
1694
1035
1165
157
1757
484
667
1549
956
1826
113
870
1597
1688
619
735
770
1008
793
1479
944
1168
827
18
1906
344
12
1373
1559
872
1752
1651
873
1151
1562
72
1083
414
423
770
1902
1210
369
296
880
657
121
1155
1825
1012
324
817
1427
578
376
1192
718
1173
244
167
670
1957
474
1624
1642
523
601
546
1937
721
1835
1003
1842
580
1879
843
184
1403
1572
1340
496
994
300
381
1577
1999
1464
1781
615
917
558
868
52
1271
899
229
1316
708
238
480
1667
1552
1403
925
1693
1492
809
755
1369
1596
97
1006
1251
638
1843
462
1829
1370
1422
684
65
813
1996
1928
1117
720
1496
1053
1212
701
317
1398
645
913
828
1067
1266
77
1561
835
24
887
1619
525
605
1869
1646
1514
283
617
1375
1185
751
1536
1731
614
1374
1701
1612
1365
1110
1819
1737
152
668
1975
433
1688
215
1587
732
1281
487
815
414
654
83
1955
1265
1251
751
1807
1374
1593
774
579
1543
1379
1546
826
1748
928
1045
833
1160
234
394
262
1183
811
1821
300
823
1391
236
1818
1847
1060
233
1075
400
1517
261
928
335
1175
1130
729
44
1203
149
948
611
754
958
1780
956
1647
325
994
521
229
635
1081
1068
353
506
1611
1026
531
1186
65
1743
1790
1041
384
839
543
1534
887
694
922
627
1189
782
335
484
1095
123
1852
1520
1375
468
1820
819
560
1920
685
645
438
1697
1855
739
163
1938
441
776
1107
1081
853
1063
801
137
347
776
866
696
812
1325
1423
1031
565
1167
561
1651
1939
1178
1125
758
853
465
767
715
1085
736
1738
1869
49
1932
1149
154
750
361
618
1513
1500
136
176
1349
732
330
32
1477
1757
1990
812
1114
1759
659
411
1604
911
1731
1722
497
1488
44
1628
1171
1307
547
594
957
605
1607
1878
1146
1279
24
1825
1562
1283
1410
1565
585
202
1930
916
1838
1346
1827
1623
1949
1549
1885
1019
137
1869
1356
397
1146
731
64
726
1958
838
886
1914
1967
937
1770
267
1258
1173
743
1274
1063
750
13
1021
1682
738
462
988
1700
1219
677
1414
1430
1462
1523
1008
116
724
1351
1981
474
958
538
1578
1742
1837
68
1280
473
279
1390
236
947
1582
261
219
266
1346
1831
511
1839
439
1262
63
493
1553
1478
618
1430
988
477
1676
796
1384
150
601
1305
1649
1465
918
1564
1996
1819
1527
193
526
613
947
107
711
1443
1043
1536
1579
204
266
193
609
169
1887
1557
277
180
533
1249
1640
127
763
1734
1175
557
335
199
9
865
366
1445
881
465
727
280
644
822
61
44
420
1715
491
1335
1787
1248
1649
227
1268
1938
1453
1276
498
1064
1509
935
452
1796
1041
844
1760
1205
998
354
1260
1357
1548
326
13
1187
113
1288
486
1736
1302
1490
178
366
519
1269
716
425
1192
1681
619
886
1499
225
892
883
735
449
1639
330
1538
1742
1636
1677
1414
1640
1510
1903
450
982
917
1901
863
1638
442
520
1139
543
1315
1871
1355
1733
198
141
128
1864
1042
828
1452
618
1217
1317
966
1995
810
870
938
275
1876
846
724
347
404
1352
586
1864
55
1169
665
917
1067
567
984
1067
871
1521
985
1392
1804
1013
1710
106
259
1690
440
494
693
1547
810
1338
345
595
124
459
904
1483
1227
859
237
1182
718
1178
1081
214
1780
920
515
1077
1049
461
1740
1985
1064
1797
1375
780
41
1868
1287
1327
1259
1873
204
419
1389
1786
5
188
1255
1316
1089
1315
1686
1508
49
1070
1492
1455
1709
958
869
1523
1255
1940
93
1776
156
960
1152
1031
246
1064
1794
973
1966
1394
493
1067
1423
1631
1072
1590
870
275
1316
1590
198
1349
1818
1957
1337
1951
1088
1717
1680
370
1267
286
939
1354
255
1764
1732
1145
113
145
261
3
749
436
1322
918
1163
661
1729
563
1900
1059
62
1949
491
1229
315
1309
1823
1561
413
1392
637
436
1009
1310
122
1719
1605
887
1070
562
1396
1595
1283
711
1833
1958
557
550
165
1543
1508
1409
1531
1308
1980
1323
1400
1692
1206
1186
496
1760
1951
1845
1251
1071
86
147
1807
356
907
1139
1215
1134
867
1402
1569
1268
392
28
518
291
1805
226
1026
1957
495
1844
659
432
1031
675
1646
1400
653
277
1348
769
870
526
1412
1286
1678
1624
811
1567
0
879
1686
1795
401
252
968
1082
61
539
359
476
554
1099
1248
396
1913
417
331
619
299
921
1561
1818
383
363
1001
1712
1401
166
1003
1507
367
555
476
919
1069
985
1616
1008
664
144
541
454
1263
180
1091
1172
126
32
810
893
509
1764
1157
28
1253
621
1586
645
994
1408
675
862
1699
883
1622
356
