168
83
37
11
142
50
197
77
81
153
118
2
134
41
70
29
92
134
104
27
124
165
112
45
112
165
67
122
133
151
78
137
166
88
74
93
22
77
89
137
162
53
184
74
121
58
104
12
128
1
90
52
110
162
199
69
105
177
177
71
36
26
178
145
190
12
159
199
191
124
136
79
161
10
127
5
57
40
154
142
88
119
38
193
123
164
114
105
99
184
126
8
106
133
127
166
11
116
40
143
52
179
173
82
43
155
31
77
154
0
71
190
104
130
129
109
118
193
31
101
35
53
22
25
28
163
161
99
19
107
169
159
66
86
30
127
52
166
140
80
81
85
36
25
28
15
94
195
163
92
184
172
91
197
102
6
141
72
38
44
32
95
14
21
100
194
12
41
128
125
122
32
161
76
109
122
24
186
144
169
47
145
130
90
31
188
24
51
41
129
16
14
7
42
11
196
166
106
110
125
