6107
229
2308
4153
5100
6148
2559
4874
3759
2746
4149
6859
3776
582
1480
4469
3684
696
209
6112
2165
2013
4260
2603
1616
5995
5213
3273
332
3443
5485
6885
1574
2172
2717
5150
5397
1467
6637
6717
2063
4120
3266
2859
6182
1349
5274
5720
1179
1592
5509
6934
3901
71
4058
2836
2182
2899
6818
4182
6275
6708
5765
3450
1733
2196
3168
2813
1697
6745
952
2084
704
3314
1654
3495
3779
4634
2158
4719
6376
6626
2301
2904
2793
1265
830
1986
4271
6215
4050
6690
4715
1167
2146
4389
6724
2635
4986
4804
3186
3529
5179
2362
5950
4770
2557
1587
292
5963
5304
5071
1822
1981
4805
3836
6614
6120
606
2986
3135
6788
998
3687
1385
4847
5758
2483
231
6611
6397
2845
551
1559
1035
244
6965
4501
2123
35
2140
948
4819
1852
2602
6828
6073
5901
5479
6462
5571
6711
3794
4926
6011
4891
2136
3217
2350
2847
3266
1264
327
4518
250
3055
1524
2374
1609
5575
6156
6347
6968
287
1700
4073
121
4410
5117
1782
4289
4569
268
5918
6236
4121
2358
464
4693
1543
3885
4422
2289
6976
4307
4002
3583
6542
170
6915
5854
3524
6269
2463
1770
4874
6823
5114
3133
3684
6998
5301
358
3197
3971
3786
2273
5193
1497
444
1563
1455
1672
803
2432
4638
1149
5373
4578
6583
4072
1992
1880
2495
481
1403
2113
3504
5079
2245
6795
4974
119
5485
6997
1052
3389
6472
4973
3609
5586
601
1950
3005
1027
2019
4058
445
3313
5274
6832
4110
6170
48
4306
4734
4628
2579
5774
4102
6201
5163
4663
4243
3723
3410
3735
1916
5086
2436
1395
3118
4532
4237
3531
4523
3057
5834
6429
1458
1164
6959
3172
4719
1982
952
3234
2227
4162
451
4711
6958
2841
5282
5709
6569
5768
6487
802
5736
5681
5257
145
5500
523
2579
3469
927
5743
218
4699
6088
3328
703
755
3151
5318
3683
1770
907
1575
3847
744
318
4930
4974
6881
6338
5234
4874
4898
892
3075
2635
2041
3391
4108
3350
4889
5164
2080
6538
2673
525
1059
1886
5968
1905
2166
3342
184
1425
1752
5516
6332
1089
4185
3018
1326
4651
5163
6918
2914
3509
743
5583
2793
3522
5913
1300
922
5870
2818
6900
3187
155
1416
6448
6136
6761
220
796
6430
5091
4591
1508
5951
4196
1465
1611
6682
3095
2496
5839
198
3158
3114
393
6195
4035
5808
5600
4525
1706
1775
3037
61
3855
2435
5712
1846
3660
3138
2370
5601
6475
4618
6572
6614
6762
3816
5517
4152
5020
6574
4689
1283
5555
608
1556
6332
1444
6532
6742
5925
1603
2827
6832
5571
1405
3248
1828
2022
77
996
5691
2861
958
2212
6249
5468
527
3952
778
1707
1884
1080
3952
692
1889
6868
4052
6600
2961
2161
882
4414
101
6883
6489
1729
6529
4244
1039
5677
3112
119
6988
2598
6943
1769
3917
949
2207
189
1449
6192
6460
4474
6368
397
4307
6196
2534
1491
4136
4059
2103
6549
893
5099
2645
307
3062
3585
4165
5054
6073
2319
2672
5248
2180
5597
5493
4070
4975
4876
2652
732
4704
3104
5397
2747
6517
5577
4102
5793
2308
1310
2595
5045
694
5103
6120
557
4338
3253
3858
6102
1069
2128
836
2967
1119
2868
3726
555
3642
2449
6015
5097
5940
3990
2259
6001
4307
3922
2399
2085
2256
1974
5689
2786
3732
1218
6669
2506
1863
5019
5938
3928
2743
4773
740
2047
4013
3123
3250
5998
1500
6104
2903
5732
2251
3625
374
2212
2290
241
2062
6989
6569
1432
4165
5233
4323
6457
3265
4992
345
4015
1874
2456
2483
91
747
291
2290
2588
1543
6805
1385
6388
6552
4681
5186
4163
2450
2303
5637
3979
4486
76
3890
5071
4179
4590
2896
4104
79
6281
478
2517
3564
3251
5662
3718
5661
3433
5498
1477
223
2276
2230
58
5117
5340
2837
3338
5603
495
3912
291
5356
293
4889
6822
2583
3315
6566
418
6108
6843
2416
6745
5621
5428
5587
4273
3863
5211
6104
3857
1960
1710
4246
2613
514
4536
6712
1873
3661
6983
5543
2230
1731
4110
416
468
5333
3102
2049
6580
1443
5816
6204
4343
2377
1424
1526
3177
789
3847
105
964
1780
647
2006
6579
6580
6195
2334
3916
3388
2555
5927
360
1432
409
1836
4306
49
6899
3181
105
1017
1517
358
1876
316
4458
6587
1513
2914
3359
2433
6330
1633
6900
4872
6333
23
1792
6101
919
3821
6872
5043
6852
5671
4515
6561
3189
495
6637
4183
4502
2514
6646
746
3835
4826
5078
2063
6119
1139
2856
3524
4536
1945
5424
1074
2930
2286
3226
5807
6238
3890
5865
1832
3255
4755
6264
3571
34
4156
472
714
4991
3753
935
2515
5704
6912
3105
1573
3716
5507
2446
150
3057
1490
984
4551
2052
318
2191
2321
5830
3440
378
6488
3165
3224
3612
4789
2467
362
4617
1434
4983
538
3500
4079
6087
2688
4782
745
1575
6495
6581
6186
5864
2247
4951
6276
480
138
6361
3038
6017
3012
2464
6633
6665
3395
1363
6333
4126
2942
3683
6708
5460
1570
4113
1088
172
4895
1498
4736
2730
4282
4673
3517
4235
5924
6065
6091
4473
1423
3029
1836
765
4016
6103
3230
1744
2816
6529
4189
790
420
4787
4107
1751
4525
5105
5171
1907
730
1304
3709
802
2425
1734
5115
549
4124
4515
98
4884
6128
503
1045
3093
2201
4153
3788
1070
5370
5826
4841
3999
3200
2532
2003
5391
3014
3730
307
5697
2339
6061
6860
1898
1031
3399
1496
6354
3117
5568
6557
5373
1482
6411
4038
3389
1932
3381
3014
4670
4869
5449
4439
5325
5839
6330
6368
2198
3137
1150
3614
6329
1456
3732
3401
5759
3337
3866
631
775
6306
1045
38
3000
4072
6957
1019
6234
867
5484
1344
6101
3478
212
2257
4717
1467
1306
663
5249
6787
5243
4174
6663
4579
137
2905
4525
5322
5969
5901
6774
6711
2285
6507
6032
4895
3601
4887
3766
572
6076
3926
4927
5273
5141
116
5201
1729
1607
3635
4915
4728
2323
5520
5791
2946
25
2031
912
4783
6530
1430
6877
2040
1548
2591
2425
1611
1875
664
903
5297
2609
2236
2335
2633
6794
5812
5255
2742
4766
1744
3193
5483
3091
2159
1829
1863
3951
727
3899
4796
967
6942
6631
4065
4967
1319
4873
5535
6919
3816
2999
160
5301
1799
4770
4939
5029
5485
6346
3860
634
3203
3567
409
5095
5273
2421
6016
1959
5926
1827
3339
5405
5113
6584
1350
929
2973
4706
5119
3320
5668
1644
547
6503
370
2939
5226
4203
538
4326
6713
5847
1455
2288
1461
467
1120
5412
6431
294
6190
3819
3611
6104
498
3004
1042
2663
543
2185
5000
2212
6895
2545
4104
2624
4098
5952
3147
3064
1385
4703
4799
2458
1808
1601
4556
5179
1953
5396
3642
5743
4621
3744
5382
340
3734
2111
739
6956
5049
697
3182
1725
5271
3675
1650
2694
2090
1827
4113
6528
6668
6818
3300
3318
3098
734
3865
2459
4472
147
1284
4423
4359
1910
1921
5
6185
5350
2341
20
405
5823
3308
6760
5270
1140
2492
3781
4494
6616
3225
2103
6087
3193
5802
816
322
2594
4169
2895
5025
4748
4296
545
694
760
6199
2543
6807
5523
1570
196
6521
2127
3086
5241
1801
6033
4212
5255
3618
2828
2326
6433
1056
6442
4943
6419
3
6362
4679
3938
4279
4307
620
6866
2784
27
4900
2734
1459
2028
1319
5151
2688
5756
6081
852
740
3879
4077
6947
5170
4291
3717
6305
6769
4696
318
6868
4305
842
4384
450
6767
844
1787
3933
6913
2219
2829
1150
1731
5948
1992
4866
4039
363
5305
3965
1474
3001
154
2058
523
2377
6530
429
4944
6647
4786
5877
697
5581
3456
585
6309
644
4952
3494
115
3931
2878
3882
4857
2375
337
5816
3408
6351
2657
2992
6425
2027
6241
6570
3984
3665
4352
1503
1134
3947
2569
3493
6062
4528
4418
5133
549
4781
4177
874
4652
1664
4114
4000
2617
2873
4446
4590
4209
1278
2630
3465
6755
5833
4837
5647
4982
4208
4443
5877
5850
144
2438
6837
5308
103
2954
896
4243
469
6961
1804
3375
870
4302
2330
3569
3703
3707
6759
3469
2338
5155
5356
4525
6215
3050
284
4183
5105
3920
1257
5415
6347
4476
4444
1367
2381
605
3415
4434
1927
4100
1408
6224
520
5597
1269
1547
4483
6181
1423
6473
3599
4125
6885
5922
2298
4972
1613
5953
5161
2291
80
3624
5999
6513
2995
4156
767
4455
1734
5199
127
1374
1515
4988
1539
3100
1213
1213
5083
5022
3715
3864
2675
4351
5583
48
5725
3559
6447
4504
1556
4071
5751
3578
271
5656
5520
6814
4537
3115
3969
3870
5193
3795
4713
2414
403
2511
5774
2921
5426
1163
4734
3054
3600
5030
6183
6017
1587
223
885
3382
3358
6288
0
2049
5921
2797
2998
4201
982
4054
5164
5179
5250
4167
3029
5826
2435
1712
3508
3579
1692
4225
3628
6207
5282
1278
3242
5914
6322
4576
587
657
5938
5771
3488
2336
760
2980
1250
1897
203
6163
6947
6233
1460
3302
2003
684
2680
5446
2131
5833
3029
4370
4810
6008
6270
6649
1234
1879
1325
3238
6742
6492
3580
6268
5042
125
6241
2088
4111
5587
2427
4910
1474
1061
2461
6156
5143
4817
5582
1627
1415
6525
9
707
75
4060
2088
3678
6556
3692
5905
6797
1529
1251
3106
4870
844
882
358
3639
1426
946
2404
4253
4524
2339
4560
4029
5774
1188
3720
2163
3236
2956
6189
5745
804
4887
4188
6967
2124
4268
4008
4537
1929
163
3222
398
6489
6852
2669
2596
5086
5674
1079
1721
2943
575
1697
613
5100
4873
4819
587
2877
3954
3932
5558
4360
6637
581
3024
3046
2580
4808
4502
3193
5159
5541
6439
1348
3239
3624
1939
775
4384
3467
6569
1357
4053
6340
4416
6828
445
6458
4199
5192
2739
6465
2144
6220
2019
512
6822
3134
6728
187
256
3734
459
2490
3870
5107
6686
1501
4016
3762
463
2978
5734
3876
712
2141
3554
362
2211
1651
1010
4791
770
6610
3537
2115
6956
4736
6445
3432
1380
1791
5755
3307
6556
5778
1510
5056
2655
4743
4183
1266
371
5297
335
5190
1733
4768
2271
4738
5287
4583
4032
1320
6812
1442
2471
1089
2053
1378
6296
4808
5476
6383
1971
684
4068
289
1260
3457
6388
4154
4636
2651
6689
2779
4158
656
1576
5314
1420
3889
3157
709
5015
4293
4501
5982
2501
4923
5072
2042
6268
6689
5187
1415
4981
4734
2466
5514
6484
6656
5778
3971
4236
3250
4707
2390
6735
3894
2317
1062
371
5651
3898
4223
6280
5667
4665
352
3910
4524
3059
5316
1708
513
5902
5796
2859
6396
4007
1490
4873
2978
3412
836
1705
6067
5831
3403
4183
5604
4383
5888
4185
3451
6001
2426
609
2142
2964
6726
5496
1337
345
6955
3533
5834
6001
88
3634
3602
6032
5973
799
5723
3336
5011
6992
2704
1649
4817
4449
1958
5587
4428
2267
629
6342
2362
6334
6378
4873
6850
6422
5421
4143
276
5178
5985
175
3337
3695
149
642
6286
2091
1879
6936
4371
2245
1584
1683
3002
3090
2799
6669
3358
6571
4606
4270
1618
2602
3891
3469
5434
2011
2732
1911
338
6952
4155
4430
6786
660
5865
2129
2482
1817
946
4433
1288
2708
4028
5467
3179
1750
4237
2433
4314
2654
4217
1132
5590
5378
85
2244
1281
1557
3891
2127
6114
6154
5306
5624
2575
2950
2968
3871
3749
5492
4231
5959
4230
5362
586
4180
135
6632
819
3227
517
2273
4306
4812
1444
1610
1795
2258
6284
1655
6149
3067
2152
893
4819
6290
4220
2282
1897
6506
3314
2016
852
4293
6905
5705
5278
3259
3411
5157
324
590
3626
2766
726
4170
2758
4260
1563
6690
4517
1429
1087
1341
2095
4500
6082
6864
3533
6802
6557
909
1950
5962
4147
6321
3294
3878
3370
795
323
1312
382
5431
4060
2403
2000
5435
3761
2791
6344
529
1378
5818
1268
6211
773
1572
2987
3725
1622
2340
6234
1636
3733
3294
914
3901
3279
1166
1789
4680
3562
5357
235
1426
4498
1210
861
850
4248
629
4429
3083
4693
1700
5160
1128
2955
6736
5193
6951
1868
1162
4260
6996
3642
1159
6699
222
354
1355
4400
4598
1637
6354
4616
651
4237
2897
760
1923
3496
1442
4807
6516
6004
4182
1832
169
40
157
2186
2928
1498
2202
6349
872
770
42
5155
2807
1034
962
3473
5465
1072
448
4489
4214
6986
5482
3238
3226
2045
6923
2434
6896
4690
1380
3207
1752
2582
4359
2448
1389
6436
3214
5228
6420
1665
930
1215
2006
1995
1720
6884
6070
23
1046
2122
806
6573
2667
506
4556
4643
444
4595
522
2747
5314
5042
3195
2217
6193
6897
2897
286
2924
5506
276
5394
5028
2969
6189
2809
3983
323
5104
4077
5973
3567
4384
5723
390
1536
2236
4949
2392
2284
5047
2875
5636
3460
2790
2495
1015
855
6106
348
5159
5501
6341
3338
5355
5374
5673
1977
6701
317
6692
6582
3292
3820
3952
5759
6297
1309
5487
6399
2027
5514
6523
2567
4886
561
4827
6514
822
2512
4522
1178
4450
3417
1258
5348
2484
5954
2054
2629
4189
1939
4124
5864
5988
5037
1865
3077
4687
28
5287
999
6610
6048
5018
3226
468
702
6856
4054
186
1454
1286
69
683
0
1935
45
4402
3032
3727
2291
634
883
2630
6261
76
189
2257
4785
2371
5793
842
2991
161
1412
2439
5087
858
1326
5768
457
6038
1742
1922
4664
3725
6273
6761
2017
2274
614
6602
3478
5706
4449
3702
3649
2926
4722
5682
6279
4963
3425
2763
4331
1323
625
760
132
5941
3230
1824
3173
2183
1412
873
478
3531
429
6098
3268
2032
4495
1161
1722
775
712
3102
1898
4542
3886
1761
1412
3530
968
3983
4337
1733
6266
1855
556
4167
5729
4858
4294
5080
4052
1649
2517
1939
3522
3889
6273
3103
4966
5961
5603
3359
1564
956
1506
5833
5599
3410
2466
6516
3176
5145
6723
2730
1157
4688
2996
2141
2907
6076
586
6118
3330
6524
2665
2744
2148
4471
5173
4027
4105
534
2613
4173
5154
6587
1957
3579
6511
2640
4375
1437
447
6021
6637
1815
6532
1465
3254
83
3361
1785
603
6860
3185
6559
1172
2358
5430
6922
2219
2505
706
5427
3565
3348
2677
2848
4072
4471
3251
2193
2630
3656
6377
3167
6565
5559
6724
828
6376
477
1839
494
6501
5671
567
2286
4107
6105
6900
4909
176
5685
6750
1485
5773
1562
1625
3013
4887
425
695
2031
6139
4659
6705
3547
6333
967
4930
1975
6628
5728
4263
2878
1101
1834
5534
6540
2179
1389
1027
2004
1216
5938
4105
5728
1307
5194
6739
0
4254
6262
887
2079
4834
5513
4003
6934
993
4178
1296
6219
1240
2462
303
4645
5935
5530
6316
3430
6887
4558
5102
2627
2767
6412
6927
6528
306
768
4359
2852
2080
1138
1103
2764
4871
4702
6284
1444
2751
1973
5803
2367
2231
2196
3139
455
6439
6658
4083
5800
5811
3344
497
5391
5152
537
4892
329
5142
5296
5887
2254
3698
4624
2267
6860
1935
6814
1055
2199
577
5435
5239
4294
2349
6591
4606
4129
2240
39
808
6958
4747
1183
5857
3667
3888
4890
6068
2494
3635
5310
6305
1369
2816
6965
3991
6073
5669
1117
4409
4373
4595
1137
2431
4627
1919
3713
6244
2926
4239
3885
3304
3476
5995
5927
4953
668
586
3085
6027
6276
2590
3758
89
2185
2485
5796
894
1288
4677
2047
6445
3945
730
5411
5041
5051
5679
5248
1482
3410
6376
4111
5509
6845
5775
5028
4014
6396
1531
902
6836
3503
6033
1388
1474
1002
2878
338
1678
557
4410
6416
5727
1711
6770
4028
328
3186
5427
822
2315
4017
4654
5625
1332
6446
6684
5818
2939
5409
6495
6248
4109
683
6538
2364
296
2425
966
2938
2177
1739
1643
6293
3076
2548
1231
1968
1703
5964
4926
5113
5772
2632
6742
6048
1849
3483
5757
3613
2709
6150
3001
2320
6521
1476
892
3370
6360
6737
1842
6017
2932
3600
3457
6952
1151
6626
1692
4948
2556
3172
2044
5419
5632
3514
3883
5648
1519
5120
4022
6393
5199
6984
1350
4122
6923
4637
6555
522
2325
4246
2982
786
36
6846
3065
3446
4613
6480
5342
4332
2041
31
5217
1834
5411
3812
3386
3284
2300
2753
3563
938
4541
3322
1682
6408
504
683
5595
2840
6700
3548
1110
370
1379
2570
1088
651
721
2127
289
1267
5315
6921
897
1416
178
6848
6015
5105
11
4313
4888
1077
2484
1688
4632
3825
1076
1618
4633
6584
128
4520
581
5924
2942
4743
6361
5171
4271
3701
4616
3926
2086
2806
5272
4315
3520
2700
2718
5434
3823
6821
5625
5220
1295
6766
1717
279
5651
1086
3911
6614
5485
4469
3312
3637
5241
5411
2560
6427
6916
5021
1784
4008
4734
6217
4915
4246
1529
6011
258
1043
4949
265
4243
1588
610
6313
4381
3286
665
5234
267
5502
3088
3127
410
1025
4000
2880
1057
357
6524
1427
1196
6366
623
3216
4405
1916
5866
6986
1480
6746
3226
4617
1320
5314
5698
3772
3771
6427
1434
4411
3279
3668
836
2395
1928
4627
4334
5963
5480
5142
4105
4675
1929
1003
2573
5221
3938
459
5079
6675
5011
2776
5232
1400
2438
4176
1443
6571
4940
1418
4794
1757
3025
2973
4933
6628
2854
6535
6513
4328
3857
6595
9
4458
6331
3716
4820
6581
3502
1510
2891
4036
2936
1740
84
5283
1208
5275
3207
6882
5772
3070
4493
6852
4549
3627
3840
6326
6520
1618
1988
3434
2633
3030
5920
1915
910
3716
2896
4475
6093
2593
1858
5985
5275
5160
410
1462
5738
928
2661
2430
6630
4555
3007
6036
509
3971
2449
957
1657
2040
5890
2879
2747
53
1065
2067
5261
3176
4884
6149
3795
3855
6640
3980
3783
1832
6518
181
4185
4665
6942
6746
4087
982
3051
4488
5622
4161
251
4054
2165
6420
4449
3193
3586
5298
6584
2364
692
3107
3302
5773
3197
406
3290
1795
3433
5433
4340
747
215
588
4384
6010
2315
6275
2335
6205
6389
1370
5914
220
2882
6587
4331
1829
4820
4130
2514
148
5961
1698
6464
288
3781
1593
6212
1865
397
6038
4048
4574
250
2931
5407
875
4965
829
4893
5751
1373
1008
1906
3227
4114
1560
4093
3415
341
3018
5874
2647
4518
3689
2663
3634
897
3164
3377
4235
5006
5732
1021
6768
2684
5340
6005
5096
6362
361
3314
3426
2546
353
6641
560
1362
2408
2667
6138
1679
1269
6316
639
4688
203
2184
255
2052
1683
3269
5323
626
2943
5489
1750
6243
4593
3137
5797
1774
3882
1954
3265
3464
3895
2848
5862
861
6110
897
699
6999
4150
5749
3314
5074
5972
4941
1994
3842
5346
1084
3231
850
6754
6238
3364
1778
5800
4396
5966
1164
629
1393
1529
1579
5800
1885
1425
4480
1535
2467
3855
1266
4667
6888
6139
9
5721
4331
4152
2448
1165
4659
795
1565
2409
6986
6181
4381
6691
300
2104
1857
5005
2123
4950
3847
678
4915
3525
3215
5350
877
5951
3763
6718
6658
5926
6401
3534
3742
1805
1464
5568
5950
1545
5029
4681
3999
1782
5761
272
861
1918
5736
831
1828
5412
4177
4231
4671
3615
6445
5936
4403
4338
2254
4621
3222
5856
5933
2382
5697
4229
6008
1943
3352
2479
2766
6430
3082
1875
6464
6146
521
6484
5767
6310
3008
279
356
3445
3092
1138
6199
1176
3976
6002
2607
603
4641
5452
1002
3397
4962
4011
1859
950
5701
3008
598
4435
6759
2320
720
3269
4167
5031
6823
3655
3027
4914
2691
2366
2006
3778
5361
1955
1178
4269
1946
3068
2734
3406
6244
2841
6500
3308
6004
1961
4634
3329
2655
2717
4874
3361
1588
1492
2304
5130
3183
22
2264
3202
964
6125
1170
4868
1702
884
5443
6837
6508
4187
401
4467
3574
4275
6522
5564
450
1972
1274
5548
5949
423
95
2929
4912
6589
6378
5513
5449
6454
2453
1499
4443
2541
4347
875
1803
4736
4369
990
3487
1446
3207
6821
6509
2330
4450
6671
5718
1756
3169
823
1037
6966
4666
6805
584
1659
3737
6000
5026
1899
4188
1289
3322
5524
5326
3459
3091
6755
2542
5334
4649
4384
3883
2434
4181
4367
1422
3817
5453
1019
6316
3901
5363
1613
6991
2385
6424
4018
6600
2236
6957
66
2203
2439
766
4853
3342
4200
476
4320
935
991
3053
2421
5818
4990
4409
5209
1148
3197
2588
1214
1726
6139
163
6033
6889
3233
2557
2822
3275
6760
2200
4871
812
827
2132
6707
6960
2007
448
3604
5288
2502
3063
753
5983
2435
3214
1833
4118
3232
197
4353
6436
700
4288
1405
446
3312
401
1875
4503
1720
500
4965
3844
3135
3087
3284
5302
4379
371
706
4181
2127
6419
3512
4550
2783
2104
2006
2273
6534
222
5657
2705
4748
6759
3318
4584
2764
6682
2765
2087
4569
824
448
727
2728
563
3451
4743
3760
1355
302
506
3326
6125
1998
5540
1861
802
2122
697
5491
3874
2840
3066
767
2364
5639
6829
1823
6827
5592
2783
2973
5734
6422
649
121
5252
3084
589
1154
4841
2069
6387
2574
6034
5343
5748
618
681
4385
5154
955
2670
5659
5394
1818
4802
3469
199
61
3440
3560
12
435
563
3776
5358
3456
5046
2259
1932
6718
5900
1155
3331
948
2261
5671
818
4728
2537
1504
2023
2673
5388
3447
3645
1680
5470
3884
3067
3884
4926
5385
6457
2820
6242
1716
1665
5455
965
5068
200
3615
878
4299
3000
932
4113
6506
1355
5461
5813
6954
2838
4754
4953
3662
4968
5229
5139
4887
3541
1694
4479
1047
4619
6830
3272
3814
608
3571
5566
4235
702
1610
2348
6834
3389
3106
6260
1380
4491
4141
5002
2636
5738
2650
1114
438
4662
3293
6983
4914
3825
3321
6473
4358
6309
3156
3705
6721
5886
2304
708
5116
4689
4161
4474
91
1741
1298
3242
3577
5589
3866
6028
5874
4486
5988
6170
6377
5923
501
379
602
459
3407
1966
6338
396
1626
6560
4378
6254
1369
2339
6683
118
5666
315
987
3525
4487
3277
5077
2477
5482
5382
1975
5040
3630
2445
4701
6900
5016
294
5643
407
3004
316
1999
3251
5396
6850
101
5030
3507
6695
5060
4520
3792
1964
5309
4322
5894
1178
452
4816
504
5133
2376
2266
3642
3143
2108
1309
3339
6098
16
1208
1302
5742
5881
1038
1831
1555
5628
6768
4546
4164
5691
4756
3368
4208
3294
6758
2283
4854
5795
809
5001
6572
5048
5457
4133
4964
2172
1416
6920
1596
3605
5276
1087
4216
1757
2650
1374
4742
366
1889
642
3214
2244
4509
3012
3620
1202
2022
4914
5396
6948
6236
1319
960
6899
161
4187
6457
2448
812
29
4087
544
1661
996
1439
2733
2
405
992
2453
4589
4831
4690
5963
3847
5858
5636
5660
238
4782
2096
2292
646
5528
1149
4511
5343
3359
2704
1227
6258
2189
6873
1178
6377
1313
6245
118
2458
6849
1613
141
2992
3756
170
5996
1767
6590
6468
2288
2530
5381
6414
4903
2994
6000
1431
4493
6508
6279
4879
2659
4040
2165
4851
1882
6610
330
6456
6796
375
6413
1512
4075
2126
711
3940
1932
4968
5402
5375
5683
3021
6337
986
3434
965
649
4009
6484
631
6341
4721
3691
6562
6703
212
5481
773
482
1395
2604
2773
3877
4622
5099
2419
554
6483
605
5503
5284
6345
4161
3101
3870
1696
2311
4034
4841
360
3125
2923
2142
5514
1902
4674
4161
5326
6126
5631
2582
4906
1272
1663
5014
6163
4152
2147
537
5291
4708
2119
1975
5488
5381
4157
1538
5917
6660
5453
5075
4271
2079
6108
6429
2710
5402
6503
311
2270
4122
906
178
1745
5374
5785
906
3162
102
6345
10
6569
6725
3900
3784
1310
4731
5576
1087
6924
4243
4035
5748
3643
500
1253
6440
1161
1554
162
5915
5495
916
3675
3066
3116
5072
1367
4903
4576
5019
6899
1839
4935
1725
1179
3602
1880
4832
331
955
5536
2425
1263
2398
6336
2728
6340
6625
2056
1938
2217
4179
2054
3982
3997
2466
6767
2044
462
5321
1553
2616
1627
6789
4211
3774
3687
257
5113
560
2307
1168
6767
6155
1446
4327
5354
2192
5795
2893
3942
734
3920
4090
6695
324
3462
1869
6103
388
4954
5018
2000
6611
2143
4544
1439
5157
3221
1769
3942
3078
4434
186
6509
1963
6491
2050
612
4423
120
648
2030
818
4521
2117
6621
1371
5785
3736
4503
2470
5733
1896
706
376
3521
4220
4809
4863
896
758
3779
5743
2997
1375
876
1991
6539
1716
3042
1810
3365
4453
70
1914
2331
6542
6941
3878
6081
4919
1843
3340
2366
2150
4299
4130
4982
3821
812
6742
3380
4589
2227
6238
6672
425
1481
6434
4753
5120
2394
2517
3519
5330
4610
2346
1711
227
387
3698
860
6582
39
5796
3990
4337
462
1862
2794
6942
1837
4072
5958
17
963
4248
863
4933
529
1607
2025
6738
4958
2435
5634
969
3068
5030
5827
1952
2170
6331
2372
3904
1975
6016
3051
6179
3752
1839
2777
2068
4406
4727
5105
5687
2567
880
4422
1631
671
6972
136
486
4531
3544
210
1863
2905
938
4515
2055
4183
1804
4814
3522
5623
3246
6689
6202
1964
4906
5975
1411
1557
4745
178
665
354
5979
2593
3251
1503
6052
1529
5961
228
5009
3731
2424
3710
2394
122
2902
390
1042
4647
3160
3844
1241
2363
5218
288
4963
3152
2990
2156
5512
4740
237
4625
4428
5059
5972
6357
6906
2952
166
3718
5498
5344
4423
1806
4842
1604
2880
6858
800
3409
5998
5857
461
437
6805
6877
2988
2231
6019
305
5458
1411
5087
5152
2048
6330
5871
4845
6924
4434
3793
3253
3014
455
5425
1005
3742
405
2746
5040
1386
3545
6120
1025
197
4755
6665
810
844
6674
4764
495
4722
4
3329
546
1539
4632
6176
292
2037
1163
918
5284
5770
1403
1890
3471
290
3131
5630
6452
5174
6595
4921
4090
3167
770
3481
4345
5965
1443
6774
34
2675
5123
1641
1700
5608
3923
6523
5916
3369
1477
5490
3360
1217
2055
2678
5024
2674
4759
1562
673
5261
1930
670
3360
6966
4662
6418
791
131
5504
6876
3583
6723
3810
6882
3922
1795
629
795
2667
2379
5063
2472
3421
2712
5192
3297
2908
5747
2007
4297
6972
158
2508
6195
6629
5174
4010
2254
5863
3891
4019
3892
1768
2541
1719
2577
6735
4945
4211
1246
5988
6257
1770
596
22
2690
3803
2534
2704
2175
6822
5496
1489
3906
1924
4724
1782
675
514
2211
3943
5353
433
2824
6691
6173
3454
6424
5024
206
6121
4030
3051
3454
6124
1955
4792
1588
6818
3666
999
6827
4673
3730
3099
5416
4021
3092
1120
4033
267
6228
6232
6576
5383
3005
4026
4526
194
2725
1545
6493
3211
2024
812
6470
2920
5072
1039
217
3058
6401
4853
4227
4731
5131
5135
50
5973
5513
6238
4916
4848
4358
873
1685
4359
479
4203
4414
6311
6539
3837
371
3597
2815
2235
4725
6451
1239
534
2422
6319
47
6782
2132
6849
871
1081
124
4150
1653
5172
1800
3717
2132
548
4283
1262
5282
4698
6880
4690
3703
6745
5803
5987
1273
4045
4143
176
4149
3930
2951
5373
767
5422
4400
6317
3115
476
5851
4357
2981
2094
6609
3743
746
4934
5646
2663
5609
3529
2848
5558
4228
576
1561
6688
2880
3237
3304
612
6196
4334
2071
3056
6823
4417
877
1126
6730
1261
5890
1134
1476
568
1875
1193
1588
2570
1700
408
49
5989
3802
207
318
5560
1323
138
5057
6582
4476
6778
3450
4240
5586
6619
729
2692
1805
1813
8
1511
3814
5494
4792
822
3002
1456
4567
2405
1286
3700
718
4627
4098
5338
1065
1194
4954
1236
2952
1022
5863
6510
4627
5426
3541
468
4866
593
3365
5601
4441
3559
11
5782
4947
5821
4938
1279
6374
707
3523
3118
796
5237
3476
5699
6002
6773
5197
665
4104
5569
4509
3221
6561
1808
4140
5621
1245
2718
4746
3579
4970
1321
260
6501
10
296
6711
2091
5789
1111
3924
3996
5094
393
4908
12
4444
5907
1941
2374
991
5393
6163
3986
5338
2023
2650
2748
1784
662
2686
5529
1414
5417
2454
614
5312
1395
3613
4375
6272
6742
1600
3256
4026
514
2070
5948
2043
1593
5681
279
1439
2611
3403
2730
969
2547
4763
3219
5437
5045
6151
1686
2602
5514
5820
6389
1875
4530
6544
2295
3652
1892
6641
2320
770
365
1190
4148
3315
3450
6187
1185
1221
1476
6898
5328
4434
5496
1404
5311
4433
6575
4064
5895
6216
745
2458
6325
1677
5193
6877
616
2508
1701
2987
6414
1323
3668
536
5898
193
3612
4895
2630
3925
2799
6332
5161
4218
1537
6881
5909
3368
4921
4452
5063
2694
3289
6325
1500
1715
916
3662
2165
3077
4932
1547
359
5152
2628
2392
833
4144
6616
410
1251
5890
2784
5646
2287
92
4091
2893
2351
2453
1437
2433
5891
4191
2567
1529
6220
4201
6960
3600
3410
1721
2453
4324
6111
3383
1570
4435
4246
6372
5957
2527
6955
2129
147
5354
1833
6620
5329
6237
2490
1574
3889
2194
958
2248
415
6777
6171
843
3143
6927
5412
2222
3462
3563
2314
5402
2297
3723
1660
1826
6685
2027
6836
4422
5940
3181
3768
3207
2760
5844
3890
6901
1080
2450
6548
1227
6869
1618
1795
6620
2239
4840
1295
3927
6353
2956
724
6014
461
4317
2648
2397
5077
1522
5081
5285
2255
2124
3314
4640
4924
6503
3938
5911
182
4679
5258
6750
6468
815
2297
2585
2787
2949
1798
2425
210
1402
344
6943
6650
989
2509
225
544
943
1269
4058
5801
3713
6963
51
2121
6985
3696
3607
5975
4116
6507
1549
577
1293
641
4974
4247
3684
1589
1319
1366
3185
1564
6880
6780
2320
1543
26
5659
5679
5134
2328
6005
1529
3486
5372
4786
2559
6711
4259
5080
2405
5780
4018
5279
5512
5871
2471
223
1847
2768
3989
2337
167
2634
2367
376
5296
5595
5509
3482
6181
1238
5476
4766
1913
327
4448
5268
3076
2866
3637
691
3198
472
1251
2883
4634
3263
2952
5656
1939
6372
3399
6535
3277
3928
3382
6336
778
3780
645
6296
2741
5179
2442
4906
4995
4387
1754
6698
2221
6606
1306
2182
2346
3411
4299
4705
4258
3021
5324
5693
3229
5069
3537
3355
4977
6832
3010
6594
2171
4487
3270
3947
797
1407
4966
3021
6325
6133
2550
5337
4150
3376
3174
5036
6271
42
4975
6348
1042
2044
4792
4753
2048
2317
3904
282
479
4351
1926
665
533
2967
597
6580
4470
759
2811
5569
2881
5161
6273
5013
1290
4546
964
1
4048
2224
4937
545
1142
6426
5328
1626
6671
4907
687
4832
2930
6826
3792
4329
5326
3033
2277
458
3926
1183
1167
3019
1333
6916
189
3201
5365
6969
210
4929
6081
2754
4967
5452
6955
4297
2752
6291
2832
5248
6227
2400
5551
5243
578
670
1184
5919
3746
1943
1441
1947
4100
4872
3260
3730
1296
1626
3860
5201
386
592
5846
1147
3709
3136
1013
3183
6243
1888
2573
4978
4575
2951
2249
4303
6561
6837
2257
4440
1472
6783
4987
3159
6415
6259
6985
4965
2182
1372
2427
1998
6737
3075
3107
1087
1821
2114
5079
110
1886
4414
1164
2389
2343
1129
5317
5554
5617
456
5163
6541
4764
1816
4350
5414
4971
5960
3602
5315
2017
3403
6549
1300
6906
6084
6780
251
2549
4206
3214
5635
53
391
2224
3572
4295
2929
1479
871
5462
1125
5644
6084
3553
6844
3489
54
422
6883
1138
128
4151
4002
1559
4783
4427
3657
5989
979
2176
3127
4925
3458
3636
6497
5964
6099
1171
4964
6609
1532
5195
1903
2758
5153
4443
1111
5342
4010
1394
1184
6972
6423
3844
917
6980
4138
3774
1781
1939
3489
3771
3178
1992
471
2599
3751
2070
4710
2016
6045
2050
5924
4509
4994
1311
5527
791
1599
5769
685
6980
3684
5102
588
4658
666
3800
2275
56
1244
6272
4243
4168
5907
5029
286
2137
5197
5153
5298
2681
2377
52
386
1128
4858
6178
6674
4048
4150
2191
3004
6800
5033
5539
60
2871
2115
4369
3004
4085
5162
6601
5973
5373
2501
1709
5139
1103
4023
4609
5083
3187
5052
4059
1044
968
27
3506
5623
2138
1128
4924
6028
817
4773
967
5498
2606
6948
5808
4299
3785
196
114
5434
1661
2637
2503
1442
1389
6353
4530
2084
2312
6338
884
692
3840
6650
4581
3353
5393
3610
3995
2143
5692
3491
5942
2187
507
3579
3004
2218
2223
1220
5703
5126
4917
5295
5604
5302
3335
1240
1480
6361
4526
622
6251
1695
5862
1977
6742
6828
1170
2752
5064
5010
1238
4871
1828
522
4731
3290
2975
6926
6924
2152
3045
6326
632
2254
2075
5229
2577
6622
5031
1271
3017
501
3755
3697
108
2398
3729
661
3784
5694
5880
1009
5688
4845
37
4243
3417
1013
6301
323
6324
6875
5510
5085
6474
3391
5941
2081
4142
5377
4290
2601
1355
818
1321
6398
4934
2356
4841
4839
71
2879
783
5160
449
3689
2117
1291
4945
449
2051
357
43
3969
255
6247
4759
1765
1337
6927
5819
2556
2359
1131
3506
5962
4536
6498
6938
703
1540
495
6915
3488
6336
5011
116
1816
5680
6701
3263
2226
700
3008
596
4894
2845
2785
5676
6102
2009
2204
2364
6955
5481
6850
465
1889
780
3649
818
4108
3605
6256
6049
4357
4528
4461
2620
4509
6122
2886
6296
1532
149
3712
3797
622
4586
3799
5988
4356
4033
1354
2316
3706
5957
6874
2060
5978
235
6815
252
6837
3808
3711
2932
5065
6986
3220
2358
6003
4647
6305
6831
2898
6954
5233
3608
4430
2052
779
6027
1491
3974
1198
3025
2182
6213
6853
4272
3154
2734
1215
1522
1135
5145
1919
1497
4385
6299
2234
2438
3328
2435
1058
2488
569
3134
4142
5970
5376
4829
6947
109
1584
300
1372
3629
937
3342
1793
8
6189
4284
6103
1768
4847
5340
2684
4210
5616
3334
1125
4391
3672
1298
3038
2056
6093
3197
453
4022
3410
6643
4203
5943
3023
4062
5424
4069
1489
6276
650
5808
4919
1510
6289
5940
1576
1909
1579
3877
451
2440
3815
990
213
6944
5184
4666
4425
4148
40
4130
5103
5648
2686
5980
5964
1424
1574
6293
5537
2835
1339
1653
5403
3979
43
5512
630
1792
23
941
6374
4884
2349
1952
2780
321
6005
5450
6442
4711
3332
3472
1307
26
3416
2481
4306
4343
5905
5840
2741
4639
4400
4754
941
3021
199
1705
613
2545
6764
1175
477
6511
3908
502
82
6921
5664
6756
259
1537
4382
85
1739
6059
1838
984
2038
2207
855
571
1169
2908
2030
3283
6163
5184
3882
3691
1858
2692
4063
1981
4627
6300
4230
5191
1354
2869
4165
5717
482
519
1552
6117
4001
2145
3795
4199
1803
3331
5370
4530
1946
239
5400
252
5767
5921
6440
3762
6687
6158
2036
3733
6701
6664
6496
1390
6176
2967
3809
3080
792
5844
4407
6123
1371
4823
300
1833
4022
304
2144
1953
6162
378
3643
2274
949
5763
3101
1265
1930
1745
6998
3667
4406
3647
2709
374
1872
5772
6743
1817
68
1268
3583
5988
2019
6976
6196
6419
4163
593
1259
4596
5343
2458
1601
6471
5483
35
6269
1613
966
3290
1913
49
4171
636
2611
116
5614
6737
2604
3925
6000
3909
436
2293
5463
5690
5967
4095
4526
299
5928
1726
1524
4692
417
570
811
2349
2876
2002
3319
1677
3545
4837
5088
75
1445
2060
166
616
3083
1535
1185
3360
6673
5783
4634
2936
1274
6259
2810
1225
1699
1325
5589
226
2581
4836
465
5692
6446
4612
2433
5710
1363
2082
161
2593
2070
2425
2685
3710
2824
5571
4962
1340
5188
4409
1937
2086
2152
6523
3899
2688
4216
3299
5814
242
6361
4611
4259
6245
3623
6871
1048
722
3611
1477
1201
6650
1468
2977
5398
5016
880
421
2184
4003
2152
6566
222
5255
1126
1073
2743
1643
4635
4316
5667
5134
6345
170
3907
5083
6762
3678
6649
4163
6556
5113
4604
3305
6233
1430
2044
4744
327
5394
1975
2785
4552
3273
750
6473
3743
6107
3136
663
5000
1246
1928
4827
3226
4693
1965
6778
6285
566
270
1286
2426
6562
3848
451
171
2269
2365
6924
2975
4301
123
811
1586
5847
3126
3271
4375
2252
4195
6824
2923
99
1602
6062
6832
5753
2550
1367
906
2115
2493
2032
6817
2692
4919
163
1044
6258
4069
6662
230
1122
519
2284
6192
6092
3513
3157
6331
1881
2859
2681
4928
4864
6204
90
3750
3369
4778
6974
6702
6193
5513
2019
6734
4875
5990
5518
4145
304
6014
3380
6704
1685
768
1097
3207
5171
2011
2919
3694
4244
1365
1622
2338
3321
4194
2362
3720
233
3933
2154
6517
2211
4862
3269
3213
2212
2152
5879
2726
372
6877
3225
4848
3003
4305
3366
1547
5874
944
1585
661
851
1229
4364
6295
3690
4376
852
1042
3981
5002
4784
1371
1503
3728
136
5409
5682
2450
3947
4231
6394
6623
1288
5754
6047
1223
4534
2656
1851
1140
5143
6419
6778
1254
4247
849
4134
1202
2658
4921
562
3646
2835
5228
6823
5291
938
2734
5146
6328
1981
1352
3990
1215
3711
5635
1942
1718
6461
2802
5731
660
3805
172
2219
2109
1898
3245
5523
2044
3434
713
1891
4885
1232
4988
5455
3772
6477
4809
663
6373
3490
6996
6076
3025
1400
6454
706
2297
4025
2821
2133
794
4975
3189
3460
166
3993
1039
1323
2259
3263
1869
1788
5810
4595
2135
5501
5310
2503
5349
5676
2126
3981
1897
1279
945
2361
535
4841
2333
2995
1765
95
5052
5465
4273
4544
3612
1865
6236
4122
4626
3060
3081
4130
1074
4823
3145
4579
629
1954
1574
2872
4239
587
3258
708
4083
2213
1155
5038
6358
3841
4053
3579
1949
119
4741
2772
1124
1190
3670
1806
2284
3151
1417
2408
5752
6160
3773
6254
1405
5604
3961
3764
4291
6455
2154
4007
5868
1968
222
4918
6887
159
3715
4790
953
6685
820
1786
1626
4651
4113
5409
6991
347
771
6914
6577
803
233
466
4010
2080
4457
3446
4959
2846
974
3228
6382
126
4290
2244
5581
6968
4649
180
2292
3744
1371
4840
1441
5573
6571
705
4167
444
5776
6684
1305
5635
6359
1147
4848
2634
5043
4065
6951
5924
203
3047
6575
4602
5614
3516
3212
3937
2461
129
4395
2178
804
2297
5886
5863
1351
1687
4726
2350
1510
5363
5044
509
6669
549
5700
645
1346
626
1422
4084
2003
2923
5826
6866
2579
4506
6575
3821
6481
968
5544
1704
6254
18
13
646
4921
2498
6297
4261
3064
3178
2069
1245
5645
1939
2728
6167
1066
5059
3737
2218
6091
3365
147
497
5127
6243
6491
649
1602
4214
5337
2054
1010
6038
2737
4613
3300
2669
1461
1708
4435
1189
4601
5046
4028
418
1442
1611
3512
6506
3595
92
3111
3657
5502
3771
4614
6401
2452
1304
4596
1367
3945
6105
5735
6665
2767
6473
6126
6675
4541
6137
3530
1592
4475
821
2278
1806
2653
1421
312
2794
3042
835
595
1355
3239
3316
4890
4963
1373
799
1411
1751
5716
5011
6878
3983
3266
6358
5657
1465
6605
4279
3121
2296
1312
5157
2743
5538
757
1481
2516
6720
4711
853
3667
4822
3163
6032
4593
6642
3979
3114
3731
2273
4694
4289
469
4365
3376
6679
3514
2123
2185
1242
3341
3072
4932
5427
1539
1804
3718
2618
4122
3951
2257
2662
4314
1183
3549
5083
4703
5812
3882
6908
6384
4579
5884
4664
6983
1038
6354
5352
1189
5140
4741
3454
5122
293
3786
434
709
4574
6541
2550
6982
1715
2546
1377
1070
3146
6560
5913
4383
4140
1533
5969
6494
2879
6672
394
4241
2830
1287
4710
4750
546
4437
1320
4050
1577
3359
3430
2523
4469
1572
808
483
5648
1799
379
5313
1115
5722
2278
5077
4662
2873
6366
1240
1009
1888
669
5078
6449
4521
4429
2969
991
3590
1266
5003
1210
5807
5901
1160
5389
4169
108
3565
4371
5612
6495
1561
1358
6455
1710
3070
6983
4665
4039
2532
3575
294
1699
6875
940
6557
5608
1642
5976
2555
6433
4489
4412
5454
2841
6295
4809
2615
4814
1913
3687
2340
250
6744
4278
3353
6478
1838
6905
4067
855
6244
6428
1144
418
1099
1194
5911
2459
1629
1753
288
3233
1527
2545
5175
3214
5798
6199
1922
4674
5370
1344
2132
1223
1939
6872
4717
848
5495
1731
3584
1346
6006
4363
2226
5412
4930
4472
5002
1795
6790
421
2105
5142
5945
2663
3806
5609
1007
265
5886
876
3757
1586
1135
643
4142
2808
768
737
815
4150
5271
2317
1084
1561
1078
4335
29
5680
6555
3068
2880
6113
2762
3236
1804
801
4809
2013
2495
4044
6559
4505
2981
1858
3594
626
4437
4986
869
6365
6042
5808
5602
20
4931
5761
6889
1198
3495
5664
965
3377
2865
5610
5679
1960
4531
5259
4290
1847
226
4691
5442
3723
2310
947
5249
1055
804
1201
3088
648
6682
4884
1350
4962
3367
1905
1672
6916
1325
1251
2237
6919
6427
505
2541
6652
3947
2114
4061
298
3548
1412
2922
415
1053
281
3608
3054
1375
979
3061
3839
6342
1326
2383
4284
68
3915
6710
1375
1946
1422
6591
3401
5083
997
6630
5701
6295
6289
1408
6843
