4430
4110
511
1119
2471
6283
4120
3790
3575
2473
2707
735
5859
0
4607
626
5643
1606
2050
829
5741
6417
1339
4501
3268
6708
2281
4299
454
2729
2909
2288
6692
5611
1137
5559
1098
5439
748
6533
5038
4487
3070
1839
4965
4210
3805
1881
2625
2260
4747
3150
2791
709
4958
4673
3828
1928
4023
4295
2944
706
4558
574
3115
5005
1538
3198
4259
4577
6887
6363
96
6918
2952
3244
615
5784
2484
5771
3906
622
3756
2537
800
3905
2106
910
5993
966
6950
73
5210
6097
1866
762
4279
5142
589
4450
4094
5308
5645
6723
4576
3481
1061
3290
3555
4132
4374
3029
6578
731
3138
906
494
4529
3468
1638
749
3187
146
87
2729
2536
1804
4063
3756
3051
6663
5805
3263
3726
4674
3401
4554
853
6210
6900
5685
3396
4961
5114
2141
1245
3065
4349
1099
5434
1222
2343
3686
6043
3049
1764
3025
549
1944
657
5815
1256
2347
1013
522
1107
5818
2258
2443
413
3555
2792
6203
3010
4631
3967
4608
5913
5420
510
6756
3631
2141
3669
3392
2090
6541
5259
6725
2411
5386
349
4195
272
3806
1764
4178
4261
5186
4522
3381
1759
3763
5936
5672
2836
5910
2735
2662
5971
3207
569
4293
4668
333
1299
1181
3499
1186
6042
5979
6598
5438
2574
2644
6232
6379
2719
6364
1641
1412
1179
6535
1604
3230
770
3127
4390
3208
2750
1884
5734
615
2530
3449
3517
3258
3901
531
5634
2461
2931
2589
4602
320
2921
2990
2091
4583
5986
1652
36
4253
403
1578
1795
5857
360
2165
4114
179
6057
6916
3295
1000
1524
229
2470
6096
2792
3077
6309
4953
99
2272
5587
2029
1241
6030
5670
3350
5825
726
313
2945
4662
1316
6070
5816
4615
6061
925
4250
1611
628
3241
1485
4661
6110
659
2164
5239
487
3454
5267
5990
4983
1398
111
2570
6431
5573
4147
6328
45
3108
6596
6862
5320
2290
654
99
1821
5444
2040
3737
2639
4353
1467
943
557
6953
4312
3023
142
233
4598
6904
2960
1590
11
2809
6325
5884
6562
5563
3511
5209
4419
1834
3290
3235
784
3056
4959
3330
4851
4070
3194
1339
325
5735
2761
2346
6449
3875
4685
2756
4903
5981
2829
6166
4973
5801
6453
3798
4064
3230
1638
5644
5384
187
4422
5508
2321
58
512
1474
6734
1294
623
2234
2040
5242
837
2732
6564
2343
3440
1393
2906
5073
2843
4452
5921
6063
3698
6792
705
6005
4622
2649
6032
4927
1865
5497
1718
5845
5132
6355
6580
5662
2876
3268
1255
5994
5724
2106
4107
6720
939
3532
5882
3200
1182
5500
28
4430
6472
4093
5928
2283
4157
157
816
6330
4238
608
6858
4028
815
662
1443
2121
1157
1146
5007
2132
971
6504
3827
5209
4723
5107
4044
1653
2321
984
3832
3538
307
6082
4153
6318
2005
1755
3466
2567
4706
6307
1778
1765
2956
616
742
2115
2220
459
3547
4564
4909
26
1537
2342
3899
2384
3291
2222
2065
509
3290
280
6776
2419
465
992
6868
3758
4564
1714
5943
5463
4722
5330
5337
6558
2425
2345
1375
2497
6536
3622
904
1589
2991
4100
3271
999
2267
3173
1867
1472
2615
851
3322
1339
3244
6750
947
924
2944
1448
3475
719
4893
6737
3248
1106
4776
5903
6009
2248
5626
3613
4214
2115
4283
1575
1692
4902
2546
5768
2937
1444
3801
4200
181
4719
973
3573
3273
2809
2068
1012
5794
5216
2767
3252
4789
6714
2695
312
4359
4646
6947
1855
4116
5514
4583
1522
3461
5366
3593
3953
3351
6229
5301
3346
6214
2619
865
6527
2073
1471
1522
1098
2254
886
45
4888
3198
5377
5994
1352
6747
3205
5330
2895
5934
981
457
4385
2710
262
3630
5405
4467
2863
5736
2581
5008
2354
4899
2889
1678
2235
6264
4775
3701
1389
5754
1753
4325
2499
1685
6676
5771
4402
25
1048
6792
1440
2116
6688
835
696
2677
5864
2343
6806
4228
2598
5303
3457
2088
2543
1117
1626
2625
4439
218
1088
5051
3003
4168
4749
4692
1967
1771
1960
1740
6831
5629
4423
2299
1604
2969
1137
2026
2942
3056
5022
6359
552
6151
5460
4099
6133
1714
175
4648
2924
4665
1611
1116
3490
6600
1881
2219
1949
6077
3300
3241
281
5011
4327
396
5593
4739
2565
4959
4283
1258
1252
3275
4592
4229
918
993
2494
3321
54
5323
12
3879
4100
264
66
5740
2557
6230
3363
4551
418
265
5536
3124
698
186
6218
2717
223
3307
4251
2680
874
3718
3729
1588
2204
4597
6064
429
115
6477
4019
5119
2797
6580
4639
6231
1659
3177
420
2004
1629
2706
6425
1221
6070
2288
6979
1972
5684
4776
3969
6480
1854
4019
6287
3912
2834
3476
3045
3803
2626
2937
5372
2477
6754
5171
6421
5508
5777
5968
3413
3449
170
936
6016
3137
6118
2956
2025
3787
6455
6770
5187
2580
387
3253
4175
4270
2083
426
5091
1639
3600
5821
6867
3534
2161
1114
5095
4920
6074
4703
2689
6992
2533
2982
761
1310
902
1201
5879
2598
1325
1918
1139
5097
5277
6314
3084
5609
6324
1490
6076
541
1815
788
6077
5860
4076
5388
6603
1543
619
3002
3708
6967
2361
5673
3072
462
3546
3747
3401
6801
1826
3095
1591
4282
4961
1189
1979
2453
3593
96
2870
3192
901
6722
2269
4645
4511
4430
5475
908
622
3046
3299
6425
1211
1628
2320
3958
5350
4078
2060
665
1786
1979
577
1085
17
4569
6159
5694
4749
4841
4139
1326
2293
4675
2776
3701
3312
6267
5268
3245
5913
5445
2938
147
5334
1756
5679
6417
4287
550
4435
3521
6832
443
6326
1468
1571
6556
6445
2177
4701
2617
5912
4145
6955
4883
153
6886
3097
3104
2842
1164
1782
588
2395
1256
88
1652
5088
5181
3519
4302
739
6301
5689
85
3475
5572
4178
6393
5752
3545
2277
2091
5121
2398
6091
510
4212
3086
6414
472
6201
2510
3771
5279
708
1644
2139
6265
1358
5556
6532
1108
3215
6874
5592
2349
162
5817
4066
5004
4788
5658
6752
603
5066
6496
6153
6295
5494
2728
1365
2552
477
711
659
4571
6641
411
1707
5646
758
5563
1761
3275
5203
2555
5330
1014
2128
2551
6047
1153
3734
6440
4843
2287
5878
2693
3490
1156
4778
4673
2024
115
1770
2642
266
3410
1805
6594
5125
80
1381
6998
1538
4415
4788
4420
995
6293
6984
641
3133
6460
5801
6944
1001
5952
3187
5247
105
5057
1277
5940
4691
6214
3132
6644
5237
4482
1996
3596
3557
891
229
3161
539
1380
3054
1609
3343
5101
1544
6964
640
5393
6313
5381
952
2389
724
3003
1593
2704
3162
3101
6883
453
3111
6642
1206
1453
1947
1221
4391
4386
4667
6143
1601
782
5627
1911
6881
419
3155
1076
5421
5060
2779
2188
1753
2535
5964
6309
3600
3222
181
5864
4964
6523
30
4877
1139
769
2405
5521
1846
3721
67
5373
3982
4146
4889
1153
3677
4234
4964
4597
4159
4625
4483
3351
6459
717
3585
4992
3394
3775
3259
4673
1354
1140
2999
5348
4991
200
5759
3413
3255
6253
1465
1295
3000
346
4060
6171
5657
3631
2841
4019
4978
1932
3659
6772
1776
6400
6541
1330
2609
5743
6831
445
5136
3909
1836
2793
414
2000
155
1884
5909
6514
3528
3025
2810
6683
191
6825
5095
2293
1700
1929
762
2809
6545
2774
6493
6663
965
6477
5226
6922
5110
2135
243
866
1971
5554
5916
6643
2408
4027
3470
2323
1478
1254
6504
4481
5262
5000
3771
2433
954
4900
5251
1356
5769
6466
5150
3236
4629
1782
5954
4852
899
5276
3335
4486
3886
3465
3525
695
96
1068
6699
1525
1318
5596
1766
2024
1774
1355
563
1206
4776
2256
441
4729
1446
4546
5822
3907
1633
6024
900
762
1930
1342
5255
726
6666
1026
6798
5854
6751
1877
3523
4507
1315
6653
4433
5077
3218
6710
3041
6257
2016
505
6705
1668
2788
3965
561
2801
4661
2721
4540
822
1232
259
6536
5285
1683
3371
1497
4070
353
3353
5480
50
2907
4238
371
5386
3087
5126
5274
4270
5943
3426
4621
4649
5008
5612
4541
1657
5757
4763
3086
2893
3112
863
5533
1032
6661
334
804
4242
3091
5109
4375
3549
6088
426
4098
1068
5480
4614
5705
5776
5745
2808
2235
3244
1029
1924
6740
1456
1317
2587
4206
5172
431
4020
2851
170
3604
5496
3842
5989
1489
5331
5675
3385
6231
1239
3233
2624
3657
954
6571
4379
6794
1671
4910
754
2552
930
5971
986
4361
2749
3272
1269
5248
952
5694
5160
6212
805
255
957
6853
5177
2937
1497
2444
3031
2284
5944
5951
6439
2875
1644
4621
2731
1018
637
4924
4385
2517
6234
6908
1493
3777
4957
2391
5150
5378
6789
2216
1633
879
3237
3390
4755
5149
3162
2243
6047
2215
137
2805
1367
1143
879
3008
2872
2524
3386
6957
3470
4167
5301
5692
6542
5923
2881
5953
4259
2250
182
1742
5471
3982
1921
2573
4987
2635
5439
6936
3979
2158
6104
5583
1176
3713
2455
5893
3745
6806
5029
2368
1220
4325
5782
675
5605
2092
4099
2578
5497
2066
6366
1457
893
4433
5589
896
6367
3286
4245
5615
5614
3685
1983
210
910
5773
2264
4586
1323
6566
4371
5344
2759
3643
2857
150
6566
6311
4545
3548
1806
2648
6594
6116
3557
3899
405
6987
5642
4706
6911
5284
693
2041
1188
3226
2787
3161
4952
4257
98
6486
142
4794
4083
6956
1907
2050
6797
2825
3845
4277
2773
230
5942
5828
187
5327
2612
3873
929
5277
3778
930
1005
3397
4065
6562
5301
4951
6800
6567
2066
3220
5964
6073
5588
1108
592
2833
2749
5852
4229
5873
1227
1985
5124
4653
3597
6939
4584
494
6870
5241
5050
5567
6759
4085
4908
6198
1815
243
5695
2449
6358
4667
3567
6689
5039
4769
2755
2832
3964
797
5035
6347
4427
348
763
5108
917
3963
3916
6246
2927
5842
4906
4509
1858
5317
4072
890
1806
3906
5510
5201
1827
5208
6349
2543
151
2261
3329
6635
5060
57
2013
1495
3569
4220
933
875
1344
3697
244
2830
6544
6062
3118
6146
1953
4457
3552
2315
676
2216
5212
100
3757
6653
1960
3438
2393
1980
5822
5165
5850
4867
3222
2346
5425
1509
871
4310
5274
4986
1124
1074
1315
6287
4811
6720
2175
389
6730
6397
31
4697
914
726
5584
1207
4286
5723
5920
3052
972
2564
4377
2103
5073
3239
5704
306
5188
3451
1823
1243
4912
6709
1574
3530
2245
1660
3777
2310
49
5939
4339
1152
2543
4394
6152
1851
6977
6369
5375
1047
4658
1299
4783
5417
5220
3754
2601
464
960
925
1811
5583
1597
5291
916
1338
4743
34
6843
2670
3384
961
5418
2010
85
1718
6272
4084
5503
5773
605
705
5890
5781
3390
4197
6986
2272
2016
4635
4200
1664
4353
4346
3981
1553
2666
4252
126
1550
4152
4435
6237
4172
6138
4858
6104
1805
4005
5686
4755
5826
859
4720
5656
2384
4379
2824
3703
1749
2609
2470
5736
3055
6862
6136
525
4306
6170
843
5341
3164
710
5488
6667
2143
2046
6830
373
3754
6171
6837
6632
692
3807
1758
2745
6382
3457
6732
2830
6812
2225
2990
6179
4472
3134
4301
4369
1074
5978
3765
177
2288
3591
2353
3406
734
691
6935
1464
2331
3766
717
3428
1631
1276
367
985
2060
5102
15
2925
1665
803
759
1006
5421
4236
2581
941
3334
4365
2324
4837
3886
6992
5939
4250
6166
5875
4308
3940
4634
2201
5003
4538
5529
2559
6305
539
6503
1924
1124
6615
88
3659
3468
3076
1315
3390
2437
6878
129
6464
2716
118
4481
1708
904
3146
3690
1772
2279
2029
1300
322
2490
1621
6931
5746
4501
5139
433
2552
2463
6848
766
1958
2794
506
6087
3574
952
5582
3296
3022
843
3743
111
1001
2574
4396
5095
913
5717
3192
6405
6075
4725
4555
1091
3091
3458
2966
3743
4806
2084
2908
4119
6143
605
6276
2603
5777
2065
1858
1062
3299
4370
653
2410
1409
2992
4011
2440
6519
2257
2353
4785
2665
6418
3903
2700
1173
3866
5464
3125
3386
4975
871
2941
5674
4736
3468
5636
1507
5846
5014
6848
3187
2144
2395
4480
6489
130
5131
6697
6929
5088
5251
3820
2063
1740
2109
6443
557
6770
6452
6038
6983
3693
3141
1255
5556
4824
6265
981
2759
6163
2207
4905
6691
6671
4174
2179
445
816
5544
5679
1667
1686
1291
4930
1707
6816
3745
2595
4254
3846
3527
2784
2131
2753
4002
6774
2983
3409
677
1668
5490
3858
3087
1749
3998
1588
58
1904
1905
5222
6022
2334
4553
3639
1212
4239
5087
4864
2775
5385
2324
1921
1812
1558
5360
2494
1306
5424
3137
4390
92
5300
192
2792
1860
729
2544
219
6322
6611
4016
6496
4761
512
5040
534
3075
4894
3232
3658
4747
6992
5339
6728
3000
6611
4394
2114
3009
3881
6870
4348
6859
4153
2437
570
5528
2552
6149
2871
2586
6096
5855
6771
526
2811
4411
2639
2435
5205
1545
5800
1721
1068
3464
2670
3222
2805
527
1336
5195
5155
3872
6679
326
4814
3765
6019
553
2726
3442
3749
4807
4931
3746
1962
1007
6587
558
128
5761
6950
6776
320
5589
2658
326
6289
1379
2446
3393
2325
3356
6805
6405
186
2512
4097
2131
6343
2161
4368
2930
2728
3469
5472
6541
4704
537
691
4102
2963
632
6879
6935
2917
6891
4061
5985
6202
5706
2987
4157
1347
4865
3696
6024
5898
165
6268
4165
6802
1198
6738
2434
1101
2799
6946
219
4860
5960
5031
5549
3573
125
6306
3107
5340
2615
5617
1397
4176
4632
8
2687
2440
3940
5826
1334
6226
5171
5076
4628
8
442
3270
3276
6536
1610
5023
3042
2967
4616
2260
6153
4481
6331
6732
3560
5767
5677
6083
1031
6421
3224
6593
6139
7
3402
1863
1697
999
2747
1221
5991
1326
115
6803
838
6117
625
3682
3428
6622
4318
6117
1694
1836
6823
673
3338
3563
609
2463
1274
1374
3687
6162
1885
6124
4791
1682
4551
709
6411
5435
6497
3662
1148
3882
571
6487
2136
5230
4278
2750
6364
2423
1774
3434
6789
4509
3916
6741
2575
2599
3346
1414
745
6287
792
1187
1568
3631
5435
6816
1671
1714
1101
830
584
6273
912
2723
5685
4496
4131
2145
975
6669
2991
6046
3872
1972
4524
2088
724
1818
2596
6354
3369
2500
4905
208
5751
2194
3754
2859
4242
2286
1800
3889
973
6011
5823
6364
6473
5812
769
4861
4172
499
444
1949
6628
1746
3636
1768
2034
4673
2355
1166
3099
1661
5180
5751
6329
5513
5311
5091
3777
4659
2342
6115
2606
781
6126
471
219
5007
6186
29
5829
3902
2698
4347
5334
19
5248
1881
3206
5642
4587
1478
4652
3557
1804
4629
4235
229
4686
6619
6984
4829
1107
3192
863
4010
105
6248
4916
5171
771
2301
5719
6233
3732
3995
4578
6259
3342
87
1932
6793
3336
2013
1232
1954
95
2772
1791
4324
3163
2256
3905
5087
2426
2141
5571
5527
2010
3282
4099
2157
1968
1841
839
4008
6766
2426
5923
5349
4048
1247
3561
6872
2263
1559
1722
4982
2863
6626
3083
4089
1779
2230
2187
4583
592
3172
3784
935
2439
3354
4826
4608
5916
5990
4903
1768
3004
1723
3934
5839
5011
6827
551
4494
2443
6362
3527
3278
2009
1658
6441
1977
1345
2121
5496
4719
3785
2059
4553
3718
603
4916
3533
4426
637
2422
6653
4117
5842
1844
1510
899
1283
6329
2563
5084
3088
4096
3106
1927
640
2449
6911
6295
2761
3140
3932
532
1337
4597
5362
433
3419
4084
5137
6358
5061
3575
6859
3186
6885
839
1879
2158
820
6956
1690
5416
4699
5382
1344
2219
3770
5489
663
2183
2192
2635
1116
331
4972
4638
2151
4796
6065
3597
3162
79
6681
1028
5495
1163
297
4328
607
3836
6921
3640
3078
1774
2431
6119
6316
2391
2833
319
4319
270
4880
700
4628
4830
845
2402
2348
5673
3675
4515
4027
4459
4508
5689
1012
1004
2736
3820
2311
6697
1568
4329
5645
3697
432
6952
5355
5879
1434
3320
6401
6072
5648
2353
3943
2442
4689
3765
5253
342
1717
5900
6696
5492
6652
6458
317
4210
4096
5335
5998
121
4291
4148
6361
2493
2210
4077
2992
1438
2561
6431
1235
5775
689
3663
6129
2763
5812
1180
374
5463
561
1042
5486
5775
6443
6172
1328
4785
1228
6821
3742
1528
2350
6115
1560
198
4562
1417
5312
4898
138
3400
1904
5010
1448
2961
1519
1268
962
4809
4059
5375
6173
6849
1953
3225
6646
1377
1160
852
1248
2225
4747
4922
1095
6628
2348
1249
4235
5681
5478
2958
2992
3031
1892
1882
5626
3940
4365
3395
2934
3466
2840
6002
4204
95
1924
348
2161
1559
5840
3215
4352
6064
4650
4955
6920
2722
4283
842
2097
5713
2319
4789
2048
5888
2618
4693
1091
6380
3598
3291
6806
4890
3369
1484
4099
6390
796
5581
4751
2969
774
463
3505
3238
3654
3886
2527
2873
2376
3172
1505
3204
5142
4573
3806
5832
4232
3582
149
5980
3335
6247
1092
1293
4011
67
6308
4082
1268
2176
6030
3427
669
6535
2230
3158
6804
5529
1014
6045
3486
4195
2654
4055
6904
1128
1174
6657
241
6906
1726
3009
5835
4861
5405
3655
2080
3008
1869
5657
3457
152
4408
5969
6865
4667
3684
197
3088
6086
6569
3570
811
6732
5892
6798
5665
4355
6052
385
1233
6772
2433
3407
2855
5111
2628
3357
501
5105
1033
3813
1334
2451
2658
5759
2126
96
3830
5726
6141
3571
1406
3573
2698
3682
3071
1428
5932
1899
6971
2835
6252
4377
4602
2409
3102
2763
1071
4841
3942
3289
3261
6514
1304
5148
4736
3314
5887
6417
543
662
1319
4874
2935
6336
4079
585
4156
6726
4349
2674
24
5259
4021
2908
3214
1868
733
4963
3064
745
368
6781
2324
2549
3402
5518
621
3820
6914
2019
3414
4249
1667
6952
953
4105
2949
2702
6462
4855
5794
2973
847
3317
6194
5009
1192
1964
7
3292
6484
3872
941
3672
6178
6410
281
6519
3014
587
2762
1041
5932
1106
4773
6889
6488
4475
6578
1325
857
1101
3180
1431
2004
3589
726
5053
5484
6740
6337
5250
1254
1578
6122
5302
1315
1149
1816
6225
1103
3234
651
5111
1327
4759
4408
4793
5824
1034
2929
5016
1001
3770
4145
5630
1482
1304
6517
6971
5158
441
2734
4529
6532
3891
228
3940
5868
89
2204
6761
6484
6493
3497
2442
2786
241
297
6444
5004
2778
886
85
2843
6642
2901
2037
2310
3137
123
2656
2747
5966
4651
2332
2224
5911
5181
5790
3432
4811
5033
1764
2153
5088
296
4166
617
1615
6483
3069
121
1888
509
632
450
5290
3683
4808
5156
1931
492
6751
2254
2889
2036
4761
4487
6483
970
2838
2531
6511
6729
3572
1057
3888
1076
5621
5153
1427
4475
1762
1771
4814
6738
6828
1339
4590
5656
6818
5160
6900
2309
180
4243
5532
964
6539
3205
3201
3112
371
4617
6224
3747
902
6201
3951
4497
3997
3701
3674
932
2190
3830
2490
6425
6421
4120
2586
239
5200
4062
575
5880
1012
1111
5907
543
4525
3150
3583
761
334
5951
5203
2769
5061
1237
5611
3964
4106
4369
6415
4779
3132
1285
255
4518
5176
4959
3585
4245
815
6897
1761
5170
3002
1381
1419
6394
429
3181
2736
1315
3485
720
5843
2064
5831
4737
1631
1495
6919
754
3183
267
5074
6318
2977
869
832
219
6272
6493
6577
5230
6420
5967
2883
4425
6424
5697
6797
2311
80
6993
2203
2337
6597
4987
2647
4361
3103
2407
4592
6851
3286
5761
618
5211
5228
5954
6058
2217
5162
4532
4371
6433
5622
4475
6570
1375
4966
5871
3434
3216
924
5390
6453
3732
4973
1798
5040
6352
3775
2992
2898
4312
1479
6824
6553
4513
3429
4401
921
1403
188
5542
2761
134
3826
762
6635
52
4848
5121
208
5724
5438
6848
638
4071
1151
3687
2440
5987
2468
823
2848
2501
4367
3973
5795
251
6990
190
185
4472
2402
230
3751
1544
6764
6689
1123
971
347
4666
1652
1527
5196
6881
1899
2461
2110
4231
281
4294
6864
5238
2911
1431
2762
6436
980
2527
1061
4366
4351
4129
6384
3080
3177
3196
3424
4506
4445
1536
5610
1079
5879
5036
2288
2039
1247
3787
5375
5188
2961
20
3449
274
3938
2032
2291
1336
1584
3399
6637
3011
814
5499
3601
129
611
4134
6922
5122
3326
2200
3698
3659
840
5816
824
637
3494
243
4845
3770
4266
635
4169
2367
3277
3703
3559
5661
1043
4896
6386
1682
1250
6139
2770
5853
896
5402
6422
2742
3953
1270
5847
2027
2642
1991
6063
6327
5077
1883
1965
5836
1649
6869
3430
682
1245
2437
3850
1528
1105
2222
6248
6975
4640
3732
742
6767
1734
6172
3113
2872
2811
3222
3485
6994
2097
4989
5001
2024
4263
679
6443
4935
1514
6647
6332
3957
6429
4056
31
3229
1013
5900
579
6031
5220
2051
6170
1659
3360
4391
2061
3654
6142
900
6823
3245
1400
1725
4171
1838
5257
4777
2010
6551
105
445
533
6478
6818
2835
6763
6999
445
584
2887
3876
4201
2595
6698
2126
5977
4312
3184
5906
1097
6613
794
4815
85
2956
3479
1004
3798
5335
6919
3255
3466
3498
2198
599
1238
946
3258
4851
6627
868
3761
6115
1531
1496
1801
5628
710
4891
1445
906
2373
6020
4969
5917
1290
1958
5507
2710
138
300
350
2067
2185
4148
6788
3934
2680
3530
5823
6364
2989
3109
4220
2697
6183
1806
6580
4720
2235
3012
4520
2768
5144
85
121
507
3829
5767
6066
4984
6386
5253
5034
3664
2617
2509
4466
1981
5442
2166
4071
4782
4861
6614
6540
2784
3960
6641
2959
1343
5877
287
2934
2562
1550
5580
2654
4476
5104
6059
344
4878
57
3716
5904
4849
600
1690
4412
1346
3240
6626
4373
1591
3304
837
4629
5246
6650
1414
4301
1284
566
2735
417
1842
154
2894
3603
3548
3824
2349
3609
1308
4052
5415
2252
4523
1992
1206
3046
2175
2550
4674
5463
2816
2986
6628
171
6061
994
3568
3859
4052
1434
4929
2039
5750
3216
6982
3285
3320
5625
6650
4073
5542
654
2002
3562
6618
4247
4607
3156
3242
74
4203
3334
2688
591
1752
3954
3587
3587
1516
509
5274
6215
1833
1259
3585
3757
2385
568
4820
6543
166
4853
6640
1267
839
3909
5713
2863
4519
2290
4950
6509
6824
945
4665
4115
1685
6575
442
658
4205
1206
5859
1920
5530
993
3350
5900
6497
4200
283
4934
5021
2623
2246
512
3740
5977
4437
5981
1203
4053
334
973
221
1618
303
3858
262
4901
6848
5890
703
2731
1330
329
5282
3717
3259
5418
5980
5000
3801
6185
3970
893
2684
4705
5868
4348
5601
4045
3063
367
2584
5317
5127
3838
4423
1895
2617
2263
5399
5191
4118
2560
5164
6461
947
4171
2835
5090
2885
756
2116
6510
6739
6322
702
6360
2412
5344
1305
6067
2591
1238
1903
2442
113
2457
236
5544
3664
4243
3181
6086
5718
3968
4061
154
3386
1807
2993
4264
6385
154
5349
3952
5394
3082
224
5475
86
2561
5075
5795
6342
3125
4303
4215
895
6990
4539
4767
2880
4645
4261
5642
148
4672
1328
6322
395
1838
3539
345
2347
6940
3891
5122
4643
4489
4694
6718
2928
5604
1128
5593
3457
4632
3332
272
5157
1810
2568
410
6629
359
3690
1912
1435
4476
2977
5218
3689
2915
4396
4016
4919
4310
1199
1265
580
380
4837
4172
5381
6149
6687
6929
1268
5644
2321
5538
1832
2704
1398
2187
1314
6070
3482
2427
1264
3087
5285
4598
2410
3690
6328
1505
1961
6574
608
3050
287
2181
4895
3681
3746
808
3537
5222
3987
1179
5148
920
659
4813
1641
5039
5660
1551
5624
6392
2221
3126
4344
6363
5800
1671
1027
1529
838
5454
2791
3631
4842
6250
6105
2466
2442
1840
805
486
593
1459
6992
3375
4554
5933
5758
707
2239
3853
6648
4746
2960
3301
5741
5698
5648
5478
225
3924
6464
3914
2067
445
6695
4198
832
4450
1169
5146
4629
6843
43
2407
905
2850
2441
5956
4073
6257
2999
3220
69
2349
4796
4719
4400
5034
2181
1747
3654
5660
3790
5551
6598
1272
3226
2485
1694
4973
2995
218
989
3491
5493
4699
6139
5894
1005
325
2517
1078
5576
5360
1381
6966
2758
5481
2199
510
5909
6379
366
1200
5161
1633
2004
1436
89
6707
5120
232
3341
4723
4554
312
3675
83
6338
4789
2553
3164
1207
2101
6605
4605
323
1960
5833
4814
3683
5962
4154
1376
85
5281
6015
5468
5658
4869
2534
4924
2555
4142
74
2178
6207
1623
937
2835
5026
6822
5154
5591
5674
1508
228
6096
5707
623
6665
2860
386
6297
409
4088
6159
4589
2987
2123
6491
4958
6366
77
4425
6300
22
4530
3249
6996
2362
1007
6663
4194
530
3992
3299
478
6534
3075
4465
6088
6930
6221
4368
2865
5510
854
5304
6968
569
4307
788
3021
525
4161
712
1885
4781
1369
6796
2915
6332
1996
6405
2952
2175
6436
6269
6830
1970
3212
4545
4814
4849
221
2817
4860
796
6422
1300
2860
5078
1472
1841
740
5055
3731
106
4662
6756
4336
5091
216
3456
2253
5321
6737
6333
4990
1093
5546
2451
1510
5847
3014
6393
2409
4823
544
1985
5941
4183
840
5460
1261
293
2809
6055
1265
293
3642
1382
3526
4850
303
4773
4781
1773
907
6086
2043
6822
4988
12
4525
3543
1483
334
4821
2977
1439
431
5125
4165
4877
1770
5239
5237
902
3962
3046
6355
293
3528
5837
1095
5259
5254
5610
4094
4241
2080
5367
1237
4545
5826
4949
6845
5242
5620
4309
5369
6934
6051
6892
5683
2129
1937
6017
52
6080
4404
1191
3010
3780
4596
6498
4955
2330
4574
808
5240
5600
5990
181
2093
1086
465
6554
1045
1286
6144
2404
6067
5161
2632
1757
2651
3336
1695
201
5110
3116
4905
4734
3724
1746
5696
3016
1860
238
3498
2769
679
6587
4868
1778
6683
4421
573
1209
3524
2163
3821
2063
1412
1556
5564
6923
4202
4437
6207
6840
353
4892
3997
5265
3143
6244
1159
3589
6102
1285
4926
4402
5912
3639
5647
570
1699
6643
3265
604
2860
2998
1063
4593
6071
67
1489
2973
5037
1172
1549
4653
894
2437
6939
2971
2622
6149
4830
4530
5484
3337
6446
5936
4277
639
1922
2272
1872
3412
1530
4353
5914
6226
5635
3647
6329
4098
6084
3236
2846
4178
1198
4154
452
266
3144
711
549
5129
3999
3222
3299
5135
2661
214
3931
5607
6137
49
3398
1468
524
1035
6234
3668
5772
4381
2614
6620
4521
3181
6706
2066
4716
2036
6684
2233
5856
6491
5831
3933
1520
4483
6382
1195
24
3784
4687
212
3288
4145
1714
4502
811
2486
4800
6831
798
694
2129
6447
2292
3837
598
5776
45
5390
933
5109
1295
4323
5578
2396
4861
3054
4554
81
5683
4842
1739
4593
1252
5179
6536
3792
5387
1871
913
2383
2373
6399
2910
2133
720
3758
2132
3081
1157
1357
6705
194
3944
5009
5129
67
984
6042
4730
4277
2538
304
4077
5475
4520
1172
6603
6596
4815
6048
6471
321
4406
6636
4803
3340
538
1094
2818
3064
1790
5509
4796
6491
4656
4211
1856
2733
767
5756
4771
1315
3313
1567
6535
3997
2448
992
2448
6320
1092
4783
4287
5600
6652
2937
5041
6582
3742
2416
4474
3994
2966
1938
3147
5781
307
1131
4627
6198
757
6688
57
4671
2299
929
2255
1555
5785
530
3810
86
158
3079
2438
6409
2811
2761
5814
5272
384
2848
1890
466
4633
2559
993
3093
2917
2247
2374
2035
1415
4769
6799
2805
3837
3396
4415
6234
5950
6247
1430
3131
9
6635
6166
4903
5480
1272
5486
2558
4715
1355
2036
3053
2033
769
2571
3069
4506
1842
3860
879
2471
5652
1913
1856
2395
1155
1853
2597
2835
2498
727
500
48
6097
2957
6694
4190
2180
3684
2268
2677
2267
1246
6221
3156
427
4581
3906
1637
2640
443
6391
107
4149
6204
5822
977
1138
4363
6017
5876
3121
1674
6611
5280
1645
4213
5691
601
927
3869
3022
1904
5806
1986
6593
1717
4082
6514
3664
2939
5302
606
1070
4375
4399
292
4105
6666
5485
887
4305
3182
3670
2146
6893
6149
81
2868
1097
2133
6949
244
6024
2912
2247
4430
5986
6408
2930
3838
1259
1904
3958
913
2496
5085
2143
500
606
5667
2513
564
6585
1932
693
4412
2174
1275
4395
836
1061
5159
6524
1318
5966
5451
6546
1101
4455
1090
6422
5358
2071
6072
4910
2257
3538
5819
6777
1360
1186
6480
4992
2005
3878
2594
3419
3859
6081
3782
6277
1403
1722
578
2326
6399
6204
4139
5795
1002
6289
4950
5683
2598
4992
846
3120
2056
6815
3172
6216
4094
4071
2405
4344
6456
1163
4301
2940
916
5020
3113
3469
1451
5133
3954
3807
386
4749
4518
1430
2899
6182
3440
6853
1769
5441
2991
1170
3755
5948
5181
1433
4223
290
294
4676
1928
2213
3448
588
4282
6802
2201
6
2738
1408
6628
5357
5555
943
5494
2495
3187
5953
5109
3719
2836
1008
6759
951
1142
6004
1040
3856
281
5230
4390
4904
4281
255
6807
1566
4578
4742
1234
3292
6547
2050
4555
34
2935
4532
1439
2027
2862
5375
3631
798
5794
5111
5698
932
389
5676
2355
1792
5720
2801
6250
3200
4575
3885
398
3831
3064
6766
3792
2188
3738
4012
6011
202
5265
5081
3279
4773
1784
6731
852
3126
176
3516
4148
5699
268
1062
4273
6070
4727
5846
1454
3632
1365
1092
2690
4818
2439
5140
5159
4344
2474
5132
672
6515
4479
1490
5448
569
2444
1602
1432
6370
1825
1529
1304
6834
256
1129
1503
942
3955
2865
3510
3133
569
5063
3558
5124
4291
4405
354
3486
2921
246
6319
5367
6426
3195
2679
587
456
1847
4925
3599
6306
2515
731
6707
2755
5174
3864
5611
2040
5861
5085
6953
3030
2347
998
4681
3625
1469
2526
3473
5634
2941
4451
6834
2944
5776
4304
519
3471
2870
4105
2201
3766
2558
2089
2260
6690
1628
5128
730
736
1512
1137
3450
2600
3611
3639
237
3277
1584
4823
1253
4385
6373
6696
2489
2037
1245
1903
761
5413
4508
2839
147
5602
4214
5254
3760
5442
740
395
2407
1962
6684
420
1411
3515
2052
2724
3331
3466
1618
1624
4470
6442
3771
3314
1160
300
3798
3895
646
678
1476
6916
778
3170
639
6118
4075
741
5364
5942
237
1224
1166
1842
2304
1747
2992
6009
167
5181
6743
3199
3792
3408
2874
6550
4995
4394
4487
590
5208
6814
3627
2835
930
5833
3581
2316
4690
4264
2391
4068
6905
5182
5802
6497
1773
2300
2190
1778
4447
809
1939
2070
2783
6041
1486
5783
6341
1570
763
3934
6765
3817
1356
6784
2454
1987
1267
2933
6991
2776
5402
4121
6046
1137
1892
3995
3055
666
6383
5012
2333
2435
4969
922
1184
4272
6724
2770
2115
3265
3944
5611
5136
3739
747
1695
675
549
4047
6709
5432
3671
4088
2409
2033
3997
6776
5078
6288
5153
4442
3602
790
5550
5303
2047
2806
2745
432
3145
6096
6154
6136
1139
5693
5137
3293
668
6068
1475
628
296
1776
4539
4998
2289
6430
6933
6018
5004
6158
4446
5160
5440
589
5375
3615
1384
1428
1616
3532
1554
4362
4146
1145
1360
4041
1013
3701
940
2399
2856
1125
129
5515
5838
2127
2012
3017
3645
142
6665
612
4795
2951
314
3447
3833
239
6162
6649
4625
6903
3448
5882
316
3245
407
6406
1012
1152
4810
2021
6472
543
4997
5613
5878
999
2063
4613
3242
2376
4739
5078
909
3186
733
5888
5953
3601
1130
4390
6672
234
5512
3727
2429
1121
484
6202
1346
5361
5467
1701
4496
5991
5280
1642
4094
4947
884
5807
4152
1115
4964
3592
3600
1542
204
2827
2754
5386
3273
4480
3370
4771
2349
963
1568
2377
6171
2168
3787
5964
3825
3425
2484
1343
4478
1318
2329
4174
1393
6666
4170
6581
689
2294
5296
1422
35
5125
2785
5206
1190
4356
2041
2166
611
2979
1130
6969
3479
1627
6988
2358
3506
1198
4983
3276
2058
6302
5717
2316
9
835
6429
2784
4966
6965
6850
4311
4295
2730
3978
3697
3756
660
4754
2485
3574
4690
6799
4805
5094
5922
2399
4986
6178
4648
3374
1578
6762
6581
2260
6434
3697
950
4556
4506
3023
392
5856
740
4403
6677
1096
2551
3518
974
3209
5878
506
6981
474
1969
4122
246
4393
3069
6795
5514
2564
477
6296
1527
3132
20
3411
6863
2348
5581
3231
5722
3903
3425
4715
923
6727
2308
2857
6253
1082
4629
1596
2864
3071
4704
3496
5892
6279
2906
2451
2344
734
4416
6657
4000
744
509
4317
2297
1096
790
3155
5297
1236
3651
1796
3312
2292
3100
6328
581
2450
2037
4263
3279
1147
1376
2123
3321
403
2918
2061
6664
1879
6273
600
732
3996
2569
299
5553
2317
649
1503
3929
1273
1781
1088
5335
6467
6379
849
3394
6667
5282
3328
77
4578
1707
5985
1447
5507
4075
3886
2532
3348
2891
811
2855
5116
412
887
4106
6134
1378
4991
4788
2548
4356
3165
4013
215
3132
6878
2257
162
113
2562
2127
2119
15
4684
5004
1329
1720
5664
337
4640
1
2036
6542
6451
2955
6655
201
2176
3197
519
911
2383
2035
5431
3750
6125
2437
2797
2220
6148
5461
2561
5952
4319
3294
4353
2875
242
5950
2641
6330
5384
3409
1680
1027
2319
114
1262
3522
5311
2909
18
6255
1048
2294
3104
2661
5816
4312
871
3033
5243
4699
5889
5253
13
893
843
5096
6659
3868
612
4100
5280
3909
3843
6508
6043
1596
1505
4136
654
3224
4445
959
5353
4378
3958
2231
2949
986
5883
3819
1612
3358
3838
6666
4525
2632
384
1128
5999
3739
2102
3323
4387
3530
6520
4476
3107
533
5594
3944
3417
2785
6964
1683
1320
1370
1276
2384
2063
5335
3116
5422
2012
5491
2221
4178
1397
4323
2282
3309
729
1905
1322
4155
5749
5804
1773
4815
1907
5258
1327
4566
29
867
6459
2631
4991
2099
4271
6643
1147
5379
6469
2574
6221
5252
3425
658
5518
2626
2222
5717
1247
1721
2204
719
2291
3655
2180
4394
6447
2918
5668
1325
3334
1323
2533
3999
1724
2216
3833
4005
3148
434
1051
2856
2701
1368
4799
334
6743
2009
5664
6259
6491
6128
1512
5419
5585
4727
6858
5415
3395
4477
5499
5562
3823
2246
1415
3631
6754
4237
5576
5545
4327
600
6426
1998
5910
4872
4002
329
3306
1988
5652
931
4867
1721
1083
3941
242
6272
3803
5860
491
2076
6978
969
1652
6062
125
1172
812
3407
1616
980
975
5737
5581
2630
3502
5794
3278
2912
5779
1638
3261
5553
2362
6689
6144
5999
6587
4830
4106
1260
6851
14
6292
6381
6578
4576
6899
6296
1208
2857
1699
2890
5905
3017
426
6955
600
2538
455
4279
4263
6517
4752
3313
1340
5251
3763
4261
6135
116
1260
171
1623
280
4894
2595
3085
6384
2045
5329
2657
1200
5911
5967
3080
6595
539
1225
5935
1187
1569
2921
2977
2907
4417
4551
5220
1019
24
1965
4114
3816
2445
3317
5356
2685
6674
2159
3376
6306
126
994
5523
1287
5887
3094
3777
1581
157
4204
5905
3345
2049
2123
4854
6942
3540
5296
2200
1510
2332
6217
4554
4356
33
966
2548
3617
966
964
3320
4586
1507
143
4625
106
4608
3284
1352
881
3819
2424
4777
2489
4282
1393
6194
6880
1997
6391
27
3519
4442
6181
1888
6406
1652
2274
28
1457
6189
927
1848
1587
3408
2733
6049
6270
1884
1260
2552
2757
6379
3914
1930
2726
2801
4910
4896
2022
6855
3264
4817
2354
3270
3415
3195
3464
649
1326
456
5721
2268
5468
3901
2147
6265
1014
2998
4974
889
6603
773
2787
2191
5405
3842
1604
2440
5671
3812
428
4727
1863
406
5340
3485
1913
6405
3599
3413
677
2301
4051
694
4726
5106
1293
529
4384
6340
1623
2322
2021
5988
5304
316
4972
156
624
2413
463
6099
3918
3529
304
22
1065
4874
6423
4978
1335
2204
2242
4997
1997
1471
6226
1612
4212
5142
6334
6567
4980
2972
3942
1673
3536
6846
3085
3444
4205
3523
2852
6265
2584
3177
5207
1621
1956
6441
527
3615
4204
5786
3859
2933
4747
5595
35
3991
4125
5850
3171
6907
6506
2914
6641
2111
271
1889
6323
6702
3416
5127
5272
1401
6526
5042
689
4007
5897
2927
5811
5183
5634
3275
76
6562
1832
3711
207
2126
6333
74
1198
2612
235
456
6931
3587
6121
1736
2099
4350
4340
1588
431
2464
5748
4457
280
6448
4876
1462
1631
1871
389
6026
6207
6926
2384
6118
4824
6821
6942
5745
2424
3766
2070
3666
1679
2472
361
1984
1511
6448
2614
4238
2710
1793
2853
4570
4970
1540
3674
2652
504
2259
1977
4204
1497
3839
5640
3548
2442
1913
2829
5285
1086
6549
2900
3349
1762
1035
3133
6597
5149
1767
6009
6073
977
3681
1511
193
3114
3975
1583
1029
2250
374
2329
629
4319
3007
1179
1829
6858
4117
3390
184
2773
1965
3444
6308
6920
495
1048
1107
1079
5657
3369
714
3348
3419
5292
2114
1524
1981
814
1395
3305
6964
5915
1304
5940
5867
6949
1894
732
4070
6357
5447
808
2266
2967
6595
6508
6209
621
6462
3267
3778
3355
6340
6362
6508
6338
6992
5909
6538
2531
3084
6432
3642
2529
2635
5684
2608
5547
3914
4412
528
5869
3101
6842
601
6907
1919
5859
804
3410
4177
2052
6740
2890
3891
104
6935
6523
2424
6767
4914
5738
3507
4068
3708
6945
4560
6251
4065
4929
1614
629
1462
6796
920
6353
948
5603
2514
2481
4925
3209
1913
2350
3084
5362
6059
6145
2969
6324
4238
6768
2514
3440
1029
5953
3493
1109
140
3725
6993
4562
6580
860
2725
1885
5746
6569
1336
2756
234
4513
744
4479
4410
1158
638
3528
6673
1970
6078
257
3902
3635
4804
6433
2556
98
1978
3554
4299
2263
862
882
5810
5964
6256
3587
1200
5316
993
2705
859
3376
3431
1720
3959
182
1030
4224
1280
4983
5249
2646
5683
4867
2613
240
4734
44
982
2188
6424
5299
3946
5077
1267
4618
156
6180
2878
5767
2780
6191
5455
26
4289
1256
3182
724
2416
3021
2588
5348
2198
6559
402
5919
4393
4033
6334
6154
5333
5407
6777
6087
3203
5768
3308
3010
1948
6146
632
3567
4555
121
3132
5458
6592
4363
577
1147
6880
3155
6586
6948
1978
496
1879
4368
3557
6881
4657
1737
205
1999
3048
3566
6132
1535
6415
3400
4117
6970
1993
5279
6827
2171
4021
4005
6688
3469
2141
4783
235
6342
4221
996
1064
4524
1254
5923
1483
3147
1186
5669
2775
2088
4730
5452
5305
468
4875
5239
4778
80
2031
3147
6689
4618
2119
1935
3870
50
5406
6780
251
6051
3929
2351
5198
5057
3483
3053
3249
4347
6381
4898
4418
501
5394
2365
13
1798
4201
6435
2680
4552
996
5951
1975
5721
2949
4603
6198
2117
4247
6142
293
4886
1146
138
3461
4425
6297
4272
2617
4678
3598
579
2912
180
4726
1821
5326
718
3062
5602
522
2374
3460
6879
4419
5045
379
4558
4931
3292
2062
2010
4269
3018
5781
4185
6355
3154
6861
2770
5216
6999
498
2204
6717
1319
2648
3561
575
2538
3887
2558
2885
1710
4893
6368
3431
5553
6725
6028
1490
4465
4653
370
4096
3731
781
1591
4164
4510
75
1742
4275
5323
5708
4067
5742
6300
837
6556
3364
6310
959
6060
140
6132
2849
2028
361
4417
5896
4176
5854
1346
2009
3124
6480
1549
86
233
5203
4922
983
2896
20
3165
5384
6010
4222
5477
5457
2186
6769
4196
2683
5543
3548
795
2997
3657
6251
3658
3526
4151
84
4001
6973
4931
3163
349
1549
3395
6477
4026
1884
3245
5329
514
1251
2518
2114
4111
2279
6855
242
6147
6558
796
5985
2937
181
386
2611
1551
5454
3973
4207
2987
1455
3243
1827
6295
829
3984
3917
4170
88
4247
6109
1901
1607
3034
3990
6510
6437
4719
3171
5188
5859
6423
1982
664
853
2099
1331
5757
289
1141
708
2660
3289
2696
4822
4406
3554
117
4272
790
5013
2188
4227
2738
411
6435
2925
3662
3205
2502
4680
5677
2385
4515
1327
5070
880
4808
3489
3383
1813
6972
2438
4480
5640
1463
494
5302
1216
3806
521
2170
2808
2071
1753
6406
5064
2565
3427
2083
1068
2000
5197
2394
4545
949
5865
5581
1500
4942
1664
1953
3341
5949
4666
2259
5648
3370
1097
1228
3220
4606
405
146
2852
3284
5866
3716
5540
6627
6694
2041
6461
5578
4558
5366
4289
6241
1800
4394
5995
775
3363
5368
797
566
1475
233
6261
5743
3249
4363
1073
146
4479
657
1663
3487
6489
720
3377
3162
2919
1868
2206
1039
5231
4189
5964
5378
3551
5033
225
6649
1856
4767
409
416
2078
6189
2130
4305
1972
2543
83
6414
3228
2597
3907
1324
5244
5487
2070
246
1052
832
2561
5027
1612
4948
6951
6973
5283
3750
3940
3807
3866
683
1462
6546
238
2773
932
4636
869
6733
2495
6829
4296
1688
5653
5247
3118
796
6804
1794
2417
5392
6971
98
6017
2462
4700
5518
6111
701
1118
3541
2213
4911
