118
97
96
115
71
172
18
59
56
107
134
14
24
175
83
17
37
142
115
172
43
62
10
10
95
36
171
138
86
133
65
154
134
62
104
11
49
86
6
15
2
0
169
23
182
39
5
121
104
99
10
79
72
152
128
147
49
61
80
30
69
98
145
184
136
138
140
65
54
32
116
118
162
54
85
8
44
17
128
78
125
64
96
66
138
139
76
137
107
65
1
60
55
185
3
60
150
10
193
82
2
14
186
140
115
121
55
164
6
136
183
35
33
188
113
130
69
141
193
129
25
115
74
184
103
56
108
18
117
194
19
58
2
100
116
46
10
28
36
88
128
143
94
20
56
160
57
27
166
8
100
173
126
104
15
22
1
26
135
79
104
125
197
29
192
174
69
167
147
4
174
64
103
188
154
181
85
51
83
17
128
90
80
155
119
51
75
73
185
2
121
86
164
103
173
6
146
160
129
171
