489
1
618
734
721
346
524
712
729
337
125
749
342
641
463
597
561
2
640
612
447
347
164
101
62
175
433
578
750
723
583
207
585
703
698
519
225
771
637
559
244
401
525
598
462
248
151
254
572
433
359
628
296
690
270
474
726
32
335
582
474
65
582
36
51
559
789
663
584
681
45
636
254
579
469
367
659
382
730
519
794
691
596
572
723
264
592
425
614
581
511
492
796
256
90
171
90
628
720
369
59
16
430
341
137
716
778
59
664
343
620
308
287
555
474
161
148
2
670
597
514
354
630
472
361
340
375
199
179
370
479
601
719
126
342
189
427
239
416
735
434
678
34
73
512
64
206
582
350
612
621
610
767
732
167
493
790
608
146
350
433
557
725
788
214
373
472
248
504
656
10
222
790
593
142
106
16
19
483
368
327
370
303
84
80
214
71
111
725
777
510
115
265
362
231
614
197
602
744
394
451
372
381
157
118
634
262
636
548
138
47
450
258
47
602
111
266
212
330
740
603
723
782
650
461
76
73
402
528
337
730
279
160
382
589
351
519
774
61
769
79
616
708
33
738
321
608
215
96
794
740
493
220
34
728
71
756
631
462
284
651
350
675
547
516
210
589
425
701
761
711
414
646
593
758
720
508
170
279
272
583
717
712
784
684
282
47
269
655
16
459
74
426
708
405
370
162
757
690
767
140
246
600
408
764
298
634
436
197
366
722
190
434
144
139
497
799
318
648
610
373
345
19
221
192
361
454
72
719
329
48
68
264
514
388
497
293
726
100
273
175
659
486
453
533
168
416
499
9
179
309
9
471
664
604
475
355
559
457
649
510
564
794
380
772
322
416
527
790
601
552
170
399
219
453
9
37
247
540
283
797
669
332
262
587
465
247
168
229
58
18
281
99
410
741
396
278
631
479
308
706
728
345
355
89
108
453
430
245
579
531
204
113
608
543
509
100
134
731
551
508
592
309
508
403
445
452
408
561
424
532
230
125
117
428
257
481
456
472
120
601
304
184
107
343
704
420
626
55
221
314
637
154
115
262
662
33
227
717
579
776
183
21
615
444
663
660
296
26
339
532
43
358
704
448
315
517
480
622
489
87
666
553
110
116
136
217
43
34
719
81
497
560
586
150
445
83
287
423
699
154
755
76
139
15
313
63
289
13
389
593
326
665
767
59
540
94
499
771
351
393
294
359
711
286
291
553
266
564
626
182
511
84
458
244
124
297
126
136
545
228
83
482
365
112
210
326
302
748
280
247
695
10
106
289
9
516
582
675
564
502
757
440
215
507
157
97
771
519
595
592
221
670
110
371
323
560
726
91
358
466
762
41
661
666
769
660
666
471
697
505
734
106
44
319
455
5
144
5
322
318
125
491
380
399
217
122
266
334
207
689
8
644
735
749
414
621
174
596
415
427
606
702
139
166
537
160
661
4
7
534
94
417
95
620
640
651
601
746
391
509
66
58
25
54
617
791
119
693
278
756
443
84
666
229
609
382
546
46
386
557
581
7
700
548
93
168
205
550
786
567
510
402
50
267
29
668
605
731
674
40
476
41
659
581
17
452
291
580
42
478
245
660
239
204
766
412
667
371
616
564
712
373
307
640
483
727
247
297
254
750
420
410
548
422
234
596
135
367
437
782
757
740
752
397
777
185
586
700
734
576
405
296
255
120
107
763
281
627
43
627
370
707
770
318
786
320
677
20
351
600
730
400
616
755
471
76
663
578
34
249
169
484
663
312
602
661
456
248
89
371
351
332
187
654
702
552
651
747
8
312
319
149
24
189
389
97
175
581
509
252
747
550
448
723
19
406
766
414
719
