158
302
52
164
372
147
335
249
498
61
145
305
561
307
34
327
118
675
278
469
218
560
368
19
147
319
126
407
315
375
206
23
564
445
419
528
302
151
440
331
160
295
94
286
67
57
473
181
41
359
372
367
66
165
178
81
330
249
406
301
611
252
336
631
418
387
349
637
92
546
616
558
198
458
66
34
442
194
381
496
355
428
619
201
437
218
430
525
169
274
20
552
682
574
628
87
524
60
143
304
479
582
509
96
334
34
663
457
463
470
110
677
194
99
228
682
481
387
516
355
695
253
313
315
553
45
266
373
130
657
15
469
647
332
497
579
263
594
249
570
577
353
100
174
660
139
490
267
621
292
603
631
643
562
628
411
496
264
336
339
596
513
404
579
527
664
412
357
333
74
322
446
485
42
366
537
604
44
401
428
39
480
516
245
103
166
397
280
398
113
672
660
218
169
175
451
588
246
16
220
651
79
68
16
511
295
537
341
229
319
634
500
559
501
227
93
258
117
608
237
432
366
223
508
397
92
494
541
245
122
695
71
679
208
546
114
294
678
173
67
157
15
295
628
58
321
396
348
520
597
134
463
513
85
317
31
67
367
412
428
307
536
618
406
660
149
432
581
450
597
606
161
203
17
3
68
136
33
111
373
521
445
18
330
150
616
633
170
169
501
549
581
297
579
149
414
70
207
187
564
520
142
280
100
14
488
235
391
464
13
31
536
528
618
8
61
578
397
673
95
183
102
449
476
512
621
684
473
673
341
570
249
460
490
586
73
92
564
193
2
30
673
573
365
635
534
645
389
290
14
163
84
350
163
37
300
143
373
543
461
385
688
301
281
613
229
149
127
648
214
456
5
487
53
201
212
561
357
604
586
517
140
372
400
216
523
440
506
559
378
17
76
482
591
457
135
511
635
185
86
150
478
484
683
327
13
19
297
634
257
297
335
364
563
584
435
650
286
59
198
27
53
155
516
52
26
5
36
139
672
285
522
410
698
409
173
201
313
618
5
494
373
212
101
526
519
226
345
597
169
468
579
656
335
233
409
203
330
85
284
393
300
563
599
64
165
496
58
498
197
55
186
649
38
122
72
36
520
59
386
95
495
601
666
386
626
194
213
383
107
129
107
616
447
213
685
288
696
420
500
141
220
302
242
171
614
486
187
470
337
616
219
633
333
517
278
576
627
224
369
164
511
322
404
689
149
64
621
397
553
265
396
643
508
187
612
104
41
464
627
439
340
398
142
228
70
513
592
562
482
449
574
566
56
99
692
679
641
268
106
601
219
212
477
603
527
38
408
305
537
73
252
347
475
284
201
626
231
52
256
17
23
638
626
161
586
644
638
663
289
332
8
175
479
116
221
486
195
362
95
168
521
408
309
231
52
192
579
537
443
342
690
697
593
331
639
669
672
169
211
636
695
505
375
540
256
397
509
459
522
208
159
274
178
557
311
163
489
196
564
340
186
99
377
165
402
607
352
670
546
283
523
167
0
600
219
378
595
112
256
51
325
92
542
219
666
372
457
282
287
46
237
370
181
680
14
610
397
203
398
665
85
117
609
424
189
14
516
226
155
531
176
273
604
650
346
75
45
202
184
