50
254
251
52
316
53
28
193
274
396
104
83
92
230
350
69
31
283
355
227
311
308
230
209
332
323
250
5
55
269
242
226
190
69
28
130
299
263
388
350
219
109
57
349
306
193
156
24
235
176
148
118
77
135
127
185
362
205
275
99
81
349
227
262
307
142
45
151
194
144
112
158
342
21
58
109
9
10
144
171
242
321
343
395
255
77
335
318
59
24
207
177
79
196
171
100
373
300
82
297
375
359
4
85
326
201
369
278
71
21
268
337
183
258
351
135
143
89
392
163
339
24
289
323
213
375
78
240
135
149
335
203
189
301
388
86
304
155
368
45
142
164
167
399
335
87
241
221
371
95
240
237
343
66
94
155
359
121
176
125
237
299
87
289
103
56
37
6
55
96
92
132
4
334
130
57
125
212
225
336
62
52
315
288
139
87
26
238
153
158
293
96
108
372
63
208
251
140
250
185
0
283
313
273
123
356
339
194
278
285
3
150
179
299
379
271
2
238
185
241
127
59
306
109
200
34
219
26
188
347
279
354
46
162
299
6
25
252
333
271
13
229
298
146
40
184
182
239
273
138
334
103
205
339
42
359
68
122
223
5
157
92
193
390
118
40
293
329
176
26
340
308
231
226
395
297
304
0
383
356
331
207
143
4
199
75
386
51
85
144
79
292
212
0
315
360
91
353
108
29
390
385
236
116
232
22
186
93
15
166
379
241
148
336
350
284
209
6
252
213
126
56
14
219
196
93
137
77
114
64
196
358
286
37
74
356
243
263
203
164
40
143
285
267
210
371
368
67
224
248
318
80
83
342
49
366
225
183
335
41
383
106
81
345
123
315
385
232
76
343
161
336
209
334
361
86
118
74
280
381
166
182
316
313
26
205
300
369
399
289
306
240
85
20
358
360
35
134
246
3
