193
273
309
25
438
127
410
218
522
410
107
292
90
300
427
580
146
580
507
327
689
101
356
688
48
499
55
106
547
70
348
538
699
207
89
463
223
583
317
635
454
662
297
173
416
329
313
1
649
464
72
356
221
271
599
463
52
505
417
147
693
202
397
33
180
38
648
504
239
119
162
500
535
484
243
643
135
400
535
547
85
430
687
519
160
203
26
370
251
466
565
550
36
253
64
615
485
248
547
237
7
575
640
152
349
306
402
581
530
260
167
106
142
410
43
178
271
181
481
428
252
607
520
268
623
67
219
68
244
683
429
488
646
228
189
20
202
353
473
444
667
614
694
546
197
316
452
83
346
150
256
232
330
674
236
124
655
650
375
83
303
402
450
364
410
286
207
620
479
525
280
94
322
250
652
642
600
36
67
374
160
477
483
533
192
680
100
666
375
259
468
98
164
72
99
110
388
12
523
415
677
599
200
513
341
303
557
203
617
330
311
217
299
331
402
556
123
141
85
279
421
549
62
355
269
339
692
236
687
127
26
691
175
365
633
448
206
365
237
341
339
167
416
94
24
80
241
261
156
246
565
602
642
649
524
547
5
18
152
85
468
434
42
370
549
392
382
504
541
25
423
180
294
193
411
288
558
543
519
263
500
653
688
435
429
510
240
345
241
161
271
177
159
94
136
341
339
45
411
191
236
43
65
120
11
1
8
20
11
637
474
464
609
596
405
174
504
126
585
199
679
215
469
357
424
99
0
288
697
202
24
383
45
406
150
532
636
524
250
424
180
605
604
350
357
209
228
272
320
685
190
31
609
178
107
396
26
111
517
278
572
441
126
248
304
243
541
257
91
676
421
626
340
599
174
626
539
290
70
124
428
332
521
306
257
73
113
58
277
649
121
245
62
272
337
344
250
641
283
239
218
290
486
670
100
193
661
580
487
61
374
142
201
666
40
632
1
100
682
583
531
535
271
235
433
49
599
573
63
377
353
418
567
127
308
586
304
448
591
155
530
672
476
695
75
256
148
88
120
515
486
368
374
185
18
109
276
358
299
18
287
270
349
89
121
593
507
208
147
18
625
16
186
645
505
637
237
286
137
148
658
442
413
252
54
472
304
34
595
597
102
624
441
329
528
497
605
378
432
195
350
647
239
167
25
134
20
110
309
503
231
218
491
41
205
291
61
232
43
400
442
81
186
562
218
225
58
578
53
452
78
36
473
247
144
580
46
598
622
126
396
179
554
619
244
388
623
54
237
616
581
29
318
585
671
347
50
411
35
384
651
685
558
517
3
644
362
655
385
104
62
271
41
603
666
39
304
595
685
655
247
477
288
630
413
379
476
142
60
570
15
123
565
211
387
68
41
593
132
199
342
250
185
299
662
75
627
481
250
130
698
489
518
178
389
83
137
366
577
88
673
111
461
518
77
92
213
529
83
648
569
642
217
695
254
345
663
110
496
426
20
657
539
513
607
275
20
208
333
46
238
299
264
225
51
34
502
599
657
34
84
65
671
305
646
235
153
622
310
225
147
46
45
53
515
409
21
650
17
84
361
170
320
134
130
317
291
327
276
603
98
233
641
61
168
235
518
313
599
289
