167
66
103
67
143
60
70
79
31
91
158
29
130
101
9
175
20
28
190
26
27
105
142
98
169
142
118
12
55
28
110
67
7
19
125
81
150
152
110
79
92
192
179
137
18
67
164
16
158
84
188
59
166
13
9
104
103
127
142
3
80
182
30
145
176
131
151
103
25
76
25
115
55
158
66
164
105
194
135
78
147
190
128
53
149
82
113
179
12
122
65
156
163
140
153
38
46
47
107
143
146
124
35
134
172
192
190
100
165
151
94
3
190
189
72
44
174
29
67
31
61
53
20
51
180
152
50
30
68
75
139
46
55
60
9
53
158
11
45
67
144
13
174
181
156
53
94
44
36
115
66
49
70
25
11
35
151
152
134
107
102
154
116
7
43
136
102
131
186
19
154
14
56
71
106
71
97
44
159
24
11
6
138
123
66
197
66
194
121
7
143
195
34
56
194
71
90
123
119
84
