1667
911
703
379
1472
1852
1764
1185
1801
701
77
1829
677
1399
700
1695
696
1065
644
1486
1200
878
320
570
1343
879
432
773
911
1110
1360
832
791
1598
951
1049
489
1046
1161
385
1125
900
1449
748
1181
1334
1135
450
1254
1827
1986
946
1576
1504
1874
1558
578
1375
372
738
1437
466
187
630
587
1597
1823
1539
1004
1914
1293
234
1565
101
1403
176
45
1848
1606
1038
589
321
1290
564
1796
750
1581
1102
1276
219
552
1662
1629
915
483
1817
499
1874
1820
702
638
1851
196
144
1574
85
1302
1013
473
816
1861
536
867
1718
1217
1977
889
1340
677
435
450
1479
1376
942
1026
1836
1886
859
1139
432
850
1437
1651
1886
754
1063
1429
55
1279
1712
516
435
896
707
923
693
746
339
490
237
62
1228
1734
599
943
69
1648
977
686
1537
736
1338
500
1236
686
806
843
611
1436
1182
857
1956
435
1764
1242
1397
169
196
521
168
1836
1910
924
1612
1870
1999
1257
1335
253
151
1112
127
717
806
1734
200
52
1480
882
55
1857
0
1209
1957
1834
1736
409
384
1617
1350
643
619
739
218
1682
1782
1933
788
643
1768
1387
1250
96
1848
1326
615
1597
1148
1320
1767
45
584
135
1663
881
728
1564
1282
1071
233
536
1262
268
721
258
286
966
1583
1367
424
176
1549
238
1109
170
1458
1671
1169
620
484
591
696
335
1770
898
881
1512
912
94
279
1842
548
112
322
1879
29
190
773
314
715
416
1328
196
825
875
821
442
1679
1212
488
1607
1988
413
1455
1787
33
327
1657
655
1169
1364
1963
900
1572
399
101
664
307
475
3
100
1149
1821
496
1316
192
278
117
1459
724
625
367
1347
1953
326
1647
1910
240
1880
235
1421
1135
753
1345
906
846
24
635
339
1335
1900
1790
230
187
800
412
1267
1927
1763
90
507
245
106
348
643
1710
1933
140
1765
605
395
490
403
751
874
381
1368
1207
1775
1016
61
910
134
1240
181
1831
1951
1321
246
992
1957
1223
676
1781
1052
1442
812
559
1063
460
634
1178
1539
1836
1015
276
1731
565
1346
1488
8
176
970
43
461
1893
293
1622
541
89
1984
225
705
97
1428
1641
938
613
1425
457
1767
544
282
1180
1044
1796
1692
1506
575
1322
204
1280
520
1111
412
1874
324
26
858
620
254
1841
134
334
283
956
1277
165
56
665
1238
494
1282
926
153
1686
242
1798
1031
733
483
1602
1514
378
241
1057
618
135
448
1226
824
492
1446
1366
1323
1737
838
1931
676
237
970
994
1888
1860
1644
1402
395
798
1969
1766
1451
1498
274
801
1488
1937
921
754
1637
159
949
602
419
1515
1497
698
1523
280
1735
1778
558
181
68
100
1715
351
1688
1879
643
1702
1941
1800
381
1660
1394
634
1969
1626
403
14
1683
1901
1430
798
1022
1085
1916
243
35
1359
993
1990
477
1088
1835
1091
353
769
299
186
1335
147
1331
1488
191
632
837
2
67
585
1539
1433
1256
1157
664
1161
1791
566
1649
1011
782
1936
1466
811
182
1587
1569
467
48
1600
1785
422
793
1881
574
418
840
96
911
796
1176
1921
1629
887
86
1500
1422
495
1065
1818
1742
1584
1800
497
1699
52
668
1506
476
489
548
368
1814
1200
479
1611
1434
1026
202
538
357
589
1701
423
1269
1692
340
1237
1725
725
511
764
550
412
998
885
1171
1109
549
865
1551
231
368
1171
181
1371
1419
398
1131
1124
1577
201
523
488
575
512
431
1196
739
612
537
1903
534
882
61
1085
332
1264
572
707
1892
4
894
114
712
79
250
828
1059
934
1189
1580
537
1618
1605
706
8
237
656
1868
1321
1325
102
16
1363
1022
1256
1173
1900
487
579
562
445
910
1709
878
1505
1751
523
1015
1977
183
1644
734
831
456
70
351
1509
1749
1771
1742
42
533
1559
493
808
1268
681
1562
1757
173
731
1125
387
628
1728
975
94
511
1578
1695
1378
1797
1621
94
1743
47
371
1522
1370
1339
836
1143
1305
927
1201
153
762
1834
182
895
1984
790
1386
1233
523
1994
140
1354
180
652
1627
1432
818
1187
322
288
859
475
79
95
1419
898
95
1467
1882
591
711
617
957
1410
1265
151
1435
1910
481
1145
1946
1731
1123
881
822
1185
724
791
573
1543
1689
536
778
49
1199
1755
59
831
1616
111
161
1642
1455
752
517
1137
384
808
1905
2
1271
546
546
821
651
1641
1448
530
1351
1727
1655
979
413
731
141
35
71
954
1296
854
1291
1477
195
178
874
1523
1605
619
726
1365
1335
861
142
511
536
1298
1431
1111
1279
1651
1432
518
1299
43
82
1387
1450
376
1098
287
1677
1898
709
707
1668
894
1167
693
1795
148
1879
50
432
523
363
1157
1632
15
987
781
414
425
77
173
103
5
220
1501
501
1361
1661
1630
1701
1425
1905
1723
903
527
1008
171
66
495
1992
818
1505
353
1553
663
430
16
12
609
505
1047
1032
282
502
899
1216
1686
464
1700
148
1916
797
1725
1523
1299
368
331
1682
152
1061
1986
635
491
13
242
1669
442
1318
760
1964
1685
149
1601
525
913
675
602
737
1448
82
676
1987
333
1338
579
559
1549
292
1381
600
1073
1906
655
870
816
1736
706
1195
1921
1004
1837
1
1071
1046
1740
1169
1013
147
718
1794
456
844
1621
93
148
1534
663
569
687
1942
1489
1351
841
107
42
124
1669
1607
853
774
65
1043
705
221
1217
639
875
360
987
1035
787
537
1947
1700
1964
1094
1846
302
604
1349
203
1018
1539
1379
341
373
1609
993
1902
1214
1952
347
1918
1393
985
1286
1425
1172
1650
1814
582
1709
605
1337
1523
1102
939
1012
1126
654
439
488
71
1541
848
1823
1161
1220
1134
489
607
319
870
1502
587
1384
776
1775
1185
873
518
526
267
1278
1087
1830
934
1052
345
1785
1033
1186
1420
1092
1909
75
651
417
1944
1436
910
1800
1564
240
59
498
252
1710
1172
861
391
259
1481
757
1901
1074
558
1269
54
725
1783
553
1186
1374
927
1279
1579
334
728
1594
615
97
397
979
217
757
116
620
1799
1605
207
1650
1654
1862
1761
383
1489
1661
158
1640
1497
1722
715
1418
1846
390
1268
1244
1148
20
396
1073
1929
679
319
12
666
1824
180
1328
989
1986
894
1267
1729
133
514
735
762
1554
1026
213
1313
1633
1352
318
24
1597
1694
447
59
1313
282
824
546
1426
1800
825
595
952
1967
1441
1860
1769
341
1013
1054
660
1582
1754
1069
999
496
975
788
622
946
1801
893
105
1954
1324
606
664
934
1331
967
517
363
845
1624
1470
345
884
304
1806
472
667
1680
1672
955
1219
814
271
650
1610
1973
436
1277
321
1721
940
1300
760
1432
365
1397
1896
620
1030
1677
1260
1245
1432
1671
1405
868
821
1370
169
27
500
1676
703
1775
925
821
74
1847
1991
1646
712
271
156
552
901
1341
821
25
457
1236
567
1330
1194
1367
1754
892
1151
1749
370
816
627
738
924
1909
1954
1223
983
228
1891
1040
1708
1192
498
1027
1387
1154
217
1953
963
1976
170
84
1870
1421
572
552
263
1004
335
406
1225
1262
1277
651
1941
1771
0
200
1407
317
570
1523
1494
240
1493
1066
1102
933
1303
1143
172
1062
1265
543
1741
1412
1140
1333
1123
1628
993
668
413
296
604
1513
242
1665
924
71
1706
1234
1570
1699
1481
1208
1699
1976
841
502
1987
1445
947
613
128
1482
1417
377
1240
1586
755
1822
72
1994
1812
1137
1171
816
1288
315
1419
1367
1644
1896
1150
582
1338
550
976
1312
960
585
1073
526
1548
139
1899
88
790
465
843
1908
650
136
1897
1045
1392
1326
853
436
1274
1726
768
1356
1369
67
180
1711
1645
1661
65
694
663
706
198
1686
796
1691
1480
334
184
463
1521
589
1628
1246
88
112
1543
1555
1192
681
1804
1485
736
1323
1301
855
1895
1106
68
706
1498
608
1778
1620
804
673
1318
730
633
1360
1875
1977
1982
1298
174
770
1448
1392
875
1172
847
739
1811
572
815
1400
788
631
604
723
1253
472
1743
1727
1636
52
49
867
591
1995
1490
1729
219
1953
406
360
1492
1978
942
1177
1345
533
1599
54
1011
1935
800
1222
522
312
469
422
100
547
531
954
883
1174
1472
544
90
1634
1112
69
932
60
478
1089
1360
1722
1949
126
1197
1897
1898
934
1422
1979
1785
1434
667
174
1592
255
1460
359
1899
1026
1794
558
133
1100
1403
1523
319
1121
1457
750
1033
1971
1881
20
186
387
291
245
518
1143
1722
579
699
903
154
157
1575
322
1577
1705
986
494
228
1184
388
1004
567
306
283
521
360
187
1642
0
720
302
905
221
1143
45
213
1725
715
843
941
1122
1693
632
392
1779
648
28
1142
559
1742
1903
1313
354
1137
276
1871
1456
1691
1862
167
222
971
1163
1886
1472
1149
1461
765
813
820
919
1713
1278
1830
1845
1326
822
1252
1892
1024
1932
869
256
768
1043
894
508
1920
186
32
4
243
911
1197
79
1932
415
1016
529
289
313
1145
380
1563
1328
602
1702
861
527
834
1557
1775
1719
1723
871
1222
1539
689
1007
1201
1197
1209
1449
1091
1529
1979
879
1048
1231
606
292
1797
1990
1519
1357
1713
1148
365
1520
874
610
997
1396
1829
1748
1781
680
454
1142
1278
1696
1320
26
395
9
1017
799
72
334
117
1203
737
1315
734
1368
809
1423
389
869
916
598
727
451
33
1412
1447
1752
167
1238
372
1217
1722
67
247
1511
826
360
1611
1316
105
288
1320
176
887
1634
1646
1268
204
996
1067
111
1665
750
1658
1926
1323
1897
888
678
517
823
356
22
1752
1436
1954
56
250
73
1963
1230
1665
73
293
345
610
549
1243
1628
1371
498
1497
639
120
10
1654
208
1782
1656
1709
51
114
1853
1770
154
893
1039
110
832
351
1169
415
912
1220
1518
192
419
1447
95
232
21
986
1660
385
1913
1295
63
159
835
1366
196
1594
1571
1844
1500
1002
1362
1788
497
1391
1844
141
1700
1034
829
1655
1666
1980
689
426
1765
1545
1636
1790
247
1575
64
473
385
441
884
976
545
1011
57
1710
1050
1209
320
1802
117
1208
919
1847
1430
1265
875
413
1257
1326
488
1472
315
994
1243
1658
1045
1889
472
1978
1859
968
1223
120
1443
107
986
579
1017
458
1193
1417
272
479
382
1251
1674
1254
1949
1723
1624
1833
667
1466
1189
311
864
1906
1324
1041
1526
1173
1355
1265
1809
625
1455
727
1017
792
799
1057
1506
1152
1796
85
189
1923
1941
1519
1127
20
1586
1474
927
1039
1367
973
1541
1963
1856
1579
702
1520
827
1014
1716
1759
1048
1370
1466
402
301
