6406
539
1197
2929
12
3400
1172
5047
4926
4693
6395
6255
6096
2027
1075
4960
5994
4627
4263
2908
2737
1226
1649
6863
3591
2967
3258
1726
2322
5757
3056
1746
786
2360
4025
4032
6756
3766
3854
2750
1620
243
2035
3804
3767
5840
3171
2844
5702
514
2577
4935
3310
2851
6521
5190
3669
3079
4740
3434
1679
2028
1562
2288
4782
990
6050
5084
1512
4519
2389
4761
5954
2872
6377
467
731
3847
5786
5369
6875
5325
5538
5162
4410
6137
1848
6939
5773
4206
4887
3658
6971
4495
813
1082
2925
4803
5884
6763
1164
1456
6526
4397
3509
6232
2057
841
3535
4986
6962
6372
965
3207
381
4281
4559
683
771
3098
3171
5971
6596
5059
3729
2721
820
6787
5644
5320
2090
343
6076
486
2883
1805
5264
1254
6134
6234
6040
4559
6520
3736
1569
501
3991
1824
1754
2162
2156
3288
6268
4176
3810
464
2838
621
3123
239
5661
3980
2809
6117
3363
2924
3041
1413
135
5815
3276
4770
1362
6273
5296
1522
2898
6675
5540
6330
4871
5883
5048
3192
5642
6298
4554
5831
2638
5697
813
2443
1942
5633
2460
2833
78
4414
917
2626
1382
2607
424
1908
5409
1476
4702
6213
1876
788
5655
5269
3898
1691
372
910
2339
3484
4867
1419
4293
841
5624
2226
6155
844
3184
4431
6001
3800
2601
1463
3474
1377
3238
486
4313
637
3855
5837
2611
493
292
1883
3334
1508
2234
3111
875
5483
6391
5104
2558
1175
6607
4921
1846
2336
4304
1507
1512
1974
1067
969
1990
122
137
2058
4453
4598
5909
4895
4844
4562
1545
2722
232
5828
1616
5566
4212
3507
3202
2257
2758
769
3526
2187
973
3066
3233
5793
4143
3101
6869
579
4758
5366
1126
5062
4490
1605
965
4878
6546
1247
6743
2460
3644
5358
4304
2264
6092
376
5497
4355
865
969
4193
1380
4899
2262
2231
997
1785
2983
4605
6185
4439
6448
6448
3092
356
1525
6236
5599
6777
759
148
1518
3062
4094
6736
5608
1215
5117
6967
3323
5491
1837
6460
4065
5229
3031
3533
1955
467
4218
1701
48
4396
4365
2788
2889
5535
2953
6724
5277
6230
1158
3396
6788
5321
1313
4618
2123
6015
5735
6633
3323
4632
4624
5450
365
1685
3586
4463
2918
2729
2969
1627
6699
2609
3688
6597
6498
246
5279
6523
2324
5564
1434
362
4226
4979
5393
5868
203
1762
3673
1419
5624
4971
3462
5321
1757
6473
1091
5322
6732
4087
640
4545
1215
5986
2671
4616
1017
5454
1107
2379
2889
6359
4749
4251
1020
5374
5988
3864
5247
6483
912
832
2982
2881
5508
5740
3996
2109
6717
6666
2735
872
5523
2205
3143
3844
908
6224
5051
651
4751
6954
6447
3043
2291
2690
3678
2870
5653
3076
3584
6030
4112
1036
3153
4150
1124
4247
1358
955
4085
3842
2852
3681
6175
4994
6191
362
3483
6986
2228
889
1505
978
5859
1085
4234
2108
3636
3041
2248
6523
5461
3752
4276
4676
445
5294
3580
4743
440
4881
2151
5734
1056
6382
46
803
292
2040
3897
6321
3879
1812
2395
2641
3120
6864
5884
4413
378
3825
5265
4328
1855
4412
3169
3500
2118
5428
6246
6094
3733
5506
5182
3468
4069
6139
1974
3950
3481
187
6602
1074
2386
1823
1939
5521
2115
3512
5
4248
4835
1172
276
3577
1532
4534
4659
5031
935
2821
4200
1985
6762
6979
183
3797
4560
3404
4626
902
1323
3758
4674
6152
3736
6903
3740
3104
6286
6082
2851
5961
653
4780
5197
4961
471
3067
1349
1986
5030
2317
6917
4772
2642
4398
3110
3575
588
6756
1102
1767
5869
3469
500
1120
6748
3968
5450
6137
2200
6569
6968
2501
1322
5197
6377
4268
5989
877
2956
496
2749
440
4130
6043
3794
3305
6182
6014
1823
1824
6606
885
35
1780
1661
918
3996
6174
1266
6384
5906
2433
704
3911
2183
4373
5611
6886
57
1090
3212
4318
3170
1242
537
4314
1836
2575
6876
4501
5956
6404
3974
2883
6810
5928
3248
6365
4130
2061
4318
3408
6482
6918
4729
1461
1056
4742
3167
6218
4976
2030
6104
6959
5351
6422
3864
3302
4991
2677
5180
5569
479
4900
3291
5135
4525
1700
6306
5201
2107
6344
4492
4047
5092
6461
2893
480
5681
3885
6793
3878
3117
1411
5221
4680
4849
2137
1361
329
604
5334
3825
878
6363
1315
4751
5380
2905
740
951
1431
3747
1308
1951
3376
5331
3009
6464
4726
5734
4662
3789
2309
4428
5439
3503
4172
1620
3319
346
6032
482
5254
6672
5590
2750
383
5040
5102
3585
1061
5851
2867
5950
4621
683
423
1859
5318
3999
6451
1651
269
4655
1907
6786
4317
5209
1352
3940
5964
6086
3888
746
3913
1533
5472
3650
3370
1361
4961
4114
82
6553
5200
1912
6566
756
5392
5441
920
5990
5938
3900
3533
6100
5388
5922
2794
1760
2888
6661
6764
1297
4219
3506
6700
3387
4614
6196
3728
3038
4681
5606
5063
1061
6923
2925
1165
2998
5022
2144
5716
4097
1384
1837
4204
1790
3948
3201
6529
5456
1247
1427
2594
4696
4918
2997
1818
4095
996
5200
647
5955
3514
5996
1288
2909
3367
233
4372
4629
2887
780
4181
6803
5200
6305
4164
6299
5671
2618
2198
4052
609
3985
2867
989
6166
2880
2199
852
4031
5074
6753
5029
1936
341
1826
3531
1001
6839
4040
1078
6470
322
6552
5361
5127
1102
4657
2494
4489
537
6365
3513
467
2405
6035
1390
2805
4070
879
383
1123
62
4300
2814
5623
5512
1688
548
1380
4949
4421
2580
5759
5446
31
5566
5880
3550
313
5235
6519
227
442
3338
6441
5442
5606
1102
257
3668
6031
1988
1027
256
2202
1852
6068
5094
326
6531
3285
1357
4502
778
3990
1402
2976
2304
848
4815
5766
3295
5467
203
6122
4461
3318
4051
1551
3201
4308
3013
50
1919
115
1908
1631
330
6417
29
1176
2029
2879
957
4296
1575
4719
3133
2878
1384
5970
2859
4325
564
4066
190
4896
2491
5070
517
1691
5323
4924
2061
6117
4611
6904
2006
41
1004
2011
656
835
190
6575
4767
4368
5876
3750
128
2254
6861
5315
847
1514
1504
6704
5295
881
1427
2390
6909
5766
3744
2044
4017
1994
5301
3670
3497
34
3382
86
2652
5226
3233
6160
6856
15
990
5688
5817
4331
2465
5006
951
6321
2990
769
6170
2655
4391
3850
2557
5780
380
3639
988
5063
5792
3792
835
855
4052
3822
6916
1921
3171
5039
3308
3884
5866
4287
5532
3713
6745
3568
5783
1549
2865
4914
724
648
2500
2397
6922
4792
3716
875
6602
6295
6905
6075
4406
5892
1091
1320
4053
1637
2080
4088
4615
4578
4746
5784
3699
5772
6160
5549
1995
3060
2784
3677
1648
2016
6230
2548
4776
5816
4467
5762
408
6591
6836
3554
3104
501
2262
4806
2618
6177
3971
4750
1469
4220
5252
3727
4620
5608
4819
1504
4095
4632
3340
2959
6795
2993
3016
2434
955
2326
5709
1218
10
4985
5141
2226
3611
509
2480
3589
1327
721
1809
6381
4738
2799
5115
2840
4115
3682
5158
2037
4950
2254
1258
5333
5888
5689
3134
5900
5006
175
4094
4894
2803
5403
2223
5910
3292
3137
5943
5074
1257
4042
5182
962
1378
1862
283
5928
4811
6365
1573
2833
878
1273
1575
2145
1156
1475
1222
989
4647
1950
2642
1314
3799
5929
4263
1203
4039
77
6351
871
2299
230
4469
5761
2697
6463
440
2513
1248
3574
3755
4688
993
2903
461
2577
4521
5452
4890
4242
2297
5721
1101
6714
1290
2085
2648
6932
6832
1765
2906
5850
258
243
2907
1421
5330
2932
1895
3576
4327
2264
6205
4253
1797
66
5754
1543
4254
5286
4519
6678
5055
1594
1052
5593
4065
1765
2919
3574
1091
3317
2413
3349
5849
661
3316
4299
5035
2259
4770
1026
1515
5599
6166
5173
5796
6895
5417
1384
2580
3887
4088
3942
6423
830
873
2749
3944
444
4200
3229
4555
5912
2277
5150
1340
2262
851
4870
5302
1405
6679
505
865
3151
1795
1059
2347
3737
3414
6457
58
858
2
3430
3387
713
4698
185
3978
6823
4678
6740
2606
5195
4637
6255
4800
3764
5533
4443
2920
585
1345
5050
564
4956
3568
3451
3310
6054
4462
3973
201
1564
2785
6041
904
2974
3634
3041
5731
1696
6574
1671
351
5050
425
2022
280
1834
4206
5533
709
6954
5356
1322
6169
4307
5104
195
6681
768
1299
6279
2687
1496
1289
1043
2170
331
5973
4513
3408
237
3452
2003
2913
5577
6317
1509
2665
2213
4105
4249
1369
4019
6812
3387
5722
863
5640
5516
1984
268
2787
3333
6591
5250
6661
1025
3509
5218
1080
4141
5356
3226
6371
3812
81
2627
661
1586
1694
3999
4323
2746
6744
937
566
1843
2574
2629
1564
6101
3343
1510
3409
4425
2014
1694
4769
1607
405
3696
1389
6217
5291
4393
3200
261
3268
2413
2541
5680
2059
1102
4415
2877
2734
5704
5892
2260
3822
5008
3487
752
4370
5066
4769
6753
5799
6857
3907
4888
2686
1681
2202
4841
378
3832
839
4914
4716
2083
634
3858
3029
374
1074
4965
6199
4827
6164
4548
6296
2076
6310
937
5564
3979
5735
1776
4471
6246
1725
3417
1260
2032
106
6225
6140
3162
3827
1728
6430
5033
2678
6446
1679
2033
4536
1591
6695
2176
5657
6174
2288
5581
2597
3853
4403
4566
1631
2826
5969
1593
2619
5373
6242
746
3153
5109
2822
5244
1697
3067
3886
1819
207
1319
5470
2077
293
6574
6145
6025
6839
3245
2505
1567
6647
1847
6473
4911
6373
970
5417
2438
1643
1736
1454
5187
3947
1258
227
1520
5469
1862
1632
6044
5832
6737
5429
4085
356
3487
1219
6043
2074
4679
263
6855
1937
6364
1004
5882
5894
198
3876
5026
1455
968
954
111
5780
3938
3175
2316
2650
1334
4672
3441
1437
4151
6160
6478
2362
4662
1767
4993
1582
1647
4543
1664
4255
1360
3030
4619
6789
5081
1477
40
6211
6430
4724
6858
4864
1370
5567
5371
1101
6966
6921
3798
6043
4015
6628
4834
4746
22
1435
633
520
5168
6340
5799
148
2422
3772
3893
2622
2999
600
764
2141
2865
4366
2927
4428
454
2175
5074
5034
4283
4449
6447
5756
4044
1820
5239
1833
2411
1921
1717
5779
5504
6122
2398
2773
4882
2594
165
6509
2140
82
3971
5111
2899
3733
947
5907
1579
1985
4820
5708
6528
4659
6175
3214
5946
3669
1040
4163
2802
766
5738
6442
4410
5806
6771
4053
1113
5060
1879
1934
6172
3055
5288
6717
3480
1981
3154
3240
3595
4979
5549
6616
3018
1794
6348
6292
6901
4906
6410
140
999
1198
1308
2259
3066
2611
1905
4890
2223
4390
3567
4861
4579
4282
647
2885
1589
1954
5728
4969
635
4865
3281
6417
5765
2683
928
5009
4857
1344
2248
5343
2405
4981
5495
2641
3460
2494
2021
3734
5399
900
6656
191
3725
1719
5509
1577
2349
4832
2937
5138
5688
78
4829
3309
3588
2155
232
4820
5818
6457
4718
3033
5161
2551
5286
5161
5740
6514
4194
2101
6318
2954
4975
678
3582
2514
3404
4613
4701
219
5376
2997
6420
4446
6340
846
4667
3396
1175
4382
4468
676
6592
5613
1582
1391
3062
573
5782
2020
6148
1564
3943
6491
2200
4976
3834
6696
2130
6062
6713
199
3538
4055
357
4638
6482
5496
191
6339
307
1908
267
858
355
6528
3265
1939
1955
4451
6317
3583
6711
271
3463
717
6111
6432
6349
5541
4499
4088
6988
719
4307
1445
1653
5049
5163
6352
6427
4284
1278
2755
1643
5074
1634
2230
6901
2838
809
1637
4631
935
6424
58
4617
3066
6552
346
1619
6628
6329
799
3586
1
486
2578
2929
3587
2076
5218
4244
195
5693
2046
5304
1381
393
1818
3055
75
916
5665
816
361
3474
4568
4626
5688
6622
3003
1328
4337
6058
6478
4168
1975
3425
362
2350
6841
5944
5210
6422
5883
2563
3728
6591
1745
6285
5161
1890
2416
4575
6770
2650
6200
4545
2430
2397
1145
502
6157
6832
2568
3937
4762
4522
3343
4686
113
6759
5847
4428
1675
1988
6386
6790
5959
2170
4121
6632
3687
3491
4951
1967
260
2226
3288
2809
3495
3151
1746
5636
6878
2008
5606
6611
6383
5555
1419
1394
2379
4711
4296
546
6738
2995
1243
6376
31
4086
2562
4760
543
5742
5821
6792
3556
1420
3622
6015
6968
2748
927
3900
1025
642
2375
2354
6728
560
6784
1329
405
6564
528
2000
4642
1614
1897
2190
1274
4727
1551
657
1598
6373
2998
3037
2228
1532
2958
1070
6709
1951
6964
1649
4969
2211
5854
6212
1506
756
2186
2766
2561
160
1723
4361
4296
6970
1946
4516
3453
6498
4005
6389
2344
6631
4718
108
3530
6590
1635
3722
3722
3044
2669
3288
3125
5607
2463
500
5928
459
3301
1943
6421
6873
2286
570
2744
3642
6984
1630
893
889
95
450
3344
5118
497
2671
1513
1230
2689
1792
1522
6680
670
3253
4118
5419
5607
447
1647
1715
6525
4966
4980
3298
5965
5485
4598
4667
5344
575
4277
5833
3905
1795
587
654
851
4683
3285
5609
20
6203
6042
726
1602
1444
2145
2641
1017
1200
915
3717
5142
2832
5450
1191
3458
1561
4045
3688
4094
2317
5945
5527
1800
1277
2493
6684
320
6724
4506
1225
425
4639
4245
52
5887
553
3843
3999
425
27
3496
2888
3763
648
1683
5171
3988
6455
4465
6478
3278
6146
4325
1701
2919
5771
4601
3564
3531
5101
4836
6611
2572
688
2152
3955
3895
2247
5742
2399
5572
1476
1745
3142
3906
5428
3811
964
4180
2180
4792
200
5348
1058
5285
1425
3091
1177
5676
2289
6346
6732
48
5579
6432
1387
519
1889
3632
3603
3376
5590
4301
4080
3498
5219
133
1862
4687
6053
4864
2837
2084
523
668
5683
2974
3773
6983
5987
1362
1640
2391
5379
5960
3390
473
6251
1165
6178
2932
1281
5076
3769
4697
6538
6073
5636
874
2075
5426
1226
4348
5821
5890
2810
6746
4175
210
607
4911
5318
4862
1156
3144
3727
6634
1126
6547
3932
5071
3617
3528
4469
4774
514
4435
1110
5480
4028
27
6175
4992
4183
6490
1793
5821
5290
1057
3891
31
2513
3720
100
6213
6842
6583
3051
2681
3401
6243
2323
65
4075
1800
5994
2443
4439
3104
2009
1404
1192
6725
5557
4053
2088
6969
5836
3874
4599
4655
3395
6896
5633
6653
1260
3
3405
2857
133
5593
3097
229
267
2334
5139
3224
4782
941
6979
6867
461
1632
4572
5644
2771
877
73
1330
3601
3005
116
142
3355
6809
4281
2075
4527
1443
3802
5706
767
5430
1908
3356
5960
1067
5894
2156
659
6986
2617
6856
5849
1065
1555
5172
4891
1684
5502
4539
4351
1041
3213
5548
5534
1934
3287
6181
5595
3946
36
6062
2110
877
5260
4572
4902
6676
1447
832
1918
3805
2071
2316
2918
2363
753
6665
346
5446
4075
4720
4047
6683
55
1675
5858
2940
830
6727
75
5827
1672
593
5438
6064
4223
3538
4242
4612
4459
6184
114
5098
312
5602
1890
6633
5148
1967
1195
1256
340
4628
2575
3711
4254
2480
6033
1485
697
3878
2979
852
2473
1831
4923
4357
671
6177
1319
3488
5789
1927
2085
5573
735
5102
1231
4704
2509
426
5676
6917
3509
5083
3658
5760
1781
3335
2783
5623
2230
4477
2303
2326
2772
3299
5120
551
1266
2917
5713
2604
554
6875
2905
4658
6282
6309
748
6732
3098
4710
5199
5273
6922
74
5141
2179
681
4780
3402
1805
6256
497
244
5688
836
3411
5402
6794
3043
6699
4973
5539
1934
5406
5083
5677
1236
5458
3786
4096
3639
6470
1097
5760
4759
3116
4322
5988
93
3643
2260
6859
1547
4965
4221
5452
614
1769
5525
5458
3629
262
5606
4986
6292
6926
1791
4963
6497
6322
2775
1985
1399
5920
6990
286
2217
2045
471
6158
2022
1760
3882
3813
4914
5085
3367
1359
14
5059
5197
3899
3262
6779
2808
1349
2624
365
3104
6559
6716
216
2878
3563
3423
5846
5842
4983
3522
3714
463
1574
1823
4007
736
1927
1235
1230
1525
5900
3135
5707
1133
5058
6073
1837
2751
343
5967
784
2820
6437
2555
2217
5147
881
5458
2485
1048
6696
4007
3710
2119
6848
2141
4987
6474
3094
3521
5307
3938
4729
2053
6654
3467
889
4289
4584
848
5957
5725
6723
965
6841
5377
3296
1683
4968
277
4185
6693
1396
132
4742
1666
3407
3283
3626
4
4092
48
2777
4821
2631
5838
5657
3289
4806
2004
5873
6334
2059
4365
1778
2255
2791
4378
793
6345
3012
2619
6446
2061
4111
158
6581
3492
3200
4382
1118
6361
3399
348
2139
1071
6685
3355
710
4195
428
3501
2156
3533
5420
4331
689
4600
6475
3674
2329
5713
2776
6841
1176
4852
4357
3583
6840
6729
726
289
2197
246
5258
5905
2086
5934
4733
3202
50
2319
3511
4448
899
681
2389
381
228
6123
98
989
3051
6711
2409
2059
2675
1949
2618
6956
2250
4718
4575
6273
6937
471
3713
3659
3181
6693
4580
1943
6344
6711
3483
4409
6125
1431
2570
2612
2207
4307
4558
5263
2916
1072
3779
6460
1707
3062
6330
2674
3607
2174
6284
5434
5695
1831
6848
2270
3612
65
2677
6005
1870
1217
6989
2164
1387
3378
5854
6854
3157
3069
3941
5140
6951
167
1905
6424
6484
2041
970
3203
1852
5309
6772
5271
4123
4428
4284
4542
1064
3220
5765
241
583
4583
6263
1941
6531
6103
3222
279
1836
3061
3242
5320
5960
3328
2976
2796
1329
1299
2292
2669
588
4119
2785
5044
1369
1296
4583
5199
2124
1564
1304
6846
4118
933
4111
3976
960
2344
3077
3666
5934
1030
3201
4327
2268
6832
6348
4148
3424
1975
2326
3786
5795
5385
3864
6454
4413
6176
1919
1821
1292
788
913
3353
1801
1961
600
1817
3367
4987
6408
956
432
990
1671
5718
1326
6538
2832
5547
5819
1779
867
4104
4982
2966
4221
2465
6179
608
1295
1245
4229
5273
1957
3053
4354
1237
230
6716
2459
2123
5595
3449
3695
567
3086
775
2587
2970
729
5317
2832
761
6023
1241
585
3923
4051
5096
4135
1571
83
6009
1122
1638
4728
2071
5846
4246
2949
4413
1385
3741
522
2235
5557
4870
180
167
886
6108
2682
3711
3113
2470
2966
3027
454
4986
3543
5952
3668
4566
5415
4974
1128
5415
6237
1275
1282
3128
6754
3896
5676
28
2392
6097
919
3054
5795
1330
5627
437
632
1165
2691
1094
1085
5745
4131
3097
3372
2772
3304
2774
2775
6984
2930
6928
6089
2092
6016
1607
6247
1721
3240
6004
1314
1109
4273
3421
5297
3869
2943
888
2759
6650
746
868
5638
2630
2020
2643
1359
6776
2341
6708
5672
6052
2725
1110
1072
2262
4821
518
1450
5956
6298
361
3123
4419
6679
5493
5617
978
2245
5097
6243
5707
3354
294
2167
960
2700
3413
4684
4218
6984
2607
2397
4532
5676
4299
4885
5030
4941
2874
2197
5573
237
5503
2920
1904
6380
1867
1120
3182
2866
2501
6183
2123
2615
94
4643
6962
679
9
5542
2595
1950
3065
1457
933
1203
2502
1533
1399
1572
2231
3438
1169
3414
3331
1365
2120
3630
2931
4880
5558
5161
2151
1800
6815
693
1153
5894
1151
1042
574
546
6858
2857
4240
2858
6196
2279
5808
2740
2167
3445
5537
953
1186
3408
2056
629
5542
2744
4520
4543
1452
1687
5371
6809
3114
3943
1786
2364
4845
6480
205
5156
5729
5046
6358
5995
771
6555
4391
2141
439
6598
4100
6728
5117
2335
3099
4885
5158
6549
3040
4407
6101
6023
3373
895
5681
475
1639
2682
4855
2574
6619
1376
5132
5993
959
6217
5880
316
2662
965
397
2313
2107
1464
1207
4264
5495
4433
5646
6347
2517
2110
2446
4909
4474
582
4456
1812
5674
6322
3601
3271
5933
3073
408
389
4225
5478
6637
797
4185
856
373
1180
3491
4030
2018
3278
4976
3901
5783
2092
4420
3111
3729
2902
4917
3458
4305
453
2624
898
6111
6631
6790
2155
2256
6064
5382
4664
3936
6626
3629
4057
3394
6561
1288
3693
2379
2758
4082
2676
3623
1445
6817
1366
5764
4525
4242
3374
6475
3651
1053
4261
1141
6995
2859
780
1473
1085
3779
170
4843
6504
1357
6093
2289
6069
5934
1361
5079
5603
3130
874
2546
1746
295
3864
2809
6646
4373
1406
4192
4266
4116
751
71
3118
6487
1414
1783
2943
3404
4335
6292
426
6709
1288
6437
6677
4168
1190
3176
6913
2026
6725
2603
5151
3115
2231
5694
5350
1787
5864
6148
4951
1827
964
681
6917
6965
5934
4149
6516
3181
2606
6397
1965
5273
2357
3363
4011
3412
904
3588
6429
5072
3655
2215
992
6289
6561
5678
6792
4455
5926
3012
596
1348
2088
1703
4291
3548
4167
6015
2622
529
4720
5660
1444
6606
6617
1694
5884
1268
2483
6525
2610
1424
1092
5393
4761
77
4177
3556
5625
630
4333
2108
6925
1756
5744
6197
5093
1293
230
1970
843
3366
4634
6852
595
4479
6727
4243
2876
4924
4916
5209
997
189
4098
726
3206
3115
4635
5326
1092
6882
4592
3423
1000
3998
6758
6463
5637
4094
311
3506
5045
702
4401
3840
5855
928
3109
5877
3742
5202
5022
1026
985
6187
5987
4538
2402
5718
6835
975
3766
449
5588
1786
752
3728
672
4313
66
994
2485
5330
169
1277
1439
5230
803
1294
4316
4569
1416
496
6820
5486
5402
6638
4027
4104
1995
4356
4125
4242
2010
830
3117
3960
3841
2108
6825
6639
725
3982
4741
1999
1259
513
234
2105
2300
1540
6019
3755
1941
908
196
3504
2445
6162
3312
1748
1651
4407
3645
397
2140
5990
3174
4190
5950
6127
2893
2989
3164
3780
6331
1228
5919
4532
5589
4645
4581
678
3524
2886
5760
4319
5994
3371
5598
5172
2276
3643
2744
1331
424
5683
2961
1756
3004
3975
3645
1661
456
6791
4611
5114
1978
3342
4665
2748
5676
4677
4586
2824
4092
2574
1423
5072
3760
6637
5191
4999
1579
6192
6300
1830
3177
2248
1996
5932
6419
520
5904
5338
2679
2529
1485
5507
3471
1992
5180
6587
2108
1807
5304
5951
3375
4168
748
882
2923
4497
1782
6752
4283
712
1068
5818
1228
3280
2689
962
1766
2004
148
433
4076
5568
5214
6076
6053
15
1342
3117
5967
2590
1586
2974
4768
4808
6004
944
3616
803
5463
6625
6846
5399
6500
1524
3765
1567
2413
1379
5578
4528
5070
5287
5213
6742
5491
1800
554
6262
5145
4704
5939
1174
2445
2833
1003
729
955
3343
2930
1230
6693
648
2608
1704
4072
5976
4696
3433
740
3193
6811
1935
3600
6456
4965
5376
255
1323
4664
3866
3531
1446
6451
339
4412
3373
1302
2695
5973
4291
2821
2768
2180
6696
502
2424
4300
3202
3953
5690
6113
2795
4004
1198
3559
3960
4880
2179
6990
4105
2603
1830
4982
764
82
5113
4788
1044
2411
2919
4150
5431
4797
6124
1169
2478
1948
2066
4740
3301
5285
5558
544
4490
370
496
3214
3930
5290
4321
6045
5583
232
4703
4023
3062
3175
6268
5488
1412
855
2165
6586
3217
2846
3470
2015
3197
3574
2171
4612
3214
1254
3361
2413
2020
2112
1042
5635
4932
5575
3823
4504
1496
5011
5041
6915
3999
2051
5448
780
4057
6773
1396
5141
5291
612
4442
450
2777
6175
3670
4423
5729
4730
3191
3477
3196
28
1656
5305
3568
4884
3698
5601
1872
888
3671
2876
565
91
6345
2549
4349
4378
1201
6842
3410
700
772
2559
3118
4092
6088
3387
2058
6468
2940
4740
3734
2968
6845
1772
6059
1708
4340
5415
5956
146
5269
5399
5978
5124
3987
5166
1982
1778
759
407
4018
1577
4544
1146
1321
5232
2724
3594
1301
6056
1412
4477
991
4064
1173
319
1976
3746
5515
5019
2126
4294
6552
5975
1043
3776
3074
6243
6888
5288
1939
4990
1542
6719
5418
2221
5533
5217
663
3649
957
6971
6339
2644
4002
4297
1837
1264
3725
6740
753
4515
1596
279
4796
3786
1220
1573
1891
1809
445
2705
640
5829
3868
5778
5070
6182
6118
6352
4020
2861
4903
4031
2533
1509
1131
3455
2233
681
5236
2701
5700
3058
42
267
4084
579
1312
3454
152
3307
4379
3121
5211
5406
1470
3566
4080
4865
4392
3788
3296
4144
6247
6098
3054
2430
5558
4734
1676
3407
5466
2130
2815
3277
6122
2851
2348
382
4653
4800
4782
4614
1645
3588
1816
4086
6321
5359
6260
1009
5200
4015
5910
6303
4409
4054
2995
3016
2192
1857
6523
6414
2755
2965
4205
2583
6826
670
3378
5998
4069
1005
4385
581
3415
1733
6466
6401
1920
6498
2670
1234
833
5622
3027
3542
3728
1665
6630
4817
5716
653
4681
5810
4986
5116
6804
3629
5573
6686
3559
1224
5349
2082
6534
5357
3054
872
821
6563
1873
4529
6370
4369
4495
1804
1787
1961
6186
3438
6764
964
6246
2909
3283
2215
6260
6145
391
5786
3568
504
2
4017
5136
2996
4399
769
1261
6779
3838
2280
870
4482
4621
2825
3039
183
65
4323
225
3882
4514
3278
6643
5758
5692
4225
1310
6410
777
4050
3966
2135
4036
3971
4508
838
6961
2541
2600
2944
5241
6332
2812
904
5705
4679
852
3080
2233
3290
3465
4711
578
5818
3429
4212
3617
3380
5593
466
192
746
2811
5440
4396
5755
1203
276
2913
4926
1267
6035
4193
4731
6407
695
5667
4670
2890
6054
4504
2513
3520
2987
5585
5876
2794
2227
5429
5684
5676
54
895
3469
4859
247
1235
1501
5426
4546
4025
2111
299
722
6090
4769
6242
3988
2560
3330
1269
1715
1978
2123
6624
2480
6404
3601
6886
6102
6365
3220
2874
4000
442
72
1394
2272
2312
6205
1949
5124
270
1749
6779
3870
3665
1649
6579
5761
2306
3792
6186
3140
4626
3565
1391
5044
709
1540
556
3522
6284
4026
1758
3869
6437
6534
1117
4662
6765
2031
3895
5183
1405
2315
3911
6414
3986
6065
92
2044
1134
6779
4156
1996
6869
3412
487
3266
5506
3450
3567
5338
4887
1112
2061
474
3507
2395
319
6973
6110
5975
5901
1429
1656
3829
2780
516
6288
3411
970
6071
1809
6168
119
1312
2790
5394
4252
3646
325
2614
2550
4123
3802
1635
4491
314
3306
2444
4061
5491
80
6136
1348
5028
2877
1704
1341
3773
2056
6484
3792
3752
5301
1842
4088
372
4705
4956
4020
1485
6140
4613
1002
5873
4111
2976
5947
4161
3789
5188
6298
1386
6022
1296
1685
5959
2039
1471
214
5829
1413
2168
5652
1962
4095
3653
4786
5435
4260
726
833
3697
6066
5362
513
2703
4885
1905
706
1291
6928
5880
2290
3334
5206
97
3487
1810
4657
175
6115
3783
228
1827
6280
3850
5988
846
1537
4698
632
5564
4464
2400
442
9
2214
6010
5846
2315
6949
4676
183
5323
3089
2749
6977
3593
6405
5953
2561
179
6569
5792
2288
3649
6713
3746
5222
6768
3665
3133
2868
4306
3941
5125
5690
6695
3021
3790
3863
2498
4846
2529
5870
1121
3419
1745
69
6042
4202
6449
4066
2327
2075
6740
4318
622
147
5960
771
2456
4511
6047
2258
3420
1612
1988
5540
463
4723
183
2651
465
3865
2636
2345
3471
2341
3502
1334
1017
6827
1388
6367
1240
6909
582
6177
166
4089
3766
3190
4505
4126
1989
6070
5781
5664
6897
6470
1093
6891
6416
2870
2286
6116
3275
1620
6153
6434
5418
3343
2170
3020
2376
2934
5553
4268
6763
5846
4821
2409
2522
1786
3056
5642
5427
461
363
6350
6768
675
1086
2233
2157
2973
2108
2609
2985
4092
6841
6695
5351
5237
5545
5424
2632
5762
2983
395
1062
1057
6110
1325
5255
1901
232
5264
6252
82
6264
906
669
2599
270
2490
1900
6740
6438
4621
3146
2627
6845
1134
2721
1843
1370
1605
2344
5390
4053
5814
1460
1245
3407
1538
4337
1498
4581
6819
2525
6634
730
472
2789
1894
2391
4160
3583
142
986
324
3067
1486
4345
2445
590
3821
1929
6493
4884
264
6999
137
3377
4150
2674
116
917
36
4323
5343
4746
761
267
3411
3459
6395
855
5201
4786
1856
530
1753
350
1361
4704
368
6176
953
6914
1629
6328
3963
1802
1625
6745
1849
5213
1406
1669
2081
2544
6392
1902
3130
6456
393
2227
772
3442
3553
2203
5733
3707
3050
240
5304
6510
1825
2291
2041
5672
424
4657
891
3225
2081
2751
618
3522
1709
6607
4004
5653
6811
454
4265
5917
1292
6169
1244
2651
3506
3988
4866
754
6145
1302
424
6760
414
1397
6609
3009
796
1865
1668
3801
3093
2840
5340
6518
3789
317
1721
5688
1579
3150
5563
5798
5137
1305
6863
1494
3330
5153
4091
2881
667
2371
3411
3529
1898
1511
5158
2807
5539
3446
6682
2173
6906
2423
3747
6037
218
2741
4227
5932
6044
609
764
3479
1707
6551
4681
6672
1140
4599
1714
2965
3532
1731
486
2845
1577
1104
6379
6504
2538
371
3697
6810
43
2921
148
875
5488
5899
3464
78
6602
3964
5791
3908
4528
2776
2774
5676
3789
1834
3758
1386
2623
6970
6990
345
5552
4946
4581
2102
3829
6332
3973
6299
5268
6922
5283
6764
1138
6097
2571
5489
2818
2098
5217
2744
4274
3798
1746
1335
4240
3926
233
3659
1585
2821
3221
3072
450
594
5087
4374
1920
301
1386
5068
6537
6781
1131
3939
6653
4388
1992
6690
511
2888
4037
6729
3702
5143
2793
3044
1313
6086
4583
3390
871
4214
6393
4119
5275
1316
1590
6900
5782
2475
524
4114
6231
1767
3737
6294
189
2801
6507
1380
2062
5674
2312
6618
3272
6622
4951
4679
1916
1415
6349
5494
2898
3379
4068
817
4736
2515
4662
6660
5452
5408
1263
616
4953
4868
6392
1528
2142
6282
5056
3971
849
6452
5693
3046
3771
79
2200
3197
1701
6645
5919
3150
2657
4799
3660
6251
5379
3844
5754
6506
5894
3538
1431
4266
5387
1328
5133
3420
4772
3957
1011
2580
1094
4297
425
3498
6933
2783
2105
2969
6097
2211
6392
4492
5638
4917
1691
1784
5930
1570
5231
2962
824
5020
2304
6837
1721
1662
3539
4808
2610
557
6720
1610
2296
1734
1327
5611
512
1288
2308
5752
6115
326
308
4498
6991
2004
431
6260
4545
466
6720
6959
5205
66
783
4588
1648
1938
6959
3142
1165
3703
6963
1145
372
3110
3324
4931
4361
5288
6158
1149
408
6561
4881
5685
470
3349
3514
1460
3322
1064
3609
6959
4243
2416
6158
5140
819
6186
1333
1291
6281
61
2272
6510
6925
6734
5956
1311
2204
4169
5651
1540
4819
6714
5808
4057
255
2853
5586
5635
6219
5488
2807
188
6452
2082
2690
4888
1414
3936
2032
3163
866
4468
2811
2061
1791
1258
5953
3459
4404
449
1799
5618
6592
5898
6359
5498
5920
6073
3114
3302
6847
3189
4702
5436
6989
1637
1111
253
3038
4968
6708
6146
91
6353
6585
5848
198
470
1874
2419
2494
2675
5559
147
5595
3632
2442
1372
499
1060
6797
1352
691
6668
5625
553
1129
2180
362
5990
2726
5360
3214
1612
313
103
4444
926
606
3445
2369
1858
398
4204
3533
809
6624
3366
2012
6915
1829
2962
2873
3477
3674
688
6277
4216
3934
4738
3253
2151
1706
4674
6010
4773
6464
5810
6313
6168
3460
1052
6402
4046
1360
2798
1110
1690
1484
5489
2458
1891
3578
4119
585
5730
2256
5998
1597
5582
6358
4109
4422
5589
2551
6106
2163
2361
6700
2366
2084
5388
5972
5814
2051
3818
2512
5343
2743
5842
6202
6780
1912
2336
3598
6623
6793
6114
2769
6970
2894
3773
2622
1720
615
4643
967
2886
6429
6475
2633
1343
674
2910
2168
4016
3653
105
201
5841
2882
5540
5911
6981
2960
6565
4268
5966
3692
4482
4521
4911
940
5745
770
1288
3157
3062
6576
4752
573
329
2522
6170
341
2896
3622
1742
6902
2584
6368
2066
5245
5220
1029
2333
1865
568
3106
1153
1432
5869
3661
1890
97
984
6853
3255
101
3529
4790
4916
1823
2269
3644
5385
2170
5033
5089
5635
4986
4996
4921
2901
4490
2807
6890
1371
4229
2067
3234
6602
4728
2207
1400
1639
2124
149
1013
563
4553
5072
2915
1287
1750
517
3267
6898
222
10
2237
6596
3444
5231
3160
6982
3231
664
2185
6673
2896
3916
488
2927
5192
4405
1943
4154
6519
5516
3348
1199
1807
1192
6773
5469
5919
491
3155
2080
2547
5017
6119
3957
5657
1742
2200
6090
6398
6347
2447
2796
3879
2509
4962
2627
3252
394
1533
4894
3678
5648
759
5542
3826
572
3775
658
2973
6244
5791
935
6359
3682
5305
241
2340
5125
5503
5427
6293
4333
1943
5135
4102
6883
2474
4530
3376
4787
5798
6215
302
3455
3505
86
3477
6697
4222
1569
3661
3612
2612
3739
2932
4720
1953
6702
1858
6152
6751
5655
5343
6081
1829
2591
4120
5130
4966
337
296
2907
3214
5403
3363
4715
2272
539
4166
3402
2228
6135
594
2711
1070
6289
4200
687
4419
6381
1358
4963
4669
6161
5895
1836
5845
1648
5769
4198
3743
2722
6648
430
2625
1748
6624
6513
2542
1767
4055
1499
535
5344
593
5729
761
2915
5429
787
5082
4773
4021
5777
3060
5085
1963
2113
4268
1717
2974
6955
3132
6731
3684
1457
6828
6710
2314
622
3000
3424
2918
521
171
623
1229
6246
4217
4759
2705
6729
6850
2240
2482
4472
322
343
5166
221
3165
5491
3651
1340
6736
1486
6624
6671
4802
6535
2348
1196
5074
5592
4446
5479
4050
2185
27
3905
2873
3976
5326
3045
5927
3330
4202
3547
5233
4235
3755
2523
1612
3502
6363
2191
2750
4489
672
6157
1416
4945
3930
2480
3967
3693
4091
2266
4914
3505
2735
3504
350
6738
1418
5106
3965
4616
4289
6325
2870
2109
2952
6215
3045
5617
315
4687
835
6232
560
1190
1832
3352
2722
3766
3077
1650
6056
3013
4606
6764
1252
6541
2964
57
3216
4492
3721
5422
450
3363
5445
6722
6120
3422
5797
1
6558
1823
5795
6453
4037
631
5576
1738
901
4657
2894
5203
5003
6572
6155
6830
1518
5542
3087
2737
4691
5928
2502
1616
3641
6202
5025
3485
5735
6395
4487
4994
2537
916
57
4605
953
4106
5820
5336
2450
999
2703
1893
5791
5884
5971
5203
818
2429
498
5111
6377
6401
1473
1345
1363
100
15
3522
2601
3867
3528
3807
6087
1779
3723
421
6649
6334
3806
5465
4266
6347
5707
2354
6624
6001
5964
1982
1988
727
2587
4829
2469
6259
2340
2654
836
6934
2035
4261
6858
3785
1370
3157
2477
6278
3
2223
2809
5636
3908
2095
620
3920
3656
3952
546
5941
3826
2668
2391
2705
4836
3329
1075
1843
605
6283
991
5020
4745
4482
2350
5681
1811
4992
1958
4698
1230
3161
38
4842
5281
2455
5561
2988
6136
4001
1449
2374
5119
336
5799
1157
866
2998
1447
5925
247
5475
3472
2802
4773
3901
616
1720
206
1507
6951
6171
6368
366
2426
3900
6873
2549
5248
377
1888
1923
3489
5368
4657
4423
3746
2431
6056
776
1708
4667
1511
6251
2213
1060
3698
6507
542
1601
5816
739
1147
3333
1276
386
2082
6997
6017
6940
2763
828
1860
6521
2662
3502
1211
6109
1721
6629
3076
5348
1976
5763
1240
6335
3127
2093
3678
6542
2260
6864
3691
1852
2431
348
1831
770
3539
3809
3740
6865
3438
2065
6152
2120
3436
276
2329
6197
1794
3914
4288
4228
694
2849
1310
1322
5164
4667
2475
2836
4076
5274
4525
4409
3591
2027
3965
1232
5103
6309
2534
3792
550
4468
5407
4194
135
823
6672
596
1
5186
5233
6277
3402
3856
853
4377
696
1280
5781
3720
6363
2195
6986
1583
5790
3504
5690
5554
812
3700
3844
2476
6695
4761
6166
5381
3547
1802
6155
1054
1817
3920
6355
4980
5792
4588
5282
6519
1390
4906
5466
2406
6989
6582
1476
2049
4904
5701
5098
4059
5732
6395
6136
6706
2484
6540
4593
387
468
3305
6486
4031
5871
370
3377
4276
3196
2770
5864
5865
6243
1051
5180
6899
1246
2895
1033
2525
4418
6008
5456
2247
5573
6045
624
2893
5849
3281
2700
6650
3878
113
526
6938
2903
818
4872
921
1994
5189
5043
6035
6443
1176
1305
3657
5858
403
2588
2228
3496
4155
5170
6754
3233
1150
1048
2354
4739
132
5299
821
5406
5734
1853
4107
1035
6181
124
3863
6358
4554
2847
3865
872
1958
4066
3614
469
6165
722
1101
4613
4483
4482
1072
6126
963
6218
1437
6070
2888
6857
5001
1958
4146
2217
2128
5762
1568
4129
6163
2197
2036
5209
6
6265
5791
6238
364
4636
113
77
6834
4702
2581
4804
1766
2031
3599
4572
6394
3701
5643
5619
3280
3163
4907
2430
4315
5238
2165
4651
559
433
5399
372
3759
2696
2384
6192
6937
593
4644
5731
3712
5462
2547
382
2854
959
3702
6073
1636
3445
2375
6685
847
1161
2677
1198
1496
3939
3033
1357
2825
4263
2240
1100
3087
1617
5164
2755
3976
809
4585
2760
1971
5298
282
6282
878
5020
5357
4702
3551
1337
2330
3170
3643
1613
5867
2351
1933
334
5648
6421
3356
3027
2274
678
3403
233
5257
6020
2446
3681
4045
2110
910
2293
6861
1725
6889
4937
2680
2718
4537
5518
6702
2696
6447
5705
177
4404
2844
803
3797
1733
6956
5649
4794
5117
5055
524
2978
6895
6213
5475
803
2083
1878
3588
4066
3387
2715
5217
5010
3157
6756
1911
1040
5473
831
6082
4324
762
889
5389
3838
5345
3509
6470
3002
1101
3414
2205
5898
3663
6099
6180
2991
1354
5006
2850
4516
5040
1264
4274
6135
2439
413
1161
4492
482
6879
5661
3527
6724
1386
6336
2414
3527
5843
868
1689
1082
3726
6984
5487
2234
4338
5377
390
1015
6819
6148
1199
815
1340
543
3227
6816
5639
4775
6878
5375
1603
4772
4895
6310
1585
5569
6296
6985
4483
2336
2721
3873
1608
3755
907
3210
1088
1476
3939
4807
889
4917
1550
3270
3556
3316
1995
2397
5359
118
1202
1875
4128
6661
4991
6300
5802
4844
6282
524
943
175
6710
37
267
5191
4804
1428
4528
2747
699
3253
3771
6794
5798
6199
6643
701
5139
4825
6657
4018
2171
612
4032
5674
1171
2147
3627
5956
206
3236
2565
6987
485
426
3001
2474
132
1836
3950
6128
5785
3861
5286
4263
2692
6014
3380
4574
5006
2369
880
5814
3143
6740
6537
441
48
6637
4957
270
6721
5109
3184
3857
1209
1109
5534
3768
3088
725
5615
4113
3458
4172
5374
1743
5786
3633
6109
1379
1920
6664
3249
2726
5905
2056
4478
4868
6721
4249
2367
1781
6728
4706
1396
5030
5902
961
5832
1988
2732
6012
5477
2544
313
3292
1407
5086
229
3810
6210
5088
3821
4626
3496
2015
6476
6491
1659
1833
5843
3432
1827
6134
437
6505
4661
1156
6129
4834
4081
3811
5004
925
1038
6131
4146
2268
1908
2161
2753
4638
629
2009
5227
4019
6600
6109
2862
2099
4236
3859
4985
6648
5926
5652
2685
1820
999
6161
6269
5980
5038
4616
732
6332
5709
3157
274
173
193
1196
6810
2841
3451
2290
4259
4023
3671
4819
1761
178
2942
1613
4951
1148
6988
324
5356
2280
6767
263
2719
4388
6554
4248
2087
2477
3358
1513
5060
3637
5068
802
5916
3047
2497
3143
131
2331
2270
5581
1642
781
4691
101
802
5224
2496
5209
5389
1832
488
4620
2618
1333
2394
1431
1147
5355
6021
3213
1308
4086
31
927
139
3691
5386
4836
2214
2538
131
2488
2013
5120
2809
2078
6301
6377
3015
4800
4622
5114
5414
3883
5210
6955
5474
816
675
5907
6382
4868
6863
4183
1358
1673
386
6195
6042
3685
1209
2249
6018
176
6462
942
6675
3868
3133
4705
2244
1045
3322
6296
6677
5855
1732
2867
5925
1335
5418
3497
885
2482
665
625
3823
89
3359
2289
3773
1294
2791
2290
6623
2616
1193
2517
3357
826
1709
6294
4852
5675
4908
2887
5633
1294
171
6320
5216
6833
2389
393
2207
6322
2828
6682
5804
198
3836
4098
863
4795
5764
1939
4077
2285
3570
583
2315
4838
817
1692
739
14
3962
2010
6798
4043
1020
1054
3814
5705
4009
1055
2599
514
1775
4613
3577
1873
4871
5833
4316
1153
693
3904
4217
2138
2733
1913
369
3347
2678
6382
1797
4627
3582
4511
1977
5497
4898
6409
2669
60
8
3070
6817
2189
563
54
108
2769
5538
4892
3465
2298
1389
19
743
4300
3701
6839
6460
3253
1952
2536
2029
5390
5053
1960
108
334
1058
6118
6287
294
4367
5379
4753
4823
6206
242
3255
103
6834
5453
1097
387
6825
5298
370
3558
3848
5628
4838
6328
3465
3870
1872
5866
195
3898
2293
6397
55
4768
280
5242
3066
1722
6651
892
75
5660
5190
5674
1371
6001
6080
1648
4604
3448
5471
5645
2672
4405
941
5920
287
3428
4297
51
908
33
1719
6202
581
2779
6749
341
4053
5559
4787
1080
2823
64
1935
1140
6569
5475
3450
2886
211
337
818
3605
890
6342
6452
3529
6998
4175
5693
5775
4236
6969
654
6713
6889
867
2890
4546
4492
621
5678
5679
4621
5394
1284
1881
3520
5457
6883
983
409
282
350
5425
5771
451
2991
6191
6193
810
6008
1055
495
3541
3918
3510
614
3613
5795
950
1762
3529
1046
3005
5802
