2043
3863
4444
2263
4062
5637
5755
3885
3048
2767
1009
2054
861
1993
129
5741
10
4600
5583
5112
1759
29
480
4834
4148
5614
561
4
2284
2562
163
1167
1607
2216
83
5064
2193
1733
248
4048
2904
56
2502
1167
747
5372
463
1613
2461
5657
2729
5725
2169
1591
427
4150
4912
4209
1489
1438
2349
2594
5279
1605
2250
1870
2433
3932
5676
5903
5025
3521
3256
3003
1122
616
3625
5806
5305
5943
5098
5418
28
4910
5405
5655
5970
3121
4846
600
4810
1955
5810
5820
5496
3377
4233
4493
1594
5336
482
5209
4409
4516
3278
4443
5706
1510
4876
3142
5284
3920
2004
4493
1804
384
2367
593
1772
4472
563
4663
4946
5542
5997
3013
180
3797
5975
1930
4946
3438
1801
247
2788
1724
843
4574
5282
331
5736
661
5698
3660
1231
2167
4972
568
339
1159
2154
2398
3411
2066
363
4219
2131
4032
4374
741
1785
1110
5228
4084
3284
684
726
2461
4837
1414
2558
5037
3986
2305
1961
4510
1024
28
4337
5673
5374
4112
1601
5496
2049
5277
1642
3942
5513
5986
5171
5494
4754
4168
3309
1341
5654
5052
1428
5309
2768
3048
3665
63
5804
701
3068
1723
5770
2895
4639
2167
3282
5453
2646
5578
1857
1851
4003
220
3441
4190
1870
5228
5687
2867
3577
3501
5909
1324
3617
3086
4944
3592
3872
3349
4268
1390
4480
1559
3491
5222
42
2886
1908
2212
604
2311
872
5586
361
3839
3856
2696
3387
2010
5899
955
3316
712
1284
2927
1825
2917
3735
5994
847
2403
180
2231
5512
1461
3164
5844
5206
986
2136
1497
5112
2341
2298
3892
1906
3237
1707
2325
2846
4614
1939
4947
3057
4291
407
4954
1337
5669
5868
434
2
3549
4025
2989
4008
2202
2891
3612
134
3784
3699
1374
4749
4693
1322
1335
720
273
3812
4857
5084
2257
3586
1185
1381
3312
865
1216
300
35
3441
2628
4685
1511
5776
2931
2356
5210
244
2676
3215
5138
3255
3738
5519
910
2156
4205
4888
3127
4385
3542
632
5874
2013
2967
820
3829
3960
3733
3438
3155
330
788
1987
5718
651
4957
4896
216
5098
3582
3317
5966
5738
5694
1826
3458
902
1739
2926
1883
5636
370
5302
4235
3335
667
1378
2661
3983
4126
1875
5048
972
949
3273
3165
2144
2096
2321
1273
4306
143
316
815
1854
4944
1194
1333
5353
3781
2101
5361
3875
481
3915
3137
1381
4159
3395
2516
1274
2382
432
2311
5818
2141
563
4832
5458
1231
5354
5313
1199
1659
4919
2345
1560
5220
5132
429
2268
5551
690
286
2672
3670
3737
4503
5275
1288
3674
4390
5693
1178
5752
196
233
5327
5173
67
3524
3791
2944
1203
934
2663
795
5040
4749
2172
4555
4140
5696
4989
5866
5925
3889
4469
5126
3250
2700
3354
3772
351
1740
5093
5423
3730
4061
190
1138
5114
3884
5315
3622
4404
5722
1316
1180
5177
1087
5679
892
3559
5836
1907
350
5897
4233
1667
2470
4198
5149
5577
2381
5380
3979
4100
4634
4390
5225
4047
1023
3721
748
3151
320
231
2496
1689
2494
3094
948
4830
5746
737
5298
5237
597
3344
1083
5459
5387
1318
5217
4937
929
3111
2462
2169
2300
4516
3762
4134
272
4133
506
1864
2466
961
1403
5385
1733
2413
2671
5343
2704
4831
3542
5862
2657
5485
685
745
3419
5975
700
4285
5627
3342
3049
4747
2841
3055
5531
2839
3593
1568
2057
3121
4240
4486
3904
1528
1572
385
2915
4710
4189
5893
3789
1308
3000
245
2066
4058
3546
5741
5555
4299
1088
3564
2193
1227
3781
3164
4248
2310
3182
1328
2717
5999
3887
1866
1939
5033
3008
2726
5462
5878
202
262
1274
4713
5484
5578
5214
5706
3786
2203
618
2534
2980
133
1560
879
1349
3007
1775
4839
386
2088
5881
5525
114
2192
935
1474
189
3104
4635
3987
4941
2071
3858
1203
577
3906
3796
1291
5409
518
3172
5377
5659
3005
5123
5899
5788
2075
5441
5198
1098
5580
4499
4120
734
2589
5760
3413
191
163
5285
322
969
459
809
412
2381
79
5674
5876
1794
2434
4278
513
2489
5161
1734
2610
4430
5877
5397
1583
3402
2353
542
4330
2037
3764
4403
4504
4745
4276
3994
614
4179
5976
1346
3241
5650
807
3011
1510
5905
1170
963
875
2433
4651
757
5208
5775
4849
5564
3805
4838
1913
1694
4930
1933
3514
2484
2701
3153
2053
1181
5635
2669
5264
3361
4414
3109
2909
179
823
3603
2715
5920
1809
5336
2169
4469
2946
980
3522
2525
2910
2273
3306
1799
897
1834
131
5718
5593
4793
4828
4434
1310
5133
1415
1899
2079
5338
790
2206
571
2379
5921
2785
2328
5586
406
3528
1155
2112
2381
346
3332
5393
887
653
1245
286
1299
2749
5328
5526
1596
3804
4282
5142
1426
4756
160
3077
2388
4184
52
3821
1591
5624
980
3
1526
627
2767
3112
3158
1223
2725
2200
3252
4724
2362
2895
1949
3230
5526
747
1225
1505
5724
5533
5317
5247
3989
5161
2588
1941
1273
5149
2386
1884
2153
111
429
379
4267
2350
5632
5961
5379
1674
5829
512
731
3872
4662
1085
143
2222
3127
4740
2711
2469
4132
4449
4802
2988
1811
2249
5131
5648
4886
5903
2651
2745
127
914
5899
472
1408
1891
2723
205
4142
3781
2116
5749
913
2909
447
625
5659
233
192
4530
1826
5437
3754
1440
1116
4888
1360
4761
1878
5061
3533
5990
5617
4670
5249
4073
2601
1594
2601
1875
2755
4135
5882
2963
3331
3795
5465
4569
2999
3780
3818
4424
5092
872
2563
2105
1899
1542
28
1212
1287
4851
2917
42
3861
3345
147
4310
1857
2690
3737
1010
1705
3818
1664
1485
336
3218
435
634
3505
3609
3481
1964
2142
3173
4015
13
1172
1607
4193
1774
732
813
1349
4105
3809
4289
2821
2642
1865
1614
5927
4444
3667
5858
4346
1255
5899
831
2479
471
1260
2060
3842
4721
2595
633
5939
1486
603
1775
2246
3890
843
4214
4019
3734
392
1760
3722
561
920
466
2823
3349
2501
5027
2925
3734
985
1965
1587
5029
5452
129
376
3003
1032
5879
452
3281
197
1939
5868
5596
1382
2018
4833
582
1390
1620
4134
2919
1024
3956
3389
5971
1347
1906
1325
2365
4350
5505
1057
2201
709
5164
2064
5102
5184
628
180
1306
5028
3701
745
3056
481
4471
868
1405
4392
2895
1278
2201
630
949
4188
4728
1521
1761
5564
5920
2541
5007
4062
180
1964
4001
5596
3103
2256
675
5544
3693
2158
5786
5009
1635
2097
2966
673
175
5560
3831
4789
1786
2525
3531
922
3881
1539
4069
4769
4179
5387
4298
3678
2845
1459
4436
2467
4241
5068
5177
5364
4973
1062
4646
1255
4696
2922
21
1194
5695
852
2239
2864
5694
5275
2906
5865
5562
830
3314
877
2123
556
2918
4453
6
4992
4378
1095
1304
4551
4746
3932
5904
1536
5390
2767
419
2704
2104
196
4787
5630
3722
1778
2505
4881
4677
5374
255
1572
5133
2902
3178
5731
1688
4727
629
5110
3909
316
473
2791
905
3411
5688
2176
2948
4605
2569
1078
3042
594
3453
3196
574
5903
2928
5062
1105
1646
1755
3579
2568
3535
4855
5733
3524
4488
1516
3673
2570
3318
4423
3581
5306
1055
3850
923
4989
1494
3517
4033
3352
4058
82
1009
542
1916
5542
4908
5089
3723
3635
3302
5784
4301
963
1382
5085
3996
719
3837
2141
1642
3462
1648
2994
4579
5561
5827
1070
334
2051
4196
3549
2511
629
1361
1197
3500
3487
2584
650
4282
1723
3881
2594
4355
3988
121
3447
4630
4660
3046
3107
4924
4874
1394
3445
930
1322
2942
2457
3512
4127
3572
1270
3733
780
5265
3601
1428
1568
3933
4208
5903
3735
4616
328
3238
1693
4035
3831
4044
5485
2392
270
3999
56
3240
2710
402
5170
1487
2452
3784
2422
1269
5783
5455
5497
1379
861
2007
4060
2304
3877
1710
5387
3944
4528
2217
3762
3864
1409
3072
511
392
5939
5159
2691
1141
5802
3077
1923
3674
657
3603
2587
394
1251
1778
1441
5101
4917
4089
3399
2101
2512
1610
2362
555
5548
1584
2200
2171
4776
5528
4126
1369
2727
3768
4239
4526
5716
3552
3441
3811
1750
828
1474
761
446
5859
3832
5042
2349
5503
293
495
4051
1961
5129
3767
3298
3600
242
161
305
3286
830
4719
508
1863
465
1527
5401
2359
162
286
4789
1015
431
515
4509
3972
3585
4486
2409
1692
3179
4403
4434
2957
5596
4639
1060
3980
900
1998
1583
1199
5459
1022
408
40
3404
1683
2716
3422
3624
1904
1268
4553
4791
1951
5507
1018
5490
2013
4541
2485
1564
4901
3842
1916
4855
1511
3912
1385
5442
3605
3735
4359
3120
1626
1181
862
1892
887
1394
3737
536
155
2870
2374
3021
1519
3046
5881
2301
2507
957
4013
4844
4920
887
5688
3357
755
353
3562
5025
5307
5884
4946
1962
1655
2273
3501
2477
743
5118
5452
4166
3605
670
5456
4774
1319
2967
5877
4231
149
4573
4168
2768
2257
2852
3447
4531
1016
2530
5267
612
2611
3795
1316
3781
2266
5142
4602
1596
4518
5125
43
2806
1857
2066
5261
2484
1981
2220
3874
3652
621
481
1451
3371
2564
1645
3067
237
3128
1201
2361
5119
4003
5119
4321
2740
3382
690
4136
20
3625
330
3481
3803
2931
533
3953
1037
1123
5593
1444
4711
2953
429
2409
4561
724
2856
3881
15
4233
1169
1327
2183
3228
3893
4925
1821
2383
4007
3019
5385
5284
5698
3852
2538
4816
890
607
4516
3566
3185
1630
1941
4684
2117
1175
1526
3846
5350
1621
3005
5918
4998
2154
4687
133
5161
1403
5858
5273
747
2184
3232
954
657
1606
2503
538
1047
2747
4670
5361
3049
5398
130
3018
4221
1480
3327
2174
2557
2435
4122
2683
4835
5213
5691
2800
4606
193
2296
1800
1889
2594
5420
2416
4458
5677
1974
2471
2063
3386
3390
3329
1988
862
4706
3783
3882
881
5535
4559
2417
4151
3259
1364
1582
5981
511
4482
680
1857
5010
4944
236
1774
3521
5562
5121
5411
2491
1337
1878
3167
4808
1714
5863
3036
1161
248
1198
4757
5594
4910
3717
1796
5684
5709
3578
1052
32
2190
2668
3760
2198
3877
1778
447
3827
5595
5787
1773
3337
4102
1824
1535
5392
1639
1477
2706
4154
5983
5614
2168
1764
1903
4862
240
761
3323
43
4577
2945
3130
3838
1971
3686
4236
1494
58
3335
2776
5836
239
3013
4433
1745
2653
1659
1445
3731
4645
4250
2882
2014
431
4418
4373
4320
1325
5629
1408
3333
5053
2614
4679
2769
2460
4311
1992
1548
1921
5696
629
5175
861
1171
4878
5084
5181
3307
1007
2820
5673
1629
36
4115
1421
3751
1397
1389
257
3558
3474
3836
1014
1939
5980
4937
128
5773
2269
5688
3259
2850
3157
4000
3659
486
1266
215
5028
3607
2811
3661
2034
5543
3193
159
1670
2440
2035
3820
222
3382
2708
2852
1776
3549
4363
3307
4883
5036
5647
3101
5801
2273
2061
1020
941
1588
4335
1861
2085
4272
1131
2049
4756
4284
3301
5671
3359
823
5890
4335
281
3842
1386
4353
3310
4103
5385
939
4137
4135
2002
3297
4338
5794
4608
3391
2615
1791
1019
2058
5461
1116
435
4693
1027
4655
1629
48
1099
4682
1687
4602
2551
301
2472
1079
484
4166
1113
1308
5173
1011
4539
1495
3719
136
4563
1580
4652
1020
4121
3787
4935
5134
3545
5405
2259
5605
339
1964
447
4244
2181
5634
2170
2605
2547
3162
1239
2780
848
2531
5117
2100
2412
4931
5918
3144
1882
3592
2898
591
4941
506
5503
4954
3598
1628
1815
5362
1037
4977
5486
4730
4753
5051
2583
5668
2461
1790
4426
4783
3266
2707
3716
62
1899
2729
2250
2804
2185
2710
1915
5643
1595
5884
1666
2837
1897
5590
1781
1673
1597
1473
3565
2015
5967
648
178
2615
604
455
1121
5763
882
3521
3005
1156
283
925
4128
3122
3219
5307
4588
3158
2631
5781
5283
2273
3084
2272
1631
2256
3097
2690
4159
3111
51
5421
590
3945
3555
313
1361
346
5349
4848
1805
460
5568
4931
3443
4437
3805
4523
1706
3954
4694
4905
3287
5253
3372
5054
5818
105
4773
4854
4296
246
288
2191
5441
3248
5926
5465
1406
5546
3775
437
4617
5320
4094
3279
3240
5890
490
3064
3703
2756
5130
5244
4961
306
1293
4883
5979
4905
4147
2563
1053
353
2683
1442
366
1534
4537
3529
5722
5078
3651
4484
1699
5229
3977
3269
4146
2683
5616
2361
4632
5776
1001
1171
5669
5390
1490
3716
4628
2244
2840
524
4017
5323
3239
5241
1016
5288
3665
734
5036
4034
1382
2688
2032
2654
1750
138
2149
5495
5088
2704
2049
697
4678
3744
4856
2028
2912
4644
74
1389
953
1236
1657
24
921
2361
2948
1970
4144
4764
261
5235
2716
5501
4628
2993
3992
4128
4598
2087
49
2929
2774
1604
3845
4728
1901
4752
4410
4072
4353
5226
3481
4801
2472
1916
2005
1141
4295
640
5084
712
507
2044
1016
96
5427
4056
4642
4252
1432
3200
2709
1905
4458
5957
4442
879
1081
5566
4261
1987
2253
285
3659
3382
5346
4428
927
1074
2563
2741
1432
436
3793
2289
1439
2749
3969
104
1066
3730
2992
4871
1729
3092
2195
384
4602
4538
3199
5723
5797
5450
1601
1291
5878
5430
2332
4859
986
2131
4221
246
1207
3493
3004
4406
4357
1127
3281
3765
1795
231
2001
2911
2472
2205
4116
297
5991
1179
1027
5802
1438
2896
5939
4967
4331
5159
985
5821
5210
4701
3817
2071
2240
3952
4207
1504
93
1938
5673
610
5266
2141
4591
1821
4335
176
2848
3139
3447
1288
4842
3696
2003
1882
1158
5783
5135
2252
1486
3799
4709
1731
4123
332
1268
887
1743
1890
1628
595
2444
4565
4809
585
2095
5620
1066
1346
2205
4051
3549
4595
3640
5247
2425
587
3229
2477
4887
1753
3198
3468
1421
2074
519
857
2440
2528
4495
1296
3542
2590
4317
3616
5950
1472
3764
5240
3564
1655
4669
3517
5597
754
4799
4333
515
2296
3790
5822
2437
1730
5533
432
1191
4742
1457
4145
4881
4445
5523
3663
2574
1478
161
712
2532
3044
3891
413
3450
5122
2229
133
939
5207
1317
2766
470
3157
3979
4702
303
2411
144
4551
630
2602
5052
3273
5170
3028
3584
5986
5849
1168
4413
5312
1854
1002
4223
3303
4280
4920
5305
3950
4587
1256
542
4580
4854
3157
3321
2944
4344
4856
3306
2742
2207
154
1870
5669
3967
5591
2601
669
107
5039
5267
5422
5827
183
2540
5339
4826
1196
3725
5998
1778
3079
3069
37
4022
2028
5916
10
2132
749
560
2240
3702
3579
3721
1593
5308
604
4787
1924
3559
3496
1576
4980
4068
861
1935
4492
1651
5379
4981
4023
1634
2730
3606
932
5195
1775
24
2542
4184
3966
725
2409
3886
2625
4419
5896
2749
774
5713
5692
3570
3166
3328
4327
310
2210
3195
5295
4455
1824
2053
2766
481
5252
590
693
4633
5074
2257
609
4230
2671
765
1126
4108
3823
2190
616
886
3544
4215
1480
4479
3366
4015
5435
5230
4024
5893
5527
4012
2168
5105
3750
1090
712
3768
4493
499
1240
3515
1974
3060
3300
2845
3114
3860
2969
1695
3067
3260
2936
5770
5612
1860
4675
5528
3972
462
3717
3168
5063
516
5855
2044
1013
2281
716
2185
5663
5310
5237
4234
355
5044
2849
1176
3929
5305
2212
5354
1605
337
5609
3997
1693
546
1482
1169
1205
5276
2172
1088
4566
4643
423
1308
5533
5275
531
2483
4959
1310
4143
3617
5594
5180
106
1651
231
2624
996
3331
1356
5051
3679
821
2350
400
3471
3773
5555
5723
2752
4186
1973
5151
4919
4563
771
5226
3233
77
482
1303
2535
1942
3936
4223
4707
2785
2537
1485
5148
5422
2546
5485
3293
1925
2675
5728
2245
4431
2098
1279
103
1922
378
2697
4113
231
4203
5516
1577
2297
2794
2300
4627
4491
4921
1634
3968
4870
1906
3219
5585
5951
3404
3931
3257
2162
944
4199
5376
3853
5254
1133
1284
378
4520
5624
4905
1978
3496
3443
3537
3099
3757
3329
1799
5750
3913
23
5189
903
4054
1831
566
5738
2366
4506
2582
4494
2794
4361
2517
3257
5314
4903
3882
1592
3956
558
5428
5329
1503
5397
3916
1991
5151
4299
3110
5913
1251
2596
439
4184
3273
765
2752
3794
5068
4556
4328
2064
2676
1353
1064
4024
2732
4659
95
2352
4496
16
2678
1248
1189
3189
4574
290
1362
5486
4501
5561
1260
5147
2216
4763
3664
3688
1570
5853
5258
4855
4259
2969
306
1579
236
4654
486
2772
1318
629
2562
5186
3202
4891
2315
5623
4379
5584
3164
4670
2392
1578
3304
2226
541
326
1358
5261
737
141
5771
4878
3659
527
3561
4517
5765
2943
3748
254
2243
5947
381
2311
2429
1574
5832
528
4231
3299
368
1598
1730
4992
3051
1628
2219
733
1688
5343
2977
472
372
2405
260
358
4252
1833
1001
2879
5852
4805
4986
567
1526
2004
4474
5317
4255
5554
4054
5298
4403
99
3143
4671
1304
5757
3876
1827
4768
2356
5
1872
5545
5024
5810
2129
1407
5644
2025
5234
2032
5117
4959
1308
1056
1341
2461
4251
4451
3203
1100
4158
5416
3409
428
1979
469
3786
5181
3852
4140
3022
5713
5642
3725
1491
3273
4596
2374
5489
3563
748
3590
3706
2533
1246
5407
5477
4972
958
1129
3430
2797
2381
2227
3611
1956
1528
1156
213
299
4061
1471
5617
2506
5658
1446
2162
2317
5540
134
4925
3235
2433
768
5409
3986
5346
1367
4513
1832
4257
5669
3199
685
563
1176
646
5956
4425
554
1988
4944
409
2558
4194
4947
5636
1014
818
2322
1348
786
3412
5540
2100
5106
5477
5881
5964
1021
1060
4264
2631
1658
4786
3008
1906
5227
2374
5360
1732
4346
4618
4850
4741
3612
4421
5154
3996
3122
5558
2140
1256
2894
1001
3619
3787
2050
2858
3662
3934
2612
3283
3198
4517
5181
3027
3338
1473
5137
4094
4395
1115
506
2491
5123
2116
2973
5694
1256
502
2046
4497
671
2069
3358
561
372
5400
4546
1428
2053
943
3728
3714
4414
5520
2755
5559
2912
3761
5357
643
1578
3956
1356
5947
665
5034
3813
5456
2203
2981
3645
3721
80
3647
679
2432
4185
5376
2439
3943
3427
5008
5573
4357
2685
2026
4958
1520
4644
5272
4004
536
1040
4705
5845
4910
887
5100
1321
1552
927
3231
1028
5666
4049
3576
5324
2986
4025
5560
1557
3463
5738
3719
4632
4271
5902
920
3474
5620
5803
3626
5432
1394
129
5639
2921
2456
2672
5469
2876
4785
4311
2758
4775
5774
2103
503
913
786
4886
2034
944
4569
1375
3879
2940
629
3510
2638
1477
2294
825
3434
5599
245
2531
5866
1003
1646
1402
1553
946
4696
4712
3136
1530
4051
5078
1341
379
4892
5556
419
4027
4975
2166
437
5045
3770
1161
4320
1065
4410
2563
1436
1901
37
3415
2894
5728
5459
5624
4045
5791
4121
4741
3823
3153
4883
3123
2208
2125
4878
392
5343
1099
5183
5651
4756
2168
2211
1082
5601
4051
5364
1307
853
4740
5861
5411
5879
493
3531
4381
1013
4424
3447
5843
3432
5887
2116
5920
2179
5867
874
2454
857
1268
5356
2682
3945
5864
3412
317
5911
5447
889
3670
2888
5818
3978
4139
5305
4451
234
2079
2204
3728
1064
2837
352
3034
1097
2610
3467
1530
1684
4545
2439
74
218
1120
5639
4665
1904
2439
2645
648
2731
4649
3801
5666
2887
3491
4119
2377
2372
2465
3718
1947
3501
2608
3145
4692
4102
3230
1371
4060
1393
77
3580
2929
4253
503
5378
4799
2365
908
5902
5084
3808
4598
3725
737
753
4365
3175
322
573
1207
2759
4814
957
1111
3623
4065
959
5846
3352
3767
4165
1487
1019
3628
5738
2580
1663
4127
1100
4127
2215
5333
875
5283
1623
441
3212
1632
5771
433
3482
4181
5476
4620
1898
5711
5920
2727
345
4272
2229
1759
5300
2715
3162
2816
3316
2812
2433
5340
5188
1092
1205
5288
5728
5298
3420
5504
1772
1822
3689
987
2462
3886
4753
4297
5545
299
4823
1848
4870
2654
2854
4662
4241
644
2779
3041
1406
4673
5821
3306
4023
1921
506
265
3811
3513
4271
2505
132
3883
2787
4868
4988
4152
5089
3369
4477
5856
1408
2281
2140
758
5392
2450
1729
1903
1363
1763
1326
3289
2662
2158
1465
5191
1515
619
5464
122
580
3737
5320
2780
5038
4207
5610
150
2264
3505
651
866
46
4830
4766
5178
54
486
3848
735
598
1193
5959
3862
4832
1227
752
2413
4460
963
468
2187
528
1955
3230
2389
1534
3474
1595
348
5850
3124
2135
4932
3191
3851
2592
3136
3517
439
1737
4009
5945
3737
365
3438
5680
5781
3406
2836
4529
1365
1337
2782
1863
5739
3080
1481
2759
4239
500
942
620
3830
68
2122
4813
4691
4118
3499
200
2247
3737
1520
3341
2373
5589
2867
1578
608
456
3619
2974
4485
861
4873
4555
3509
5931
2396
61
171
5015
3648
2690
3436
2583
4234
693
1980
4597
1550
43
476
844
25
4505
3937
2529
2939
992
289
2705
1868
199
5415
387
1151
4851
742
4362
1299
4276
57
2794
1846
4799
1865
2356
2133
4068
1880
1327
2879
5755
1018
4357
103
4976
3235
999
2472
3960
3723
5774
739
2783
862
5647
5299
5104
1377
4666
50
1440
4575
608
2324
2199
3889
3598
2305
3292
251
570
305
4763
5715
3081
4975
182
5213
3562
1744
2614
2754
915
2717
5420
5152
5094
4635
1144
2410
447
2476
1173
1567
5965
2671
863
1208
5258
194
754
1947
4953
1095
896
1805
475
5685
4254
3620
2318
1189
461
1291
4227
2941
4080
5102
122
3354
5534
5749
492
1222
1446
478
2933
1433
5354
3955
5900
4155
4394
4138
5904
3351
5821
1867
656
4236
846
4204
5639
3661
4369
3817
2131
1832
4577
5023
881
212
359
1607
5942
2275
1913
944
716
647
1724
2837
4679
2209
583
2078
4931
84
1735
1058
236
1800
2600
857
2217
2075
1063
3808
4534
2946
1633
2102
2653
2461
2150
2675
81
3016
1728
889
1270
4765
1962
114
2816
5159
671
168
2870
226
4993
4628
5235
5118
3794
4767
1289
1331
5154
2244
834
1182
4533
1798
1604
329
4448
3965
5296
536
2880
4076
1544
3487
871
1918
1514
754
4309
4895
5278
3925
47
599
2312
2546
4206
4641
2762
3736
3798
970
1737
4928
2225
4228
3801
5643
392
1546
1272
2888
4365
2926
2645
2178
1208
4942
2155
805
5020
5062
3901
5361
2565
2014
4128
663
2065
4996
5407
816
3944
389
1567
5853
761
2308
4416
2297
818
1533
1037
4251
2571
675
336
5112
4192
5173
1861
2869
1498
3056
2537
1018
1321
478
2078
2641
4207
1868
4942
5566
3387
4825
3450
1337
1601
5946
3278
726
51
90
3426
3974
5454
2799
463
2902
2276
2408
1932
1125
321
962
1669
3604
3852
1610
2695
1990
3900
236
5482
3574
1588
2570
3787
4087
4973
4585
4357
4246
2830
5222
1756
3645
4218
2597
3350
5937
3287
2457
1781
762
4630
2400
4901
5299
3604
3558
4943
4183
2012
1338
56
3516
1366
3725
5401
268
1728
1334
2539
685
3880
1331
559
4978
3251
4523
1127
107
2829
2078
5716
3912
4109
3453
3245
5243
1428
3782
4009
5082
3939
3816
1194
5460
2694
2597
3366
347
848
2725
579
3167
1796
3223
3822
2332
5805
2131
4391
4314
1115
1594
1117
1906
3162
3551
5538
1536
4673
3599
2698
2531
4132
4763
2470
4674
1847
3191
215
2105
271
4538
5569
3617
4390
3462
3518
1437
3579
3666
4491
4736
2644
2002
291
2972
273
2264
2246
4406
1934
5700
3782
3557
2853
2583
4222
2874
4541
3493
4432
825
3603
5257
3001
5045
947
5634
4946
3465
1459
3083
3974
51
1372
2249
3243
2731
2742
2653
1887
4369
2224
2729
5729
885
1688
4351
3416
2400
2413
853
1828
4128
1326
4997
1055
1152
4638
3217
2943
2966
2743
2596
5244
3541
1672
4627
5768
3171
4253
4754
1168
4613
1433
5427
910
1863
2723
2521
3559
4296
5498
2378
232
449
4949
2067
5176
1894
1852
3046
1609
3717
1645
3951
4561
4380
1132
3412
5408
551
1338
2794
5165
3430
3696
4644
129
941
584
5175
3935
2022
4872
3145
4687
4865
4717
3239
3590
1419
2032
5334
4676
1164
5815
753
4249
5098
4202
5617
4724
620
4800
2555
4874
1705
391
5762
3872
334
2140
2462
2197
5902
4348
133
3502
2451
1432
2709
3823
2195
4318
51
4211
415
842
238
953
949
2281
3213
1851
5557
741
1863
3723
5968
3698
1553
3741
2460
3075
1745
4491
5316
3866
2546
3753
4284
5611
176
22
227
1163
2099
1723
3633
4778
3721
4099
2256
3338
3596
5895
1431
5707
1474
2885
1808
3557
5811
4044
2571
3761
2470
2023
3980
5349
2340
3156
5200
4505
3150
5055
3869
5338
2249
4671
5479
1099
1335
413
3262
3987
578
429
4197
872
5202
5195
4382
1061
4254
5795
3632
362
4799
4204
4266
4849
5023
818
2322
936
3073
2478
3142
1680
5226
5957
644
177
1676
1930
3141
4744
5028
2432
1732
4798
314
5744
4092
3014
4997
1684
4559
2882
1377
1166
4611
3618
5832
1879
54
4459
3437
1384
1235
3056
3337
2702
493
3888
3020
5118
3496
3723
869
1205
3831
2642
589
4618
671
3274
5965
5827
475
4445
400
5825
665
5117
4290
5977
4545
1877
2312
2303
4262
3535
2282
2961
2149
4843
1579
3149
3323
4595
601
4368
2355
4776
2944
5597
3372
4695
1513
2006
2568
1870
1103
5177
2721
3078
866
1946
4263
4316
1796
345
4405
1887
1233
3232
577
5944
268
4220
1521
497
5365
197
2283
5604
1415
2411
5557
4177
4461
95
780
3835
5844
3147
1808
1375
4123
3535
2155
3410
2951
3849
1762
4551
1091
4736
2164
5370
5093
2429
48
91
4524
5511
324
4394
3653
4265
5872
3499
1453
402
2216
4918
2961
1257
1832
1311
3377
283
4994
173
5411
3811
5827
5720
1587
1556
5411
132
872
3062
491
2053
3666
4842
3729
2173
2783
2316
1343
5513
2078
2660
4274
1941
5995
5561
2158
583
5144
243
2175
2975
1308
1531
5786
3033
3285
1185
3954
2011
2122
3610
5174
5345
1787
1972
2311
2419
3642
4007
3064
3632
5442
3049
5726
1242
5093
2094
4935
1325
4388
5163
4759
93
4936
5733
3389
5563
1598
5291
100
3219
670
2717
5685
3222
1468
1927
5018
159
2631
606
1565
1507
5088
1989
5455
1194
3013
236
5333
2293
1562
2678
3037
891
1881
3206
526
452
1232
5941
3293
337
5385
5459
5932
1013
3880
1592
5357
1684
4653
469
660
2711
5945
2427
4570
2361
717
5431
5822
4002
2445
1449
566
1101
5572
5504
5603
807
2882
5589
1314
3271
5104
784
3327
1060
5379
1114
436
568
3887
800
2736
4127
5523
560
2514
1723
5458
852
3828
5080
5890
1416
3077
5095
2925
697
1695
1401
5765
268
1127
2249
2133
4808
3794
3303
3634
642
3444
1933
5888
3619
2164
2415
3009
2328
2204
2180
3272
1029
3437
5211
1196
2054
1631
2956
5640
3060
5125
5405
1471
5617
3279
3133
5324
752
553
3377
3576
212
3153
5144
4709
3043
758
5596
4375
934
1052
2248
898
4304
1531
5297
2447
1528
3815
4194
840
5349
3611
1992
5522
230
4655
3110
2651
843
840
3542
761
4723
5454
2285
3810
5474
2745
5818
3513
3439
532
1035
5302
5944
4324
2907
4239
2066
5890
140
3826
5009
2820
2957
1909
5711
2554
4712
2052
5213
2995
4875
3737
2420
3568
2464
4698
2054
2848
3835
3836
2134
5531
3872
5542
3265
5627
5791
2608
5879
4516
5917
3818
5674
2963
1632
2617
4306
4516
3398
3100
2650
1022
307
3821
346
3802
261
1587
1906
4369
5269
4979
3824
227
3005
2375
2831
1155
4304
2647
1084
5887
3578
4052
4726
4398
3174
20
5921
1379
390
1975
2454
3742
3266
1880
5067
817
4240
3791
3866
2479
5036
2787
705
3760
564
317
2358
1282
5667
3431
3445
5290
5400
3219
3783
4664
4306
2505
32
5000
4250
3496
4390
949
3405
2990
4601
328
421
1667
2195
334
2499
2047
4093
2199
2730
4731
3643
763
3851
4933
2709
3575
4217
2077
5603
2309
328
2828
2981
1930
2663
1893
1852
280
1703
4227
440
3652
2647
2290
2415
3474
3742
858
2455
524
420
3974
544
3026
4940
2483
3249
3243
5810
2580
3213
4137
173
4306
3202
3162
4834
368
4670
1563
2293
796
2318
4760
3324
5858
2308
5743
2321
5051
5588
4210
196
2434
5051
26
2587
391
3165
1913
1975
2541
5209
4664
5541
910
443
1007
1149
5070
1583
2339
3546
4348
701
3529
5750
1701
2101
5369
786
2931
39
2942
4671
4051
3231
5609
828
3588
2044
5989
2700
1867
2476
406
2675
5668
3974
4395
2637
5971
5891
1570
5531
3416
153
4314
5178
4560
2390
4452
3618
5384
5845
2867
2185
1197
432
4546
3937
1247
3315
3252
3029
2212
2472
1783
1515
5080
4421
5650
3685
5906
894
2061
4026
1666
775
3552
301
3527
4443
148
3303
3949
4642
277
2310
5091
2018
617
2464
427
773
3978
1269
3370
1059
95
305
5263
252
3481
5499
4064
3444
1529
1966
4288
987
799
4977
3134
696
3373
4516
951
1905
5242
5833
58
4650
2946
2541
524
296
5354
2354
3330
5664
3410
3946
572
3888
3651
4818
3634
2938
3560
3545
2773
4505
4090
43
4632
1169
3315
142
1720
2567
1011
792
2486
42
3393
4075
2566
2781
2537
5486
720
5859
692
5194
4659
2565
5285
1726
5305
2530
3104
2479
3126
2772
3685
2191
4602
2075
4298
248
1942
3592
4215
3798
1275
2328
3018
3870
1662
2523
1002
5183
5847
3408
4729
3028
2601
2959
163
3778
1996
4274
323
4804
2358
417
2597
3041
1160
5161
2806
3351
260
152
3639
1078
525
4951
3473
571
183
452
1778
4471
4013
651
3189
108
2161
3025
5984
5108
3549
3293
2039
4173
3817
4515
686
4453
5494
5726
2619
4397
1767
298
154
445
879
1755
3018
2997
5861
1741
3844
1963
1892
2137
5052
1030
4367
304
2513
3494
5122
2823
4590
1933
4099
3935
1651
3102
3831
4544
4349
113
530
5586
1810
3456
3702
3608
153
2545
860
3241
597
4848
2897
5644
4355
3447
5095
3679
2281
2989
5661
2996
5582
4057
3257
3545
3592
4594
3073
4691
3793
5637
3113
5846
435
5553
502
5571
466
2274
577
5854
5129
3400
2071
2922
4364
3747
2094
4308
3692
2637
1138
4137
1994
2148
366
4389
4003
5875
3926
1577
1385
61
2192
952
3650
1813
4947
5006
5337
1228
2247
4733
3923
8
332
1238
4956
5485
4775
3297
1760
4634
1047
744
581
115
4614
2726
3493
151
3003
951
1418
3261
700
396
5298
208
240
2367
5970
1924
690
1261
1127
2883
2930
4516
4535
2841
2502
666
5110
1512
3406
2343
2997
3401
4933
1393
3141
912
5699
1506
4361
5034
5823
808
1432
230
1810
2441
5522
4829
3271
1312
2186
5823
3390
2584
1858
2828
3424
1892
2629
5707
4700
5833
733
1994
3856
1193
3028
4467
3108
3693
936
1880
3648
3374
2248
3035
1469
5328
5611
1660
1177
347
1936
4655
20
2599
4639
2409
1784
1603
5198
1687
5717
2834
3008
1051
4618
5331
57
884
2416
4684
3420
3273
4608
1458
965
3186
757
4952
2930
3316
1676
5985
636
1142
3896
2931
1364
5780
4850
4986
3896
464
93
5238
3908
5071
1079
691
1781
2487
5804
1875
3530
1939
4629
1770
5379
1681
5182
4469
4235
1689
5396
5399
1186
170
2477
4994
2339
2562
3138
3407
2933
2889
407
1274
1516
5563
1356
1212
1743
64
5068
1254
4580
3594
3314
4776
600
571
5291
4267
1675
1760
118
5473
1799
733
5400
1415
897
3798
5549
4307
3641
1816
1449
3552
2172
5906
4156
4948
5065
2627
3091
5370
0
5889
1003
1728
5493
5811
865
5103
5316
3804
2645
4034
559
325
5325
2150
2435
2165
3334
525
4969
5983
3269
3982
856
5592
2475
4028
1783
3828
1287
2977
5296
460
2405
824
5984
62
2420
772
4956
5058
709
1375
2861
548
2944
4115
412
5154
4257
927
1960
3235
2815
535
5988
5426
701
3963
1374
4743
106
5361
2842
1120
4035
4673
1469
1713
3832
1438
69
2677
2619
1068
4022
703
4228
5474
5375
5538
3010
110
43
873
893
5359
1524
2099
839
4435
2674
3199
3297
4909
4352
3744
3417
4562
2895
318
1440
1329
1748
4857
2458
1677
1949
2490
671
4728
4354
3975
4878
4141
470
755
4161
3690
60
1968
732
1432
4518
3474
639
2601
3240
4065
2315
477
2091
1930
5457
1441
1838
3011
86
4933
2279
2329
1507
5287
3623
312
5064
1345
2284
358
112
332
2528
3020
1296
640
1182
5234
4538
4697
2308
454
670
4407
3924
5529
799
2370
1941
3990
227
5624
2391
2208
5893
4501
788
3142
2213
3966
4721
1638
2974
2826
1956
5580
4568
3453
4431
148
868
5042
3322
260
101
3412
3247
3583
94
3097
5391
5367
2822
5372
1426
5682
5528
3333
5996
3128
2887
5575
26
326
3759
774
1468
3906
2407
2499
605
2796
5554
4678
5917
4781
228
1591
2080
5487
1298
5545
2735
3225
5298
4579
1180
981
642
3323
946
3391
1652
3009
235
5260
1479
2566
3644
1237
3665
1656
3835
3839
3992
1563
4385
616
4912
3141
2633
1823
1486
1445
2776
5488
4571
5921
167
2332
901
1612
4556
5553
463
48
5303
4267
2745
4365
2472
5366
2954
5342
1598
1951
1145
1700
5449
2358
1196
4065
1
5858
663
1331
304
2929
4614
2012
4346
1450
1910
2890
5117
3089
493
5735
1683
4902
4410
2735
2420
5323
583
2665
5929
2144
3195
1077
2267
4957
4988
5440
5722
3739
1393
2775
3145
3599
5398
3894
2759
4772
4521
5067
5833
196
1489
4219
4594
2691
2478
4832
1636
5880
2203
4127
496
24
3968
3506
826
3665
36
3926
4680
4176
3744
2515
5081
1647
3407
1123
3250
623
2673
3617
1428
5517
751
1456
153
5508
2056
5989
3325
3968
106
1186
1817
4778
1405
1135
5050
5173
825
2423
5696
5987
999
76
5379
4612
2821
3976
1344
1533
3107
3186
1777
2321
347
5321
1083
4527
4878
4752
3249
1767
1288
4150
1494
1530
2917
2513
3823
2221
2750
438
3206
889
4204
3975
4539
4291
3677
2777
3541
963
3011
577
3558
5411
2650
3883
5453
950
5618
5431
4005
5106
3626
4336
1787
1115
78
2506
5661
2926
4343
1784
2301
758
4305
5415
1845
3247
5994
2986
1076
245
2725
2162
1862
1319
5998
5546
882
3662
25
4797
3997
4180
3299
1140
317
5939
4554
1536
136
5227
425
4448
5306
238
187
3280
2644
780
3584
2830
210
1447
2845
698
5941
4530
4910
2537
607
3963
4311
3366
1198
5937
792
1030
2447
5012
1134
2662
3636
5224
5654
1443
2432
2293
301
1910
3790
655
3011
5402
1570
5164
30
3131
4567
151
3483
4733
1112
5217
5183
118
4074
1838
1435
5913
3638
835
4366
4336
2245
762
4180
4773
