3020
2923
112
979
5475
302
3792
3719
1268
2002
959
2038
2395
4341
3651
4695
2454
1421
5270
4941
5798
1177
1787
1856
1663
2146
4112
1113
1215
2829
1148
1754
4427
1632
4263
56
2549
3390
4761
1383
3082
3681
3370
576
3751
179
793
1921
1772
3865
5385
4993
3241
4333
2869
2190
437
3302
1971
245
1309
3414
5734
5390
5577
3952
2222
5697
3114
3539
3035
4568
5056
3912
5583
4707
3144
4292
673
2258
1155
5978
3773
5555
4193
2016
5624
2792
5388
2332
1858
404
4866
4604
5268
3282
1418
1503
5161
3889
551
5202
3625
4848
3162
1563
3121
4082
3729
2268
142
3790
1310
3044
199
2599
1171
632
2235
1554
3545
3209
3583
985
2032
2338
5018
1595
5905
209
3372
1085
959
1503
648
5042
5564
2238
483
5618
4487
1054
2773
202
5506
4427
556
5327
4642
3863
1183
4512
1025
5520
4848
1896
4941
2269
5707
3261
4883
730
1275
1896
1574
2061
3596
3169
3689
1157
1563
2710
3117
1855
1385
5527
2419
3412
5406
594
4131
402
827
294
2037
5812
1688
3910
301
1377
4652
1612
5284
2415
3306
3511
4129
1665
5880
2786
4390
1412
3931
1282
5319
5506
1711
1724
3749
1713
4211
129
3529
5916
1297
1960
1420
2987
2058
2390
5538
1105
4224
5996
2968
578
3469
1020
1571
3983
273
2201
1239
5312
1417
491
1833
764
1242
3356
3372
1992
2942
1362
1255
1306
2005
4649
1448
2984
2620
12
306
1362
4187
2464
2418
4473
232
3118
4304
1658
1914
5834
1616
155
4312
1668
1287
3425
31
5227
5387
5612
4082
4217
5812
5328
5724
751
4063
2816
3713
5101
3537
632
306
1150
3767
2359
4496
462
1676
3319
5639
4937
5285
395
1164
2274
5030
3173
3746
1596
3351
2417
4133
5033
1121
97
5081
4748
4787
5653
5533
237
4337
4134
2825
2841
395
4784
919
2306
3932
3562
974
1978
1001
5875
4200
4680
5305
5387
2198
4101
1924
5979
682
5526
5492
2946
4577
70
1592
5741
5091
5902
1016
673
2275
3876
4562
3208
4658
2846
4227
4086
160
1569
5665
567
338
1131
3061
2200
4719
2088
4886
1806
388
3813
5200
2470
5608
5727
4036
1530
1545
2167
537
5069
2805
3556
2784
2244
1941
3477
997
3216
2100
4466
1857
2924
2413
5309
4268
399
3714
363
2512
4559
5481
1529
5338
3859
4769
364
5113
2994
546
4697
2936
2573
2834
1150
664
2886
5460
1483
390
3388
11
3408
509
1780
3869
2197
2004
1877
1411
1456
1544
3152
3628
5718
5396
2651
3520
3169
1740
3288
5794
5866
4746
2982
1231
1412
287
1492
5956
3925
2459
5389
3020
1441
4072
3525
150
292
5153
1742
4325
2140
3344
4295
5153
2001
1764
4962
5722
5474
529
3521
3245
4190
3618
1676
2704
4427
2121
1137
4743
2662
1655
5736
873
1015
3064
2226
3900
4608
4517
2510
1148
1523
653
2023
1387
4381
2493
477
1123
2051
4444
5055
1703
5095
2548
1298
5991
3239
1610
2737
3474
3170
3199
209
5046
2168
5455
4911
2627
4141
2854
5368
5069
3257
1586
3668
1776
463
5796
5920
942
856
3792
5511
5364
3084
4708
1773
3995
396
1798
3960
2858
3198
3285
4651
5816
4646
4849
4512
4415
110
2775
4465
1148
3938
5173
5122
4835
4714
1756
4815
3296
4357
5283
2174
1448
2622
1175
2961
4110
1230
1232
4714
1665
3326
4575
2155
2178
4998
2692
2665
2452
5975
1052
620
2604
5954
600
5238
1256
4307
4121
3613
1900
1773
4007
2631
1191
675
80
1
3316
3456
3901
3148
2221
5140
3280
340
5625
3612
1370
4878
5366
4221
2906
1118
4402
2412
4480
4466
2291
2077
2255
2815
1895
3494
2656
1526
4165
1615
1379
482
2546
4104
4449
3856
5248
2838
605
3724
4177
1420
4409
3092
2617
2323
340
811
3729
2054
4641
2396
2168
1820
3171
3273
2724
2402
148
5135
3958
1172
5269
1815
4380
2760
2128
380
3072
4088
2713
2292
1917
5850
2035
2958
289
669
462
5062
3198
1874
5470
2471
2123
2821
3240
5150
2600
2086
1701
5462
2590
3129
1865
1382
5909
1318
1677
1315
2415
5501
1640
2595
1489
4202
2652
384
1106
2480
5501
4004
2940
5750
956
1847
5536
5547
3058
403
4614
551
5400
3568
3474
2575
3363
1121
4225
1108
4829
3529
3203
889
1918
2667
5283
2752
1690
3166
497
1328
1860
5577
1536
292
5168
3952
4795
4339
1045
3451
2435
919
2081
3247
5684
3324
1687
60
4486
5703
5668
3011
2014
1313
2016
1009
5444
1855
5535
108
2416
1839
1111
1880
2430
5649
3019
2775
3504
4319
4070
203
5410
235
4996
1001
3609
4356
1098
716
5301
3812
630
5395
4838
728
3489
4824
2826
2909
2720
3822
4276
3876
2138
1014
233
241
4004
5390
2531
3782
936
2311
5144
4903
5636
2817
4501
3834
3455
3061
1892
1261
1286
1775
5182
4611
5669
3814
1705
1068
433
3961
1985
5072
3106
4935
1461
3032
1389
443
3049
3258
895
1794
5129
575
2023
3371
573
3922
5978
3195
3623
3767
5658
2425
1833
5237
4400
1836
5540
4177
5814
1887
1852
3913
1281
3742
103
1850
1548
4401
948
175
784
2306
2424
4438
4703
5803
643
336
5312
1473
113
1157
900
871
2813
4402
3495
2129
3344
4641
5506
2374
2487
3874
2446
4576
4195
779
1475
4708
1065
4921
5534
872
1705
4194
1201
22
2220
4473
4900
1916
4567
845
393
1868
493
1871
237
3079
4016
1838
826
3793
5111
5392
3690
1409
5596
4655
4662
1528
4780
4365
5549
1819
3585
1318
176
1710
893
2273
2554
1311
4380
3106
332
4076
5260
5135
902
5459
2713
5037
4482
36
5137
3142
5211
4148
3590
4393
4571
4977
3666
431
49
573
1652
5941
5457
4681
5448
3531
390
3487
261
5496
2131
2188
4832
3495
5031
4088
3295
3186
5374
1411
4743
3961
5380
3710
2742
4959
468
3539
5101
370
1263
3891
4965
1205
2713
4170
307
1483
4493
1392
3094
5538
3728
2318
3628
5450
5587
5771
1748
4145
1890
4435
3215
2428
89
2739
1408
163
3798
5843
4626
5498
1306
5136
5385
2168
4826
533
4032
3782
2114
4101
3906
1845
600
4280
2628
5468
3422
624
3103
925
2929
6
5083
2867
335
2422
23
3867
3509
1396
870
331
3206
5161
5651
2659
4024
2590
3861
4447
249
3060
1469
4102
4383
5229
2108
1010
1964
954
5314
1356
720
3554
1441
3939
4649
252
2880
4009
613
1386
1675
3722
1192
594
5352
2570
5305
2905
1844
5322
2934
2654
1228
887
5544
1953
4152
4575
4210
3886
2177
3824
3827
378
1187
2127
2475
1401
142
5874
298
2665
2567
2507
4307
2542
2827
3201
1199
3179
5475
1100
4734
1306
2338
2717
2377
3960
284
3656
5475
5664
3329
2559
4190
5778
2967
1932
4409
1872
2294
2058
567
2869
3004
449
2939
5778
833
3292
3119
4870
3221
5033
5540
5850
4741
4812
2276
2134
3340
2880
451
2163
2326
4635
2948
4398
4336
2957
3832
86
5419
613
3009
5074
1328
3696
4084
3154
269
5807
3117
880
3485
1491
1325
3842
1862
3896
4638
3968
3052
4539
5431
844
995
5930
4170
2227
2097
1830
1419
718
434
2135
1404
5813
1733
1885
1763
961
1892
5998
3517
5164
945
1344
5035
3384
5019
3909
3323
3176
1520
1070
5186
1631
1276
5982
3844
515
4800
1708
4102
734
5630
5732
4795
4049
2753
3995
1339
3652
3865
444
594
1166
2788
884
4964
3694
3320
919
398
3892
3100
156
2904
863
5687
508
2182
484
4640
2386
4670
5783
1988
1696
4532
1626
2358
2078
4416
4799
3409
2095
849
1963
3497
4386
4443
1449
5024
1425
5916
775
884
4602
3597
3713
2917
4696
5892
521
1765
2237
4646
1984
3336
5054
5065
1028
1514
2459
3511
341
992
745
4734
3445
486
4238
69
2684
5240
4681
2025
4517
892
5067
694
3209
4060
166
3297
2998
2098
3680
5090
411
5629
5252
3999
4851
3520
5973
2595
4555
153
2928
1437
162
5214
685
1717
220
4019
5345
409
3858
5801
4164
2326
3706
3264
234
5298
1935
861
2608
5398
973
1543
3988
5561
1643
2283
1681
2248
1845
2096
2422
4898
84
917
1378
3103
4669
2310
1103
3712
2291
1789
3288
5041
5689
2772
3895
1307
40
5609
2159
2135
761
3723
4131
4845
3216
3793
3858
4314
4998
2634
2288
1344
1793
1711
3730
119
3890
308
4725
5937
5034
5869
4939
5099
426
1933
4243
432
5542
3674
1636
1864
5429
2749
5270
5469
4103
1925
2925
238
5523
5067
1058
4764
1292
768
3648
5602
32
5442
5688
4481
1645
4445
4946
3769
5360
5407
2416
2100
2987
2308
3760
4013
2466
4000
3615
254
3059
1931
4836
3607
3968
5062
4320
5194
1481
811
1552
1762
442
4275
3292
660
895
4594
2656
3278
5952
4876
4692
5005
1949
5451
3065
5146
4199
648
675
4724
3896
2839
4878
4249
5024
4175
3998
5533
3613
3574
4775
926
2502
4748
5221
1998
2340
4462
3849
5583
4254
5019
4289
3357
47
387
1475
4692
2214
1194
5686
5619
5306
716
508
4312
5448
5963
5616
235
3514
2500
408
5111
5750
2816
2663
307
5696
3318
5618
2846
5341
382
1372
3113
2357
1376
4641
1358
340
5482
4108
3534
5645
3088
4965
5897
4283
3326
1370
1222
3334
425
424
1571
5230
3540
4038
3398
1368
255
2910
3569
722
4297
3882
5748
1363
2582
4535
1949
4580
315
5288
1626
1318
2438
4266
543
4142
1019
4239
4979
3348
4730
2890
3989
116
3980
4710
5532
5134
779
5282
4539
4304
3633
4797
1060
4830
3161
3514
4995
2299
1682
432
1627
5047
1810
4273
2751
5141
1527
2149
1926
1160
169
50
2577
2265
4075
3306
2681
4472
2880
1537
4081
2396
5818
4474
5163
1272
5517
269
5958
2845
4690
1847
3797
2342
1976
3853
2411
1188
3157
350
1090
3446
1195
3781
5020
5364
3685
952
1936
200
864
4816
2070
1450
3591
229
5870
2999
3494
1380
3354
3885
2688
1680
1835
198
2220
3043
3625
4926
4554
2895
349
3090
5348
4982
1128
567
5023
5826
1607
2116
785
5346
2062
5358
4140
2993
2672
286
1256
1812
3169
1888
1647
2400
451
587
4690
5078
4668
5848
970
5053
201
3793
3560
3994
1404
2503
541
5805
64
3136
4581
5387
2317
4027
670
1460
4231
5809
3048
4417
4081
2442
1716
2764
3871
2649
5902
4715
1865
1189
1063
2810
1243
2325
1291
4932
1785
5656
802
5022
5968
5886
4402
4912
3400
566
241
945
3637
2116
1880
973
4253
942
2979
4358
2308
4852
628
3605
4498
3051
168
4139
3863
4484
4818
952
1125
877
2979
4151
2075
2403
1403
2068
5378
1394
1096
555
1535
3340
1213
4239
5529
4065
5567
1507
3493
1617
1529
5240
4814
763
1967
884
4704
1857
2463
1771
3795
2395
1811
4029
5364
1684
5427
3660
783
1908
3320
1671
4201
5131
4507
5880
5674
2551
2556
1991
5336
5667
3407
3785
1038
3964
1936
4521
2059
5600
1335
944
3015
5413
4007
644
1329
2580
3408
4187
2339
4240
2164
266
295
487
3527
3422
1779
2419
5343
1478
1999
5213
3083
5067
1623
1376
5072
4077
5788
3605
782
4460
3669
2576
4642
2752
4596
2902
3589
5605
2579
3754
5873
2406
812
1315
3347
724
5000
2906
3916
420
639
853
3777
2627
3102
5596
1859
2742
1815
3269
3337
5090
786
2304
5113
4516
3586
4689
5045
1055
2802
933
3714
3840
4413
5554
580
175
5053
2832
902
3956
972
4478
2054
2516
2438
1235
4636
3111
3744
2946
5098
4646
5265
121
5439
886
2206
3446
2102
4252
1108
3173
1916
4412
2302
1435
3599
4770
407
632
3457
5692
4905
2845
3036
3506
2068
2362
3743
2291
3994
3122
3831
2813
5511
3374
3897
3177
2062
5322
859
849
1774
2560
4162
5262
3075
2703
326
3794
3977
5175
1042
3535
4892
1028
184
642
2843
3765
4529
2000
4986
4504
1682
1419
2070
484
634
2448
5460
722
3208
161
2403
376
4233
4858
2528
5939
2975
4738
4055
3889
3389
832
1639
2665
4879
5255
3423
3047
1782
5936
324
3480
913
690
1476
1230
5095
2257
3397
2912
4369
2160
2071
2642
2261
52
3784
2124
5756
5398
5574
4137
5781
2500
3711
4431
2083
86
3812
2309
3265
728
3916
262
5526
2136
2629
385
484
5214
4117
4602
5210
4131
1358
1697
3481
1135
4624
653
483
579
121
4388
1807
1392
727
1769
2761
4050
2286
899
5143
1804
4021
3334
2871
3041
603
3569
2036
1500
5351
5859
5975
3053
5741
2570
4249
1809
5484
1722
790
1324
3236
3334
366
4134
1397
2862
1558
111
5986
4453
1339
2368
4421
3533
3718
4304
5596
801
5275
831
65
4831
2428
5539
3559
2209
2554
5500
5472
2327
715
3334
2459
1970
2279
3435
3499
911
4396
5970
1379
3470
2658
5304
1806
2301
1257
4953
4123
4038
190
1803
3189
3331
4717
2792
4528
4681
1088
598
2479
5000
4373
5684
1603
3405
3725
451
1870
2657
3345
4686
150
4898
3727
4760
4405
3596
563
817
5932
1700
689
84
1032
2753
2526
4640
2365
1943
5870
3681
2127
2977
4455
4138
2591
2794
229
2914
2466
1449
1639
472
3662
2183
5591
3028
4125
4541
1927
3403
1412
5422
5159
350
1437
4623
595
4720
2177
1519
5784
4370
2914
215
2183
4765
2355
2543
3010
1675
2427
2313
3972
3235
3678
2207
3054
3567
1228
4084
1723
1884
2246
4265
884
2125
3098
5711
176
491
5856
4916
259
2877
1164
3612
3256
848
708
1741
5401
1364
5148
4983
5051
1715
1885
2350
150
5087
164
5830
2530
1750
3494
3737
4046
4532
673
4135
2505
5462
1182
139
1155
1414
4627
4550
3022
3992
5269
4171
1166
160
5962
3286
1663
1949
2492
2202
2022
3190
58
1445
576
928
697
1570
1686
4025
823
2842
562
5076
1392
584
3019
3953
5881
5336
3756
4280
426
5131
532
3922
105
4602
3014
3509
353
4916
1376
3306
2242
1543
5720
3388
1809
3479
562
782
288
1501
4495
3977
3401
4494
976
3010
2163
1446
4936
3685
535
4946
5295
1088
4349
4984
5619
5069
4623
291
648
4125
783
2318
4528
2686
5572
2156
5494
2665
5584
946
1332
4938
1437
4690
2037
1965
1109
1253
4437
5009
2913
244
3172
5788
3881
2690
2121
3867
5355
5593
1939
3620
3830
1424
4587
3002
1894
2950
2229
796
3098
2383
4118
3995
4384
3912
2511
405
2691
5783
2023
4195
4235
2612
3815
3515
4947
3742
558
4019
2455
587
869
4515
5836
5008
1437
3045
73
3241
3588
5868
3635
2918
1815
2654
1591
2787
3665
4416
2001
4802
2818
972
4281
2566
1243
1713
2157
5535
3413
2136
3337
781
5745
3502
2946
4930
5226
5459
3155
3337
3063
4189
1695
3837
2156
3481
1221
3304
1600
240
4594
3497
1898
898
3888
1472
1588
5138
3211
3177
1010
5102
1060
5458
652
745
2687
5387
566
2854
599
2825
1569
227
2866
4983
3146
528
2591
5722
2320
3723
2315
4432
2035
2905
5075
1844
3736
4754
2163
1776
1993
3610
573
287
905
184
2342
4525
693
4885
4138
5150
5894
66
5823
584
4211
3254
3287
879
4660
5699
512
5291
913
5044
1158
2775
2200
5029
567
4504
494
2927
3207
4824
3724
2942
442
4302
3067
1697
2767
3772
3243
1246
2684
4949
364
5887
5219
4633
4528
589
5380
3406
568
2119
1133
1740
5034
4415
829
3781
5444
593
1862
1664
1627
3553
256
3553
1516
3376
2938
182
4531
4331
5611
192
2602
4032
3910
4764
1241
4461
4109
1965
44
5031
2413
4712
3730
116
2599
2956
929
5813
4334
124
2919
2212
1212
4490
1820
5174
575
5985
4131
4044
5297
2783
719
4364
21
1549
5058
5943
1501
61
3233
3655
2777
3823
147
39
4905
1920
1864
847
260
2751
199
2202
4193
1005
1711
2261
4418
4129
1311
2487
4065
5525
369
1464
4707
5248
4801
4383
5641
2065
747
5083
2661
3572
2738
94
393
1573
2237
5505
5627
2254
317
5720
5124
1918
441
5444
2840
5369
5530
4030
3777
5174
2178
4551
852
217
4087
5193
5093
3084
5438
2696
5381
3996
2851
75
4585
1167
3860
1410
5015
541
4461
1203
4202
3922
3471
2276
3508
718
5673
5831
5539
102
408
1005
3660
3931
4250
2216
3844
4324
2319
2946
2046
5915
2216
83
4910
3554
4738
1347
2460
304
3116
237
933
523
4835
1739
5947
5235
2543
1780
572
2985
1670
2623
2656
1579
1150
1986
3323
5949
5056
3083
275
5605
744
939
1212
4498
3001
282
2175
5306
2669
5979
3769
4927
2410
301
1407
2749
4944
4666
4640
2019
5647
1824
2339
2732
3142
761
4030
5849
1814
5434
4792
253
5509
2069
4503
468
1758
5466
5763
5552
2661
1153
1900
3377
2840
5789
2342
624
4674
5181
4226
2457
2713
5652
3897
419
2599
291
4369
5902
4853
1664
3714
1207
4275
5510
4018
970
3397
5016
4940
469
4680
5555
5280
3269
5378
4175
2836
3104
5094
1729
5223
1486
951
208
5798
4628
340
3874
2504
4734
4642
659
1284
5401
3623
5026
4754
778
1970
2183
5583
4494
5785
4548
4122
2895
2554
5336
2523
4000
4626
4138
2180
4614
4780
4872
1215
4322
914
331
3526
95
4431
982
5842
693
1621
1116
4363
3991
5625
3980
2447
319
2044
4602
4734
2308
2821
2795
4529
661
5930
172
4890
2565
2878
1887
5623
2131
788
2035
1777
5956
2417
2350
3889
5983
384
1130
4529
1637
3471
5962
2512
3723
950
4280
351
2886
152
1852
2057
4690
5426
3242
16
3455
512
4457
2514
1192
1039
4492
1995
2641
4941
3342
4083
172
124
1503
2296
3576
3782
4069
4998
4056
3723
865
2083
4603
5829
5104
5368
4780
1084
2922
5689
4296
4358
1962
4357
440
950
3882
1160
3690
4565
5659
2398
608
974
5582
5635
3125
4291
4754
3894
4311
2126
1034
3788
2934
34
4938
1984
407
2095
2302
5032
837
196
4151
2019
981
5870
1075
3518
4212
5439
2136
2742
2495
762
2397
3911
3391
283
1444
4323
4975
1651
5384
1071
1467
1025
479
3879
695
2445
4028
5490
4857
1325
4820
2960
2212
458
3610
5807
3265
3997
601
1789
2844
5155
766
344
4921
5952
4016
17
5570
4864
4781
672
158
824
1394
1424
5919
842
5190
5659
2023
5863
1748
2368
4440
63
387
2640
2327
2133
4675
2105
5740
3758
4246
1498
4233
1688
2121
629
5748
5926
1038
1746
3171
4377
375
3952
1811
795
2657
3574
5093
2517
1419
3176
182
5377
5617
5477
1545
409
4281
2189
627
2334
3657
288
4130
149
5875
2146
3963
2828
2351
5658
239
3338
5203
5098
4281
2676
5137
2857
4614
3835
4477
3259
2674
3459
1018
5522
1723
2911
5344
334
1668
168
3612
16
4904
4381
4531
5740
969
4899
356
5772
1140
4269
1002
1570
3987
5592
4858
2422
4735
1933
2783
1165
2703
3321
5136
3162
1281
4970
379
5406
3652
959
5216
5100
608
2130
733
1591
3395
162
2769
2588
1000
3464
2430
3756
4742
3707
1520
2770
4162
47
5909
3955
4658
4601
1400
4963
4224
2413
2254
5331
743
616
5484
2008
3516
3274
1939
3272
1068
539
2474
4878
1166
3486
1846
1645
2005
3314
1031
2176
3285
2565
5826
5584
2895
2900
1415
3215
506
2734
3678
17
4720
118
5507
778
3778
2615
251
514
1241
3490
3954
4277
1498
3842
1027
584
1557
2241
1923
4886
571
2179
5274
4808
1673
1632
1919
3506
1525
3088
2334
5402
4292
5870
745
1076
3125
5551
1177
5241
1982
4700
3119
2231
5889
4810
1355
3169
2970
4123
680
2966
1704
5278
898
2447
5061
3713
405
4850
4
1974
83
5828
1542
5700
3025
1915
1785
5940
3024
2578
3758
3052
2579
517
4837
3737
5905
3100
5255
1013
3449
517
4592
3992
2189
5354
2055
4810
4637
4881
1947
5974
5344
1762
3227
3291
4065
851
2978
3548
532
2176
2190
1255
1156
358
4428
4131
4698
5630
609
1442
5836
4487
5943
1302
5551
4444
18
4208
5178
3157
2046
2771
1434
5145
615
3927
4939
832
1316
5098
554
5815
2049
3345
2948
4989
4488
3836
2217
330
2684
4935
611
4544
1345
4684
1693
2489
43
3462
3234
1279
5393
5809
3844
907
158
2525
5781
1590
3972
3490
2661
5435
4317
3949
984
1517
4799
216
3027
340
1547
2919
803
2499
1987
462
5210
1861
1221
3265
440
70
2521
996
530
2942
4259
5937
3185
3272
453
5575
633
865
4596
2319
2676
4843
1764
5130
3307
5345
99
2679
1760
3957
5696
465
667
2501
2950
3972
1615
1325
4872
2464
4440
357
4043
4950
5028
2731
3962
5967
59
4908
5882
5292
908
4971
3259
1048
3301
676
136
762
1998
586
1915
3383
5107
780
3680
1524
3469
5207
3956
841
4588
2421
4441
2080
50
3827
2905
1293
2446
5664
341
3496
340
5681
1833
117
4166
849
1741
5541
2913
2486
1594
2325
2231
2479
4407
5028
3668
4825
5040
2579
2175
5553
242
1077
4143
1315
5509
1669
2983
5505
1782
4598
3120
1536
5600
2021
2785
2525
2087
60
573
476
2177
5184
426
4176
3312
2441
5753
4311
1824
3090
679
3949
5626
3494
4927
1345
1635
2139
5641
2804
4804
3099
387
5661
5254
5388
3451
5546
4042
3089
1894
370
3986
4138
1632
5701
2191
2615
5232
1268
5192
2938
3351
957
1124
521
3510
719
4309
5683
2857
1980
273
458
483
2092
4430
4094
5991
3758
1945
5883
432
1626
5122
5625
4414
1937
1576
1089
5405
4022
5869
1247
660
4086
2549
1874
1479
5234
1377
3729
794
4046
4290
936
4018
65
3116
5008
521
2605
5081
4668
4798
5993
2214
255
4343
4633
1998
2843
5908
3695
4577
1461
3633
299
401
5940
3896
1486
2057
2937
1424
2892
923
4488
5046
2304
2420
276
4646
5449
541
600
1270
4418
1105
5922
2111
5440
2054
5498
4377
4388
1162
3152
2547
2816
3244
3108
4571
3046
1027
5951
2304
1964
2527
5007
5809
1116
1562
927
5633
4088
4266
5461
1850
651
5511
1428
1899
2138
499
4178
5792
73
4971
164
1164
4442
617
470
1478
5648
2114
3847
1165
305
2307
5040
5352
2490
5283
3141
2927
1517
4180
1748
2528
2870
428
5659
175
2443
2555
230
4349
1105
3496
2229
4563
283
3804
5228
1851
1902
4346
4069
4443
2176
5642
2320
2768
2126
1585
4538
99
61
4911
4875
4042
2952
4580
345
3581
296
5183
2331
1939
4994
4165
3976
3082
985
1547
4781
239
1381
3488
4765
5679
284
601
4770
779
4988
1786
2546
1489
234
3438
2462
3197
357
436
1540
4780
3140
4230
1428
3768
3726
1206
3519
1637
5256
1016
4331
1318
4360
1814
35
5965
4457
4036
3915
4542
2791
1841
4674
2062
3786
3846
1376
2925
2704
4558
2207
429
3443
994
1958
1502
4873
2608
5871
3512
4538
4215
458
2580
2445
3730
3211
5336
4059
3455
2175
5964
4549
3498
5676
4877
4176
5002
5526
302
1438
4584
2477
2438
1225
3496
436
5211
3497
150
3213
5976
981
462
1647
621
4854
919
5769
4084
1958
5533
3505
5595
2808
1561
4165
19
657
5120
5747
5316
3603
4773
4548
2747
811
5643
5843
5665
3121
4827
3163
2969
28
879
4878
4245
4424
4393
498
5717
1647
2290
4981
2030
4
2739
5170
83
4016
761
1388
531
4467
5241
1351
558
2124
976
4918
1301
5860
1349
2158
3149
2180
5326
1530
5152
2791
76
5240
1616
2041
3316
5376
1240
4047
3194
2133
1826
5569
3436
452
5614
1778
472
4346
4998
1152
427
1714
1435
2919
1192
5755
1002
800
401
4647
1697
3878
5988
4432
3209
2249
5413
1270
831
715
5444
3108
5426
1352
5467
976
891
5587
5399
5440
2084
828
5600
5946
5191
4110
3446
2164
372
3076
3162
2459
3518
5867
1446
1327
5378
1666
5722
1562
2341
3998
4196
5313
506
5322
2619
5667
2685
1820
520
4847
2670
1443
3010
4547
2573
2460
4804
719
1646
4804
1821
1367
4169
4520
4084
1415
5858
3688
4838
577
1648
5946
590
1906
2699
5162
5887
1186
167
2815
593
602
1048
57
1013
944
1360
4662
4519
2030
412
4565
5679
497
4872
290
4788
1725
2442
2399
2590
3806
2466
3411
3734
5225
1564
5228
2044
3873
2702
801
4597
1669
2516
4034
5471
2614
4854
2961
5554
1319
3779
2761
2260
301
1677
5836
2441
1670
2784
3579
3574
5894
3024
191
5936
3772
1758
3269
758
931
3398
5509
88
5524
3977
5219
4914
4713
5922
4062
5065
1436
4870
3719
5344
4478
93
1916
5287
4228
2824
4337
1585
4316
4766
5920
3473
1677
2375
279
816
4652
4804
960
2366
1099
1480
3535
2803
3852
2119
3716
4368
5059
394
3696
5254
1257
5132
3092
5762
221
5333
356
4868
1653
4816
4027
1275
2482
3194
1673
3760
1745
3514
3335
4027
782
5511
5338
3877
4787
5243
3846
2587
687
3442
2074
2283
3633
350
3353
639
3267
3563
2233
5667
852
2714
2916
692
1998
2380
4988
2727
5814
4460
3772
4499
4961
2410
4489
4893
2547
2768
3943
3438
2291
898
4104
4835
4027
2535
5775
176
2540
2542
4259
4721
1790
4319
3615
3999
2068
4160
5030
3180
1070
3632
259
5739
920
5396
1007
1567
1936
3371
1836
1454
5829
1375
3070
2001
5547
5163
217
2107
2906
5828
4998
1939
358
5045
527
4432
5178
5243
5321
2609
5070
4361
3394
374
5447
921
1376
5550
125
2576
3657
1117
3272
3037
2368
394
1907
5966
1773
5811
4755
1422
1126
4253
4369
4495
2425
2524
5955
2864
2860
3178
3273
283
5579
4008
978
3326
5968
2799
3807
4243
1185
1665
4223
4318
1107
2225
5722
2675
4061
4380
266
3874
247
354
2227
5376
1137
4069
4818
5923
1072
3117
1571
3145
3155
917
509
5526
2468
4197
1657
2776
5338
3149
2112
1240
5162
4939
2850
1600
702
282
66
2707
270
4151
1358
1101
2459
625
877
3161
667
1628
754
3065
4206
961
397
1653
5007
5110
3488
4579
1142
3237
5134
1839
3514
2092
5951
5655
3860
2097
4337
2326
2926
2624
5289
1323
5834
5410
5207
3957
5616
1259
2471
2925
5647
2833
516
1376
5061
484
1527
4232
4746
1150
2957
4614
4630
5080
5158
1469
2146
4614
2538
4958
4444
2400
486
268
4612
798
900
1579
2803
4736
5257
746
5404
2871
4071
1114
3706
1699
3331
4858
617
5034
4177
1505
1777
114
2059
3239
1709
3291
2289
4959
5546
508
426
4181
5291
152
5384
2704
5161
4301
633
2789
2215
921
762
5512
5043
3801
3767
4511
1593
1663
5646
996
2258
5807
2929
711
4569
5142
4281
1326
3182
2664
4136
4394
660
68
103
4088
3173
1526
3038
512
3013
3402
5138
4413
2755
4584
40
4857
428
3680
5736
229
4282
3890
3501
3106
5194
1978
696
1807
5467
3143
676
1743
3906
3559
1989
4806
5275
225
4666
5440
2042
5070
1713
1134
3711
3364
489
2829
3591
3761
5587
2997
4591
2304
1106
4796
3380
3259
5425
5700
3654
5134
1731
4840
3451
2819
5126
1294
3567
1936
4353
4472
5305
3993
2092
4717
1641
4306
2319
5280
334
678
5235
5818
2772
4605
1524
345
2906
5181
4376
5411
3666
208
2617
984
3105
2222
5966
660
2310
2759
5512
1342
1703
1567
4280
5729
5511
2966
5806
1540
2357
5683
428
4471
1390
908
4153
4956
4961
4901
2529
5536
4067
2739
3161
5765
3065
4075
5681
3741
4547
4763
5858
741
1033
4693
103
716
1372
4916
4137
5582
2159
5036
4322
3201
4207
3858
2354
1803
3933
5701
5904
3870
2893
2136
5000
3409
1655
2494
1123
3597
1514
1904
4900
2721
2432
3453
5535
4114
5981
1471
4084
1714
225
4854
2457
971
5293
3795
5878
5945
1618
1651
3561
4417
2805
3926
281
2882
3182
3563
568
3175
1360
5594
2162
821
1811
3549
66
5399
2701
1500
2548
484
1359
3860
1077
5450
4459
5987
118
2537
1908
1202
2048
1502
5918
1343
657
970
1380
4902
3716
3231
3816
5244
1167
4231
4900
1064
2630
4384
2368
3742
285
3048
4333
5401
5562
2512
1566
3653
4745
224
3430
4870
2361
1880
956
1176
867
1822
715
820
5771
3769
1478
923
3808
857
1289
322
3277
240
3370
4394
5378
4449
558
3611
5020
1476
1289
4829
3153
2579
3373
4915
4632
1364
2915
2020
1316
3475
4120
5463
3538
2570
2222
1354
5880
544
548
5855
3165
1484
3984
3076
855
1029
4904
5998
640
4792
2048
5601
3410
3316
1021
862
2625
4741
4568
3833
1240
3771
5758
2373
891
166
4805
2607
299
144
1817
3460
2073
1687
2165
3840
3330
2486
1645
4772
1736
1584
3863
3763
4273
1912
3306
3849
2792
5503
3422
5192
3922
91
4563
977
4267
4032
3726
3420
4783
5437
4654
1123
1396
4038
2765
1137
1076
1850
210
1554
3081
2128
4611
5799
5857
2051
3239
4234
4897
5687
5113
3624
3094
5302
1289
5727
4118
3580
3037
5461
1557
4555
277
2930
1972
332
1628
5660
436
4451
2890
573
5464
4045
4262
3347
3735
4713
601
20
1905
2592
1310
571
5385
4930
2565
51
1793
479
823
3631
4948
3550
3027
4356
5724
1981
39
5380
4595
3862
4683
536
5175
1915
3879
3673
1223
3502
452
1243
1786
2191
3104
2374
4655
1842
5643
370
142
1660
2047
2590
2525
3578
4332
5965
143
2878
5937
2798
4696
2727
1463
1591
5195
3068
4471
3885
5092
3205
3772
3779
129
4359
211
2604
4379
4969
1087
1038
5683
3415
1353
5333
1895
707
68
4369
3427
1330
3022
5406
3188
1018
1699
2830
5545
4214
1676
1157
290
708
1701
864
5722
5628
2843
3458
4273
5325
2740
4877
2946
2069
2713
5402
4340
3212
2190
5477
1723
5374
499
4823
3646
5891
1315
3953
4035
4605
409
3843
1975
5022
18
3574
1050
2691
2317
5100
2854
160
2463
2530
32
3145
4436
4078
1512
3739
4816
2299
5627
2581
1651
5503
2120
4742
5866
5589
5487
1908
4514
2747
2548
3078
4520
5130
2355
3903
5516
5821
3406
5832
4388
2801
3650
4520
4077
5464
4872
3538
5164
2921
5511
763
3650
3991
2470
4327
686
5996
3935
3439
2748
3635
3071
5585
1691
1807
4155
949
5388
3690
3420
1287
871
3358
763
4197
840
4058
1463
38
1894
98
5139
5653
1252
2934
1837
5194
3633
5276
2585
1763
3162
460
3564
3700
1567
4617
2836
2152
3410
4071
149
1778
5035
4653
318
2885
4809
2105
1018
1084
1716
538
5651
646
3726
3518
3265
4066
4760
2408
1471
5171
3120
4221
2494
4353
2839
1356
5299
1244
1969
744
4332
1085
4182
2675
3937
1546
3797
744
5525
3558
4440
757
75
819
1315
1603
3045
1077
3046
1924
5223
3236
1714
1576
2458
1805
4616
3308
3037
3542
2829
672
2278
3020
5786
5858
1030
4699
4783
4332
3419
2217
551
2503
3615
5599
4935
1819
3101
3173
5585
1412
1699
4185
405
2610
3875
4556
3254
1021
2900
4521
5162
2595
1638
4035
1196
832
1939
5977
4380
5273
3760
3129
165
3333
3763
2767
1167
2168
1982
1319
5243
2413
969
5591
1228
4607
3454
962
3013
852
4958
1098
845
4807
3313
869
2143
1616
1275
3451
366
4962
2569
2745
374
4177
3355
3109
606
3662
3468
2815
3369
4977
3164
4048
3115
5090
2559
2082
5081
4468
1390
4012
2489
1694
4107
2952
2729
2822
3265
1074
363
76
1850
4047
4814
1233
2171
760
5032
3523
266
706
383
550
1264
2763
375
2864
936
2418
549
1360
1527
323
2738
1692
1382
2079
444
5031
3435
4612
5574
363
2070
5726
5264
5784
3703
4777
1233
4937
5325
770
2112
3231
5576
3417
1507
4204
3520
2693
2094
4190
4175
4548
5485
1191
5545
2605
557
3093
1580
4756
4020
5794
5682
217
993
3882
355
3470
3886
148
696
1491
3906
4528
90
2656
3603
475
3417
1710
3736
434
2424
962
3517
2081
870
3623
5776
2150
5304
1639
3080
2518
1857
2294
5557
2891
2163
1019
1554
1162
4607
3019
2839
2493
2057
2852
1547
1697
4087
2963
1191
3342
4216
3842
1622
78
2737
3186
4440
1868
5923
3856
1990
2859
2152
1799
4863
3072
4060
2019
2929
13
328
4397
52
5530
3321
4184
1504
5202
63
5830
2046
5431
2818
5335
236
4691
4991
3216
2586
5565
3152
5700
2242
1780
2330
594
3989
5915
3728
4794
1711
4897
4757
4381
3644
812
1470
2896
741
1185
37
4844
3731
5170
2570
3510
4788
4900
404
3990
890
5324
4997
662
4529
2806
4636
2937
5145
450
5988
2277
3617
4443
2346
1454
181
2901
1676
4033
3854
3683
4604
2473
1880
786
900
626
2641
1781
323
5320
1724
2573
4773
1034
3701
3813
5409
1137
4864
424
844
1191
5914
5727
1452
2390
5457
5931
5655
126
4976
4811
3785
5617
3554
3259
4435
5343
2087
601
5665
1178
964
1141
2500
3781
1333
4628
3262
4286
5278
161
3581
5732
2015
3617
3662
4231
581
5393
5187
4939
4269
4190
3679
4568
5924
1985
3501
5506
5418
3509
4609
5375
5333
5414
262
4858
1122
984
5783
2260
2614
1761
57
2273
1074
3732
5909
4582
1669
2891
1588
2349
5579
5040
3010
978
4852
3256
117
3454
2383
1933
1063
2573
1317
1558
287
2510
5666
4501
4911
2454
3197
4044
2758
1026
1353
1085
1316
4743
2853
1101
4686
3575
4254
4645
5160
1699
3540
3061
2863
23
1849
1684
649
3047
3606
4200
995
308
1016
5262
5546
3546
1495
3527
2150
1785
2584
2464
1552
1966
3848
2876
2325
5422
5880
1600
2322
1279
2009
938
5711
2610
3741
4367
4504
192
5708
5344
3878
4816
5416
1720
1661
2115
5784
4453
574
3228
2449
256
3549
4559
1539
186
93
4645
2383
4485
4327
1273
4999
2157
5017
275
701
4897
4747
5326
5501
2514
3885
55
663
4246
3516
868
3972
3081
5315
1583
3482
4482
1022
2942
122
5341
5098
4737
5495
4746
5704
1975
4705
2001
481
1372
4383
4623
2915
4627
4235
786
3690
5884
5640
2254
3210
5267
2462
4681
88
3909
5846
4745
1784
5535
1857
392
2320
2597
1586
3569
4476
5899
1692
1786
27
5059
2998
2797
5719
1140
1788
4037
5474
4836
5999
5186
5099
2690
940
5256
2768
1810
2761
4154
4078
1670
1899
2927
2787
1157
3766
2974
4709
42
2764
2412
3723
1788
4903
1167
5657
5397
2769
3725
1529
2626
4848
150
900
4822
656
4907
4833
5643
2056
1865
3060
2390
2926
4886
4552
2950
3446
3271
215
3545
1253
4219
3253
2618
37
1752
2109
3802
177
5968
4131
1594
880
3183
841
4819
1230
1812
3389
3155
2358
2778
1135
3333
3132
225
433
5979
470
2110
3079
3066
4843
620
5965
465
3860
2205
5192
4807
255
1073
1189
4049
674
4913
669
4397
2732
4793
5274
5791
2119
2672
3251
5733
5786
4901
211
3128
4363
2392
2136
4386
5233
977
2120
4278
5736
241
2429
32
542
308
5857
4426
4682
1744
3653
1592
3660
2492
1275
3906
4575
5792
1587
4683
3211
4405
2882
5042
136
1656
4767
661
