165
291
38
3
249
224
251
263
21
183
190
146
210
224
153
30
244
14
287
202
170
25
197
167
238
58
248
259
55
159
163
283
141
294
281
296
128
78
152
44
186
109
197
34
283
206
70
226
107
180
194
68
255
268
276
250
4
103
101
5
129
251
295
228
295
147
165
213
92
232
137
210
214
55
22
32
270
289
91
170
258
85
295
252
147
4
71
119
239
221
110
54
214
61
230
88
32
179
121
61
209
220
273
56
93
271
204
233
248
31
187
75
41
248
111
93
254
165
72
163
72
233
275
130
268
213
158
16
135
121
74
257
91
267
276
5
16
184
40
180
35
298
24
226
185
6
74
157
199
15
187
0
34
206
191
112
298
162
229
114
5
109
43
20
189
224
62
15
130
271
62
215
160
260
197
149
245
13
263
209
256
262
270
31
41
253
99
84
15
74
125
19
269
259
53
243
185
5
72
33
52
9
38
22
123
229
183
130
234
52
287
23
27
281
78
153
138
141
103
200
85
75
264
56
139
28
248
222
170
280
276
47
253
115
275
242
175
7
56
239
211
299
210
119
10
281
72
20
184
70
219
257
118
70
217
187
196
87
180
83
43
278
224
141
209
164
269
114
246
228
110
210
68
15
79
240
11
214
299
29
12
284
14
13
223
99
44
86
59
240
52
109
49
243
143
215
109
257
202
251
