428
488
299
98
468
148
167
215
114
469
376
354
364
5
407
239
1
218
135
154
251
372
157
283
78
355
476
440
383
5
246
250
344
456
352
113
409
437
317
12
179
376
355
436
424
20
298
342
19
215
405
355
95
431
174
272
140
253
182
59
257
278
67
261
293
148
484
492
237
107
83
257
419
305
481
154
110
489
218
158
197
459
263
253
281
201
286
259
71
490
485
102
55
324
124
3
28
481
269
271
281
18
250
395
254
435
322
390
96
12
448
163
70
38
105
146
277
267
448
168
355
374
489
179
128
38
240
289
209
170
25
46
486
347
141
53
316
499
394
410
256
253
223
306
455
335
111
448
411
35
281
412
459
183
470
307
312
192
127
214
327
104
126
472
203
68
104
383
311
305
429
27
73
429
155
205
252
66
428
295
144
322
404
86
156
82
444
462
359
481
190
258
192
238
281
366
56
27
408
345
378
444
283
361
243
114
73
167
332
140
462
321
486
361
473
42
481
322
415
140
429
383
196
237
329
137
78
224
217
466
472
136
39
341
63
279
430
213
249
25
409
425
495
392
63
34
293
144
235
205
54
168
482
5
30
172
101
72
465
434
122
334
364
319
359
19
475
207
335
487
250
493
168
44
273
162
430
463
220
141
10
15
7
172
27
191
31
357
158
324
154
392
120
272
21
414
350
490
325
347
436
54
68
266
320
434
414
37
367
242
492
128
258
397
456
102
266
381
287
411
184
485
329
233
57
222
251
470
71
139
138
332
439
347
279
404
31
18
379
129
246
217
63
93
258
274
42
422
289
167
367
403
485
130
165
266
99
306
385
182
339
374
395
434
391
151
296
328
185
145
324
444
223
202
353
161
402
431
282
342
343
104
426
267
371
31
340
131
221
183
143
350
126
294
318
348
24
216
463
457
388
162
265
408
191
59
185
306
380
76
278
364
168
222
129
14
27
273
164
216
251
48
13
234
67
460
496
43
286
396
431
39
374
30
58
426
108
251
23
366
490
416
51
241
269
100
351
204
192
244
379
336
441
159
328
23
255
379
289
87
318
237
360
382
136
276
411
494
356
161
332
441
361
275
249
21
168
458
120
81
63
47
383
376
360
42
132
388
249
208
33
428
118
77
47
239
433
249
452
468
