7159
6084
5197
1631
7704
2342
5143
1170
504
7982
6309
2856
4224
7505
5636
872
6098
1776
7586
6160
3584
3677
82
1905
2642
5919
3644
1644
6760
1921
4160
7741
5335
5306
2695
2742
3436
7573
1518
599
1243
912
7080
776
8626
705
423
1929
3711
8997
5327
5745
722
7762
6375
5178
2496
8492
4701
902
6478
3037
2964
5803
1382
2285
8477
8713
1137
7978
2335
5077
7049
3568
2740
6846
4490
2617
786
6084
1860
2976
8082
3768
2079
400
5688
2415
5908
665
8688
7224
4180
7554
5697
8933
3240
5538
161
4158
8428
808
4749
5928
6544
4443
8363
1237
4540
4892
4318
7653
4455
8296
6685
4139
6108
2297
5960
882
6906
4923
96
1382
8487
8404
4035
4783
272
8437
1032
4903
5783
4029
2621
61
3682
973
3290
5130
8060
6662
2233
3449
8834
7590
8557
5796
7196
6578
4604
7513
7013
3605
3899
923
7345
3991
8596
7093
1699
1585
8518
7993
2856
3780
3538
2783
8779
4761
285
8937
3702
2547
7470
5427
8905
5617
1862
8768
3419
6631
1735
3887
18
5540
7155
2796
7960
79
146
8475
4292
562
5551
6536
8106
2657
5832
186
472
6964
1040
1742
8814
5679
6674
6007
7202
8891
6532
4842
445
6965
1718
8232
1533
1116
4917
4189
1799
7240
3441
6302
5256
6974
5575
6376
5441
6248
6524
8386
8453
5505
6887
1388
761
4638
3320
5633
3047
4544
8299
2640
8950
4358
7268
473
1057
7504
5806
2026
7690
14
7916
577
483
2862
8378
132
4041
357
7385
1372
6734
6229
1093
6856
5481
8868
7469
3062
236
8813
5015
4484
6962
8672
277
5757
5963
1252
5712
791
5589
6109
3079
5097
4713
7080
3332
769
4671
2556
7987
5539
4446
4867
1200
8454
3396
4709
6556
6609
5126
389
4275
7603
534
597
7310
6624
2150
4565
1104
3783
4549
593
4743
5704
6757
1432
4696
3419
4229
8592
3743
5668
2226
663
866
5002
4717
6797
1921
1758
2937
5461
8909
4257
7508
8474
3058
8895
6624
8655
1698
6335
2412
6902
8015
1188
6995
1361
1444
382
8905
5719
6944
1161
1614
2983
5593
1016
4048
2600
4673
3266
3873
5153
896
898
6226
1348
3821
2364
6570
1541
1210
5827
8784
2840
5779
1864
2105
1712
34
7493
1398
4228
7667
1320
1797
221
7711
6643
634
5042
6231
8568
6585
6820
8447
1313
5307
8030
3188
7461
8883
1291
6756
943
8948
4267
1176
3857
705
849
768
3910
5152
8316
7971
1468
3836
6941
5489
5952
4301
2488
8264
7092
2326
6043
1039
8803
2667
515
4555
302
8477
5750
2515
855
3764
1964
6682
3658
7423
4678
384
2371
7363
8337
1261
5578
8062
3428
8620
7915
4351
7812
2951
5226
740
5545
7901
284
7390
5001
1196
2577
4589
7538
6989
5646
6940
3125
6483
8495
4513
502
7647
2713
2291
800
588
8581
960
2701
7354
2744
6194
5371
4697
8191
7934
2610
3579
3072
6409
6898
3958
1676
2038
722
5740
7241
2856
3851
1809
7572
3545
6059
3121
3323
6645
3805
5228
6641
4574
3061
7431
7274
1292
4465
3056
6454
7137
2740
3190
8059
5686
3508
4306
2282
1710
4043
4750
6588
8949
98
5792
8470
2532
5289
4578
143
4676
164
6146
7874
1563
5632
1121
6166
5376
7643
1523
7459
6504
2856
2042
4104
1395
6338
2470
1376
350
6992
4237
515
7053
2143
3747
3712
7829
7461
5654
7607
8291
4617
4913
1692
621
5841
6715
169
6675
7667
8227
8363
3752
221
531
2876
6003
4727
2718
5249
1293
3390
6278
2841
2606
8100
5934
3550
2241
955
1081
4136
4528
2081
7446
8524
2421
2252
1769
3124
943
3102
5038
6153
3125
1076
8412
1203
5410
8825
4364
5921
2733
2336
5373
5515
7859
4790
5382
5268
2780
8710
3223
1214
559
4694
6324
8214
570
5278
7390
3102
4274
8673
4096
649
8467
1524
4107
6929
5940
1459
7559
3276
1691
5435
5902
6837
7896
8642
3838
2239
4273
7626
2780
2068
1074
8493
6743
2276
4854
1299
2216
3577
6062
6942
3868
6831
349
5198
7323
7577
7086
4825
6864
4598
7826
5858
7197
5635
5258
3714
7899
4666
4165
444
7611
1888
2726
6938
5588
892
1550
7198
137
6482
8273
4363
7758
3936
471
7345
6655
2520
7994
2607
7565
4180
3583
8738
7558
8008
6587
3412
6448
2673
5275
816
6153
8932
4056
4122
3542
3457
7501
7236
5367
8085
4342
2698
3643
807
4175
2455
7917
6010
3230
7616
8050
7569
6302
4583
4997
2674
2665
3482
6681
8321
8697
393
1531
1293
3899
5959
6322
5519
7264
2056
2604
3974
433
705
5438
5736
1295
8076
1495
3603
5405
3922
4393
3058
434
2131
2110
6043
4278
7890
8555
1837
4761
1036
4147
902
8395
3639
187
2979
5715
2494
8245
1561
5983
1706
4763
2967
116
7893
8626
3855
3603
2736
2321
6938
8248
3125
1844
736
3720
5790
5537
3905
8679
980
214
5909
532
7588
4445
3615
8201
5284
6878
8353
4650
611
527
2561
3089
8902
2754
4761
4268
5606
4771
1461
3636
1031
2637
997
3770
8156
6360
281
3200
7494
8984
2692
882
4348
4013
7826
7103
7275
1747
1803
8912
7526
2662
1641
8411
6226
859
4118
5772
2496
6309
6919
945
1110
6683
7317
5121
2671
4723
2522
3216
7181
2101
3024
873
2073
6078
3557
1809
4194
5576
6739
1892
3169
3130
468
4126
5381
2873
4570
8320
7930
1803
3020
5436
365
6395
3781
2527
34
8126
5519
4107
4070
8009
5757
8958
2129
3821
4582
7634
1443
2416
2964
410
223
8977
5596
1861
7756
5248
3281
418
6544
4576
3441
7481
2608
8345
2377
2938
7555
1934
8612
1740
1069
128
2695
7963
5830
1237
5024
751
5738
1785
5036
7398
8436
815
1047
6965
6963
1836
8054
2928
5015
5776
4561
371
820
7873
5101
5220
3077
2750
2862
8432
4188
3438
1657
7342
8702
6963
8983
7172
6556
4022
2909
1884
315
8943
784
5514
7165
2808
1559
1253
265
3048
545
5351
437
1703
4549
1867
3492
3619
192
6634
322
6534
7432
5546
7107
5553
7655
2796
8292
8682
4876
976
6082
7445
5684
8423
4631
5426
4518
6589
8515
2699
195
3257
7302
1519
5004
1074
2827
56
4342
2344
8081
3150
8792
2819
339
7878
6141
5700
351
338
7557
3263
8588
8494
3166
3377
2908
8772
3896
7964
6921
3837
6397
7844
4124
1381
3143
373
4384
1089
4636
4587
5
8568
3877
3542
1913
91
7268
7544
1241
6003
939
492
5069
3757
8426
3564
1817
6820
8640
5151
1687
987
4203
5501
4890
8029
7754
5529
6630
8891
2079
6690
2667
2729
8346
2805
3953
2950
8049
5627
6189
8719
1068
2483
5457
6479
5924
7931
6825
5868
51
7552
1361
1504
8927
8576
3029
7563
1073
6280
553
8306
1098
4799
4607
1230
3956
7542
2150
5891
5038
3250
8231
1075
4482
6984
4819
8959
769
3195
1649
4961
6022
133
1196
1121
6415
4216
1232
5602
4263
2112
5477
136
3969
4951
1404
4841
144
2716
5038
1389
8089
3241
1708
4995
7362
223
361
5241
4764
3368
6364
8623
4771
6097
802
3401
3606
7290
5432
640
5090
2867
4630
2515
3705
5453
2639
1743
2143
8699
2724
1016
5301
8971
6288
4875
2015
868
5310
130
6353
5037
7151
3090
2750
128
2704
6861
2512
4058
1977
4407
2972
7927
6528
735
1340
3286
4987
6572
3712
4839
8884
2497
423
5837
7750
518
2071
8164
3606
5597
1764
8223
7014
7230
5045
7326
2355
5815
5610
6275
7477
2844
5177
4695
3999
6511
5264
7046
4500
8180
6029
2452
4498
923
6746
6858
1891
7826
3716
5641
477
759
4218
6986
2668
2239
3234
6647
5101
3374
231
4514
4987
4843
4863
6000
247
1119
4649
3497
5728
3450
6668
7286
394
4970
2802
5703
1242
5650
8995
841
3223
7355
8982
6441
4053
5913
8754
4152
1284
28
6131
3338
4197
5664
5024
4636
5628
148
8585
2146
8608
700
7871
4890
8928
4627
1795
4944
7264
1385
1040
959
5777
4909
28
8457
126
287
6833
3939
7970
6573
6243
4920
8599
6351
2578
8641
6690
8473
14
5357
7027
613
3362
3803
3712
4810
1298
7313
944
8861
7822
5431
2989
7466
7297
2590
1163
671
4107
5414
6357
4037
8361
8344
5574
3412
8831
57
165
4722
1948
1432
1674
760
3523
5301
2902
3602
1682
3853
5279
8368
3491
6462
768
7525
3856
1939
5103
5579
1571
5716
1399
7881
3779
2870
14
1147
4139
4618
3465
2332
2909
757
1276
8883
980
8724
3926
383
3295
241
456
6399
6761
3838
2462
6907
8781
4285
8646
177
8806
945
926
3501
7629
3365
6282
8000
956
735
8355
6667
3655
3337
7419
2472
4218
6356
8436
469
4597
4000
920
1302
8413
2269
7499
6943
3468
2399
1149
507
6296
6850
5812
2931
8337
8754
3783
2094
4004
1348
8549
4265
7293
1447
7859
4580
4713
4369
7220
1457
1281
3832
6842
6273
1082
2893
6939
8821
2314
2750
2216
5638
1965
4193
1159
2521
7797
2096
8088
4147
6312
8974
4364
1156
4683
8964
25
1635
2029
1544
1338
7319
5942
4594
7363
3692
1750
1148
267
1850
2994
7606
6386
3302
8809
1516
6714
915
8236
3404
1914
8377
2556
1183
2420
8056
2238
1412
5528
2369
1089
2531
7050
6201
7312
3589
5407
8147
7635
2621
93
5817
4296
6603
4336
8927
8743
2997
2296
3764
7747
8426
3360
5981
1724
5821
5618
4224
3705
1794
1565
4922
8114
8472
4840
333
3004
1307
5857
5730
5142
2373
2526
679
7849
8472
7005
6741
5900
4770
8287
7752
3389
6646
1943
3196
7331
6539
1352
6504
1000
6739
6932
5538
5620
1930
2473
5983
1445
73
8901
2037
1155
5022
2619
8287
6919
7586
5942
6860
3140
94
5650
6828
838
139
2242
5904
2254
3181
5651
5837
1615
187
4448
141
8659
1829
5087
6522
7327
3802
6440
1495
6270
6710
7774
2149
8352
7604
1686
2871
5011
1869
2021
1563
1442
1573
6806
5206
4337
3599
3368
3138
2595
4869
4757
1022
8547
6286
8791
4194
1670
6707
3774
4326
5954
2991
1997
7878
3464
7995
2258
5148
2164
6772
4035
2130
4805
2898
3446
2586
8040
5149
6769
2652
4271
558
1609
3539
6295
1215
7182
8580
4919
7472
6242
6844
1180
3623
1282
5726
2242
5307
7629
6429
740
5317
1778
8476
6260
5228
7199
1096
5863
6620
8060
2486
5511
289
8141
3918
772
5598
7062
3579
709
6556
4145
3510
4168
8153
6907
6343
2745
3368
1876
5672
391
5550
4005
4749
7218
6720
4492
1195
2737
5598
1075
8804
6952
6060
1079
2541
4622
7813
7852
6740
5148
8844
7318
5025
5642
8513
2210
8039
3164
1717
1739
8095
2977
4714
6600
8754
7708
7697
162
201
8563
7217
4372
4315
3165
3905
7339
626
5377
5338
3973
1234
5233
956
5990
7871
1509
7492
277
4426
7828
3542
5917
4087
6958
1549
7047
8598
6493
7652
29
5925
8881
1392
2601
2894
6626
2580
2708
7282
5696
7512
5435
4106
5719
8552
1940
4797
4815
8612
110
2227
8663
2385
2886
5844
5993
1571
5598
8894
4545
7317
2616
5202
3687
679
8944
8730
3972
6258
6959
777
4024
2964
412
8758
186
8115
7237
743
3282
6007
5355
2646
6112
4232
4931
8330
8703
8456
2697
3333
7116
1551
1599
93
3216
6386
1868
3898
181
8599
4255
4467
6726
3400
6954
5493
7150
8209
4740
3521
6962
2344
215
5064
8147
7720
920
6917
2284
5745
1636
3872
34
5895
5879
7971
801
893
8368
7234
6683
7135
697
8428
763
1225
1579
7024
7072
7976
70
7774
5477
8226
1157
1308
5757
8092
424
753
8228
4072
2155
5289
4544
6697
8436
2742
1174
4285
2242
8623
2513
8309
8289
5728
4438
356
4225
8069
8467
154
4638
804
3710
5580
3875
182
8049
1617
7696
5698
898
4075
5642
3711
8425
3144
4569
2091
1491
485
8653
6356
1396
5198
3505
3586
6145
3212
3026
7616
1155
2235
4257
8261
2560
3687
5492
3403
1947
4227
3339
6396
6620
3637
3333
6091
1602
393
7107
22
7676
8705
7860
7262
6639
8350
6048
8360
6601
1021
1577
4428
6317
7201
2811
6063
2576
3104
2508
6495
6968
7613
3021
7914
6860
3938
1521
7371
3973
3024
7757
6771
7204
7453
8709
8128
5246
64
912
2340
5202
7131
3945
3365
980
7381
5983
284
2921
4564
990
4556
602
1436
2108
58
2334
14
7000
4651
8200
6704
3724
206
3136
6501
1219
8206
3901
2161
6573
8212
6216
5210
5720
4456
4428
3558
4329
7697
6297
1470
1968
769
8655
4988
5809
3230
856
7710
6639
4974
8951
1294
2227
3650
7772
7949
7994
8293
4649
7876
788
1322
2447
4527
6441
2264
7281
7238
1238
1515
4362
5737
4365
8639
5299
8784
2963
2635
5692
3140
5130
1840
3212
7638
823
1605
3852
1417
7326
6481
4965
6078
4689
5427
5210
2173
536
825
8496
5410
2122
3420
6705
2692
2729
876
5096
1853
6788
1085
2840
198
1805
3566
3493
3499
4923
2537
8843
7686
6467
8020
3173
8851
663
788
5726
5239
4472
5528
388
3182
7184
7937
5314
6544
2504
7652
7620
3191
2752
6720
5989
6679
3397
5483
6717
4946
2044
5756
367
8239
3005
2732
2846
3566
8011
5679
5047
715
5231
4096
4929
6653
380
7014
6409
986
8910
7953
6442
7377
5236
8056
354
4635
7100
1283
2488
878
1325
8928
6114
3184
2704
8413
1899
6269
6664
3072
8232
8092
2176
6038
6715
5860
1771
8422
441
8959
4255
514
5847
6360
3835
6761
6114
4702
8992
147
6403
4893
1187
2811
6737
8557
632
4490
5024
3545
7050
3677
6063
3991
2007
5029
5503
7007
8585
3487
4200
6233
8447
2824
8734
7991
5226
1759
6848
8172
8155
7831
8841
7937
2666
2383
2695
4114
3385
6863
6521
8953
1895
4441
8350
6790
6520
1874
3528
177
1281
8572
7744
4934
1402
6305
7483
492
7021
4598
2889
8114
1234
2961
2286
1174
2773
3249
3130
2100
2967
5977
7059
4743
5400
7176
194
6799
575
1752
4931
3871
5608
1896
2965
3649
8596
3577
3714
6849
2071
5609
7473
6755
3922
7519
8295
1825
4944
8869
4524
1909
3934
3739
7185
6088
4020
421
5431
8260
2744
3227
5018
3188
3657
7169
629
1054
4569
7346
6119
8906
1580
7334
2108
1506
925
2173
4582
7862
5808
2095
1506
1675
3250
1545
5119
3199
5716
1414
7376
3195
8703
6008
8043
317
449
2137
6218
5314
8165
8515
1615
5852
1849
7679
4685
4197
6537
7278
4761
7033
1153
5554
5439
6393
6479
8800
5705
7409
3999
4125
3763
5191
3656
5170
3593
7374
7276
3605
3841
5343
3668
5317
1437
115
3178
2698
3105
2464
4424
254
5900
501
8990
7452
1449
1379
1969
8372
6124
6386
4967
5943
7914
3381
7263
8909
4833
8067
2164
1185
1126
315
7603
2910
2854
7531
8922
1041
1108
4125
1744
5514
4025
1407
5932
1624
5882
4861
8965
4471
4931
2661
7256
8705
7281
6551
5488
5686
374
2543
3512
5049
117
1096
6444
5642
2005
3919
4190
849
4266
2537
3236
4877
8750
930
4534
7897
6615
3307
8541
8952
4803
3647
7407
7845
5350
1610
2303
4137
4516
2007
3834
1713
4274
2564
6108
7835
4934
764
4689
8502
1719
3225
4343
5188
1950
3499
6912
6061
92
6130
2990
3080
4198
7612
5239
7256
1308
1131
7016
8617
7359
4334
2926
3693
176
922
6872
7952
2933
2765
5271
5508
8774
6432
3855
3194
5158
4094
4552
4190
2797
3236
6733
2381
4954
4143
8189
22
4902
3133
7512
3978
1044
8401
2257
8265
5516
415
1138
8034
2726
2903
7630
663
6772
1713
3791
5963
8953
1878
8439
7881
3277
3847
2100
4306
8810
3925
3357
2394
1785
764
1945
6216
101
8356
1359
4561
3906
3637
3047
7943
318
3910
3799
4939
6293
7394
2883
2044
2587
4097
4172
490
6137
7270
8224
6676
739
2002
514
4410
5913
4812
6816
56
289
5419
6803
8880
1565
5538
340
2875
144
6846
2833
4291
6572
5063
4822
8808
5384
8592
905
5333
3341
4125
2038
542
3263
6353
6825
8689
5785
1225
1201
7518
2993
4401
8233
6468
2587
6480
3707
1609
4369
3306
558
253
1487
3634
1046
5948
8836
6242
7922
2190
429
7993
5320
6821
60
7903
525
8634
5166
7240
7785
2141
2491
7626
4574
3559
6022
7829
4642
5157
7243
1975
1506
3443
4576
2697
5878
5507
7828
657
6588
6769
1285
6860
7972
5812
7310
1544
2018
1355
8981
5331
3090
7121
3818
4164
8942
6006
4139
652
5883
324
1964
7992
5114
4867
988
1238
1082
5953
3443
154
8730
3418
5448
5884
1220
3671
5327
7351
4173
1390
5759
2240
4234
5750
7210
5697
3140
710
6725
4705
6956
481
5831
2242
2793
3367
6871
5191
5846
2843
1718
1048
2409
1612
6347
7947
2166
3419
3653
4649
7442
2864
4323
778
2875
3489
6216
6230
3213
3385
7282
4185
3007
6496
7369
3697
2276
1332
629
5711
7990
8988
6752
400
6893
6581
8426
3999
4556
2771
7715
3377
8940
686
1884
7749
6858
8734
542
4318
6820
8028
1724
7886
8090
582
6933
2512
351
1503
2921
3386
7366
6289
3397
606
6001
8351
177
1779
2436
3988
6190
3957
3720
6226
5341
189
2644
5344
355
4726
318
8531
3496
5062
687
3239
1503
5812
1941
6970
3640
6365
4146
7645
2081
2677
8137
6696
619
2916
7249
1841
7104
3398
2985
1345
1987
2903
3723
4811
5064
4778
7534
881
7450
1220
1684
3229
8979
4001
1338
7449
8518
7170
2398
2364
4912
1962
7986
8442
3965
3580
5998
3174
6231
27
980
8655
1938
3597
773
7596
6923
6725
7673
6164
4118
3619
988
2542
8590
3171
780
3170
2063
4383
918
3707
5327
8017
768
8274
7787
4936
5513
5008
3167
8982
5933
8015
2973
1037
4661
1214
5111
7404
5027
7959
5751
5178
1242
6382
7099
8741
7580
3904
2590
7766
3054
3741
3257
6565
3526
5420
8737
4781
285
8994
8458
1148
6967
3679
7514
5666
8670
4621
8624
1723
1166
21
6826
5434
732
7960
2606
4787
4560
4207
6064
7797
7954
3351
3011
6499
2961
3308
3403
1102
4189
7121
4718
7993
4550
8610
1187
4896
2286
7462
2546
5269
3537
1828
3947
3968
3893
8856
7427
5307
4916
2098
5089
4343
4934
2484
6039
4079
2420
8574
2252
6479
487
8008
6782
6352
8655
8451
4701
2643
1600
3260
8994
3919
1638
7046
7398
7601
2257
8771
343
8519
955
1359
1525
5561
86
5201
3347
5172
732
2982
2657
276
7574
564
5447
7774
3061
432
6843
5511
1575
4828
275
7804
793
464
4095
504
6300
1716
8333
1403
4706
2208
2680
7069
4191
7737
7787
2287
8772
992
7822
745
7438
1119
4419
2990
6541
8211
6251
8057
8473
617
426
6874
2327
1551
5889
2744
4833
5136
4386
5981
2500
2602
1589
105
8387
7704
4473
4348
2649
6647
2679
8739
6275
6688
4384
8765
4891
2793
3135
7291
4705
232
5073
1683
3212
7581
5865
5984
190
8114
440
6415
2486
6969
2281
4951
5335
27
8851
6966
3030
6353
6391
4093
2273
6288
1930
5871
2082
7422
244
2491
8683
6587
1806
4611
3531
7879
5155
8177
1654
3326
6701
7325
6707
2154
2664
997
8191
1421
2636
5402
6384
6544
828
6338
8276
7453
699
624
6319
7966
2486
2020
1450
8937
7388
1960
2713
6681
3875
2744
6797
8505
3436
4164
6760
5911
4398
8070
4424
4426
7592
4667
4770
6154
6584
4368
2248
6451
6705
5067
1805
1229
6209
2218
3364
6835
5368
3987
8873
3278
100
6378
2487
1166
6794
8040
369
3740
3151
8806
5388
4463
5948
2430
1545
6009
3736
1258
5153
685
7807
956
5232
8623
2480
5065
4852
2568
6941
2371
4095
3564
3795
4257
4616
5906
5217
589
4537
4847
8486
2186
7449
5143
7643
4007
2857
5970
6495
1101
3523
1463
8297
281
518
8600
4448
1038
4870
1737
2151
4490
7545
7910
5836
8035
6316
3384
8415
1550
4380
7619
6024
6100
7561
1311
7105
4338
8757
7777
2723
6699
1018
1590
4228
2212
4312
5963
7701
6611
6142
332
7346
1061
2384
1855
4859
6859
4615
6692
8224
3376
8127
588
49
1554
1346
8098
3731
978
8161
858
1270
2162
4154
3141
1675
2666
8709
5662
3283
3438
1096
6940
1379
6376
3939
1485
5108
3645
8638
6523
4894
2135
1278
8965
2628
79
3862
485
315
7964
8370
1497
1365
8820
2023
2192
634
350
7070
4331
2078
4690
7232
4862
3597
1702
7028
2090
3794
6333
763
6440
5111
8222
4268
7252
7887
4599
6803
6339
63
7523
2788
850
476
1639
2997
4084
1726
5125
7170
4376
7017
5611
5834
8133
1396
532
1471
43
3458
4320
3219
3176
726
4058
3885
4475
2788
6694
5515
4072
6435
6941
6554
6024
8382
598
2960
3565
4473
4203
5691
5575
4601
7237
5818
2910
8452
7989
3361
1604
2208
3649
2874
5678
4448
1774
8854
799
4368
664
2148
8201
7273
4155
2320
3769
8152
5621
2581
1837
6689
7955
1925
693
594
7437
1924
3428
570
2550
3093
3825
8944
8731
6868
8718
5375
6072
5619
7172
4831
7513
6624
1337
4127
8756
8996
2408
1142
4833
2702
1195
4434
8562
3005
6318
4088
5301
340
715
1801
5699
632
6854
8941
8828
3558
4717
7433
4529
7071
2526
7148
6158
2093
3789
8384
6114
2927
5904
2604
7948
8536
5832
5782
268
6382
1350
3334
5675
2727
8952
6349
3416
1478
5223
476
5279
6130
8366
2986
3904
6775
8537
3469
5314
4558
1776
5825
6026
8111
5302
5910
2644
2976
802
1763
8828
7213
3961
8537
4218
5263
1934
2579
5896
7754
5240
1921
1161
5237
3526
1308
2303
2302
3473
620
6721
2278
6366
8173
5919
4432
8702
1679
1172
1240
1188
4564
5215
7326
3259
4877
5422
5857
4354
2750
3047
168
8125
2304
5212
60
6680
7061
7347
7193
3898
4294
5823
8411
1732
3712
438
7574
8133
5229
3600
6869
2659
7446
5865
6220
3480
7958
1051
2561
4367
1194
1571
1389
1785
2509
837
5625
8736
136
783
6547
1336
7454
7656
2952
6661
8662
3539
835
5621
3386
484
7772
8074
3980
3181
3708
8124
391
5885
8076
5625
2827
6518
8533
5690
8939
1377
914
6907
7409
2569
777
622
8890
6080
5385
2094
1211
4202
6342
1035
1754
5980
4895
2046
7346
5824
8937
5434
5198
6240
1476
2765
6030
2381
179
5786
8767
1099
8865
693
5909
5698
399
7458
1580
5220
4338
7378
8716
7174
7617
1530
6699
1741
2084
6330
1900
3478
703
6599
8581
6553
1902
5838
7694
419
5739
2870
2997
2407
8636
3312
6831
969
983
6982
2857
7
4719
7733
3444
3107
4664
3896
1351
8137
8965
6394
1207
1178
8500
3760
5761
6219
4823
6201
6047
1349
4763
7130
1521
4937
6237
8226
6451
6432
8688
4863
6197
3172
5435
6084
7600
3599
2488
5912
355
6974
8728
651
7637
2473
7737
3495
1534
3554
6385
5625
1814
1495
1884
6363
6119
4702
4130
2879
6702
4132
5164
3282
4987
4345
8836
1266
539
6156
7692
7013
2803
1583
7223
8216
2733
8662
6636
2897
8943
2530
8922
1178
7758
7484
7421
2659
7322
1176
6365
5290
6939
8072
2231
2369
929
8945
7325
7492
6153
775
1409
4621
1667
4648
7256
3446
3776
8703
1305
346
4793
7999
4428
6849
2547
6001
2495
2655
5223
2789
6868
4927
3430
5041
5230
2193
1817
8649
1162
1781
6262
147
3955
2010
5790
3525
7550
128
5004
542
4412
2350
6640
917
1141
233
6297
4010
4625
10
1274
647
3209
555
3979
5499
3653
6902
7664
5723
4031
3169
8766
1365
6221
7609
4010
1530
2068
8434
6748
4175
1879
4201
4440
1057
2143
4967
1973
4458
6133
6746
2902
4724
8338
4289
4215
8617
3879
4003
7386
5453
7793
2069
5862
5129
740
5079
2721
7076
2976
193
7028
6079
7529
6399
5197
5438
8536
278
7578
2158
4559
3218
4417
6984
8394
8166
7068
8552
6065
326
7234
4730
4354
3404
5497
3522
2835
1630
3463
830
1989
4736
3785
714
6556
7020
5338
6287
2706
5466
8500
3018
8068
8429
2965
5389
5829
4804
8681
8052
5670
7186
7853
5382
79
4067
5820
7813
446
5315
1530
2668
902
1828
2445
6812
5436
1779
1444
1202
6979
6320
944
4169
8439
7561
3487
7784
2262
8162
4735
8704
547
698
4079
1429
5260
8981
8457
6174
4691
610
6660
2298
1697
7648
4487
4976
5078
1874
4927
4483
3774
4052
8273
3264
1061
4072
6835
4006
995
5562
3460
2169
5723
7060
4844
7499
8181
4782
3918
8552
499
8078
7987
6084
7041
2321
6088
2011
4157
6571
2431
3020
2622
928
5683
963
5858
4207
5420
5234
5903
2464
1875
1051
2819
7858
8048
6100
4190
2275
3751
7688
3829
4701
1304
486
6314
8145
4782
8080
5126
2579
111
8122
5217
6258
2546
293
8161
8538
4384
6559
286
5920
4704
6697
7790
1593
830
3293
5124
8448
7766
1873
5170
3970
6130
4700
2216
4615
2972
8780
6981
3407
7821
7426
3498
1830
3971
259
1630
2078
5289
1979
8916
4415
4424
7104
8193
1158
1643
2161
2625
5855
8505
6393
7465
6720
7956
4971
2767
2596
4078
6747
3349
73
1819
7447
8125
8167
1385
5393
6710
8093
8452
6250
7165
6041
5030
5988
5015
5947
5947
2091
2874
270
1691
2282
4316
6901
3585
342
3075
1894
5032
5233
1763
3182
1558
2685
2510
5961
1152
7834
6373
8659
7980
2630
1205
0
54
3608
253
989
1242
2153
3564
1049
1112
2952
5479
2019
6614
6841
2904
6329
5751
1401
2178
2162
1121
3088
2952
3841
4396
2299
5622
3030
151
2325
8768
2915
8076
7169
6478
6928
8020
6983
5225
7819
2845
3080
6375
6655
7231
7400
2362
544
126
4168
8327
6329
4146
8700
5153
7370
6858
3759
7766
3161
7255
4921
2386
6747
6893
915
3207
8279
4220
5007
5566
5072
7901
5118
4335
4453
679
8447
4277
3927
5714
6185
6797
486
8155
7206
2940
7864
7661
3236
7504
5576
7321
120
2007
4126
7756
6153
484
4528
7439
8998
1696
7541
3220
2182
4932
2730
6044
4107
3157
1019
3461
5777
5408
871
1321
3896
2445
4256
3170
4131
1897
7334
9
1221
6755
1584
6581
920
1632
2494
5697
3849
7113
1773
2143
6283
1986
2784
8120
2606
6782
7271
8781
6836
4374
4983
5527
5704
8960
2958
2995
7275
1220
3632
4842
2900
6698
59
45
2091
5983
260
4661
619
7239
3085
3520
3810
3244
5067
8184
4238
2028
2815
1309
7797
5585
8409
1619
601
2353
996
5150
4486
1574
3563
3450
3577
6352
8862
4111
5560
2886
7656
729
4680
8060
5528
253
7702
8558
6817
3144
1286
971
2656
1362
5633
5501
779
2063
8599
7996
4337
1294
6625
8730
5801
2083
2889
1137
1482
3519
968
4633
4292
8615
668
7966
6474
2818
1949
7270
6485
2123
7858
3687
5982
2967
5332
8167
1703
7928
6342
6957
358
6240
3407
973
5159
2130
4455
1570
3333
3225
8626
5555
1933
8988
6123
1287
5216
8977
2872
2197
4874
4246
2630
8517
5659
2760
2041
7010
2778
6330
5890
5761
6801
3735
574
6178
361
7274
5934
5109
5931
4450
8344
8097
6831
1428
50
8789
3125
136
5350
8377
4062
6446
3142
5727
5502
6697
5237
531
2536
8361
224
7354
4997
2263
5767
6182
8331
57
2844
6743
8759
3269
7439
5222
1670
1778
2219
8571
4293
6706
281
5870
3571
2116
3767
4346
6136
6631
6428
8534
3029
8912
2570
8757
1975
1828
713
4613
8761
7489
5604
8580
7765
8574
7547
4927
2734
308
2524
3508
6085
5284
3510
6551
8615
8207
6059
6394
3927
1405
7417
5782
3013
1797
638
3694
146
2995
6102
6730
3191
4255
8939
1473
8297
5818
3135
8439
8555
6132
296
6054
241
5545
8312
4033
644
1098
4360
7932
854
7407
2697
5495
3596
410
967
777
571
5262
5187
2841
4368
5543
5731
1240
3729
476
2704
5635
7897
2687
2211
8684
2524
725
5964
1567
447
560
257
6802
458
8809
3328
6790
3062
7283
353
5915
2749
2700
5083
3487
5658
4884
3009
799
6054
5704
1217
6734
7884
3760
8401
354
3458
7748
8766
8318
1964
4270
4594
2250
2022
6336
4369
2495
6286
5590
4521
678
4100
4374
7611
6736
896
4740
1386
6016
7238
7010
2223
6509
207
7333
8487
900
551
6418
7737
5082
7647
5287
4272
7582
5175
7295
1209
2853
2146
5941
2977
839
5509
2818
1367
8247
2293
89
2553
8640
1532
2415
4966
5939
6792
6568
8183
6445
3480
6372
5291
5965
4948
7793
253
4948
8504
4026
796
5772
7404
8213
2767
7107
2259
6459
7330
4857
3974
2360
898
3788
6301
4274
425
805
1057
7670
8127
4107
7481
1981
2701
574
7831
1902
2943
7918
6405
1614
6061
1498
1297
8594
406
548
4851
6325
2242
8633
2319
2589
4753
5910
356
1703
109
191
2344
4835
3202
8353
3221
3130
5374
1687
6579
7163
5064
4778
5355
7014
6361
8528
6006
7952
4769
2807
6576
2477
1920
8932
7996
875
8947
6084
1093
5906
8662
5035
6767
4418
3972
419
8880
1590
6200
7316
8038
7356
2446
5378
837
1798
7292
8965
7005
1906
7702
2601
6902
2301
7003
5797
4690
4703
8098
6665
8309
8456
4872
6024
3347
3553
8745
8509
6894
5861
1007
7386
7458
1621
7124
8940
8624
4426
873
2450
771
3446
5041
8412
1210
2836
4325
8305
5922
6206
7812
8912
7408
7124
422
7688
3920
6330
1429
1571
7188
7371
5401
8549
3117
3017
7239
770
5895
8151
7925
7190
8364
2782
8244
7174
7280
4763
4370
7379
875
8769
1963
7039
8176
3427
8060
2496
4266
2378
7500
8561
6086
6676
4152
5680
5537
1990
5009
5986
2414
8432
6291
2210
6196
2102
5853
2033
7834
4624
2016
1944
7296
3463
5589
2985
532
2607
2272
8747
6669
7356
1595
3651
4471
3837
6280
103
5851
1150
4151
6447
8842
225
2720
4109
5847
6620
254
3219
4486
1758
6689
2211
2813
6986
4110
8041
901
686
8532
5509
5452
198
2901
2613
4203
3793
8871
496
4399
8614
4966
4693
1158
727
4888
7225
4472
5810
4869
2175
7848
5161
4825
3713
2525
5496
8968
77
3393
4651
844
4419
4837
5914
7358
8275
3447
6045
1447
4868
5353
4713
3921
6687
4575
3341
6319
4818
6981
950
1237
2016
7227
21
8686
3046
2814
6011
8440
1552
7307
4771
1974
1057
2939
1557
7082
6210
5718
7203
2972
3881
4877
4908
1964
8083
4152
5807
3264
1269
5616
3786
3690
4796
2491
6815
8874
261
7370
4287
2619
1430
5560
1233
2548
7594
2809
3227
1693
4844
2956
3201
1764
2291
1423
6076
2515
7828
8254
4497
1720
3110
4831
1562
281
566
3333
3194
7921
6954
8390
3626
268
1586
7083
5665
5026
2075
6548
1104
7940
4046
7798
2795
25
6669
5395
939
2298
6238
1707
4632
7162
3712
6228
6996
2364
2697
7588
8323
6816
5002
7102
438
2446
3466
3209
4335
4078
7151
5753
1415
5113
4948
5335
1003
2591
556
5820
6637
3614
5525
8918
903
4955
6639
5964
1562
1665
5611
3604
3004
8539
3121
5342
4864
7303
7529
7733
3176
5002
6563
2162
3781
6858
131
668
383
4411
3404
4168
4736
8874
6437
3808
7370
1831
4008
4628
7129
6347
8871
6722
75
4710
8594
1522
5388
7451
3243
6539
4839
6602
75
276
254
6322
2397
7648
5474
2177
3671
393
8662
5337
3650
2239
7470
3506
4103
8406
1677
8398
8153
153
6715
2540
4713
6350
4502
3748
8924
2624
5632
1476
4153
7947
806
4813
967
2120
3656
2581
588
4317
4996
929
5328
8143
3589
3607
4463
902
2010
2486
8653
1566
3081
2082
91
1534
7369
6912
4176
4031
3375
8506
8996
3643
3200
6431
5502
5887
8662
186
7413
8230
8430
5789
1675
7131
5813
6683
5229
2074
1131
5479
2703
1772
2376
1596
8500
5590
5299
8401
3771
765
8193
3128
1462
1152
8386
7812
4300
5993
6847
3277
6142
7593
6984
850
2119
1231
4826
7985
4492
3573
3277
4621
3194
528
2316
7213
4247
41
6454
5317
4017
2685
3337
1043
5243
5789
8326
961
2926
3675
2119
6562
292
8906
2893
906
5616
7448
982
8926
17
3915
2540
2189
3620
213
2145
2962
7657
1909
1022
1983
1198
8139
19
1567
3240
4512
6113
2416
1361
2920
1739
204
2715
8373
5698
8363
5162
1633
4303
6254
1559
8999
8332
7338
792
2903
8452
7142
493
7700
5385
427
8518
7636
2556
5560
7393
7419
3758
1823
3391
2700
3365
2472
2382
4870
1355
3231
8017
886
2225
7364
6667
3807
1200
2655
4546
5563
8072
8062
4856
7452
5273
365
1638
4547
7703
993
8089
4572
7971
2465
5846
2924
7163
8545
4369
6449
3252
4876
2265
6548
6270
2925
5616
1685
7486
330
1591
3404
2849
422
3654
2639
5451
2378
6712
3093
6952
2967
5900
1197
7850
5034
457
8244
8489
2108
1697
1809
7248
589
5774
7919
7188
4285
8587
7630
8512
7375
2153
1406
6187
8522
4433
418
4867
8421
4265
6469
5019
6846
2840
4211
1792
3422
7987
7990
5593
1693
8722
8956
3213
7854
7509
8553
7950
5895
1919
1455
5139
1040
7437
5430
4051
7893
4624
1681
2085
1161
3621
7663
3165
4841
5534
4019
1089
7394
6402
25
8545
6752
1495
7804
3341
2388
760
8993
8624
6168
3905
4890
8442
8659
8511
3488
2164
5276
7469
4624
1892
76
409
5784
8777
8885
92
791
2792
1576
3000
5542
700
2296
5453
3991
5213
5273
6676
6784
7703
8404
8885
6580
5755
194
6595
7070
6954
1666
6092
1595
1374
3721
1903
763
4491
4077
7718
1676
4386
1206
6427
2315
7279
6746
591
2039
6040
5707
6005
4812
4006
2334
1246
7009
7424
7515
2317
5879
6938
2540
6074
5214
3621
285
3756
4053
7096
534
2423
4261
8908
8207
4982
6132
8477
1513
3618
7545
3004
4173
7248
4624
745
1963
6488
5484
102
1321
537
6956
6423
2726
2395
3196
318
7794
8085
4937
7098
3108
548
4952
7279
1543
5765
3963
7346
4386
1481
8609
4019
7187
8207
5953
2756
503
8360
131
345
3792
3732
1523
7781
6284
2298
7563
1036
6309
1940
5764
5488
3267
5505
4728
2450
8962
4939
6743
2026
1889
3633
5875
5002
7993
8712
234
6892
4901
7890
6697
5220
3356
1888
6680
1041
4089
7819
7661
2276
3531
3086
5920
1563
6382
960
1168
5984
5493
6646
2569
3153
6369
725
7523
8805
7235
381
3672
5692
6506
2489
8833
4565
4066
4426
4637
3157
7073
8235
5408
3219
7223
7920
8140
3849
6529
4672
4326
3916
1850
4809
3063
1156
5431
8170
5093
4815
2653
3324
1710
2753
2762
9
8729
374
2036
4575
233
847
4874
5230
5158
6755
8221
876
3193
4781
7810
8219
3396
8363
5135
5648
5501
8374
5911
1300
1629
6117
3388
2599
7696
6429
2136
520
2859
492
664
1657
4021
2915
6078
2463
572
7400
7905
448
6565
5475
5363
8629
1184
577
4791
3551
2557
3940
1957
502
3711
1260
8547
3596
8083
5590
5969
1383
2500
3546
3737
1358
5543
3563
2290
7195
2390
2616
1736
6278
8924
7975
6017
1611
8884
7921
5022
834
8430
8553
5372
4564
7030
1693
8806
6765
3802
999
6385
6061
5305
3718
4435
8784
283
7021
6385
7973
6032
6877
2476
8276
4513
2526
5983
6841
2253
1353
7840
7861
209
2185
48
5683
8872
2767
3609
5992
658
749
2403
3803
4748
5274
6226
2157
2036
6556
8232
8842
8054
3396
5723
2693
7992
7027
7666
2466
5391
6243
737
5516
5876
5032
8439
4623
359
5445
6992
2119
8542
6730
4596
2832
1474
5067
7891
6759
2030
6284
8827
5725
4
8185
6767
332
7846
2514
3038
7058
2502
7228
5102
6627
7475
874
5875
2723
5200
818
2839
6776
778
1692
1295
4758
3271
4909
6144
8700
8749
5834
3149
6107
2150
6640
526
8375
4054
3416
8830
7262
2142
751
89
2982
2033
3556
4632
2523
5551
4755
1523
7358
883
6743
7050
4969
8942
7259
5799
4934
5919
3449
3827
1464
5240
892
1580
2217
3517
7944
1071
5890
1979
5762
2536
5465
7906
2409
676
4828
673
6636
3087
7533
805
2845
630
5190
5165
35
7819
2675
7077
3245
7705
5766
5613
1146
2259
6446
7094
2262
2549
1473
5984
8735
4846
1024
4906
7910
4369
7498
352
4224
1998
8792
5522
596
1938
3832
3887
4135
6504
7373
7669
4907
1106
148
4995
190
4328
2257
5749
7327
787
5152
5659
8219
103
111
7815
4869
6403
1216
6584
2389
3798
7709
4944
6807
2456
3820
599
2092
1626
2962
7242
7590
1171
804
5156
5724
4600
3288
5367
557
4670
7018
1518
578
1215
6250
4842
3748
5992
2987
2559
6381
7075
407
5995
3314
2309
5078
674
1438
5397
5373
8585
4210
3536
1834
2741
272
2773
2366
5615
8294
6746
3612
263
4904
5931
4078
2481
2135
8681
5070
8248
653
5279
6442
8406
4186
2516
2321
1517
1432
6686
7202
677
5291
6324
27
5426
7613
285
8327
73
7974
5826
6113
7728
7960
7237
7677
7839
3064
6493
294
3007
600
463
5138
5757
1266
5387
8809
8370
6623
7360
3060
2746
254
836
7339
5367
4744
6547
8271
282
4791
2507
7518
4406
167
7339
6164
5641
5973
1270
8582
8487
7252
5616
1979
2756
6118
5035
1219
2238
415
5286
1905
2677
5446
955
6613
968
4413
7084
4010
7478
8623
5209
2494
1989
5209
2904
272
2434
3137
1889
5139
3094
995
677
1105
3233
6251
7227
6419
3389
6764
3406
3036
3114
1431
2199
1942
1361
127
4706
5716
3471
4361
6503
110
945
4274
4592
4995
6167
4336
3258
7089
4158
786
522
6735
5901
1332
1229
1900
7043
3882
7811
8849
4787
3613
2241
2729
4558
3388
8811
6057
5700
5690
8074
4017
5822
29
6671
5074
2546
1879
3764
1955
1772
2509
907
3772
1014
5557
7566
5747
2996
5476
4250
5500
5430
7821
6160
5522
131
2150
7729
3645
5878
3813
5894
7732
1416
7528
2041
2002
8138
921
1348
3877
2116
6648
4620
2785
7615
4546
5265
4627
1892
3536
7285
3601
3151
930
3134
71
8043
7810
5130
2212
7771
8606
1286
4483
6778
85
5051
6453
1648
7610
8949
4092
1314
1334
241
2243
7381
3336
1707
5673
6726
2407
530
5012
561
1577
400
2793
124
4364
8249
6690
1511
2737
5023
3169
2738
4960
592
4193
8179
8935
4117
8907
5266
6132
6815
4550
6939
6658
5784
7368
6888
5480
883
4257
5960
188
5906
663
5392
7791
746
8779
4196
3026
5885
114
3963
5791
6355
1864
5028
3578
3878
2648
1176
7126
721
7006
2086
4020
7083
6989
4244
5286
8550
8148
4569
1641
8383
5610
5917
1673
5577
7531
3177
886
5859
3523
7184
3285
1538
3904
3225
4889
4940
3388
4704
5168
3219
2655
2704
8314
8201
5403
4064
8780
6950
2681
3575
1123
5660
8753
3821
4212
4379
2494
8479
4720
6030
7376
6150
725
4704
6875
6725
4856
1508
253
590
6245
433
7405
8288
6577
78
6055
2518
8879
7223
3788
3823
7551
4444
678
4805
6717
7202
1744
3700
7981
5105
4788
1314
8516
2746
8039
2277
2841
7666
4671
3885
1659
175
6500
4992
276
1053
7620
7835
7579
222
7713
5612
7616
52
5901
5017
3264
8428
5126
3916
3072
1577
52
4782
1053
4650
5398
3788
2738
2266
4373
8843
5204
633
3505
3812
6456
5059
3015
6683
8628
6037
6188
7306
5442
6496
3387
8773
1928
6196
1858
938
4557
3226
3491
5063
6990
3014
5110
2935
8710
7015
8060
6002
6037
68
3990
7128
2815
5716
1188
2850
7781
3482
7641
1534
745
2980
995
4629
4906
8070
8985
6594
1736
3200
1702
2257
8361
1064
6594
217
6818
8197
215
6047
5025
3074
8032
2073
4663
3675
3926
5396
8723
5288
8852
1251
266
6995
7642
5669
4090
2294
8264
8761
1541
5790
2200
8856
3811
7782
4542
5790
6641
1538
2475
6919
6486
633
2524
7731
547
3573
137
4917
1642
5315
4938
5158
7927
7177
2164
5776
1644
4209
7001
10
6081
8193
1566
8751
6144
4827
7277
2155
4207
8272
1203
4764
1814
2300
7828
8344
184
6414
8330
3577
7158
2647
6429
2514
3271
8468
4228
124
1572
8961
7393
9
2687
3908
8939
7868
5452
4916
3181
3675
2792
8436
7028
7427
8558
7775
5662
8118
1416
5321
509
6787
5627
6768
6794
419
4499
5326
5375
1067
5101
6692
3997
1243
6668
364
7844
3282
8978
8947
5945
659
6376
4177
8121
720
2402
1503
7612
8561
4881
3723
5029
6177
7500
7387
7350
4734
153
5308
512
723
3004
6701
7215
5891
5914
2053
5108
4260
2616
2694
245
6638
5340
6636
383
6711
4629
3110
4883
8940
3295
4608
5111
4149
8526
7394
7443
2814
860
4529
5003
1470
5621
8680
3349
5102
1103
2075
8072
6216
3432
5775
4357
3952
6263
385
6649
5315
5333
3234
4144
1819
1500
4747
1478
5917
6597
5123
8606
6296
8952
770
4934
7449
7340
6761
7881
4407
2271
1137
5244
5968
8423
6660
3541
6310
2630
4547
4988
2962
5044
8661
726
707
7438
4457
1430
5995
8789
6385
8868
7287
7050
5595
4130
1912
2020
6796
1329
3715
3460
539
3875
641
3056
5544
1441
8539
2340
8775
3796
1631
631
4085
2984
1895
7280
3270
7917
412
1585
2752
3623
6255
6380
5703
6478
1511
3819
750
1752
684
2156
5687
5353
6167
1040
7847
5236
5652
2997
5905
7964
7485
7041
6765
5124
8596
7319
2141
4924
8732
8166
6084
6837
3085
7661
4283
8171
8034
363
8322
2345
553
6842
399
6275
1702
1476
3813
3348
4468
8133
8524
8496
1289
4776
8689
6420
3029
6542
4275
4818
3735
5120
4834
2040
4772
7950
6315
6800
5837
2385
7923
5458
7523
8346
1104
5093
1130
6341
1447
6077
1311
3912
6053
5622
840
3670
4758
6966
1454
7905
8723
5161
6025
3515
2004
2606
7937
533
226
7646
3908
8240
1055
4813
8313
7089
2957
570
6015
3554
4776
4129
4674
4827
2608
8223
2052
3832
2166
5349
508
3180
2067
5373
5830
5803
8240
1577
623
1717
6317
764
2906
1886
3625
1160
5556
1450
2123
3742
6217
822
3099
2805
6489
8521
5968
2713
954
8298
8351
8316
131
7611
1109
4875
3138
7971
3809
2719
6674
3954
7184
6748
7909
7613
6558
7406
1538
817
5814
4111
5955
6012
5638
1069
5774
4255
7866
8872
4446
6951
2244
1081
389
907
1005
4414
3136
6696
7123
8883
8047
8288
3686
2746
2127
5666
456
2491
4262
3458
4137
150
3315
4321
7204
6557
3655
8551
6954
831
2852
3701
33
2143
5008
6463
7760
1587
2950
3574
1506
2128
2881
68
5844
1875
7614
8377
1317
7619
7141
1186
1169
7354
6307
2657
4050
7137
4176
2023
1923
7675
3240
1678
5234
6754
2496
1740
8450
3838
6182
1113
2386
5572
6085
5041
6870
5459
4252
885
8479
8521
2658
4972
4130
6180
8193
6767
34
8573
8708
7195
6658
3479
8645
3639
4027
5366
1104
2868
927
4946
7069
3212
3904
4634
7806
308
663
677
2958
5323
1220
2731
7258
5229
4559
4115
4135
6289
7898
5446
8751
2389
2187
8728
1953
5332
6385
2959
6964
1061
8378
3347
8792
2125
6126
4014
417
2007
8372
1501
3112
7992
5215
4588
3192
2279
7581
5888
7874
5833
3812
710
3566
5731
2777
6057
5383
7232
5926
2704
6832
7603
6183
4054
1321
8534
2682
1771
2017
3624
4433
7464
7846
4181
8661
552
5424
6440
4464
6202
5438
8404
5670
5626
5068
8448
4833
1727
1690
4432
4624
5863
5178
2528
3036
6295
3093
6708
5575
8079
2354
1562
8897
3586
8268
8161
5432
5195
4199
2403
4931
4443
463
4094
1947
6271
4037
2584
8655
941
863
4952
7066
1959
2875
4058
3131
3345
792
4658
7673
8077
545
4746
4593
6782
6486
6103
3309
6609
368
2877
8515
7495
7665
8514
79
415
2998
8888
7686
6616
5587
5556
7032
8540
81
4660
6145
4601
2198
7782
1420
105
1209
1787
4700
2561
8624
6002
3609
4550
7976
4064
2843
1067
7696
1157
47
7343
355
2179
8811
6108
7312
232
6631
6978
5823
5106
5817
5786
7794
1210
4053
3447
8182
3233
4976
6534
6877
8823
8863
1014
7714
6570
5801
2290
8432
2436
2245
8796
4662
2061
7433
1500
8171
5991
225
1446
8234
7273
7784
5233
146
2291
5630
2227
5221
8032
3798
2994
5139
4114
8795
3589
8466
1143
7551
897
8884
1408
5679
1568
8101
3411
1014
6684
3072
4870
6260
7818
6573
4876
5258
8521
2385
5317
8797
3337
7873
3261
5349
3544
2972
5438
2289
8775
8893
265
3025
8668
2322
5784
4440
4521
2268
5503
2923
6465
7227
4361
890
1627
6005
4951
954
6135
3058
3251
8837
2461
8639
5051
8015
781
3030
2264
1357
6561
398
3870
4756
2750
7996
2958
5748
8889
3982
31
3687
8991
3103
5580
6977
4533
2684
679
3277
3014
5146
6002
8810
8539
2298
7854
281
4452
5931
4629
1748
6245
5674
841
1100
2660
2320
2032
4447
7430
8527
5887
1908
5673
5330
6219
5996
1732
5209
8838
4695
5235
5494
2823
5688
6511
879
850
3255
4962
2656
3183
664
5704
6148
471
3341
6745
7832
7512
8189
4443
7980
3001
6399
8028
2151
5457
5327
1052
7710
3018
20
6697
5240
2771
8387
6557
3849
1732
508
3986
5217
8258
4959
8902
5600
7578
7482
5681
3785
8882
6890
2979
1024
6659
4755
1003
7945
2379
7855
282
1959
6751
4879
2309
1485
6069
8816
377
3484
6239
316
2097
8138
8556
7548
4307
3867
1120
8384
1546
6167
2436
7171
3652
3784
4344
6909
1283
8710
6405
3014
3016
6784
1399
4500
5403
4657
5879
8634
5559
1573
2183
1621
4259
4623
5127
8299
1628
3992
7869
7474
3341
5878
7800
7363
6553
807
8173
5889
319
80
4690
5210
963
3590
1384
1689
5350
2184
3559
5900
7988
1999
5097
1865
851
7124
6296
3680
4027
4652
3819
4509
7977
1162
6619
8910
421
5585
4269
4019
8100
7780
3488
8326
8
1965
5045
4648
3538
798
8279
6748
2930
4087
5384
669
2045
4540
451
752
2661
618
136
3557
1639
1487
4561
8576
462
6171
2908
1862
4941
7910
6361
5070
25
5039
3251
701
4364
847
6707
1166
6686
7808
3264
2492
1654
581
2011
8397
415
2903
7119
382
622
7624
8606
3749
8815
2328
958
2847
1959
658
8122
3950
5219
1699
7645
5382
6232
4254
2825
6156
1748
7582
4982
5611
1202
5161
8030
4717
7643
757
2188
5755
4543
6587
1661
1313
3028
4541
3255
6561
29
8204
2383
7322
6747
4130
2175
5836
4217
4769
8739
2083
1281
3238
6228
4382
1060
1094
1502
5547
951
1075
876
4113
8617
6298
8220
449
5480
5981
1812
1857
7668
1048
6955
8758
3267
1042
3189
3422
1740
8154
7694
432
7407
4323
6704
1096
3641
6222
312
2195
2213
106
4258
2139
3478
1995
3285
5463
809
6316
1792
2627
3991
5826
4388
743
8601
4942
2588
8854
548
4502
7318
3174
6764
5522
4486
7847
5876
718
3056
2953
1507
7697
6506
1046
186
7248
2340
7793
2042
1607
6360
2906
819
6549
5180
5912
975
1307
7894
2601
3414
2770
3119
3553
7026
7830
7768
3444
6402
138
4329
3121
6115
4369
3825
7430
4666
5606
943
146
5511
4337
5423
75
636
1391
2304
29
7603
812
7202
5595
7845
5800
6277
3941
4830
2371
2052
6350
1510
4214
5360
7976
7555
168
6858
8582
5146
6025
4296
2702
756
407
4785
6202
5509
4834
4995
2522
4312
4046
4569
7199
342
3093
3923
3646
6837
8438
1957
7895
565
7758
3585
3321
7974
3577
4185
7563
93
917
4916
5514
3685
6148
1474
7834
3402
3132
387
8443
2409
2580
7297
4538
5188
413
5422
3256
1777
7466
759
6683
6354
78
5088
3855
1103
1137
3938
3137
8967
5230
8463
1312
726
2484
4254
7120
2264
7607
2338
116
1404
1579
5
4968
380
3620
5786
5416
7888
1124
855
8120
2738
3730
5929
8368
6220
8619
1098
876
133
6088
8717
1758
6755
340
2426
5544
3395
5136
4293
1914
6676
7821
1345
684
5089
7566
2794
361
6197
1855
184
168
1472
2781
6927
447
6376
4772
668
7255
7515
1391
130
615
8088
1191
5217
8637
1942
4363
2928
832
3004
1153
7466
7051
4616
1694
604
7718
3731
5128
2398
647
4201
5189
3152
3721
4750
2271
8884
5142
7172
4046
409
7734
714
7346
2480
7732
2382
8740
6287
3913
978
8456
5938
4768
820
1874
4594
7773
1640
5321
5766
5595
3513
500
2637
4744
3276
1776
2486
1223
5933
3867
31
4010
1995
1480
6017
4377
7126
6415
8413
3811
5921
2240
6664
1888
5394
3116
3225
458
3767
7601
2043
8086
8218
3488
3389
5050
5677
6956
4191
2940
2169
3617
3840
5796
2504
254
3754
2271
1059
8184
1951
8674
2517
6565
1885
7079
7726
5642
7316
2527
7955
4553
5969
3900
8699
8475
7555
1729
5245
2022
5466
8065
5093
4795
3279
5825
5677
4126
3015
8515
5552
3291
7001
816
4362
578
6719
1497
3139
2070
5393
393
4458
167
2084
6243
8302
8410
7658
5603
4456
1362
267
2156
860
3502
6842
5590
1246
5367
8330
785
7170
8291
7703
6834
100
1875
3905
849
1021
3013
7154
8437
6311
3335
3169
5988
88
7745
2583
5371
5546
4501
559
4095
3123
3814
75
4693
4256
3442
6321
3356
4036
7822
5668
5445
6838
8341
2959
7012
3849
499
7252
2510
8982
4636
1651
5062
6460
8484
966
4310
3815
8859
3961
2526
629
6295
5639
4364
6149
3958
7383
4633
3651
3782
4437
5004
6910
3347
365
4837
5283
1037
3307
4976
7410
6298
342
3283
2734
4855
8819
8766
6947
6727
8829
2318
1975
8189
922
5542
978
3788
6040
3652
8666
5665
1726
1627
391
5249
7056
2033
7862
212
1467
999
5841
5790
5494
4864
467
910
321
6608
8354
4045
7407
2675
5997
5228
815
1000
5204
5298
7641
3440
6518
8593
3219
7470
4485
3428
7635
4660
8423
991
1559
2663
4046
8235
1776
1673
7311
7117
957
3897
7184
4857
3116
4817
2073
7768
5995
5444
3853
1403
7589
8410
2611
5675
8152
5665
5612
1623
8595
3401
4169
2137
4196
8396
7581
6222
3919
2625
8461
4807
1891
140
1409
5400
2207
4771
5666
4005
954
783
1979
7180
400
8309
7596
2363
3752
4528
6601
1279
810
2381
1409
3334
1710
1707
2786
1673
6640
6477
2506
6618
8911
3253
2169
982
6260
5678
1466
6870
2296
8838
4064
5152
3759
94
6781
4253
2920
2552
5398
6423
7846
1068
6298
3193
1097
8799
4521
4651
6989
4872
8569
3264
6261
3752
12
8846
8696
5150
6486
5137
6433
7212
6082
2236
1748
3769
1171
2117
5540
7132
72
3500
2482
186
3953
8144
2737
684
6702
4310
5460
8736
5575
3126
1576
8761
5870
5364
7478
550
7945
7720
8192
1205
3371
4067
4213
8146
1522
6079
8328
1136
3147
1905
8051
8882
7457
7725
5825
4526
5053
6286
3280
4846
3735
4761
525
8253
6339
7324
3834
35
3615
3841
6179
1349
2185
5169
5166
3220
7197
6095
1832
2392
1763
6066
1292
6032
5759
7893
3990
3889
1530
2519
3870
889
4750
6627
8032
4286
1103
1899
4464
4400
613
2622
5987
6112
6814
1323
3321
5468
1040
6448
8039
5368
1284
2708
3721
8154
7942
6901
4452
3753
6849
2206
4673
5979
6880
2689
5781
7946
6551
5893
3413
1043
4423
7604
6991
7747
1904
308
8516
6701
1585
3496
5066
7292
971
2994
2574
5154
2795
3775
3478
4603
2982
2615
7965
1185
3024
3583
7135
1332
1237
1189
244
189
3944
8751
7106
656
3530
6665
122
12
2625
5129
8933
2241
4394
5632
6800
2156
6810
8672
8146
5761
3278
8308
3518
118
1434
1305
3636
7024
3246
3719
1065
5429
6069
6259
4887
8685
5407
1661
3176
4461
5063
7784
8532
1425
3198
2155
386
3294
1014
6940
5410
913
7971
2420
5169
1055
8731
4466
4782
8770
5751
3872
801
5861
1169
5268
19
4797
3925
8444
3209
1148
2308
5114
5274
802
2508
7439
6384
2570
7051
3942
1819
7630
6490
6568
3664
4240
1143
2776
7521
5055
5298
5995
7591
1010
4577
2670
5426
564
7767
3643
1553
900
6055
7665
3340
1879
5366
8006
4326
1916
8686
4004
3129
156
6447
1758
4122
6477
1513
4734
7139
6017
524
7116
3455
8191
7808
8876
1664
4214
5136
7333
7292
4825
1793
2114
846
8436
713
4911
2817
8802
5147
6057
6335
72
6719
3049
5688
4793
3717
4551
8790
8662
8426
4872
4253
4698
3651
6628
5640
263
5038
902
6630
5425
3473
6209
7316
8149
6226
1931
8388
4382
5709
2760
2539
7212
8860
4206
7072
2280
3368
585
4736
4881
8166
2890
1910
1196
2533
5112
2191
3116
3860
4779
4964
1254
4001
5025
1186
6887
323
4184
8179
2908
2065
7439
167
4302
5427
1993
853
6584
5110
694
1442
5894
4094
8847
7525
2836
459
6774
593
416
4846
3632
5073
2405
4253
2008
5739
797
4874
5442
6659
5977
3170
1912
2920
7768
8761
1108
2123
395
146
763
755
8969
5180
7218
2158
5212
1225
1136
6858
1086
3096
2840
4554
5057
6226
2657
2892
7418
2009
3875
1503
7793
4989
5312
7537
6992
2136
6109
1871
