2577
8194
8054
5173
8344
38
4159
5543
4978
7128
7018
5469
1092
6558
770
6028
1263
5402
9195
9735
8338
2936
2496
3065
3658
4081
8159
6831
6500
618
1658
3216
2418
5692
3118
537
1388
5936
4544
2825
3854
5207
8531
7254
9120
7939
1142
475
5363
3446
9211
5039
7622
7957
7875
850
7304
2904
6804
3174
9465
9489
2844
4968
8633
5990
6799
8842
6850
1453
1133
2494
5185
8211
4239
1249
7358
2808
6463
7105
158
6603
4663
2604
4286
2014
8290
7047
5632
2501
8911
3160
7506
4417
6293
4193
8953
8163
2640
7610
7981
1871
200
3673
5534
2751
1570
2448
8052
9616
8864
2547
692
8414
5268
3556
1150
6343
2835
1389
6723
6478
1556
953
9044
1438
3383
6864
2086
9592
8114
46
5314
9916
5911
3774
3449
7600
193
680
8500
2560
4349
7780
8009
5362
3702
4713
3737
9044
537
9287
1575
4917
8391
2093
1027
8476
7512
2808
1204
425
5052
4681
2757
9238
1148
5106
9030
858
1888
4045
291
970
3770
6936
4545
4876
176
6240
3525
73
9623
2617
8703
6494
7690
7096
5875
5760
8586
6382
3992
6041
1808
3841
4265
899
4189
9816
7274
9824
4802
898
2933
3444
9820
3476
1457
7776
1319
7134
916
8379
1651
3272
8975
5966
2052
6526
5368
3773
6899
8133
949
1229
2674
6137
3044
8439
4925
8517
9847
4327
7820
3405
5341
7025
661
5563
9020
8625
9214
6725
4234
3005
6096
8727
6956
7913
9111
3827
7077
5286
5749
1169
4975
5065
7287
8724
504
4996
7872
9003
6996
8035
3905
2465
2544
1941
3226
7874
3431
5252
281
8490
9517
9043
5473
1195
5304
9379
2151
1514
9503
8449
7094
9335
155
9392
7266
72
2218
7135
137
6897
1522
7943
3430
8673
6722
4100
6799
2604
3028
3341
7838
7169
1727
4721
7964
2439
5562
7823
4313
3241
5290
9490
1353
2795
7100
3415
2856
471
1742
3549
9822
9081
199
9016
2958
195
631
9618
1672
9613
105
3839
30
77
5830
8059
9748
6768
2931
3506
6464
7458
1386
7291
9425
5551
6678
7298
1261
8598
2503
8577
5730
1767
3606
3354
366
185
6307
627
3625
5770
1066
2735
1456
5252
7523
69
5789
504
9337
4479
1377
1418
1618
2177
5092
2953
1245
7412
5108
5001
7435
4254
3049
8655
3395
6400
2585
8552
4393
6764
8887
5319
537
5408
2853
5673
1949
1043
5739
710
3999
2235
2384
9606
8232
7513
9749
317
614
6946
4369
6101
7612
4474
3863
70
7043
6735
8868
437
4974
9824
4916
6614
1004
6184
6244
3023
295
3514
2882
8363
7817
7386
8464
616
1246
918
3880
590
6340
864
2873
5932
5119
6729
4576
3136
5561
6555
4914
4434
1046
5858
3429
4477
5446
569
975
8476
4372
61
4422
7277
1627
4112
2870
4821
8537
1004
7089
4080
3579
8929
5696
6770
1015
6909
3704
8335
5865
4791
4152
4964
1477
4088
6671
3504
4683
9047
5210
5714
4505
8736
6827
7472
1914
6400
4405
6961
1036
8319
5939
9928
3967
4026
5609
8317
6842
8988
99
3466
1639
1864
4601
5199
9439
7846
9444
2402
432
3559
5498
2742
9034
2391
3333
6983
4857
7775
1554
3856
2301
3699
2116
7753
8773
8542
3113
7520
2170
1272
9781
4098
2504
6130
1002
4134
4919
9502
7097
8343
8472
7421
5426
2412
9018
1974
5560
4486
669
4448
5488
2709
5086
7869
4743
5767
9424
6051
6467
7087
28
6727
7794
5773
1551
7496
1583
6927
1634
3909
5747
7876
7527
2397
7079
8905
8079
6562
4584
354
8024
7496
9571
5350
4868
5999
320
695
197
1050
2604
8157
1204
5404
8542
6479
8608
6255
9275
4909
9092
2992
1972
9612
3794
1098
9565
8463
267
6285
7065
4062
2432
9403
5985
2118
498
8799
2227
637
5446
5770
9799
3551
9253
7979
6685
5450
7280
4618
4738
4275
7168
1682
290
6180
6587
1001
4935
8786
5779
7533
831
1662
5640
6796
604
3576
6270
2208
5140
5147
1833
565
9465
2474
6965
3416
5699
8485
2178
4415
313
807
9484
415
9151
8079
7752
2029
5769
9848
8219
229
7278
8919
3445
4976
2296
930
9354
6454
903
4616
6849
5024
8757
2016
4470
1384
4980
1457
6410
9119
2004
6907
8346
6139
6481
2081
1373
6700
7449
1732
4422
6313
522
8029
2778
7563
4122
7910
5947
7237
128
6037
5043
6190
4064
1190
7997
9486
3797
3060
1964
5009
1574
3732
9439
5546
1162
8959
892
55
6552
6473
4889
2189
7960
5410
843
768
1653
7721
1717
4513
1604
7016
9730
1269
29
816
5549
8205
5672
7634
3869
167
3972
8470
2671
6689
1232
9276
3707
5941
3948
6109
9353
3317
282
9565
9884
6436
9550
5103
3916
6111
3909
7236
5922
7318
5681
2162
1596
9723
434
8974
8320
8966
2977
229
2637
4578
3430
6748
5997
3064
9545
130
375
8182
3717
8111
2114
5931
7145
6156
3075
6241
8360
8974
5223
4616
1504
3456
5852
3371
3991
588
1753
8050
9474
2965
1727
2595
8639
1556
6791
7269
3490
4558
8442
4402
2797
1246
4048
2104
9449
4228
8256
1549
2401
7785
1814
3357
4685
5966
4722
6034
9420
3280
8477
8734
4298
2426
9191
2343
1393
9208
2268
2783
7276
1491
6837
8815
3463
2621
4522
6448
7298
6267
8229
9350
3380
8714
6881
9434
5180
3359
482
9186
8483
2016
5599
4559
1950
7432
7322
1074
5263
7723
1184
619
7514
966
8955
1456
3861
9345
8468
7159
9145
2533
6214
704
3718
3492
9551
850
8194
2521
2175
752
9058
6333
1923
6072
3345
6115
5483
4040
8669
5777
4055
7709
689
5307
817
7161
6557
3869
8147
9680
1170
2181
1497
1904
3753
3259
5313
506
7475
1295
735
6433
5691
2877
3325
6302
1320
8254
7600
766
1983
7278
9941
1304
8693
9302
2490
2959
6545
6070
2714
6272
9040
449
8112
2808
3154
3220
2845
5974
6786
2148
8388
3144
7827
3235
7506
8869
6934
9871
7499
2470
7880
3383
7807
1538
744
2875
940
3892
3383
6143
781
1707
9751
9819
7840
766
9190
2818
3734
3753
436
1949
4179
4505
351
1188
6981
9616
6768
264
4065
838
4750
7168
72
1948
6225
6062
25
4638
6417
4172
369
6228
2413
1976
2029
4085
6263
3258
592
1593
1980
9422
1072
6808
849
2563
6986
6164
6426
2255
1542
9697
9700
8572
5333
3453
9170
5410
3814
6031
7781
5922
2793
6400
3699
8205
9483
9328
5962
2431
5376
6919
8335
1419
1870
7850
8255
5316
8917
1109
7734
3926
1405
5339
974
9295
5849
8295
4751
1869
9623
909
2133
3412
6649
3219
4960
572
477
9925
7428
2597
2440
9818
7472
6057
2130
5297
92
2348
8555
6791
4987
866
7628
8808
1856
3245
8920
6494
9181
1041
4496
4859
8631
3735
1141
0
4805
8042
6969
7784
5527
5473
863
8468
708
6425
1073
3459
8267
9007
2655
7229
9339
8967
7157
3180
5742
7195
3846
5800
5120
2100
4116
5470
1533
6990
5986
1052
8073
8651
4209
683
6649
1015
7030
3593
9390
3874
4892
4050
3602
6975
6678
811
4955
5961
6493
8347
6348
1325
71
6967
9819
952
6921
1896
4925
7053
7827
6602
2845
6739
5849
9028
3116
1721
1907
2799
1715
1863
9834
8196
9716
147
7234
6503
6142
7980
1591
8906
9086
8214
3616
6191
2290
8418
8881
7390
7706
7945
7820
2975
2088
1654
7879
6613
5350
6173
3977
136
8406
2220
493
3245
6596
2284
8377
8099
2456
387
6697
5900
1224
7258
3748
982
7675
6310
2545
8629
6472
4789
2082
7263
6988
5159
8621
4404
8058
7143
2396
5560
6764
1844
3291
815
6232
7616
6254
2819
3982
9988
5557
6261
2270
7406
2664
7774
7111
8520
7692
4352
8666
246
6952
9006
1261
9372
1217
5492
8635
7994
7584
693
4521
5461
4230
5199
8867
8754
4902
2541
2820
2322
5216
9753
1381
4501
3390
2043
8460
4476
8951
5267
8086
9311
2530
3663
816
5287
1349
3193
8783
6490
6618
9745
4640
6241
6418
8402
4969
1879
404
4899
29
464
3950
8076
7695
6003
8940
1107
2398
7734
1383
5154
6191
7829
212
4983
3433
7246
5565
8440
1977
9468
8765
4048
8293
3165
5525
7291
4989
322
8892
5145
8910
3379
6371
7955
9457
7613
4278
9416
7728
7754
3966
1345
7529
7354
9315
5385
7451
4339
7551
5715
2268
7747
4878
8231
2301
29
6753
2925
8613
2712
5618
8693
3738
6720
7266
8960
1599
6326
8590
2894
7351
1403
6464
3829
1912
7509
8642
5370
1418
7755
6877
5712
8942
1907
5167
7162
1100
4837
699
5646
6260
9388
8811
2777
2950
2233
8832
2745
4814
8099
1322
7530
4391
8591
6083
2657
2464
4679
8085
5406
1803
6955
7468
9106
8978
7361
7190
7245
6949
4361
4375
6802
78
5266
6490
8681
2374
7859
5009
5121
9440
7479
9325
7136
7346
2904
4665
3976
7845
5382
5985
1433
5314
2597
432
1645
652
3936
1270
4963
9948
5565
7465
3531
5431
8271
6995
7675
2908
8194
841
5900
9898
5495
3307
6180
9615
9340
5815
6384
1979
3398
296
9198
2930
6541
125
2245
8720
165
9780
1537
1830
4901
6452
5727
2691
3270
5306
3857
5551
2938
6363
2526
5825
2086
6345
4489
6528
4205
9729
5644
9846
1434
5392
1266
304
4953
4710
5918
9794
8563
2099
9291
503
2581
8574
512
1414
1580
4964
3423
8977
6655
9981
9579
2807
9624
8858
7156
9337
9280
2539
801
2666
4806
7261
8392
2703
3884
5360
5244
117
6431
7895
612
9186
256
2697
1604
2116
5972
116
2730
4470
3684
5425
5848
4417
162
242
1593
5775
169
6072
8657
9963
9647
7041
7093
3492
4442
3471
2084
5551
3996
7028
8625
2780
9084
9081
9022
1249
4898
5182
6294
7187
4495
2924
9847
68
4455
1558
7211
2278
3372
6717
2226
5613
2184
3090
8061
2690
9366
3127
9721
4643
9966
4127
325
5992
8491
9844
3554
9313
6811
9111
8311
3692
8946
3697
4798
1586
6731
2984
4015
3473
8365
110
6854
9828
7141
9364
6179
7182
262
2267
654
7685
6186
4379
1557
3291
8979
4524
8052
7577
6274
3602
9392
4068
51
678
5696
4673
2051
3278
6520
3460
288
4927
1955
3364
3563
1513
3148
8299
3404
4641
1993
7914
6995
9404
4453
4265
86
1766
9833
5227
4892
515
7766
7599
2884
8909
1249
3540
9411
3052
9291
8004
7768
7091
9596
3073
2462
1191
892
238
2557
8699
3102
5044
5933
9750
6585
2564
2521
9062
8836
1484
5788
8654
9469
5731
6698
1099
3445
4206
8381
5588
5228
7573
2043
1200
8693
6032
8240
1585
9334
3834
6846
7150
8831
1896
6077
4894
6356
3091
6272
3888
9848
5440
6422
680
4632
5889
5834
3924
2801
7205
3256
2300
751
346
7691
7896
531
5955
3832
5755
3199
5892
5505
6285
1362
4170
8791
6087
1867
7224
2879
7367
6715
860
7919
4804
9244
7055
5590
9483
2183
827
3557
1255
8327
7960
5614
9280
8
1839
423
9850
7643
6576
3227
8670
5993
4382
5165
357
2369
5351
9226
3233
4256
9522
3418
1206
8412
3617
9731
7381
7261
7430
5578
1162
5081
2978
1142
6747
6330
1592
3731
3713
3853
9521
4144
8307
4474
4232
342
2893
491
7573
9957
6352
412
6951
8476
531
2397
9898
116
4791
9990
9337
5819
9368
7672
45
3576
6735
1180
3299
2975
8004
8074
9195
995
5521
2280
3964
6051
9634
4349
5222
7763
8441
561
208
6024
7917
4147
5807
3503
9842
5206
8744
7210
9093
1625
2412
856
4430
1874
9714
8160
5319
6006
7331
6586
2556
6263
2863
8746
6360
7595
1501
1482
4287
1252
9951
6899
1003
7714
9508
9527
9357
4721
5334
1838
421
9504
260
8362
1741
240
4987
1129
4047
9684
5661
7592
1591
8011
3091
6895
3524
9480
7534
172
1511
9626
6329
8575
7102
1949
5675
7615
9899
876
729
9144
1596
8128
3576
7314
9584
8106
1776
8447
2575
7977
8668
8080
1592
2985
9261
4676
4872
4616
5646
2303
9894
2374
83
5011
2476
2248
8203
6157
463
5833
8756
4286
8671
2878
1293
8372
8074
2292
1543
757
5420
505
8996
6200
401
4547
2162
5792
5338
9105
8993
9973
4238
4860
4767
2800
9960
281
7414
4931
8494
1150
5259
1028
4385
5502
519
9300
96
6211
8882
447
3224
5991
6523
9634
4727
4591
6452
6500
1902
949
8426
1891
8691
3424
2307
8444
8550
7298
912
871
1996
7806
6562
6668
4583
9956
137
5942
4663
26
919
2962
217
4040
1842
4355
781
8240
7113
3238
7366
4953
5710
9629
5419
1495
1553
3819
6074
5432
8942
8843
7804
5437
3693
3277
2100
4451
855
6445
1760
9181
3320
7361
9186
7824
8960
5664
7401
9610
1619
6634
4280
2848
6672
5335
264
5235
1935
6272
6393
3390
6084
8468
2308
1087
1744
7304
4412
719
1510
8799
9698
1616
6907
7825
9320
4658
5094
3467
9821
9889
2632
4819
8247
6143
5301
7189
7231
7594
5648
9759
6982
9321
165
3254
2790
6472
7695
7395
8883
9358
5466
7966
1360
4167
9122
6165
4269
5603
1451
793
8638
5530
6538
4901
4087
1370
5888
8203
9140
5406
4807
605
7525
3485
3045
6709
6759
3693
7838
8690
3533
6034
6790
4447
9181
1302
4211
4465
4967
374
9345
5598
9424
8759
623
6436
8557
2644
8950
3709
5211
3269
922
525
7819
2685
8489
6181
4602
1216
6497
3560
815
8495
5710
678
5390
4930
7313
2250
8074
9393
4588
4861
3062
2798
9737
2118
6988
2162
6011
6655
8471
8451
7436
1700
6811
1678
8389
9082
9285
9383
6108
9657
2444
1483
199
7096
7447
1822
5504
5668
120
9253
8993
3868
2022
3858
7950
3292
9064
9640
7217
6180
3741
9050
1
6405
9065
6468
9724
615
1258
7941
2243
4521
4537
5272
5893
6855
9563
6013
995
3089
6343
8169
6483
5070
5714
9735
9696
7164
2294
4409
6191
7650
5441
9551
9004
324
8714
9986
8803
7410
2174
3918
3642
9262
968
3066
1323
2919
3072
9509
6560
711
1562
4831
5511
8358
8959
7889
5909
8825
4489
7274
9335
7723
9623
2327
2531
550
16
4125
3661
6301
165
1654
4485
9609
7039
4727
4062
1230
6520
7962
7834
9290
7637
7116
9601
7401
2241
7412
592
3208
5829
3263
9677
6420
2179
6532
3337
1854
2577
7929
7391
1854
9459
4930
1545
4416
2434
4752
1361
6111
6504
318
2309
9933
8381
5283
3380
4684
6139
4949
2373
9980
4526
9547
8950
8689
3032
6604
4498
2112
1409
6601
3148
7015
6027
1252
1944
6806
9763
6604
6297
814
8099
8726
1557
6436
6453
2186
9444
5185
4594
3687
7319
1193
57
4259
6774
1206
283
5442
5426
2353
8002
3026
5625
877
4866
4594
6615
5600
7000
5053
6521
4078
6975
519
8382
323
6897
7970
1526
7133
9770
9005
5916
9860
1193
1418
8080
5031
208
4363
2909
3253
8954
7400
553
2276
4252
4879
5179
6689
3732
9208
6630
3589
1230
9764
8964
3376
4422
8274
6862
2212
2103
3549
7655
4241
5938
5814
6009
2552
7210
9753
2519
4494
6540
3966
6081
9424
3389
4975
9478
9966
6715
49
1508
853
2901
4417
3578
2860
7319
8540
3791
7306
1949
7066
8844
6578
9912
1288
84
1229
703
834
5044
1395
3197
329
5956
101
8920
7142
9229
1865
8306
6875
9510
2035
9320
4802
9607
7773
3368
2901
9502
5011
7231
6745
6271
6605
2176
2631
5397
5274
5329
6008
7880
9925
656
3869
7975
7879
2003
5224
8213
4281
7020
4491
6624
2227
4139
6875
4060
7094
9549
4592
8542
5427
1875
5836
8548
7734
3149
2629
3554
6834
3781
449
5911
3466
3929
3565
4494
8777
720
1706
8112
8143
845
8484
9655
3657
6321
5872
4622
7036
2923
8098
8644
5085
1178
4537
1551
1664
7140
967
3548
523
6479
3904
8293
6198
3596
3390
1724
1249
8467
1455
2772
2562
8218
6652
1198
4633
6095
8390
7633
2194
5317
255
9203
8919
4203
1170
4244
4735
7911
1937
2650
7575
7490
7977
5670
4571
109
7460
4613
4962
3090
9386
9283
2147
5397
3109
5531
9847
8057
3904
7289
6637
2703
2138
8832
4771
3225
909
9543
6344
8044
8454
8157
9580
2852
9168
8702
5424
3825
402
1710
6303
224
5761
5843
6376
6916
7603
7103
3047
3811
2962
1658
9711
5805
728
3806
135
2903
6685
4620
5454
4854
9483
1868
7372
4999
2202
7969
2166
7867
4077
8059
5517
1040
4455
7254
7956
6075
4811
9136
2957
0
224
4632
9215
7156
7837
5586
1301
7338
5750
8951
9174
8346
5651
4473
9500
9728
3705
595
6675
6720
8568
8207
6097
2311
2513
978
8764
7564
7889
5762
6156
2358
4174
919
5503
6551
5980
7343
9458
3318
9501
7340
4019
8427
8147
904
7616
2787
1587
6489
4795
5891
8584
7247
4733
2760
9969
5289
9251
2973
2009
2248
5914
3127
8976
6156
5667
2267
4346
4154
8130
511
4228
5151
1001
5101
1343
1022
3324
8179
9355
6709
1057
8120
9665
1022
6358
4441
7309
7985
14
6529
8630
791
3385
8280
3003
57
671
1362
9819
439
2153
6904
3377
2164
7053
3332
2347
8542
7364
2453
7077
5100
7145
6195
4263
5313
9744
8508
8599
845
1424
77
444
9794
5710
6220
5857
7267
1480
9522
8098
3641
9883
2134
6263
4175
1218
8181
4154
2605
252
6925
9861
2995
392
8664
5869
2299
9951
3446
1445
1937
701
7348
2721
478
6478
873
8424
6911
9906
2686
8116
2580
8700
8765
4522
4037
9885
5554
8688
8399
7143
6143
1344
5292
3313
2156
9368
6129
5926
1211
7082
2736
954
1242
6135
5214
3083
6257
6003
1599
1407
1739
7365
1101
2800
5105
558
440
2193
402
483
551
1323
8623
9160
8796
4120
7410
7547
1990
5899
2175
939
4032
4698
6627
5059
1303
6458
4505
2582
7721
3301
4651
7000
3560
3466
3270
7367
1677
3666
6998
6725
986
5562
4768
6243
1800
978
9343
6667
9823
5089
4469
5226
8404
1234
8035
3816
9308
1343
773
2790
7199
456
6964
1378
9384
8800
1487
4010
8905
5429
5732
7947
6715
3178
3543
2468
6994
5346
5285
8188
8831
9451
8355
1869
6080
4037
5583
4619
8594
686
9016
4981
7702
8283
1610
9255
3938
1460
7057
1385
7086
7053
1039
1432
5870
349
1608
1055
1856
9197
2666
9426
2859
9039
3227
1238
8312
9175
8490
6304
2828
9770
5480
4713
7971
2146
3423
3066
5753
2220
2736
266
3681
7823
3131
4321
2729
2856
8631
1800
3300
374
1346
5904
8583
3743
8834
2987
8592
4685
2361
154
1871
5289
3863
1236
9833
8786
3001
7984
1009
3290
2832
3152
7719
5150
7229
5786
7325
9487
471
4467
5348
1698
2559
8170
3494
1360
4411
799
5980
4618
5823
174
5391
9678
218
604
6155
7678
2539
9997
1552
2995
4484
2847
5666
6942
3879
2678
3121
1622
9358
3477
7283
6579
8999
2886
5884
8038
2155
4774
8031
1347
9040
448
5567
9452
5748
8276
3727
8059
2778
2948
9335
4683
4193
8635
3224
8420
6784
474
5606
2321
5710
3825
5892
5552
6781
4854
3678
8341
4023
2324
6911
651
2656
9651
707
6920
7579
4688
4775
5068
3817
2586
5357
6166
4939
3641
2027
5459
761
4042
35
5108
6012
1818
3485
8362
5029
4143
4320
3105
5568
6574
3088
9654
8483
892
9713
615
9185
6677
713
5077
2444
642
1236
6920
8550
4379
2273
752
1816
5593
777
3331
5851
694
6464
8056
6532
6036
9989
3390
8653
1511
6804
1193
7918
7759
9210
3435
9739
3621
5464
4731
4279
2274
8112
8645
3254
4199
3900
7310
6400
7052
3583
7201
3729
9288
6979
2251
6701
3370
97
2096
2945
9234
1856
6440
4932
7455
4372
585
8653
7686
887
114
6894
9756
4550
6289
4590
4320
5586
1137
5477
9479
4871
4244
848
7349
5001
7353
7380
1573
7354
8026
1695
9365
6888
8549
186
5681
4163
9685
7962
9723
4620
7740
7878
1556
4457
4191
7043
650
9462
1246
3323
1501
6629
2014
9789
1199
3606
1029
1661
6216
5697
5042
5500
5955
9120
4566
4562
9545
1210
7971
2744
3736
7306
6623
1986
7535
4958
933
6201
1849
939
728
2887
339
4830
1397
3884
2396
5502
5604
3549
8680
861
7178
3036
3041
7484
6463
8162
2090
5166
8967
313
8897
9413
6751
4055
2225
2393
5653
7172
8577
9799
7876
9532
1709
2374
7707
5344
4030
996
7961
3223
7977
911
8856
7890
2161
768
9619
6958
3097
9746
3412
7330
7290
273
6751
311
4366
157
3076
7175
9399
6253
1877
7695
7854
3792
1429
5038
9083
7214
9545
3376
2446
8606
8350
8852
1225
4353
9494
5848
9738
683
8032
4871
6632
7522
7971
7080
5337
1022
1767
5208
4349
1105
2336
2274
8107
16
5815
6427
3718
5103
2743
7626
444
75
6353
9812
875
8305
7501
7494
8912
1692
3838
2347
3181
1595
5983
2478
2902
6705
7568
8713
5977
7238
6072
2123
2984
3963
9653
328
3572
5803
8311
11
9015
1677
2389
8663
7613
421
4251
9435
4848
2426
6865
9267
1391
498
7561
3739
3979
6506
5684
6383
3582
2370
6801
845
9864
2405
2307
6556
9447
1286
2014
5606
4258
4934
7134
4865
8066
3330
7412
9691
2974
3496
1278
1379
5633
2458
7778
4709
6234
492
8759
8781
5744
552
1152
3469
1392
3377
6629
3546
6948
708
1231
5872
4274
1530
7184
8709
2718
2074
4237
3355
7293
7003
3834
2895
6903
6151
7184
5439
3304
9868
9133
9817
7939
2108
9448
1246
5459
2580
1439
2277
7408
9961
6319
4187
1098
3694
3023
2088
790
9282
9514
366
7554
6151
3543
2971
2422
445
8150
61
8840
8237
2633
5909
3852
9618
7421
6916
1431
8833
116
1714
2622
2601
6529
4349
4272
9093
4847
7183
2812
3647
8317
8056
1808
239
6346
6506
5616
4673
5881
3124
4175
180
5473
9654
2717
6926
7972
1747
781
8653
5930
9477
6418
9384
1497
5610
5158
8420
6179
4891
9766
1395
1484
6510
2413
7799
2151
7441
2779
4645
9420
5143
1169
7892
1864
3072
1308
8660
336
3856
5740
1643
4419
9569
3680
9050
1884
8788
3024
9375
4401
3075
5319
2836
5627
5170
1882
5236
6066
7188
5513
2846
7444
7562
5025
1490
1089
9814
8172
8312
7542
9374
1526
7712
1701
1563
8908
9604
9229
1761
2691
505
2715
8057
4755
9316
8013
4970
5022
778
5646
9207
1616
3552
7571
450
532
1969
4353
1549
6289
7646
4793
2881
7408
639
5106
8728
7643
7320
7665
7780
9347
9687
2679
3235
6878
5129
7622
4410
2667
8524
3153
4254
1747
8351
7760
6081
6382
7830
7565
3306
4335
1146
734
2701
3118
637
7167
8554
5663
2475
4843
5874
4244
700
871
8371
4492
3478
7419
8452
5350
1455
6654
9884
3718
8479
4989
4317
7507
7060
5527
5694
4474
3552
9640
1687
3395
8797
7344
6693
1998
6449
2015
9613
3657
9724
2480
9389
6913
1982
3871
5022
8578
2646
600
3334
5278
2149
6718
5626
8198
80
8548
9744
5111
548
1899
7458
8579
4180
2505
9775
9579
2846
2386
5131
2503
8301
918
9927
5650
8599
1079
9723
9796
7334
2549
7840
4381
6803
2471
5082
3243
750
1400
4962
7593
5370
6492
1778
6164
2662
686
554
6186
1879
3207
336
1217
672
9757
9731
7522
3428
1462
9104
736
6834
6647
4093
5385
7310
77
9427
7144
4689
2807
4602
5859
1271
2446
4796
8392
8550
4419
8427
2095
5934
7907
7838
9052
9356
2457
9286
4597
936
1872
9440
5914
4127
6915
3251
1781
4491
5556
7800
6751
7549
9989
6858
171
2605
2422
1251
8932
5256
6523
4166
8959
8408
6553
6379
3468
6162
7246
7764
5215
8073
1674
8527
3685
7776
9997
2500
5669
4172
9550
9182
3876
1415
9270
6790
6485
8129
1623
7771
2075
7665
9932
3406
8908
3850
2702
6906
2165
3081
6143
721
1828
5498
5431
2177
8166
1978
4873
2997
1197
4822
3762
6344
3085
3043
9853
7140
8963
3863
5189
7673
4530
4629
9160
969
428
3942
7636
2559
4042
1442
9010
3008
2632
239
6620
5482
6416
7648
1355
362
1905
7342
8385
4490
9451
6580
9200
8790
2730
9108
7269
4143
7981
7623
2981
3801
9986
3986
6530
1551
912
1892
2809
7783
960
5931
1356
6079
2712
3415
1767
4838
8389
8150
625
6536
9749
6239
8737
9185
7871
954
2218
9043
8831
9532
6037
9347
9362
6976
3753
4765
970
2513
6714
4376
4814
4484
1387
1235
8210
3874
4113
9423
8110
4436
7733
7671
8061
9927
2117
5113
6501
6671
4777
8329
4942
8775
9085
6187
5216
2774
9168
4493
6541
6941
9719
4023
9576
861
750
2475
9457
8694
3020
7783
2815
7978
3826
6425
6712
7297
3937
5074
9200
1877
3189
2147
6027
5197
7921
3620
3408
8518
4504
2484
7229
5229
8693
5402
33
106
6152
4842
1482
2631
6766
5427
2572
9502
411
3269
682
6048
8039
2496
9924
9985
2370
615
5645
9665
2005
8243
23
2246
2615
3589
7469
3621
1512
851
9101
7487
206
1940
5953
4632
2889
7142
3769
9715
9749
3004
982
5353
60
8534
6757
1336
5301
1688
7526
3544
9069
284
9160
5049
2224
6020
2066
7208
6292
6743
3297
1008
147
4669
4857
1373
1779
390
4794
9932
979
1044
6929
2127
5092
5593
6551
9820
945
2698
106
7285
2941
6931
9062
1970
1768
853
4368
6090
1933
4666
7471
6913
5755
3033
3975
1771
606
7669
6371
8575
2730
6192
7503
4423
1219
2445
3519
147
4043
3170
6223
4429
2889
8124
9607
8615
1698
1789
2427
9696
4759
8640
7245
6614
8299
1645
671
9574
3471
2136
649
4415
5788
3652
531
2132
6413
8997
7248
2592
358
483
1815
6483
9828
1226
958
7435
9395
3215
2390
1086
2006
7485
7182
2275
5846
1004
9844
9633
1898
2195
3999
2991
6848
2789
6498
6699
5077
7255
1021
4742
2167
4801
8166
9564
2164
7219
7920
4321
654
3119
7045
9415
3165
2532
9237
4509
6081
4363
5147
7665
5059
2042
8440
5317
2183
4165
2063
5439
5937
3813
5916
8027
8256
4273
2082
7452
8491
4824
2063
8399
5799
2417
782
6032
4530
6714
2489
9670
1711
6588
8232
6521
6014
4832
3386
7860
7943
1339
9839
3925
8755
9364
8849
290
1336
1254
4189
8165
3711
8048
7537
3192
5763
4666
8755
5900
9832
2643
3131
339
6213
2389
4206
7710
2015
5450
345
3872
4020
8280
9894
145
641
3383
4510
7742
5488
8804
715
6958
8226
3406
7480
7216
4805
1245
1528
2784
3138
4898
7520
4328
2165
9242
3362
1187
7306
5900
6183
6125
3585
6146
1032
3334
4701
7716
7736
1077
4686
6447
3266
5529
2313
7861
1418
6891
4961
8686
6755
5167
9605
1181
3725
4169
742
3197
1816
4173
9986
298
7593
6271
4450
6492
4744
2568
1932
3453
4228
7434
4054
3372
8547
2251
184
106
8538
8061
4300
7954
6198
7694
2261
2262
3412
3371
1209
468
179
8111
5837
1543
8580
3033
2316
3018
5291
3676
2882
4007
5349
9105
4891
3726
565
9559
9907
4305
1261
6058
8922
6684
8037
2528
6518
1746
5771
8560
3221
9058
9384
8302
2685
4888
1035
2433
7858
704
2452
5094
7828
8774
3167
4573
9745
6521
9114
5873
1262
6366
2805
6262
6750
1616
9109
7994
1660
7333
1893
9341
6539
6171
8187
5453
9848
481
3746
7658
984
1459
1352
1097
371
4750
2150
5348
8541
6817
9927
222
6749
1732
8567
6853
2492
4802
538
7136
8299
946
2951
9447
8961
2148
3231
5185
7168
2806
4493
9336
4467
6470
9419
9386
630
3330
4878
1481
6514
8811
9232
1394
1476
168
1624
1115
1560
7431
6952
9092
7271
4014
1539
2896
7082
1808
8089
7694
3722
859
4224
8031
5686
2238
4192
3340
768
2359
8059
176
7797
4538
4552
6144
7014
8542
4747
172
3399
3650
6386
269
9092
4445
5054
8750
795
8803
8508
3607
714
9811
2559
788
2214
6013
7196
516
4709
1473
7842
4845
1752
9331
740
7341
6025
2362
9252
6092
7421
3895
3773
5613
261
1331
1293
867
6039
1970
2045
4464
3092
9763
8895
5433
102
4105
7843
5685
9256
6340
150
3732
4834
3576
4135
348
847
1664
4007
7311
5517
8219
7821
4409
256
8644
6083
8021
339
4559
9440
4926
2524
575
3075
4339
5067
3109
7049
9300
6815
5380
6667
5209
1669
2175
199
3810
3677
1187
328
8073
9195
881
1477
5924
647
7731
3140
9014
2130
7360
1193
6773
2870
7307
9903
8646
4616
6838
2641
4148
7500
8900
5717
880
725
427
9141
9618
5432
4776
8924
8302
3035
477
6730
6994
448
9494
3252
1932
4632
5641
4123
7464
9718
9163
4039
5590
8481
1583
9071
1898
8388
8953
5272
1837
6502
9249
568
4577
1474
5955
4485
8434
9378
3091
9343
3112
4525
4542
1095
969
9866
4444
6779
9547
6879
8914
6031
4535
7291
9780
7977
8777
4988
7959
2616
3412
4413
4244
5170
5715
1568
968
569
6570
8260
9224
6986
8618
3651
8578
3266
3747
43
5007
9292
9092
7079
421
6027
7870
2249
6601
1281
9382
3238
753
5322
3209
7726
2216
24
6475
7638
1514
5643
7752
3172
911
4588
9579
8566
6565
1111
7277
1680
5061
9507
5092
9472
3928
9568
2365
351
4003
9611
7733
7639
7293
8752
2225
5307
593
9997
1965
216
9135
495
1921
3958
9100
9452
5776
6490
3882
1260
4282
9916
7427
7892
610
9599
5807
8224
121
3314
7701
7853
6457
8835
4189
2176
6414
9675
772
1814
2382
9993
1049
9385
4122
4463
2980
1820
9836
2723
998
7300
3584
4611
2492
3443
4751
6169
2429
5153
5255
9334
9843
3305
7814
7325
8662
4237
5941
2191
7891
7063
3602
9951
3996
5390
1493
6626
9562
4257
68
7269
4045
1731
8258
3002
2756
4723
162
7568
7543
3606
9353
8557
17
6387
2849
6763
4156
1499
4874
3037
5477
6788
5132
3405
8718
8544
7927
6371
7922
6366
5979
7491
4451
2845
5027
9668
6543
824
2300
7913
9313
355
2676
446
68
7601
9550
5008
3778
5407
4914
344
2043
9744
5232
6278
4193
9941
5509
663
2880
4921
9126
4979
8123
3766
8729
5637
8369
2184
1268
936
6271
4908
7645
9434
7375
7029
2912
3135
1758
7851
511
6549
8795
3999
563
8128
4283
9696
3745
1761
7801
1907
8664
2903
4506
7107
5303
1282
8607
7669
2028
832
6581
9862
7382
7895
4646
8339
9420
4782
6370
1509
9782
6872
1176
3015
3945
3613
2365
7909
6401
7110
9536
3395
2102
9349
9908
6503
1617
4703
2380
8692
8936
823
678
5284
4533
5641
8990
2496
2485
6271
8179
3247
8700
4067
8806
1546
4069
962
3918
1512
583
5609
8969
7387
1700
4911
4093
6469
5707
255
5053
6888
8541
9616
4647
5177
9724
9426
2090
4208
2304
2487
1508
7839
5539
6940
9274
493
4956
5475
8721
8573
8153
6815
6281
5072
661
4378
6809
9011
9257
5270
1541
1654
463
174
2380
3387
2193
3465
5198
1735
3968
2587
5819
8392
6849
1735
2070
1699
3713
8132
5721
8489
2905
987
8290
5653
4845
794
2987
7861
4143
9625
5864
8418
2897
4503
1049
5229
5463
63
9694
2136
8234
1581
1258
7903
7320
4454
6385
3329
7353
2889
4699
9631
77
3825
3226
3759
2641
1028
5048
7453
8513
6331
3578
7711
4311
5325
7377
8563
1537
330
1519
4472
417
9746
6694
358
6590
7824
5516
5323
4951
22
7883
3826
3512
8662
277
6658
5637
4537
4004
1424
8691
5792
2559
8626
9766
134
5337
6946
9205
2174
3060
4667
8426
9917
4883
3779
3589
8358
1373
2724
1696
1807
9309
3704
7853
6733
5621
4993
284
2704
5779
4083
9801
4733
1388
4831
3554
4836
3701
460
7334
9437
5265
340
3384
9780
4453
1992
7827
3486
7479
4369
983
7767
9540
3220
2866
9498
2432
1569
6715
9596
920
2217
5735
7029
5956
7801
9038
716
9609
6743
6743
2798
4507
7176
6688
1098
8207
6459
6458
6076
5710
3350
5697
9684
21
7531
8314
3762
2761
6
309
4241
3993
822
673
7325
2732
3429
9407
4642
105
3334
3422
2610
485
8906
7893
419
1894
4127
2752
8067
6006
8934
3890
1576
6308
1327
4617
8584
5157
499
8654
5154
8248
3758
9003
6552
7670
6791
6568
4346
9816
3869
6670
2831
4419
9775
7148
8482
4702
8984
6696
6103
6292
4982
6349
6617
2821
294
6770
3361
3351
8157
316
8261
922
2789
3962
5770
1656
6642
7309
6952
2827
6544
8715
4873
4633
3323
2105
1916
8459
1403
7125
5325
9835
2522
2214
9145
4715
6434
6747
8512
7027
6680
7232
9772
4626
2495
7632
7320
5238
2667
7604
9055
9878
9123
5481
7123
1484
7298
5727
8358
9376
7658
5869
1512
112
1397
7426
7261
5740
2873
4567
5578
8125
967
6097
1516
3014
5457
4002
5110
9074
4214
2287
6277
1517
4331
8827
4529
2511
4887
7762
8322
4979
4411
707
5980
2165
3628
7573
393
9562
1582
6218
2626
7466
4127
3488
409
776
5886
5268
9638
850
4486
3010
8956
4819
4618
9127
4536
8566
4783
3335
7669
1686
7008
2235
8830
4304
1938
4386
9329
1674
9766
1880
7180
1501
8948
3508
7544
8861
7306
4843
4862
7897
6352
2386
9210
5118
5430
5664
1451
3942
8509
738
2483
285
991
6713
6705
7109
125
414
2169
4767
1875
1941
9181
6554
3641
1055
6955
2008
7737
9961
9666
59
9831
5458
6705
352
3378
8186
8926
8417
6582
7286
9824
3950
124
5648
5258
8182
5887
9100
2741
7391
154
5205
9448
9669
1235
1253
5766
8111
3391
8291
357
3549
6737
2087
518
3261
2786
7225
8982
2238
46
4248
6432
491
8441
5830
3548
7993
9020
5744
5752
3372
6480
300
1010
9523
6886
8043
7663
3412
6352
9550
9659
6930
2399
8292
5934
5131
9979
9345
8326
430
3672
7259
599
4330
7195
4334
2076
9569
3145
224
2648
3579
5304
222
3230
5015
9653
7285
2329
348
7937
5708
2953
7278
1848
6750
6507
5740
2287
4550
1219
1815
2650
6628
1864
3773
1095
5740
45
5634
9018
2477
6088
2096
4246
3599
560
2037
5029
1606
9976
4187
9812
1619
9250
9158
4014
841
2834
9334
211
6989
7744
2763
933
9478
1305
1528
1327
8916
1795
2305
7731
6110
2299
6622
9566
6515
6797
2386
985
706
6431
9349
6079
2469
7659
3084
4854
552
230
3963
1596
6872
2274
9425
1328
22
7756
8769
3417
2362
5171
8465
3863
1924
2054
5867
7396
110
6792
1921
183
4350
5076
8301
9589
3416
8454
4918
388
7344
4061
7919
5309
156
2876
9978
5341
5319
4631
4186
9848
6418
2576
1702
1099
9702
5054
2233
6077
9557
8134
7094
9344
1758
7577
6488
2874
6990
7066
5560
411
1812
3034
7656
2474
8621
5378
4540
5712
9982
9020
7544
2241
4848
2335
8980
2258
1670
2933
5965
9915
7994
282
9909
1275
2613
7827
7002
9538
9981
8889
1700
4016
8552
6497
6440
7079
6767
8377
6042
6015
8255
2336
6463
7350
9768
8962
6576
1105
7864
4608
7290
6756
3602
8264
6659
5674
2840
3734
2359
2274
5256
2551
1344
8486
49
6997
7204
2377
9111
4788
520
7388
8684
3239
4867
7084
8655
1040
5693
2092
5889
9555
8262
1307
7169
8293
499
18
6458
5862
2243
1212
3186
4952
8623
5410
2483
2379
2480
7602
647
6103
1083
4235
1580
7509
9255
1528
4567
7179
9231
9991
6212
594
4355
6180
4556
1717
1577
3703
1263
8519
2001
5254
6129
7329
5142
7464
5841
3832
7712
2248
1364
9543
6822
4354
1
1150
6640
8685
7765
5815
7755
3941
7398
9072
4950
7619
7765
3466
874
9548
6125
4045
8182
5619
3448
1462
1560
6059
2432
9134
7879
1598
7571
8856
7165
3427
2591
438
4898
2639
8525
5928
2964
4091
8507
6979
4387
2589
8337
4378
1592
9510
2917
9420
5510
6023
1354
3129
3001
4257
9699
3618
3978
7112
9974
8012
228
9362
891
1553
8305
3026
4180
3347
7790
9004
9798
510
8254
7028
3813
8009
4394
4920
7502
1736
1029
8598
1533
6657
2813
1355
8607
1736
9165
5242
9522
9498
4032
2885
2137
4450
8321
218
7356
2572
7518
6477
1420
4084
378
750
2867
378
7345
8359
8730
9508
9686
9269
932
9535
1096
992
104
1876
4628
8520
1756
8067
3348
8910
4652
9023
9557
5340
1962
9590
230
6194
1344
5946
1276
3630
9873
1505
5123
6279
6749
4614
4254
2518
2099
9769
6175
7266
672
8010
3491
7654
9862
3821
8597
8641
617
8202
1810
7066
2387
1157
172
3902
6694
565
5544
8440
17
3523
2115
2443
9212
2896
7761
9135
8462
723
2597
726
7854
5662
4317
2377
8134
2508
1317
5156
7779
5241
2812
4074
3017
5069
436
2838
7972
9783
1650
8496
201
5987
6661
4824
2186
6343
131
3475
2729
6800
2079
2383
7556
9171
7239
6004
3054
1490
9802
7128
303
9694
7047
2383
8273
5955
1264
3966
443
4549
1485
8426
7659
6005
6237
4130
5452
160
4632
5462
1176
6628
1920
2178
1334
9631
9685
9563
8564
4710
359
2276
4096
7582
7046
6717
1200
2059
5798
5353
7234
5267
8799
3403
9901
1918
8496
4157
614
5053
4067
8460
2943
2611
5420
3587
9113
2356
6491
3410
7067
6137
9809
1642
3979
5789
5343
2984
3384
9432
5209
2124
7130
6501
906
4070
7905
8961
7841
3644
5483
6435
6649
9177
5218
562
7063
4565
4577
2200
3388
1933
6502
2225
3482
1023
739
9567
5252
7477
6271
8878
3037
11
7610
175
4819
7358
3213
1443
5844
5363
3855
9526
3502
7090
6005
9477
6997
9101
8705
4877
1101
2224
1275
2722
3512
4055
7325
9000
6905
966
2855
3954
9735
7849
1635
3125
3949
6649
5572
9351
8270
488
5336
6905
438
4953
204
5855
4747
6047
8814
8840
2818
8416
1949
6958
9103
5141
3164
332
8340
9393
2534
7127
186
3547
1564
7866
5454
394
4602
7138
7698
1949
9607
9266
4884
1540
4219
6404
7756
7742
3851
7629
8751
6464
5279
4860
4257
4046
5733
2479
6551
1337
3631
6177
6842
2645
2231
8404
984
5622
8242
1399
3700
4838
8050
372
3566
5590
5510
697
1869
4847
9660
1008
6776
1891
2887
5181
1268
3157
251
5956
8072
7490
8261
7813
300
6698
6680
5733
9968
9087
3458
6138
6729
393
7917
4402
3446
8211
801
2209
2048
150
1575
3877
2736
7855
4040
359
6939
7232
1219
385
6680
560
4750
5990
6563
3439
3652
4739
2522
6827
4669
1648
7795
5256
3851
1026
7072
1087
176
7552
4219
5878
4141
6672
4252
1704
5062
7646
6458
7568
1137
6296
7246
2711
1565
4873
675
280
4191
3488
8537
4060
4311
7068
9161
1496
2097
2038
8482
431
3351
8555
1810
4452
1829
7189
6896
5504
8517
4965
6486
9740
4712
4702
4685
2364
3269
2721
8928
7832
7308
5809
2882
6328
2196
6818
7036
6492
8274
1139
7966
5797
4667
7125
8007
4627
7808
4711
2928
1420
6184
5072
226
214
3900
9896
6344
9601
9884
8659
2031
7716
8287
9786
7593
2738
7815
3287
8257
7225
6083
2574
2122
5591
5662
2963
832
7433
6421
6636
6991
113
9925
5124
5490
4643
3843
4728
8692
1756
4613
2257
4019
1200
1581
4127
3826
5039
5094
7039
9661
4434
9575
5609
4392
136
8133
4056
6752
5608
6422
918
1539
4930
1999
7380
5691
4230
5166
5347
1893
3952
3092
7634
8608
6719
938
3284
801
2321
3732
3405
611
1181
1763
7881
76
1436
8549
25
8875
9316
5207
5611
9342
2771
7610
6260
2752
116
8003
5709
2334
9009
4781
8727
8459
2822
3049
2077
5449
4381
4757
933
6472
9388
5979
5522
4540
503
6464
3657
6390
7122
2061
3277
1141
8856
5146
1001
2133
1249
4262
1674
6693
9475
4804
8151
118
4456
9503
2845
4464
4360
93
7291
7807
7267
5330
1207
9530
8669
5244
7180
6820
4054
2251
2497
3083
7349
1475
1958
2606
5809
7018
2861
4892
4555
4412
7091
5527
2923
6719
2106
4344
5445
5264
3380
2540
135
7612
3582
3643
2819
427
3079
1289
596
278
3435
5654
4942
4809
4400
3424
3287
2756
1516
3656
4571
7307
2561
7314
6465
7838
2311
8437
2264
4355
2068
883
9276
1966
8122
4419
11
6754
7757
4490
4047
1138
367
632
1112
9921
6762
4478
2007
4375
890
717
3033
4580
8404
6185
7102
831
1479
4557
5525
9048
670
8889
9862
5580
446
1062
7915
3782
8930
8473
9052
2626
6513
8598
3350
6461
2745
4796
7303
5976
634
8798
8120
107
1761
3874
2823
2087
9695
4306
7696
5332
5350
2880
9496
9433
8240
1495
3686
969
3979
3036
6846
9306
9477
4467
7996
9506
8944
6734
537
1370
8065
257
8124
2676
1531
9120
2368
1753
7940
4745
3694
7931
80
9679
8519
5721
8322
9099
2304
6897
6620
7223
3675
1039
5342
3573
6046
3332
659
3097
674
8834
1028
5960
4425
2212
5943
6504
4301
4554
5672
822
9905
641
9410
8775
7415
7281
6105
3782
3358
5249
887
8236
756
4245
6082
5774
1040
2823
7015
3472
7509
9460
9333
6712
5716
7325
232
5485
7041
6013
8048
6493
8223
6971
4029
1118
7739
9509
5481
7324
2690
8444
9795
6065
4112
8543
3859
1059
38
2576
8719
9032
3927
9170
9561
7972
6239
612
6258
5123
6705
7671
7296
7554
299
5051
4487
7143
3800
1448
3926
5761
8034
1816
4001
105
7009
7890
9463
3992
2085
113
9727
4787
3340
4339
2212
770
4208
8797
9402
766
3200
8780
4667
2344
3977
3670
7011
7766
5969
5039
4388
1448
4912
6248
9751
3257
9564
8161
6816
9777
1647
4911
7084
6535
1687
937
3850
9556
6122
7100
1987
1955
4259
8751
1015
8500
3597
3392
2886
975
3931
5165
2391
4054
9234
8655
3176
5316
836
6401
1619
6337
490
6126
8058
7143
973
3768
9023
9903
4913
8453
1282
5812
3822
3252
4423
5002
8012
9054
8867
9623
5210
7047
8979
4879
2043
7283
217
9246
7262
4629
5940
2606
7097
9779
8411
6712
8178
5590
3527
7607
345
461
3082
9896
7668
2128
5519
2973
4232
6146
462
7521
7154
9024
8876
2679
6368
2135
205
5931
3582
2738
7064
9177
5600
864
3382
3708
6777
8068
7317
6815
7830
982
2575
5120
9754
5431
3362
5427
8791
3298
9772
7554
3382
669
21
2129
1635
1167
6825
6271
7272
5003
9584
5177
6723
9643
3308
2809
4455
9928
6191
2269
2077
9573
3622
8962
2020
332
4677
2926
4732
3232
7136
8220
7339
9250
9140
18
5721
5135
4624
5407
191
2853
7987
8433
935
8262
9395
4659
7887
1526
3927
5971
3872
255
2482
3329
8678
5332
8941
8323
9963
9570
5455
7605
4772
5041
571
6782
5511
8330
1014
9822
3607
6788
1652
7268
3742
9671
5887
444
5735
4721
4146
806
7109
8374
2664
6353
2083
7106
1404
7413
2184
3306
6556
9425
5206
1345
1951
3193
4016
2438
304
6449
3142
5499
3991
4663
7534
7808
5890
2986
1281
1070
9925
3865
9759
7856
7995
3447
5791
2763
215
7594
8695
5006
2124
4610
8693
7940
5045
3079
9784
3574
5794
6539
4510
4958
9423
3214
7578
5623
2931
752
5985
3424
3938
2386
7922
3487
3983
7557
5680
9458
6882
4452
205
2080
194
510
6964
5598
8015
4155
5571
3390
3086
5184
4468
2946
2722
9757
6326
6942
2371
1219
1052
6796
2846
4675
6530
1705
1049
3410
8120
6588
9889
824
6685
966
9858
2920
5400
6740
7314
7466
4709
7826
8762
1956
2683
8139
7010
8775
1750
6299
1272
678
7894
3573
1261
2833
5827
4656
2396
3647
4459
7100
3544
9194
8170
8851
9777
8308
7509
7146
6418
4936
7683
9110
7434
3547
568
7212
6020
3842
9647
8017
7302
9869
8499
2464
8067
464
4506
6410
1997
2482
5263
567
1738
4798
314
3130
7602
9943
7518
9347
5251
2009
47
7166
6992
3882
95
3929
8653
5136
3491
5955
7839
5116
9286
3680
564
291
2266
553
2623
2318
9094
5376
8829
2071
6768
7585
3209
6916
1832
3300
6328
1920
5967
622
7651
9876
3347
5304
4143
9333
3672
4407
8138
7863
6628
3258
1907
3248
2679
9123
3990
7751
5524
1740
3540
1802
785
6283
9195
6943
3191
1568
8887
9650
1334
2763
1876
9262
7337
3258
3999
1239
753
9520
7912
7267
3152
9154
838
6393
9125
3738
8247
9841
3631
2878
9986
3387
3647
684
7884
9484
9102
4492
3379
212
1560
599
2713
4874
1444
9029
3729
9544
6226
9298
4159
5523
8416
6346
6591
3379
9144
6308
8278
593
6601
2555
908
2382
5152
5287
1134
3456
5682
2571
7599
1207
8009
8071
6646
190
8362
8349
5928
1501
4591
4945
1587
6252
7653
1961
5156
5506
6452
8292
7941
9338
4406
9847
4247
1399
7142
2834
2071
6206
2247
6130
6832
8786
8286
5071
6606
6734
365
7605
8442
2794
1980
5376
5623
7632
2198
4929
7063
9785
2318
6830
5946
4049
9068
9317
4757
7113
1927
5344
7723
1675
6592
9492
1035
7863
3273
595
5877
1788
6257
786
4010
3491
3406
3893
207
1989
677
6487
7469
1373
6360
7541
9897
6312
4332
314
8971
617
9158
9301
6413
9689
4802
9606
2386
3035
4384
9832
1328
814
2828
1047
2283
6492
8439
9091
7472
5663
6343
1566
474
178
1304
5135
2213
2053
653
2489
9661
8475
296
2085
6065
8222
4449
9307
5418
5522
3094
8208
6594
6391
2511
6713
1443
2056
797
4158
1005
9104
2607
8314
9379
9132
8913
5279
7042
3340
929
3270
5535
4419
719
7956
780
301
1376
4088
6567
6336
5151
5728
1759
1995
6257
7308
4884
8476
8371
410
1258
6190
2818
4048
3881
8527
8119
6985
9989
399
1549
6022
437
9860
3888
5414
5745
9419
5284
1616
4413
889
7071
5437
1356
7711
964
4019
9395
8828
7037
9339
8060
108
6356
6500
7811
9182
9742
1665
1537
7428
8789
1101
5890
9635
4912
6687
293
6890
2673
6648
3120
6176
6491
5001
4141
8886
1181
2082
2052
6571
9503
9717
7030
4942
5449
6905
9204
5326
7995
6347
4234
4142
6860
8542
5036
5620
8178
8723
7531
288
5754
5044
5491
346
7381
9722
7668
500
9840
3006
3067
4527
6990
4972
7821
2889
68
7700
4560
83
4928
4507
8165
9233
5783
814
853
171
9674
9014
359
2193
7780
3175
5708
3899
1139
1234
2760
1646
2432
6827
5596
1754
4188
9396
5188
1632
7193
9096
2746
5953
7075
5653
2758
5922
3737
3680
9299
6492
7020
1852
6638
3535
2707
5493
8029
8807
519
1415
3706
2070
5634
2572
555
9345
2463
2738
7424
3831
9918
9450
2136
8844
2327
8749
3359
4948
8296
7945
1320
8826
4316
617
4515
3616
4666
8435
3292
4545
8631
5627
5664
4370
9369
389
2988
2232
9978
8088
9380
7587
4693
9101
1980
4519
7248
9927
8743
5067
3893
1196
5321
6874
7279
7537
5963
1191
5550
9781
555
6766
2663
2804
5901
4598
4266
2827
3443
1666
1009
171
7444
3606
8291
8822
1483
2935
34
9575
5007
987
3719
6782
8379
2736
6023
425
8585
9401
3346
6110
4655
9234
4297
1476
4118
2036
1609
4258
8067
8436
9352
4911
997
9702
9259
9977
2298
528
5665
8049
9725
6921
5136
8195
7088
2080
3546
1603
4817
6360
5755
6659
6205
7329
9586
2513
4734
4818
7738
3917
7490
2978
4692
2232
1098
2935
2866
9289
8715
5926
3186
3721
1412
5000
5749
1630
3517
2429
907
8964
2104
1354
1853
7975
7495
6830
4567
510
3786
115
3776
1553
9826
6224
3879
9195
4839
9899
7708
4378
211
1724
9640
8579
185
2828
8537
3955
5253
3788
8238
417
4930
4931
1868
5919
850
7791
3851
2830
5901
7340
1568
6817
3289
6530
6119
954
2465
3848
2156
8497
8294
503
2486
8051
2927
490
4113
8855
9742
7329
8679
3036
7953
8245
4875
1166
2881
3686
2385
4599
475
3344
6701
2210
3993
9099
5767
3818
6380
9954
9767
5090
4631
8923
1506
1086
3163
3045
2737
1086
2715
6416
5435
8314
2763
9014
4607
5705
1194
8488
8304
8636
633
6035
572
3159
6887
6897
2683
6128
7514
4571
9121
4256
3484
4988
6351
1750
3680
7889
6285
795
9023
5693
4588
5888
3844
5769
3307
2835
1584
1592
1641
3921
5034
4457
7649
6501
4583
6886
1143
5822
9122
2777
733
1871
4600
8926
3586
3792
5618
4083
1864
3122
2160
6155
8208
5936
991
2370
4516
2625
7558
3500
6033
1017
4227
119
2719
7727
4029
8574
8063
9482
1445
8015
6640
484
1230
7236
2205
369
4086
61
7143
8808
2528
4639
3210
5600
7296
6358
9310
5590
6834
9350
7101
6842
9975
7487
6043
3930
2717
6127
9783
5222
1113
17
8813
3811
8740
3875
8518
3083
9167
1557
1789
6561
757
1053
3342
3122
2636
2024
7949
1703
2854
7675
2991
4503
2650
2904
4841
1050
6378
6427
52
3544
9650
8484
1194
9487
2668
3919
5040
6195
8050
4255
3455
8064
8001
2857
9504
7900
838
7324
388
327
3288
8895
3373
2612
5249
1027
4573
6689
9994
4231
9273
3794
354
6923
1497
4349
2107
8700
7807
2030
1730
6653
2577
282
6697
3639
6020
2720
3426
1863
6663
1963
8954
3621
7882
2373
5599
9574
4666
4662
1104
695
2122
2234
1472
234
3806
5264
6182
5309
8647
4126
3
4021
1718
6882
6417
1514
8895
964
5157
5196
8972
4439
7969
3283
9370
4958
8585
644
1332
1323
2783
4399
6555
5714
5021
5413
127
7213
4767
4055
4924
2665
8330
3498
7379
349
1245
8231
4484
4362
9650
2431
4565
94
9377
9739
258
1251
6818
1409
6593
8229
8924
2914
4832
6016
2047
6817
2717
3959
6091
7326
6946
3857
6635
5696
7164
2526
4833
8786
8390
56
7886
8388
9271
8229
9294
6402
7332
7416
1198
321
5459
8471
7420
4294
8509
3575
7050
8065
799
2451
7629
8422
8382
5388
4568
1100
9540
3018
6160
4574
3835
3745
9500
2704
4661
5023
9244
5388
4118
3649
8034
4569
958
8389
7409
4509
2871
2554
1537
1465
1687
7108
1179
3555
2450
2988
1287
4849
720
5076
9328
1649
4838
4968
4113
5254
436
2240
4303
2780
4522
2402
9010
9404
6504
9188
5376
4683
3440
9087
2296
8414
9002
5951
2040
8280
9364
3063
7356
2547
1428
4065
1220
8733
1580
5523
7344
5354
7624
4349
3434
5207
7702
7087
3808
9663
7043
2296
8013
3590
5582
9097
1491
3794
4492
8504
7912
1818
359
5632
1034
8231
8899
453
7919
471
3279
9317
1453
2096
2532
906
4099
6417
429
252
9362
2212
3779
4628
3932
9808
7124
924
1479
412
7744
2
9198
7437
1215
3194
2101
7824
7010
9155
2518
8547
6901
6178
4189
9405
5981
8042
1068
7054
7156
7646
9996
3297
6046
5581
9441
8207
4886
1308
3208
125
3163
5617
7135
6261
7905
6395
3842
8402
6229
9759
5326
1684
7968
8862
2387
4932
5175
9938
2907
8770
3933
7287
9473
1402
9318
9590
3167
4324
9769
7116
1225
6907
3072
1930
4272
9029
7951
4662
3380
7537
2511
6750
5465
1760
1670
1436
8244
1913
4501
8453
6434
1792
5438
3484
5013
4065
8623
8532
6508
3078
6687
9362
2270
1065
8900
8289
5475
4803
7567
4463
4767
210
3317
7780
9468
3257
7962
738
3043
6625
7084
4504
3446
8461
1385
7617
6733
4812
5390
4154
1163
9960
6590
2145
2236
7275
1323
5545
5885
1265
980
9961
4888
3096
9866
5716
7611
5188
3312
147
5444
1503
9856
9487
1643
5757
9572
5755
5532
5790
8743
4125
7087
3725
1561
2125
3190
1893
3896
7382
8450
8452
7298
5754
4002
9127
1108
6851
5354
2836
8205
9139
4524
343
8436
204
6053
7444
194
3036
3574
6059
238
1633
6461
7930
244
1978
3104
8668
7409
6189
7462
3951
7677
7413
994
372
3797
5588
4413
79
5875
4342
4542
3629
3773
2086
3848
6022
5031
7593
3216
8168
3046
5080
6442
2323
2579
6956
8607
1027
9607
2594
8157
8824
1913
4238
2187
9425
9825
9883
4343
5991
5048
8128
8110
1350
3998
4959
2232
7126
7784
6647
2301
8744
9172
3913
7800
8363
2282
2039
3958
7231
5649
9416
2187
4177
8986
3337
5810
4404
5197
6814
9294
5809
3775
2229
4865
1477
8045
8875
5256
89
7511
1320
9538
8191
2876
3718
4236
952
4045
2063
8458
4930
7569
228
99
1983
9733
4154
8394
6225
589
4302
3380
1585
6460
8201
8411
8638
9068
9919
1006
5411
2410
3634
9074
1570
3073
291
5690
1708
8353
4200
6558
2114
2588
569
5227
3846
6173
677
6567
5834
4629
8386
3935
1658
1043
81
5119
5750
1391
5935
4877
279
1028
4791
5154
6131
3704
5429
1510
8332
6681
3543
8167
9346
7733
8236
4453
3193
3910
3150
1854
2789
2408
7707
8913
3602
9368
7407
9441
6656
4555
6830
7944
1003
2185
4013
5973
8840
4964
1936
3027
6460
536
9150
1656
3927
1537
9872
6871
8941
1188
5705
6274
3781
235
4368
2991
443
9600
6104
8374
8208
3588
7504
9412
8897
8685
2182
2079
1621
6154
4823
455
3951
1829
6850
2469
2388
1108
4874
7427
3526
9131
7146
2711
5215
1153
5523
653
8474
4397
9600
6897
6058
5566
5355
4278
8622
7716
7928
6805
5644
4798
6191
7557
9563
721
2503
7267
573
1681
5598
4814
4296
9711
1173
9858
3158
5759
7000
8784
3058
1269
5099
8102
3411
2268
5936
4128
3494
6242
1222
7594
5107
9140
7371
3216
4866
225
5665
4485
2054
733
1103
6236
6439
2885
9886
5447
734
2025
1188
8137
5897
8683
1038
5114
910
1011
6725
3159
2428
7420
3875
9235
173
9743
3680
7134
4200
8410
1829
2319
9412
5388
1921
8177
214
4287
2137
5000
315
4883
3290
9727
3937
1523
6859
6880
4895
8870
3630
975
214
6597
7685
6355
9279
1764
5617
8897
9763
5326
5189
5830
330
8977
6473
4049
1611
7635
571
4284
1394
2112
3743
2789
4335
1489
5047
2109
4907
5899
6542
3308
2118
6577
4879
2286
6140
6198
6323
3886
7430
2275
806
5934
8444
1841
3915
9728
4472
1076
9990
7396
8533
1877
3463
6847
6471
6842
5351
6948
5093
8211
3050
5873
4529
3284
6212
1657
4232
986
9001
6073
5828
6604
941
7642
5230
5744
5114
3138
641
1206
6991
1142
5131
4677
1733
7120
1901
6144
9501
2825
1217
885
8485
8036
1818
4466
5834
9479
1511
9204
8968
9542
7090
3437
5372
1950
8533
3473
8986
3610
6172
3742
1050
4230
3605
3301
2206
6734
1236
6761
6239
8849
7923
5315
9540
1368
3703
6783
276
8429
718
9943
7299
6089
6388
8346
6713
3326
4836
6649
1680
5294
6363
782
4988
38
9513
841
8965
5915
5441
3832
9663
8831
9712
34
9755
7072
714
4304
7862
4510
863
1688
5583
1414
7613
4248
5238
4495
2767
476
4640
5744
1459
8508
7831
445
330
2244
3406
9884
1352
2113
595
2056
5947
453
8573
4786
168
9848
8468
5374
1601
5547
2271
1041
3250
7481
2361
469
5755
6701
5517
6806
5768
522
3409
636
1804
8395
5647
902
4189
1000
1133
559
7688
8545
1198
112
7413
3146
2882
4322
533
5699
6360
7662
520
4339
5380
9874
9563
1761
796
6082
8254
8926
6748
9449
8036
5490
9577
4539
7123
7009
6947
9081
5724
3210
7683
6367
1348
1980
4404
9789
3409
6870
9278
7136
3472
7849
877
941
8979
3947
4784
697
1144
91
5389
5288
5476
716
3266
5520
2432
3089
7223
9769
3385
5987
928
3171
6043
2706
5326
8500
5496
5365
4788
6989
4881
3935
3974
6663
5735
2241
3966
9887
1900
4518
265
6620
5251
9582
7598
1433
6870
794
5055
8739
2197
289
7432
6544
1212
3886
3076
8826
6782
2679
8990
1671
4334
6201
8949
3686
2876
1333
7849
5288
5772
5985
7842
4409
2098
3884
7553
3306
2281
2002
77
7260
8660
3144
1679
2202
4204
3781
3002
5923
6343
7118
6577
4787
6810
8076
5709
3070
1301
5611
454
2760
4557
193
6430
3715
1639
8873
3485
2166
559
3612
4247
3975
8584
5052
7738
4949
2734
9180
6228
9780
9848
2590
8945
9157
4762
1002
7617
2066
3574
4872
3832
6499
5938
939
9152
9936
9669
7290
6937
8947
9114
8012
7168
2568
5143
7888
845
3029
4536
6198
630
9632
692
5421
2209
1009
1746
1753
4247
9670
3556
2512
7764
3741
4432
242
1083
3265
6256
8003
7255
4835
2592
1127
9964
3300
8117
8904
9851
5869
6812
4311
1348
7644
2384
77
9782
4715
1189
1196
4658
9406
7074
3687
5822
7289
3868
8842
4949
9692
9036
2583
5579
3084
6979
815
6942
8095
5092
4794
9657
6787
1791
8707
3474
1659
4686
8466
387
4487
1305
5959
3718
4127
52
4192
4217
4861
8760
4167
2737
6564
8606
7179
4106
576
4423
4618
3916
9499
6570
6312
8154
2729
6549
3038
3460
8162
5476
7201
7805
3785
1616
5886
8007
7229
4158
8240
5001
8139
7096
557
4930
1854
4057
1635
6360
1541
4098
1498
9849
5087
6666
4726
6803
5333
6226
8860
1759
3363
5414
1134
6999
6277
8207
3701
6648
2107
2613
730
4883
1480
386
1553
4846
8125
8722
6482
5576
2909
118
3877
7865
2892
9480
1658
1127
8073
2457
8994
9589
8149
1158
3101
214
9103
8825
3985
9023
6269
5276
9363
9339
5609
8632
662
5048
6549
6187
5421
2078
7357
104
1774
400
7832
2953
6150
9435
7562
607
2979
2475
8441
4106
7105
1213
2154
1300
9764
927
8280
3079
2879
324
9200
1631
4319
9812
9147
9098
9320
3487
7865
7148
9129
194
1862
1088
8782
514
7164
3160
2930
5077
2134
7541
4191
9489
8715
6274
3956
444
7471
8091
6562
6834
50
9915
7794
613
4851
6467
3814
2975
2789
1478
5883
8131
7819
6369
4776
3201
7587
3672
549
2920
7789
7675
1755
9909
487
7848
9364
1322
5542
6442
223
9755
7779
5408
8818
1185
1903
2952
2204
3873
564
9177
5750
6919
7946
1488
9669
9515
5203
2418
8992
6230
7204
273
8120
8686
2896
8538
4344
2413
5650
3371
2506
8736
6935
4689
5924
315
3141
9231
9933
9754
5868
8843
2592
8786
8808
1266
6700
4133
1936
1660
5077
7029
686
2922
683
1136
7499
8492
7028
5561
8662
7471
6729
663
8929
899
9914
439
1385
2571
2735
6269
5408
1518
7068
88
4536
1994
9455
4723
3694
4360
9
1159
9712
1258
3911
6702
5740
9025
4397
7666
6903
2476
4926
964
4503
2842
170
6681
2990
4032
820
3871
1523
6934
9870
8045
6462
3804
2579
6856
5904
5355
1249
3442
2429
9766
4434
1180
6023
7710
4373
7676
728
3780
9790
2986
3948
9210
4902
6405
7048
2099
2144
8643
4475
9257
8202
8853
143
5869
2348
1544
8540
5032
7488
7896
4650
176
2333
4447
6736
5895
7362
331
1390
8718
6572
6446
2451
3398
9892
5439
3692
2119
4552
4142
1722
6425
4116
1700
1598
6384
8941
1000
7172
2629
3018
4607
7338
4574
3311
7147
5291
608
6215
2260
5100
4411
5709
1364
5089
5460
8471
4811
749
5824
512
4867
7653
4539
4337
9566
9872
5513
5755
668
8238
6756
6019
1657
9585
7732
4218
6531
1356
652
2936
1993
7030
321
8933
2830
459
4646
6340
2397
1264
3826
4508
9799
5712
5715
2067
392
5288
6636
537
2183
8444
9066
7183
8428
5380
2516
9459
2204
5158
2497
1113
9631
5441
5539
695
5731
1379
8961
333
6841
312
4674
191
8637
3807
4757
5440
4212
1323
558
1677
9902
1091
1499
5907
5594
5862
