4707
3616
1982
3997
4454
4711
2292
4399
1364
3543
2126
96
4080
3653
4739
3957
851
1244
401
427
572
3472
326
2559
2146
266
2648
2933
3099
2011
565
1675
53
3231
132
1512
2865
2800
4826
503
719
2276
145
4858
2861
2676
3867
3517
3177
4577
540
57
774
1373
349
2209
2611
1803
2645
2852
2686
1317
850
3775
1432
4192
2621
1446
378
2494
2892
1047
4622
24
729
1156
2152
1557
287
4003
3891
4251
2852
2587
552
1945
842
1509
1169
3430
3792
4445
1115
3298
1278
155
1658
4568
4678
3466
2894
1164
2749
2469
3227
2454
1264
1633
4967
451
3844
163
2309
1829
4325
4462
734
3487
2888
4441
2887
2414
2293
3179
1525
2271
4732
2756
3605
3633
3297
1433
528
2767
433
3915
1332
3629
868
629
3214
3827
925
608
1922
91
2796
1773
877
3419
4620
4591
3738
4368
3064
2010
2105
4887
297
3828
4470
1497
2107
1102
3909
4778
1526
4470
323
1086
3599
2821
4783
1721
662
2584
2152
2745
3827
3429
3776
2523
2338
180
3310
1054
53
887
66
103
1841
792
3305
770
720
221
2896
947
3133
1218
4940
3374
3511
1812
1352
1513
4340
2557
4009
1283
287
4513
4795
3889
1109
2572
3239
2213
4176
2246
2780
3435
462
4972
2433
2650
4988
4603
1029
3851
4508
227
1949
210
111
1575
2236
2070
2003
4717
3666
1214
92
1942
4595
3665
4913
1067
4000
2690
1766
2025
3995
1639
4367
2540
3627
172
396
2940
2400
1929
4471
797
1856
3853
2418
4321
848
2061
2270
1770
3862
973
1647
1535
603
697
4507
2405
2294
2632
633
2623
4915
3566
1782
2043
3035
2637
1354
2594
3309
4007
4633
1964
2954
1227
2622
2166
4783
2929
706
2297
643
2787
1506
3048
1071
4179
1591
4918
3269
2459
1646
2713
2121
3613
2527
1439
3701
2207
2283
491
1753
3306
4559
1044
1647
496
4550
635
2693
503
450
279
2931
406
2443
1902
2876
1691
1104
4026
1985
1439
2921
365
481
2287
872
4411
4541
2624
412
3627
4527
3541
2189
3081
2803
4736
2278
419
2086
4099
2347
2654
1899
4313
2508
4812
2308
2951
2250
1156
534
2384
2231
3967
3717
721
1626
786
3670
1850
4135
3733
3516
3550
253
2206
449
1823
441
163
3782
4664
577
4058
471
3145
3018
2655
4205
3401
1578
3474
343
2659
266
497
379
1895
2939
4353
2373
2779
2154
749
4466
4422
4438
4977
1735
2362
4021
3446
2018
827
894
817
3562
2312
4298
1698
827
2301
1676
270
1081
1306
231
2970
1774
2156
975
3013
590
166
4391
1264
1431
700
3346
3196
2991
1123
1437
4904
4725
4520
3433
4126
2106
4236
3710
713
960
120
1515
4222
3392
3435
587
1155
2754
3917
3993
1328
4525
2383
3004
2113
4638
1778
2509
1549
4597
2472
1045
4606
812
859
1348
2365
3625
2136
4028
3753
1482
3534
932
2012
400
4777
3712
3778
948
2830
1022
2175
237
3995
1395
1780
252
77
2908
1070
119
1876
1889
2099
3154
1119
1323
2193
3076
1783
1383
1101
4548
803
530
357
4524
1208
3132
1163
1670
2490
4649
4030
2060
3148
2378
1422
44
3072
1363
3244
2479
1531
3389
3716
2643
1040
4923
536
3758
1815
442
354
1835
3274
594
2621
3473
3572
4361
825
1158
2679
4503
1409
4828
1552
4060
2338
3362
3440
3957
3715
1707
1666
917
2660
3355
1284
4376
2236
1325
2948
2283
3915
353
3616
4607
2848
603
450
3909
1224
480
1478
3219
1892
4050
4802
564
3069
4010
361
390
2439
3772
1235
4213
1943
2958
4437
1221
3602
155
752
4484
2972
3836
3009
3542
4314
4990
3652
3250
1980
1007
2822
4450
2650
2593
4350
1552
2530
4017
2582
675
748
2353
1724
2785
1050
57
247
4799
3383
4869
4097
3107
2482
824
1824
698
4143
1278
4368
550
1970
4623
4673
3231
3969
1255
3880
2923
4942
4482
1700
2504
1205
2629
1151
221
320
4071
4168
2121
4221
4055
3089
3115
2096
79
3730
16
1626
998
145
3579
3350
2788
2635
3111
1860
438
1916
1192
2276
1145
2607
3792
1672
2059
4018
485
134
3941
4530
4063
1953
3060
926
1216
3099
823
3410
4940
3017
4203
763
4159
219
338
145
510
1318
1531
190
125
3904
1090
226
80
3512
2792
3625
2053
3631
3829
457
4295
919
3058
115
3093
4118
1363
413
3993
1374
4457
3594
557
101
3550
4087
1783
972
338
1891
2261
2823
2818
3698
1035
1712
4160
2622
4290
584
4949
451
2226
3874
3891
436
1576
13
3360
1079
2723
1943
1180
3258
3704
1009
1179
1457
3462
2299
2094
1078
532
3668
4212
1035
3702
3333
2342
534
2350
4395
1681
2777
463
4272
236
2630
2972
485
304
3484
3303
822
1015
3064
2726
786
1118
4282
608
4541
2060
1571
2478
1364
2117
280
4444
444
4176
1270
806
1607
4219
2482
2751
3140
4912
4227
4213
1450
2705
1815
1441
112
4256
1686
1042
4332
4489
4647
4281
1775
936
2006
1311
4802
1159
2086
338
4215
4888
3136
4854
877
113
4128
4137
217
3621
3409
2351
4654
191
2413
948
3522
4217
154
3264
2700
1434
2028
3884
1213
4502
3475
4171
1562
1480
2849
4131
4451
2811
4666
651
2179
974
2640
4190
101
3181
3650
1622
2895
2892
4649
3732
3038
2335
3791
3484
4534
1908
3972
1461
4059
3082
3462
4933
3073
3819
1964
4316
1500
189
239
3359
3301
2542
822
1757
2106
4437
2748
1102
1177
1766
768
4335
656
3381
689
4889
2620
60
852
3034
2605
1583
4532
3395
4994
4453
3420
4584
78
1089
1107
143
1838
870
2549
4944
3509
1241
1282
1691
3471
768
2454
294
4286
2753
1085
645
2380
2269
4904
1476
4470
3419
1607
2529
337
4376
4901
2860
3181
284
2571
2632
3274
3337
1418
3443
3138
3413
1809
41
3125
2150
4878
3007
1003
4821
4205
2579
3042
931
4691
89
1196
2296
2653
1169
4443
2802
1482
1196
612
2474
3313
1748
902
2419
473
1763
1173
2004
3843
3292
2928
1317
4773
4414
2723
2414
3726
3839
4529
3922
1154
3117
4513
4778
4297
848
4708
311
4416
2003
1249
2479
4131
1481
3589
3473
2389
1420
650
4891
926
3328
299
208
2463
3230
2745
2896
4757
4357
2445
4143
4488
1139
83
183
447
3466
3927
2793
858
3389
1270
2127
2876
4481
2684
3917
4795
4577
581
3854
4956
1025
250
3483
496
1604
1603
2542
1317
1097
123
3517
850
992
1204
3001
316
2035
2856
1406
166
295
721
4053
3384
1322
414
85
4286
3942
1314
3209
187
4075
2530
939
1771
3076
3371
3461
346
3535
4710
3832
1652
4336
1345
3326
2674
3335
164
4129
3301
3381
2796
3959
4675
1046
127
3581
4227
1280
29
1000
1782
3043
3831
18
620
552
2102
2993
2432
683
3435
4740
4978
2101
2183
2783
3575
3234
1470
1575
702
194
108
4367
4137
3899
3972
303
2470
547
3601
2150
3218
459
4715
2670
2033
2887
609
2286
3788
3218
3093
1430
4183
3814
328
771
4485
1905
2666
3050
1771
3019
974
2249
3687
1012
4712
1409
4875
1682
1068
3104
9
856
1484
2835
588
2283
182
4776
3056
3758
3232
2033
3080
1157
2809
4973
1466
4126
3677
4576
1201
4539
2676
1395
3151
4788
1207
3566
4565
3746
4808
1386
4576
3558
3294
4627
777
2192
1442
194
3018
3884
3633
777
600
2230
829
1104
1649
2190
1498
2157
852
2479
4755
2695
2983
1657
4102
3035
1448
4118
3219
1111
2308
3042
1916
1972
4334
4691
1937
2946
237
3896
1707
2099
284
3166
1746
3833
3591
4302
2326
243
3047
1522
1030
122
2306
4294
4641
4043
3954
2451
2103
4645
3072
294
1754
1353
4757
4696
3926
1546
141
2958
4195
90
1952
2857
1211
1516
2910
168
2428
2624
3615
1633
2187
2736
2772
3790
3283
1522
1973
3924
3777
3166
2448
3631
3445
1831
738
418
4047
1894
2342
635
259
794
1719
3154
1643
2924
580
3441
3232
4447
679
2991
3853
2381
2625
1423
3208
716
2302
3606
965
1903
576
386
3936
1289
3139
2957
1679
796
2204
1513
1050
2007
2567
1237
2760
1031
2851
4054
1919
2204
3452
3809
4832
3484
3053
772
2676
4389
1768
4172
2463
3740
1388
1825
408
3315
4506
4966
1489
2774
3596
4869
1602
518
417
1104
1132
135
3297
2401
1636
2964
3410
2594
4479
2883
1917
3905
2940
4738
2448
675
3059
3560
1625
170
416
3833
3907
1969
1571
1321
1128
3772
1503
1442
3476
460
1269
2753
673
3960
460
1970
2764
3983
103
932
300
4394
1108
478
1330
3671
3052
4489
1993
319
1004
128
1196
2753
2919
1961
1694
2872
1014
3519
3962
3503
4093
3089
1599
4269
3626
4618
1799
500
933
2235
85
747
2335
1878
4233
4803
4200
4457
2
2734
4985
4746
1582
659
42
690
3193
2934
4186
2986
807
3693
4929
3378
3528
3942
1267
4377
3375
180
1163
2534
582
4784
209
1909
2546
3579
794
613
4527
1841
1466
854
1816
290
4265
1655
389
3515
3383
166
2457
3225
4421
57
2654
3629
4418
1561
4536
123
390
1687
3187
2725
1742
4399
3273
2828
4461
3928
1516
1262
156
3277
444
4179
3566
1310
662
3857
1618
991
626
1280
3141
1858
231
3480
1659
353
2989
1726
3250
523
4022
814
684
2360
4881
3178
1271
1776
1429
1600
194
3429
87
817
118
2465
3112
2758
878
3129
2407
1133
765
4081
3822
794
2955
4650
2986
2377
499
3782
2860
2711
2732
2500
1720
2568
1202
4351
3759
1530
4112
2497
2317
1697
2189
4285
3632
1644
1920
2857
2795
2397
1768
4386
3311
4462
1421
2426
3781
2479
4173
444
1906
4124
300
3968
3695
4250
995
1642
580
2402
3747
4989
209
662
910
2181
3737
809
2755
2074
3803
4548
2580
3816
4150
3834
4717
2843
720
3404
2556
3520
1675
2449
4303
3151
1692
357
998
1669
298
4243
4798
3254
3784
3213
471
535
2127
1968
899
528
3051
2621
2828
2992
4951
2729
1000
1876
4735
4958
987
344
4443
410
2794
2022
1083
4901
4039
4675
1364
4873
4694
3166
949
4346
4243
4245
1486
1676
3373
2368
4886
3916
3579
2182
3134
47
1386
2166
416
4174
1000
4486
3974
4299
3256
111
2328
4509
1666
354
4430
2591
990
923
3093
3768
557
124
586
2019
2348
1013
3689
1870
3326
1950
3568
3231
3861
4911
3005
4043
3661
4247
2816
3920
1461
3680
1022
2242
803
3852
4348
4395
4834
1817
2532
59
1715
639
407
2152
717
4299
4703
2158
18
924
1744
2511
2232
2874
3858
2334
2472
4942
3045
3486
1694
2701
34
3327
3846
1574
3434
1824
3207
4299
142
3024
3583
3852
3674
4414
195
3350
3406
1097
4073
1843
1170
2458
3396
3531
3069
2934
59
2353
1466
4215
1646
1256
2848
737
4582
2524
933
858
1633
3197
2958
1059
2486
1237
2461
4003
3939
2259
4696
1275
968
136
4890
268
1015
3887
2840
4572
779
378
554
1128
3274
3183
67
3091
257
2273
503
3629
2018
1459
609
1175
4572
4815
2998
4970
4272
957
4273
1647
1283
2255
3516
2713
4804
825
3031
431
356
798
1561
4245
3325
2349
2408
3882
4049
4770
4446
3773
1504
2401
1714
4856
989
3110
168
3967
2350
2136
4838
402
4374
1412
1036
3461
2032
837
4216
297
482
1832
123
3851
772
3710
2795
1546
1811
4755
4469
766
1311
4132
1414
3588
1077
1822
2039
3022
2402
3120
1643
1879
1269
3610
247
4068
3830
4471
197
606
1681
974
3212
4884
1490
2655
479
1798
2052
3680
2968
196
4426
4479
217
4140
2312
1162
983
1819
3847
3674
3940
187
4963
2430
551
1690
4651
2324
1282
2987
3685
2562
1296
1750
1859
939
617
4058
990
4349
315
4499
589
799
1679
3126
4490
1423
2397
3194
4345
2817
244
649
2926
4924
2274
3171
4114
4399
2836
963
2057
2465
1308
3475
4076
3334
3036
3251
4510
821
2659
1263
397
1638
51
4550
382
1153
3251
1246
2077
3338
3960
3893
368
984
1323
2331
3479
2492
2415
1235
3683
4135
2650
3472
3496
4797
4702
1637
2480
1221
3026
4828
2365
170
2705
2439
1858
4508
543
373
1246
2735
2132
4405
1543
2342
1030
1614
4511
3520
703
1639
4982
4192
368
594
523
2530
552
75
1856
4865
1998
46
4929
3534
1583
662
4768
3915
516
3394
4929
4846
1595
2787
4509
1393
2456
3008
3373
1406
1567
4218
2101
2087
2169
604
4938
3571
4265
2561
4730
2701
2218
4209
4518
1119
2119
2695
782
2860
3598
4122
865
4914
1090
2899
3111
598
1331
3326
1918
1266
3212
4033
4781
4169
3145
1777
3417
4972
4683
604
4345
3013
994
4914
984
3064
1733
4644
4206
2497
4705
911
1635
1568
364
410
4594
353
1301
4034
893
800
4674
3079
307
4786
292
3087
4898
855
1355
2224
4707
28
4570
963
3977
4333
1615
396
349
3519
1553
1414
3850
891
3758
4459
1312
3382
1504
3409
1359
4389
836
888
1665
182
951
3400
3332
4370
1148
2680
2618
903
4950
2449
3575
4010
4007
2713
4815
3201
3747
611
4434
231
3612
2907
1733
176
4922
815
2614
3988
4143
2410
3908
505
3468
4618
1376
2456
4788
4289
3036
1554
2579
3464
902
2180
4682
647
1096
4869
3522
4226
384
4920
2617
4470
4999
3380
3486
3305
4689
2729
2406
1342
1608
14
2193
4880
540
1734
3244
4854
2947
4921
1443
749
3945
422
3491
4667
1396
4021
4153
3407
2095
4730
1531
2959
4361
1871
2473
825
577
2081
1678
219
2217
3514
1857
3949
2404
4223
2163
1004
1524
2263
1516
378
2428
1372
4823
1737
2639
934
2190
1807
44
1890
3939
4762
4719
1354
309
2268
3860
3191
1035
3234
3634
4353
1416
1783
3442
4055
1139
3918
563
1761
1321
516
1932
138
2362
820
581
332
4645
2444
3810
2076
2336
1796
4316
1148
1312
4719
4718
719
1481
4882
513
2039
4578
1161
2293
1722
4681
2537
4716
1091
950
320
4492
3709
3343
4280
994
3474
544
3323
1621
74
1244
4737
2958
2471
2076
1244
2802
3277
947
3628
2473
3439
2364
1207
3446
3092
1672
640
4435
1081
2096
2072
3729
4232
4411
3354
1249
1910
3260
256
4538
722
708
3204
3847
1976
263
1481
2436
822
2469
1935
1869
2118
1536
381
555
4890
4221
1816
4116
4030
2585
3378
3342
3271
2913
1278
3031
810
1790
2776
2100
863
3723
4874
189
4499
2036
2520
2505
2301
2517
2949
1307
3144
1956
1302
760
4127
1364
61
1067
536
1175
1384
4727
63
1023
1431
3153
3155
1865
1029
3024
2933
3494
4654
818
228
3375
831
2316
4846
3845
3258
2053
3737
3731
4640
2679
2648
1744
689
2508
977
2660
4488
2425
3043
3127
1786
1441
1204
609
765
1953
4697
4225
1972
4651
3263
2621
2184
4321
389
4986
4083
312
1149
3417
238
4615
2384
1150
4459
3802
4438
134
4308
2335
247
229
4370
2268
4227
2378
2818
1667
3997
383
2594
236
1887
3776
2081
4701
303
2783
2580
3584
4215
2722
4068
2225
315
4842
2533
4187
251
2560
1778
1950
3519
70
2796
3838
1754
3552
818
4995
328
3557
2193
1161
4417
1046
2548
1340
4223
1561
3880
1641
2548
722
2550
4123
4549
1215
2772
4801
491
2607
2277
2817
240
4510
3987
1779
798
807
151
1772
467
3727
0
1286
1633
74
1071
2648
546
4932
3243
295
4808
3710
2160
3425
4698
4314
3347
2329
915
3037
4880
1780
2509
337
1084
1311
3595
3876
2447
4563
4460
4888
417
2182
1674
4880
2781
4855
162
4771
2186
3966
2855
3016
1814
326
2023
791
4438
2111
1215
1600
3769
1876
2370
1266
2843
1014
2013
305
372
3483
790
3333
1192
271
2874
1092
3962
3789
109
2171
3241
914
2276
4118
4317
1046
4687
3545
4426
639
2235
698
1043
4172
4620
2550
4210
2468
3023
3356
1596
3433
3653
282
3218
2644
1755
818
1801
405
1806
4336
1523
3750
2317
2771
3695
1982
1967
2925
2939
2525
3451
1097
4938
2913
3358
960
1104
956
710
4728
1305
1911
3077
4874
3506
288
858
4630
1528
3235
3674
4397
4397
2616
2308
1611
3769
2929
3569
1903
2044
781
2818
4056
265
254
180
902
3247
3932
822
3945
113
4524
787
4218
3701
3648
3491
3021
2498
932
4412
1639
4834
3914
4262
138
3679
4979
1019
4754
2818
883
1069
203
1142
247
3818
3601
2027
1894
2267
4460
239
1601
266
2446
695
4641
2769
786
2483
3083
4584
994
3279
3322
614
4093
3701
321
3745
4587
3296
2075
1488
487
2292
4177
1957
1616
3305
2031
1560
1819
1543
756
679
4657
1835
3709
1898
2769
2391
589
3458
1185
4151
3282
2185
3878
1543
4414
2229
4094
4099
2993
1839
622
4399
144
4904
2765
2941
2924
2994
3148
300
425
4708
152
3717
225
3072
3886
2297
3493
1983
3497
3559
4367
3180
4547
4058
3183
4517
4614
3142
3584
3661
454
3571
1830
4143
3845
1330
1471
4742
450
1604
4467
2831
1087
4626
4281
456
2269
1967
2023
4946
4190
2058
4773
865
1183
784
1767
1540
2888
4374
406
1424
1273
3500
3153
3687
659
2549
4661
1749
3465
3970
4926
3803
3249
966
2233
837
4930
3756
4552
3455
1595
3749
2736
2828
30
1022
1403
2686
840
4247
4693
2690
3997
4310
461
2658
3772
209
2082
3630
3645
4866
439
1173
4299
1932
4580
3357
1546
1636
1059
250
3213
2588
3972
675
4892
2737
3805
4248
4273
859
4626
1663
1653
2877
77
1622
1804
2386
570
1507
2554
744
1041
64
4792
2233
3008
3802
759
843
4053
3040
1264
34
2853
1296
4813
2819
4628
4461
3248
3137
3073
2117
430
4429
1509
959
575
3390
136
4578
572
1104
4848
2280
4781
344
4888
1905
15
4181
809
1076
1223
3155
1847
528
678
946
642
2369
3256
1195
3710
454
1922
2250
2074
4463
4792
2710
1906
3205
2320
1654
2617
4385
4958
2110
2223
4278
2909
2471
3067
2994
3943
2180
3341
4383
3905
2904
307
4633
1726
517
4381
2088
4351
4736
4759
4460
1403
817
3811
3616
1441
2446
528
48
2559
1638
891
3052
1549
835
880
1543
3460
4985
3789
1721
4196
4403
3755
3863
198
1380
186
909
383
19
2096
786
1030
4424
3166
2785
4811
4164
2608
3472
4923
781
1614
977
1308
2246
2843
2686
3793
3605
2937
1793
2482
293
1287
3553
3716
2900
4753
2889
4464
239
2458
2227
1467
4018
1729
1666
698
3852
973
1277
4703
1726
3405
4511
4228
556
2905
4427
619
1868
4567
2284
1039
2388
4931
3179
75
2456
1238
2242
3101
2033
2233
4541
2919
2737
3854
4160
810
1218
4763
1283
1246
598
4276
3507
1715
2673
3021
2178
453
2347
1777
2758
2176
1338
4737
3543
1160
2853
1916
482
1418
4371
1775
4571
4893
2921
1194
2951
2775
4786
135
3927
110
2688
3063
1464
3579
4689
3331
3848
3892
654
2428
3067
2063
1701
2455
1355
78
3502
4801
222
3612
2210
1962
1
4290
2671
3865
3491
1918
1200
4357
44
2392
3697
2578
1964
3130
801
4944
2952
420
4720
4132
4463
4626
1472
4273
4042
4034
2048
1679
2810
2909
4658
2502
2508
690
1414
1671
3383
225
4632
2311
878
1131
2197
4689
1617
1859
3067
775
3206
4977
1702
3989
1613
571
4806
122
689
1648
1902
3867
3938
3955
4080
974
1135
2296
491
1264
1264
4206
4622
1699
810
881
399
3336
3252
2467
3836
1701
3311
2982
1755
579
4082
3648
3805
4350
3083
3716
4685
2754
1617
1585
1478
1742
4886
2321
2338
2136
3506
880
4023
4701
2307
175
1963
2867
4265
3652
81
1581
1989
4288
4436
2458
3306
1764
1592
3362
4364
2065
1816
3462
1308
1619
3225
4243
3781
1025
1446
1251
4753
4419
3205
632
4949
4872
1350
4845
1556
2428
676
3667
926
2066
1972
2149
3089
611
4051
569
2784
4147
68
3716
3823
4269
4606
3032
73
899
1219
972
4649
4572
189
472
3972
865
3452
3956
280
3197
3019
4404
1070
1441
4216
290
186
2690
3801
3720
235
192
1268
1768
2678
3339
2407
4378
93
212
2607
1169
4621
3973
1628
1978
4237
1606
3696
4826
2834
2061
696
3612
2776
353
59
2027
3818
4779
1352
3186
482
274
2853
1822
4221
4802
4738
4204
3149
4287
2683
964
42
4412
116
1257
2771
1466
3151
3612
1654
2351
3609
301
263
2054
4178
2758
2565
276
2267
1811
2696
3950
3794
2577
1263
220
1777
4874
3350
4738
4197
4131
2852
4811
2898
4802
3218
4866
2212
2799
1712
111
4808
3525
2210
2003
3761
3285
1543
3216
2326
1944
2810
1975
3800
975
1377
87
3218
4681
1179
1711
3177
608
1855
3984
2715
2576
4143
3810
3348
2389
3307
3386
4531
1024
1930
4636
1635
1613
4260
2163
3701
4972
579
3826
59
947
1807
3766
2175
1580
2464
162
2906
720
1182
638
1929
4392
3013
4430
2426
3091
909
3338
668
4793
3013
2239
1140
642
2863
2545
2364
4524
1351
2843
4142
2776
397
4349
2142
4224
874
4144
2445
2279
4134
4506
154
2212
2152
4361
987
3189
808
3237
1841
4044
3062
1926
921
480
1845
2094
4215
2043
3546
285
917
1115
4614
3768
4874
3184
2267
4989
2333
1329
1260
4598
968
339
3612
2111
4394
2279
3600
1158
3261
4550
593
4198
2534
2731
1362
4735
4202
4678
4488
2829
2213
1313
2407
3763
4150
288
1633
3989
3079
1722
2609
1543
3209
1518
4126
3206
3916
2876
1299
1368
1547
2674
3819
4602
3382
4807
1306
2982
1993
2839
470
2751
322
340
620
3867
1288
1797
655
3435
4887
4686
4492
34
2167
2291
2217
3448
3996
2538
1564
1730
2337
3084
4623
3447
4638
680
2824
3385
3752
3317
295
198
3295
2385
4553
2539
707
4410
1794
4988
1519
3040
1215
3594
1712
206
4449
2889
2919
3315
4806
2605
3322
209
1033
793
2857
1378
4114
3179
3171
2465
352
2079
4801
2692
4010
2615
2658
2564
4885
4516
3646
4182
383
1347
375
674
2891
1103
425
3205
2878
718
4418
2965
3406
3547
99
4904
4602
4984
2791
2121
2091
2758
2123
2825
4138
1667
2771
4630
1196
78
3078
418
3720
1977
4431
291
2786
1803
2493
1154
631
58
3492
930
864
674
3562
2384
3404
12
1742
313
2518
2182
1834
2012
54
4507
1585
3236
3
4343
139
650
2262
1168
3878
206
4834
2836
2415
1895
543
20
2462
559
4285
4154
1671
3220
2118
2020
2965
100
3029
820
1849
3432
3554
1827
3608
4643
1143
3130
2874
3176
1669
4349
4047
1894
4695
2268
1996
4337
1432
2895
1523
3365
2241
3334
921
1761
4586
3826
1312
3086
3018
3916
2917
4827
2258
2871
4476
1143
2915
1628
735
1737
144
1155
2542
687
214
1328
3912
4242
2543
2530
1991
1450
1190
3403
922
4051
1414
3764
3011
780
1307
4721
4729
2287
305
3428
2225
4274
555
2681
1869
666
940
4661
4798
3062
1274
3860
3254
3711
3200
3390
2406
2170
1338
365
3974
4198
635
101
2779
89
2051
2584
2410
3242
4725
1781
2611
3234
2636
860
833
1101
2877
577
2797
862
1559
3027
3066
2244
4047
4456
2580
4727
2272
135
2322
1774
3008
3505
3234
2073
638
2308
2907
1806
3352
3222
302
3283
1809
91
4086
2262
166
4850
1046
2804
2409
74
1233
1364
3455
2453
93
3216
85
494
2217
2887
4528
316
614
369
1777
947
3777
3329
719
4411
1414
696
1590
983
3488
547
2829
2997
4773
2915
4117
1149
3783
4477
110
967
3917
3870
2516
3509
4728
2693
2086
210
897
2869
399
4231
4984
2117
1309
4816
3271
2717
1543
503
4469
3679
3708
3380
4038
1384
1486
367
1175
2170
2110
4324
4416
943
1929
3650
651
1708
415
488
3712
2535
4628
4900
1203
2135
4968
3130
3749
1759
3633
1749
1782
4574
2968
3029
2757
4510
3721
4997
1542
4918
2123
3159
4658
4623
1312
1647
1349
319
535
3937
176
4309
2101
2839
2270
1699
4674
4283
2308
3249
1847
126
4818
3779
3653
1994
4590
1121
872
3642
4743
4479
2427
3524
4455
1624
4461
2824
4386
3860
178
4672
4451
4667
644
68
358
2901
2288
4681
608
2727
1229
2869
210
3516
4318
4841
93
3222
3673
3435
2711
2679
456
1752
715
4593
4189
2530
4399
4117
843
1611
1135
1452
3127
4175
3127
4344
845
3031
2645
2942
183
3071
4285
4475
25
3789
3438
2568
3039
3876
3978
3899
3711
13
1874
1595
4307
3201
3224
2760
1831
3566
822
1364
1258
1195
3604
4298
4823
2097
3935
4786
2594
3544
4285
1261
1216
1691
2285
4587
4439
1441
1658
2655
4892
4121
3641
1060
3156
2713
2432
2551
370
619
2446
832
4087
581
506
4454
4120
4291
1979
4581
2401
4107
782
2607
143
845
4390
3892
4636
1781
2918
2167
3555
4726
3818
3288
1979
1661
4436
2367
200
2127
4202
483
748
3264
3524
3823
4789
3057
3195
86
1105
1141
4693
1987
2884
3000
605
1471
2354
397
1480
735
168
3466
3034
2401
4716
1394
335
2172
3421
1407
3133
3946
3964
1809
4054
1227
2946
520
3308
2150
428
26
597
4366
2010
65
1502
3063
1725
1844
3788
1395
1942
2504
366
1638
3587
3267
1461
4090
4444
3526
2365
2952
2260
1772
894
3452
835
1330
1907
2675
3856
3493
483
3340
3628
3427
670
1640
3842
3767
1991
3031
4050
373
4456
16
684
3653
780
3973
3690
4655
637
1233
4295
276
1781
1599
4443
1301
3282
928
3864
163
683
760
4951
3042
4055
4462
2035
3522
4093
3823
1264
4451
2365
997
4820
708
2573
3937
963
4120
841
794
1081
671
4506
264
1663
1956
3206
2226
601
752
2344
3648
823
2298
2334
3550
1895
569
3225
2502
107
1504
954
1577
2622
4060
1991
1465
1810
3949
3564
494
1550
4934
3447
2739
3075
4331
2396
2964
853
4999
2391
4399
4423
3719
4199
3308
1079
2807
975
3834
361
4446
1657
663
4887
2608
2340
3411
3157
4232
580
2010
1130
816
552
4868
1923
4103
2798
2731
3594
3973
1259
1928
4636
2614
3743
3451
225
1920
4300
13
4500
1635
4560
1539
4881
373
72
3449
2326
175
4284
1345
3138
2943
2290
863
1995
146
4218
2642
4740
4854
584
3945
835
1969
3224
31
3112
3890
3788
3588
1361
2922
321
2666
4610
326
224
4025
1690
3060
600
1775
2769
680
3328
1960
2654
1186
2282
1701
3485
2037
1315
972
2845
14
2640
1636
2512
1343
1450
2244
4627
527
586
2159
3565
3568
3599
2565
4005
1965
1612
3697
260
3478
1599
2314
4353
873
2820
3569
3931
1255
3664
1910
1169
1600
4265
1519
4894
1612
275
1863
4192
1551
2597
70
2199
671
3466
1370
2427
869
3828
3202
3406
4326
91
2867
3592
1901
4746
2985
1801
295
4242
4180
82
4547
2648
844
4324
20
3306
106
2746
4484
2296
828
4643
4182
477
293
399
4624
2116
1207
2083
3932
3671
149
2007
4897
2066
2322
3212
3811
1390
4048
2339
1699
2690
30
3065
2244
1372
1505
246
4252
141
645
4925
2354
211
1864
4334
2083
216
363
2535
4355
4935
4822
3553
1762
2215
2255
14
4188
3631
1415
3121
3757
1409
1217
1358
144
1156
2535
496
586
4730
1971
4193
2807
1648
3679
628
504
3684
4818
422
2432
4144
3392
4059
2026
276
3916
3541
161
378
3965
3280
1059
1451
3954
1081
59
1511
2802
3716
4649
3474
3332
3604
4585
562
936
3837
3349
1708
3169
4173
1295
1830
4256
505
3654
4951
4350
2093
3364
4003
4421
1955
2091
3683
524
1421
3890
3761
789
2581
2648
4848
3500
641
1499
2482
4462
2708
3940
4
2091
3447
3979
1844
1794
2391
4979
3635
3320
600
2914
4565
3933
3776
808
2884
3147
2470
753
1596
1003
1136
3904
4466
1046
1508
4401
182
1605
2782
2107
1232
1277
4665
2425
319
3026
2833
260
1547
719
3500
2655
2260
4504
961
1758
364
4060
848
3179
4023
1354
2585
110
4475
4590
1417
4209
1954
1264
1975
1157
4604
4866
829
733
882
564
1618
1789
3085
4102
2892
478
2117
4849
4195
249
3182
4226
1888
1725
1132
28
900
399
559
3017
4725
3037
2233
3541
4491
3775
2196
3495
4641
4346
4026
3940
1231
2378
4108
754
573
4780
467
710
1385
4901
1653
4930
1961
1290
1983
3422
4421
3526
1730
1258
2835
2313
2616
1358
1774
1491
1213
1767
1977
381
2730
3710
1316
463
3212
4469
633
4876
19
2641
321
3079
1831
2183
200
1384
1669
53
2863
1694
1775
4414
2488
2779
3738
3464
4083
3895
1601
398
4063
1866
3591
1509
1389
2225
289
1462
934
4907
2241
3391
3805
3041
3303
3886
3063
801
74
2275
3615
2030
3092
16
4518
3221
3492
2519
2759
3709
3269
2153
3953
4196
2852
4775
4285
2803
1903
38
1624
2645
4568
3572
1266
993
1153
1689
2764
2601
225
2637
4145
2391
3116
4164
707
155
3401
3336
