732
892
54
75
554
201
314
298
528
256
516
604
432
789
545
39
547
152
778
97
434
898
106
509
683
760
849
309
450
503
863
521
383
853
714
143
270
3
278
25
2
650
503
680
728
167
891
893
731
375
750
375
526
48
55
804
878
132
868
185
326
248
157
85
486
516
832
654
547
410
853
713
532
192
609
644
626
235
287
501
538
234
322
565
416
117
140
566
649
845
617
519
770
285
405
495
845
157
179
473
120
186
421
266
212
117
269
68
477
230
479
112
567
415
738
752
162
337
285
896
747
175
430
666
538
302
89
780
584
766
424
510
370
775
228
537
781
386
200
180
742
87
449
473
286
308
29
184
274
657
498
681
80
600
4
779
193
287
143
538
556
332
622
718
465
857
612
590
59
255
601
572
245
529
143
341
799
562
800
777
285
235
831
429
292
730
90
619
601
260
774
669
344
402
594
596
265
769
215
311
163
287
445
55
425
346
596
275
87
572
662
847
195
409
592
653
292
537
416
872
564
470
333
720
188
210
91
58
350
437
631
382
184
35
675
259
852
761
243
604
93
203
519
262
103
689
261
489
811
623
831
175
354
743
562
563
137
233
190
311
219
831
158
891
742
863
564
235
780
263
450
107
469
691
56
113
406
341
598
611
142
418
731
612
61
97
216
890
897
527
787
11
453
186
723
9
514
630
612
382
610
714
12
844
463
395
861
86
748
624
319
37
319
646
223
831
103
103
575
686
759
427
161
605
448
218
45
628
79
237
626
501
546
220
161
256
272
484
665
623
541
535
605
75
36
65
856
116
706
517
443
459
492
882
492
422
476
592
518
181
237
816
158
653
899
387
277
570
791
446
621
198
265
152
126
412
233
109
293
874
731
468
275
372
742
251
145
443
392
306
733
691
704
234
785
852
707
33
619
463
668
452
576
389
199
81
819
884
224
14
851
15
237
798
889
865
716
891
160
614
698
98
286
798
425
204
755
771
532
533
737
46
808
7
655
41
404
708
800
20
835
157
541
650
379
273
548
27
802
102
108
548
572
59
244
123
807
793
359
870
727
523
342
343
446
815
530
502
848
743
502
75
677
262
416
190
44
188
652
273
240
859
161
609
531
761
173
745
830
143
678
37
695
396
206
51
590
255
547
528
603
485
87
313
646
117
356
312
537
299
493
251
779
612
208
545
50
812
132
377
531
640
879
8
398
486
177
233
868
88
553
783
893
670
292
431
391
177
391
617
374
786
91
278
470
862
353
0
451
408
877
858
648
604
590
98
210
267
763
1
469
745
458
339
649
443
846
12
415
871
548
759
450
813
78
629
858
64
107
170
620
469
192
469
595
168
241
517
792
282
400
236
588
156
410
867
368
746
511
445
14
527
869
575
275
112
402
125
757
96
403
242
230
468
817
597
724
20
117
331
584
119
268
782
897
811
118
169
430
217
113
549
1
828
430
369
191
244
371
325
729
815
160
486
397
252
852
566
765
896
737
418
233
494
500
542
825
822
262
140
778
423
674
637
514
267
468
561
639
660
426
342
181
832
123
812
288
301
621
641
548
591
598
424
741
471
542
744
291
6
309
459
534
56
612
768
507
91
451
546
571
535
749
847
286
296
351
434
20
475
8
425
640
514
27
558
382
283
451
201
547
859
687
575
56
636
761
394
676
793
170
586
274
444
605
824
703
91
325
714
453
206
137
626
94
548
114
628
61
444
403
608
613
677
634
821
413
803
135
248
223
189
74
344
706
204
866
818
524
404
61
857
379
574
596
61
401
274
651
239
829
120
770
465
482
339
171
315
593
529
153
217
898
403
366
351
705
72
64
344
797
528
186
667
94
680
641
626
421
892
851
112
836
574
625
145
297
570
156
578
307
807
190
522
240
570
199
89
99
169
888
118
643
675
276
628
285
450
548
203
482
158
265
766
52
30
666
443
678
789
101
634
557
432
428
574
322
819
876
772
538
73
248
821
297
576
64
488
694
342
58
259
101
415
694
440
674
768
302
804
302
690
413
627
197
84
150
29
23
657
514
361
25
574
333
429
327
204
82
511
