523
945
492
1911
1462
489
774
1567
1601
1077
730
1510
205
880
694
965
868
1249
1267
770
659
381
1594
1884
1314
249
327
1773
466
1645
1769
274
1522
499
1186
1591
381
1775
1874
1227
1827
1785
154
611
1474
645
639
683
962
276
206
86
42
691
214
1782
66
161
1782
1815
806
847
36
70
387
656
983
480
1553
367
482
581
301
1999
990
1851
1666
877
1218
1358
356
1698
130
501
520
1478
1905
144
435
862
1315
1773
1006
1766
900
1626
947
857
735
1269
1526
157
380
1984
259
1612
106
1136
64
1516
1268
1108
494
576
1186
1474
802
792
1247
1277
1914
1892
179
1571
14
1494
412
899
1733
1124
1870
731
1201
109
916
1568
1816
1507
1041
1799
816
918
1352
1104
1285
1570
1428
1250
1082
1903
373
1281
1163
630
1768
892
1306
1731
801
1475
78
1893
1383
1814
68
1715
269
1913
465
937
1193
1828
1397
1007
514
1174
221
379
1227
1721
1334
1805
1702
672
1513
1048
167
1501
807
1489
1574
1392
114
863
480
282
1589
1539
1179
1504
1217
289
404
970
1622
508
1479
1771
538
47
1418
1467
1161
1496
759
607
89
1615
52
1530
8
1012
1856
413
500
1271
1500
651
1751
801
1779
1048
333
1456
999
15
276
543
474
833
1311
1955
1591
1931
1047
786
779
1921
1902
751
1794
1671
945
1456
1570
175
281
705
974
1372
286
753
1128
1413
713
1017
1815
1941
1700
1613
448
911
1185
971
1412
830
356
1473
566
1067
1453
603
631
1336
1542
1913
1376
1145
821
47
843
1906
254
1687
95
59
985
1713
1910
1953
1659
1178
668
1526
148
1642
678
824
1892
1511
733
1327
362
1208
438
720
811
420
863
1503
1995
968
1687
337
1932
439
459
511
368
155
153
1734
1852
26
306
1916
1531
85
1697
813
1563
1194
835
227
857
265
1106
244
1604
1491
1506
133
224
1182
1654
989
1642
1877
1600
676
67
1180
1316
1178
891
1602
1111
1492
411
783
521
1808
1326
925
1004
106
1645
1522
1232
248
982
347
221
480
1576
1669
1388
233
670
1237
3
1022
1845
904
43
687
44
1060
1359
1138
823
621
1554
1783
1216
1235
605
1353
1883
1257
869
896
131
609
1925
275
1542
610
429
1130
58
683
1511
1490
779
1250
1793
1418
611
1045
1948
938
1252
178
80
20
1605
386
1962
450
1638
63
1715
447
1665
439
1870
1074
591
217
909
836
1364
828
1232
1907
1897
942
1548
1167
1012
378
1428
513
1766
1667
759
1276
1025
1629
1238
1979
691
1451
1135
1850
1891
866
1802
721
39
1341
1536
379
944
1418
659
549
995
1377
1487
1121
1396
1573
1051
1770
1313
1907
619
1682
1736
1352
853
24
534
1391
1021
1125
1389
1031
496
213
49
1090
170
147
1968
1578
1028
796
1932
1439
541
502
1830
924
1332
746
1352
983
1311
1276
398
1350
347
107
114
1023
17
532
692
776
913
785
1362
1997
926
1263
201
1088
1894
1341
1160
1307
108
1248
493
1761
771
1395
367
1602
1289
1916
1304
685
1373
906
1260
1856
1999
1642
1082
1467
1875
1273
1038
1010
1282
1156
448
1345
1709
491
1085
266
1038
228
975
873
77
1163
1660
1545
1467
423
952
848
303
1656
424
693
267
973
1797
738
1418
530
984
1684
408
1718
1000
1119
797
1210
1245
1743
1144
566
992
1161
1717
1574
705
1392
1514
1217
1780
1219
1092
746
1529
595
1288
1279
1175
531
760
1055
853
1848
101
825
981
0
1740
479
1149
1295
1982
1897
434
1092
1807
1190
755
1242
1403
1006
1103
1594
1984
130
309
1102
396
1173
550
816
212
500
905
817
941
224
1707
1574
507
221
1056
1341
388
210
1082
1453
384
1937
821
1403
1456
849
989
1593
247
342
1389
713
1257
1939
1157
1439
1327
37
519
1620
1156
1488
1518
759
416
1256
1227
30
1406
1446
589
202
1067
858
1308
1720
1902
1103
163
1492
862
842
408
520
133
1372
1432
354
415
1191
100
52
846
1501
1218
997
958
1636
1122
1909
1264
678
1646
141
1349
885
860
1237
1273
444
131
1583
649
976
744
96
258
581
1204
1743
1592
1533
1331
518
79
1195
1340
1830
858
1670
248
727
94
1177
145
924
33
1511
376
1781
660
940
995
958
827
510
113
293
1013
994
1803
521
1068
251
346
349
1051
174
15
812
1527
721
834
1927
587
1393
1098
474
1188
1763
1781
1532
1061
1922
1830
1525
536
55
1193
74
1330
1975
1315
1908
274
1526
1610
1726
1302
937
1854
269
521
1417
628
906
1213
660
141
1323
305
493
903
1696
95
371
1343
1448
1381
960
690
1188
1069
280
671
451
1275
481
1306
1021
643
1697
719
1340
101
691
1393
1571
1014
228
447
1666
1084
1338
1329
1618
293
211
629
59
1173
1323
1616
1110
1690
1784
307
1980
797
1888
12
685
1016
682
1974
1452
1902
450
1662
1591
156
1125
1810
1557
1850
1676
1912
313
1469
1302
665
1011
812
190
840
661
1245
812
1427
674
1484
151
1829
1970
1239
1144
629
1667
953
1338
1886
650
1921
1949
1964
999
1166
153
80
1014
521
1696
1568
434
1423
1740
190
1524
1962
1848
179
1993
1275
747
1160
81
694
206
33
1460
1097
111
71
1759
1994
1006
1360
1068
973
1381
1132
1664
1935
644
1167
45
1105
602
1302
920
1908
32
1384
965
158
1535
747
974
1303
1602
447
898
1875
102
763
1915
843
1213
418
1160
1162
1074
1825
552
401
1463
1800
1720
1463
811
1203
1828
81
503
932
570
1034
231
783
1532
1279
1062
1458
1315
809
1074
862
1937
1496
46
1302
1151
1193
614
531
245
372
1965
1985
1384
1636
1539
346
125
1091
1475
1981
1356
1826
1400
107
1631
98
1487
286
1498
1986
279
1270
1765
1365
485
1568
629
1743
628
149
1241
220
874
989
1999
701
1878
1135
214
112
38
1814
687
1130
660
1169
397
420
1232
39
1899
848
777
52
1180
406
1013
1173
1854
1983
1873
1948
1688
1309
1922
641
114
1557
1337
1141
1924
1178
868
1907
519
279
1362
1558
583
1129
767
1281
1658
1639
1917
1215
1386
1086
1907
1224
1678
1357
1263
396
727
394
1336
159
1046
1792
1743
1761
1307
1862
723
1609
216
1884
115
829
803
1540
1982
480
1771
1307
6
57
962
1635
1747
924
1193
174
260
216
569
1049
785
1276
189
1315
1100
374
478
1320
197
1722
1894
446
205
1179
933
971
802
361
818
49
89
1175
681
1096
1401
615
1043
1158
1220
1605
1283
1821
1345
1565
1693
145
1076
1594
1937
1988
1856
652
805
1440
803
724
416
1361
1983
1263
1443
780
504
829
1506
368
233
173
1168
1464
113
1911
665
601
1291
165
1832
1326
220
1198
873
1598
1270
1153
1193
823
57
1211
937
1129
392
390
1266
433
1721
1838
178
352
246
928
452
1896
609
65
1982
1843
789
1368
1636
815
215
1273
74
1082
667
351
1894
1718
1395
1509
1396
1273
1522
898
787
531
1023
1775
556
429
933
1765
803
1051
887
296
1879
1981
49
602
1859
1208
1274
29
215
1259
1605
953
112
1761
1590
1414
1955
99
1089
1815
1482
55
1695
275
789
1689
874
1441
306
788
872
127
375
892
868
623
1323
427
1399
479
1012
247
1430
1731
1532
1037
37
881
1341
1148
1033
1321
1483
768
59
479
593
1209
985
1911
1635
967
662
11
1618
1428
210
1996
1375
623
1716
850
1975
816
1235
962
1660
1373
1316
747
612
1752
718
637
1802
594
1145
1463
1299
369
165
347
1195
1177
919
768
30
874
1758
1891
994
597
36
1740
1777
716
1952
1720
805
1413
392
648
1372
539
1011
85
1195
1698
429
687
719
565
1652
513
1982
189
1855
1378
1900
127
1406
234
858
691
12
1358
905
1645
65
491
987
810
612
1483
1626
169
974
119
403
19
1737
490
538
264
360
13
1057
872
1120
692
387
922
468
1348
986
1085
1822
1631
1600
1192
1097
222
483
1248
1532
601
306
1606
721
1110
1252
1274
1587
252
1704
864
1045
771
1206
1197
1600
315
308
1598
1541
949
277
69
800
33
509
1666
141
1861
895
1178
949
950
1799
1142
1360
694
675
1130
1790
843
1404
1536
289
216
755
688
1618
122
230
1375
676
161
1297
1634
182
1705
1441
1053
865
580
325
1740
1809
1061
1149
1196
1585
1756
292
423
271
601
42
411
462
751
858
1798
235
1526
1867
1536
1607
60
1169
773
498
346
1779
766
137
15
1895
1690
1926
1707
1610
350
1206
1850
796
198
377
91
1207
982
466
1339
1520
1666
845
563
1607
999
416
539
1369
948
506
809
1589
1160
1737
1770
1547
1865
568
1276
511
542
772
1158
1421
1674
992
1796
1527
1670
1631
210
1818
1625
1502
485
1471
1494
596
161
1869
787
641
826
1547
1601
260
826
1779
1117
793
283
434
226
1295
450
220
392
680
1641
1517
1309
1673
136
1306
382
1313
175
1126
1491
1031
577
1233
468
1420
544
410
892
1167
450
1605
1912
543
141
215
1628
763
1012
1438
1747
853
286
782
160
1702
1535
102
134
267
549
993
784
1196
641
713
414
1309
384
1045
604
1150
182
915
1761
1949
470
321
1601
1596
1503
1077
943
508
1062
1037
1187
1400
636
1105
1284
895
61
1812
418
329
1077
1705
1058
1898
814
369
1127
165
1914
1891
873
1048
1721
1941
949
1701
792
759
1873
1632
1686
655
858
1492
36
990
1868
193
1721
1538
1629
528
495
1093
710
647
445
1730
1551
615
1282
1991
726
882
1179
326
860
363
657
950
1340
534
1554
215
105
142
794
419
291
1253
1822
815
709
534
1620
1009
366
1062
994
11
393
313
674
581
268
1249
1791
1609
1706
194
1056
1416
1749
1952
1757
282
1268
1002
930
1011
284
1632
1583
1664
62
607
617
1537
605
1517
209
721
394
351
383
784
1726
1369
1915
466
355
1453
1495
575
1727
628
1148
1003
1902
11
272
1057
1547
837
257
1449
1067
1150
1217
313
983
1359
1773
503
1092
1469
188
1916
1008
1772
944
195
1146
786
1788
321
1678
950
1715
1007
701
1958
296
131
245
1720
1640
1469
82
312
544
1293
208
1089
1659
1745
1356
1559
972
1020
518
1008
1861
227
1029
1491
450
913
215
1928
1653
1994
1091
623
559
540
1902
1245
1799
1073
470
1681
202
657
1278
1237
735
741
166
608
1717
166
1989
1208
604
1700
822
1989
941
978
1166
1328
567
863
710
1386
231
976
1672
553
1971
392
138
381
467
473
1874
17
540
756
997
1837
395
1437
897
1065
122
1050
419
171
1682
1370
1813
1345
381
946
1976
1770
934
658
426
287
448
1655
627
1488
1407
666
1490
264
727
1013
687
402
480
1797
189
1541
546
970
222
171
835
1516
418
1680
1418
1368
1358
213
447
136
1861
755
