9615
9219
7528
2937
8450
8274
6539
8812
5327
2302
5460
6003
9274
2243
5766
2874
3264
1497
3157
372
7117
8526
687
7323
3114
1311
5605
5295
5510
7183
2858
1034
6272
2362
2647
2997
6910
7651
8729
7475
8654
8122
2168
9419
9894
3081
2260
3779
2569
5277
3694
3767
9417
7858
3440
2601
980
7048
5818
3763
5901
6001
1450
9096
7431
8428
8327
9256
8160
9100
8474
5538
9912
6209
4602
4404
5212
8488
5747
2014
1139
2542
3458
6212
8373
5232
5967
3346
9619
3870
8006
6906
2263
7789
6244
4792
8329
444
8988
2855
2522
7087
9235
2493
6865
8519
7550
9425
8336
5458
373
6301
6866
2862
4260
8382
2483
1065
1310
4008
7500
5381
8607
119
6617
2519
3084
688
521
526
2121
1286
1650
1824
2375
6872
8158
5792
6071
2903
4614
4108
1856
7318
4377
531
8729
8954
6328
4084
7843
8833
7874
2065
8886
1503
807
8787
8871
6739
123
4375
466
5576
7482
9365
8218
5127
18
5025
8426
7786
1329
8938
7959
2955
9308
5824
4692
3579
4376
4500
9681
6799
153
8919
546
4133
8613
5892
1735
7524
676
9353
2365
5569
887
7792
8512
9982
4050
6237
2571
3325
711
7056
1870
1218
7039
2906
1227
1110
7144
8668
9165
3432
1270
6938
3093
2798
4103
1087
9618
5321
5976
8490
9020
2550
6269
6742
8093
1025
3217
5896
2509
4116
650
8961
2441
3517
3383
9716
5615
8894
5178
2577
2409
222
5452
9215
8211
8093
5777
5576
7435
9204
4137
2654
5476
6315
7616
2203
5254
3956
1619
9511
789
1876
9679
2643
7325
3026
2696
8018
903
1672
8098
1527
1643
6327
6688
4664
9554
3095
9527
9458
8998
7979
6909
7575
6744
6755
9700
5459
8605
3835
6109
7228
4631
5297
1546
9288
2844
7892
6869
7320
2469
8599
6054
2161
4005
5301
421
11
5060
2799
6700
3667
4823
8321
8456
7419
2109
3666
1532
1090
7112
3338
1698
3198
5366
2638
2159
1364
6892
6807
9042
7194
5454
2112
1641
1637
6317
2094
4415
7516
9165
9914
6262
8829
8338
1338
6685
6717
8231
8238
4974
7227
394
549
6919
2526
8807
8880
9778
8797
7616
3086
7380
5229
7302
1271
4238
9141
1846
6148
6963
5549
2131
9643
1239
3141
2443
4217
1216
6146
4073
1000
2077
2035
183
9872
9455
6466
9054
2778
279
5621
7836
7455
3438
8788
4928
8703
3051
1846
2916
3821
8853
1268
7368
5415
7381
7039
9063
4068
9558
6669
1928
4166
6508
1758
9475
1536
4430
4253
3918
3889
5794
146
8900
5693
8836
644
3361
3916
674
5915
8348
5836
1735
2484
6016
898
690
7822
8233
1310
9666
5762
2024
428
192
2975
6483
6103
7433
7891
4860
4216
999
1125
268
7692
8411
9359
8060
7507
3609
3706
7552
2549
2959
5281
5744
255
5411
264
6405
8907
1785
9173
6060
3438
1326
9260
7097
5818
8436
5224
7596
2404
2778
149
5833
1504
4246
8011
3302
1608
5058
3445
1350
347
5985
5424
5036
4562
3468
1503
1583
3855
318
6651
553
6510
2888
4743
5803
8941
3153
8785
2625
6200
4958
37
1373
1373
2666
8604
8707
414
4674
4033
2144
4100
8080
5380
7240
3889
7185
3944
6859
46
1205
9559
7347
4899
899
7493
3340
5637
838
4689
4672
297
6296
1208
9694
8055
5754
2116
4662
8841
7069
7858
7172
7219
3600
5265
9031
4589
9814
1494
7949
1500
403
2461
3117
8991
8579
8986
5520
3204
5735
5549
1100
6906
6237
6899
3247
5954
9354
9657
6709
2895
3495
6028
5701
6700
1030
8460
1470
2140
2991
3679
1018
621
8683
7537
5916
134
1068
1497
1499
2735
5095
6135
5595
768
7695
810
8084
9714
8431
3838
5297
4641
6884
6082
6472
2259
9125
6552
2769
1202
8352
6869
3556
9525
3890
5544
8947
1981
9826
1591
1442
5243
2618
1173
2703
1487
1139
4544
5297
4923
4317
7607
3441
4437
3704
7657
9215
3148
2225
9897
4467
3794
6892
9741
8257
8280
7755
5269
4088
9863
4760
8824
807
4618
2917
6010
9404
3129
2045
6539
6491
2865
3910
8713
2567
3039
5526
6981
8176
8123
335
4803
1209
6593
3561
5723
2772
8922
2874
6700
5341
1225
9684
5136
3216
7362
715
1179
5655
1845
9777
6317
9444
7496
8880
6215
856
1906
5652
138
2413
388
6355
9979
3926
9986
7705
738
2337
847
6948
9042
9462
8551
7385
9331
8992
4549
9057
5243
3972
5461
8771
1051
642
4708
5055
3573
9655
4467
8964
4348
8108
4747
9023
2179
2031
714
4162
2408
9229
4811
1772
9738
3560
6052
3434
5076
6874
6921
5898
8830
9623
2862
3975
8393
2456
2873
4518
952
1561
7206
2380
8958
9536
5268
3146
6786
9960
8156
7494
9951
6970
3714
7607
104
935
2629
1372
7641
2229
2336
9834
2488
1747
755
9537
5258
8954
6619
6953
6930
5634
6301
4878
7973
1102
563
4453
8393
5429
7853
1466
6620
6782
5641
1480
6688
6599
7517
3108
4020
3010
8928
1382
9246
8733
3992
7028
6532
4732
6351
6525
3897
4277
3279
1775
533
5208
4988
3638
4446
6633
4081
8018
3522
539
34
8979
7223
5499
5984
6100
169
4118
8860
4337
9234
3576
8563
2582
2425
4002
7479
4229
4737
903
6078
339
1169
6851
9347
2320
3604
3865
9659
5938
695
1511
2482
9037
3248
552
4884
225
7854
2086
2375
1743
3611
2681
965
9785
3869
945
3512
9558
2252
6556
7374
8830
4239
8388
2924
888
4191
5480
6703
9166
4973
8901
877
9625
1103
3249
1898
7903
4949
2869
9623
181
4058
9924
260
2434
4934
8556
5206
1155
5296
5431
9268
1348
1905
8446
9611
977
6692
1931
9074
1962
3225
6394
1000
5372
9465
4204
6537
2962
2787
2551
9247
5015
2533
5229
5556
4934
8551
1462
8166
1376
4113
301
6036
2457
8060
5477
5365
768
3494
1574
8472
7353
5215
5576
9013
1625
1600
5194
1170
1821
9532
3040
2866
1128
367
167
6169
1479
1155
4405
8266
8082
5905
2370
7025
5041
7556
9101
9628
7624
8089
4285
3300
7985
9939
6885
7033
6788
9707
8578
7340
7062
4244
5268
9030
9340
9244
774
4517
4906
639
8460
2008
2908
8806
9961
3839
4975
8796
682
3749
8141
5297
1571
106
8356
2536
7315
5481
7458
5723
4550
9528
5200
7102
7255
2238
2775
6129
4688
5343
7843
4975
8336
3618
1490
6883
8119
7667
3753
4218
2513
5941
6356
3523
1788
4143
9464
83
4712
5927
1831
2470
1995
5021
366
191
3454
2254
8782
193
5495
9417
8934
4278
6467
5325
1929
1788
4336
6561
5217
8720
4
6878
8544
866
3486
7223
2127
3496
7879
7897
501
5727
3668
2173
3141
5387
2475
6730
4709
1680
6000
4519
8790
4361
9131
862
1429
6390
1415
5308
941
579
7769
1029
6182
8674
9515
4565
5422
9131
7044
8049
7298
7578
9558
2060
9066
2806
1636
6822
3567
2898
4926
5502
8185
2781
5706
2952
3193
9508
7537
9033
9023
2070
3427
9439
8073
2600
3736
7054
8393
2031
5428
6965
6562
6235
4453
2063
2991
4
9884
8822
848
4796
9958
9729
8673
1907
9958
7550
553
9930
4273
1275
4236
4463
5174
2830
7245
1095
5656
7205
8628
3338
6697
888
6936
2407
8276
7546
5945
9976
1063
3374
7708
6481
2332
7957
7348
7202
4466
438
7577
6124
7213
3783
4168
3536
1670
7928
8647
1411
9680
1359
5059
1230
4473
9437
7016
513
8873
5344
3372
5191
3930
706
7880
5861
1411
9774
1316
1565
5315
6914
686
6991
1959
6448
487
3118
5688
3279
1610
3040
2164
4639
3978
9679
3127
2746
9271
6318
8373
9941
8460
5141
4135
2502
4728
4989
7168
8943
3479
6775
5211
3720
2156
5606
851
8827
6205
6573
1022
57
1483
8659
9431
7674
6573
1555
6983
4562
9464
6704
4847
1454
6029
8982
6740
2494
6495
7467
2647
3309
1679
9125
9824
5003
4630
9541
4934
4507
2526
641
8574
8712
6717
5215
9134
7843
1439
4124
7165
8424
7184
5053
4697
5359
6915
1565
9747
2878
7105
8806
6219
3787
225
5787
1476
638
8464
8513
1364
8133
1694
61
3803
1554
7013
4408
4333
5935
3206
800
3325
5218
9985
1336
2231
8619
8449
3872
5338
266
6227
7759
6401
7789
9121
2668
3357
1175
3599
6972
8769
557
5904
9142
5369
3882
3398
1427
8215
8274
7076
2449
9243
6627
2162
4294
5391
3911
2605
8465
6844
2998
3816
4396
3885
2681
5795
3950
3918
7017
4390
1325
1568
2182
330
6688
4076
8339
1940
9426
4241
6015
3951
5891
5196
3487
6437
7385
6883
246
3881
6645
4238
5158
8516
8208
4242
6496
9947
275
7067
7880
9913
2773
6022
788
3022
2591
296
4179
339
508
1519
8154
6057
1148
547
9225
3806
5880
535
7101
2283
8047
9826
1134
9724
9295
4197
5865
7244
7808
921
952
1565
7754
9702
7548
1
4950
2642
1501
6393
9730
6420
7112
5863
3854
4868
6311
5361
9604
4817
6831
6725
2629
830
3235
2435
541
458
3893
4380
2296
1274
5805
7205
2111
5397
3874
4392
2507
8764
7829
2039
2794
9557
1677
2797
3854
3059
1436
6851
8594
5347
6001
3660
3465
2036
5255
3182
3679
2932
795
1085
8465
6468
8827
3542
9080
7623
105
8981
7600
2812
1294
4691
1351
7109
3468
543
6256
2516
9244
8872
8055
4449
9590
9780
6400
4394
2751
5920
2824
1448
4477
1749
7245
9673
2645
8579
1273
1680
5973
7293
6329
8661
9934
5088
221
9274
2521
257
8536
4299
8315
6146
3510
7937
2227
8049
4973
4755
7504
3598
9069
5097
4687
3046
4689
7983
7777
9600
7159
6259
7372
7268
2764
8043
9352
9731
352
5893
8282
1655
5641
8237
3933
2440
7972
8932
540
8759
1510
7779
3148
619
2672
9549
9014
7525
9537
4457
1970
9458
725
7652
3135
2510
4939
5266
2848
1599
7333
9213
528
5557
4793
3788
406
7259
2948
7985
6179
1210
7821
8991
9592
7211
8887
4277
9733
7799
8001
8732
5421
4749
3880
7513
7189
7902
5036
7775
5450
4633
239
7332
1250
4174
42
5790
8282
4545
1466
1162
3487
6766
6663
9177
9545
355
4213
9656
5217
9390
3556
586
5572
6755
3666
6804
9887
6570
7441
2484
5690
6372
4146
319
3745
2040
4768
8662
5709
6926
1290
8084
8898
4294
6584
8055
49
5542
6287
184
6654
6895
3951
5721
8604
762
7881
6010
4596
133
302
3239
4244
3540
6627
7970
5252
6437
9345
5496
9283
9940
6505
9699
9456
5224
4564
2924
854
6040
1368
7706
5807
9742
5926
1787
4153
8950
5376
4238
757
9490
7673
523
5596
9438
4389
9280
7868
3066
383
5609
6209
6426
1177
7882
2127
8278
6766
6588
2250
3934
180
8882
4440
318
797
5686
2255
2602
3004
2821
8681
8902
5012
6884
3862
8741
5532
4382
7472
7564
687
5211
537
1937
5857
2894
448
2885
731
3915
8803
7724
9335
9939
8303
2645
5047
5709
3394
6138
3600
1331
689
6950
5412
6246
8118
5053
1133
2911
5522
7661
9717
1012
1664
9263
9794
4546
8345
378
3663
8605
8084
7236
8534
274
3845
4358
7194
2116
3606
331
8720
923
4932
9844
4589
4598
8112
4107
4330
2008
7910
386
4885
9638
9610
328
7890
6636
7630
7639
5118
5767
2464
1325
8756
6850
9376
9108
5192
6336
6336
2880
8896
1986
2852
6213
9299
790
3128
5123
5913
6157
4817
719
3362
1063
1611
2719
4180
1437
2658
6657
252
6587
5101
1112
5285
2984
836
4164
9046
9411
1922
6414
3109
2508
2965
6941
9113
6956
8658
5927
3758
6786
9622
6232
4594
9482
6440
3608
1932
3004
8682
8284
4636
9759
6270
2507
2669
1576
8356
1259
6919
6371
5857
3720
370
6412
60
128
676
2683
7859
6366
5243
4522
6810
6832
8039
1028
3683
4647
2046
395
1001
2028
9763
6758
118
3194
4513
5429
1909
1563
8081
787
4546
7698
9579
5319
1645
8402
8968
2327
9997
7225
694
3097
8113
493
8790
1639
7106
5074
2655
6191
7812
7220
6469
6580
4603
2535
2500
1076
8810
9449
3942
8775
7127
2321
8788
7441
9819
8518
5641
2692
981
6510
7090
9429
7646
4082
8418
825
4727
5914
4322
347
3854
3866
8102
813
5488
9736
1066
7929
7480
9433
523
1555
2102
7240
8146
9085
1338
738
587
9942
751
3121
100
8176
694
2882
4641
3820
2167
7813
7260
6629
9516
401
7017
1685
5289
5729
6840
3640
1171
2847
4420
3675
2721
699
7784
6000
7568
7657
4353
7009
8416
5988
31
2479
9724
1571
2565
3286
2711
6310
2383
7902
6273
1948
3651
449
874
5077
4673
7492
9021
8639
4788
6148
5421
8927
8442
7326
3566
6462
4736
7530
8586
5214
1511
7285
6756
5767
8403
6570
505
8034
1681
8733
1234
6433
4328
5220
5062
793
9257
4593
5197
125
9649
4432
543
1944
7853
2090
8954
5238
8556
9332
1939
2304
9792
3447
2019
6803
9230
7100
6963
8812
8774
8596
2483
7538
3404
5377
5939
9167
9684
805
6165
9644
1037
7685
6217
1257
5524
1961
5080
4454
2329
803
3325
6880
910
5353
6253
8011
2636
2417
7591
9176
6896
9560
3527
116
627
4606
7588
4686
3367
6578
3481
8226
3533
7318
5361
2214
3971
7487
5851
5328
826
5867
6813
2610
1990
9198
1189
2339
3231
7835
2843
5435
8965
2012
5026
7851
0
4143
1117
3319
3717
6253
126
2209
4340
1415
6778
1891
238
3295
2984
1369
7237
8320
1928
3129
2699
5867
848
3375
4460
9712
9394
3417
2360
2021
5497
9723
8456
4534
4402
240
8946
5193
2216
8527
3096
5756
3015
7990
4938
4894
7746
8805
7564
1942
2224
8137
4146
5268
8305
1347
2807
5283
4623
7908
3901
4039
1184
616
2383
7736
359
8749
6515
9675
9930
4238
8763
9754
9630
2320
4970
8207
4286
9240
6627
1858
1547
7718
1629
684
4221
4291
4
1848
7880
307
6841
773
7610
4246
4905
426
5696
5505
3291
1095
6392
1075
722
7235
8370
2599
9298
5175
4048
3782
1952
6135
6140
4005
8482
5656
4488
1490
5878
9139
3872
6295
2639
4628
6652
6713
1017
6703
3729
9552
9470
9152
4008
4242
3297
5661
4598
2478
4887
1146
7306
1410
6549
5929
6326
1194
3765
2508
5045
5734
4482
9144
5802
6454
9219
1848
9881
6020
6053
2011
1199
4126
8208
6651
6043
5279
7307
6667
7696
6234
8268
2924
9187
9634
9592
8700
2159
5480
8344
7179
9464
4193
5580
4523
3212
8659
8601
5524
6485
205
1311
8338
7388
3073
6310
6108
1895
1070
9526
4097
9347
5342
101
2256
7645
1144
9498
9844
522
3475
7537
6522
6406
4473
2120
5425
3209
7875
1958
9421
6518
8038
4779
4152
2781
9226
9683
9734
4208
5971
4564
8771
7507
2414
2534
7275
8508
6538
6930
1989
2554
5952
6595
7437
2674
4816
6586
4893
9237
6105
2157
9847
7901
5509
7951
8449
2598
111
1739
4750
361
1842
2090
2629
964
4319
2388
192
6005
2906
9123
3
7941
2770
7474
2935
6018
4763
9813
2674
8516
5018
1027
917
3233
9340
6093
1298
1755
1011
9266
3143
7703
4974
9995
8668
6058
5364
8898
244
4252
7677
6016
4483
5054
5021
9267
7341
1767
4686
2334
327
1738
4265
1402
5292
6691
4656
7323
8494
2945
1707
5709
3111
5982
9853
1005
6602
2920
3314
932
2075
3156
87
5022
8376
1481
4582
3433
4899
3815
4829
4409
2957
9547
5178
1192
4656
4522
4965
8651
1896
9658
7066
7455
4816
7856
9937
5490
677
356
6412
9711
2073
9746
4252
4753
5606
3241
1953
6600
4556
8358
396
2362
4025
9387
3810
5744
1892
7256
5471
961
9158
1515
4820
1181
662
1332
7040
4767
2384
6593
7702
8165
1777
3225
5408
3868
7425
7092
3264
1557
3821
1287
5327
2660
6784
4670
2996
1415
429
4689
7762
6371
6556
889
846
6905
9886
6620
428
600
2495
9491
9541
9581
3144
4381
2215
7941
6173
6925
4633
8643
3257
8223
5769
4060
3364
8904
5525
5679
9743
7194
5122
8979
9324
3590
8108
7513
3068
4796
7354
9905
8006
3694
9869
40
4401
6020
9525
7790
8655
1496
4736
5334
2758
7249
7648
3974
6859
4717
9160
4670
6269
3303
9219
9078
9692
9096
1088
3984
964
4665
8590
6477
8522
2519
560
2044
4929
2335
8158
4892
5977
1657
8504
2578
6693
7122
6631
1830
1864
5265
9937
1848
8588
6459
6472
1568
7822
6593
8609
1811
5145
5879
7404
2385
6477
6912
9301
3691
5452
5669
4197
9203
5713
2564
6213
5676
8957
8997
5025
3136
6383
5000
4613
3279
5311
9802
391
9589
9512
3399
3888
165
4720
6617
3416
5569
8693
910
829
2684
9013
4903
3408
1350
7818
6333
44
9206
8768
6463
1891
8775
7477
1878
567
1225
76
3769
1698
2488
6925
2716
8403
4138
6620
4947
2598
3457
2709
6869
9006
480
9025
3004
833
8187
168
6024
5216
151
9075
2611
2786
6640
9212
9999
7436
7033
3573
9020
911
6174
7841
8358
4877
3510
3043
1786
5929
3732
801
969
3659
9389
5396
1862
6205
1636
559
1833
8470
4928
1130
6358
9200
8623
5434
4375
5383
6116
3758
3942
8576
6043
7816
7047
9475
8926
2326
8610
7719
5584
9597
8238
137
2646
9617
6025
73
7382
3731
6852
3953
3943
3544
8635
5746
7240
7281
3555
3340
2108
3100
6667
794
5939
1927
7557
6776
8373
9692
5822
2579
4455
3853
8105
4459
7295
3341
3866
3975
6036
7689
7741
6453
9919
6577
6759
5148
1134
7543
4373
9168
6759
3875
8833
3217
7802
6720
3907
4897
2831
5191
7635
1248
1054
5830
284
2118
4653
4028
5868
8508
8484
9508
9561
1911
5500
7259
5150
5698
6694
9759
5378
9910
5481
7927
5737
2217
8291
7033
3508
5153
3168
5036
8676
5891
88
5050
8364
8013
1811
561
5636
8268
7480
439
7274
9994
179
4328
2339
1799
9364
4974
6975
1267
1204
5291
9194
8182
691
5845
1262
9164
2557
3790
6854
6944
2443
4735
2094
3556
2485
4049
6390
5498
6133
1448
7765
1123
1079
2125
8922
9809
252
534
1182
7978
2142
932
5701
9500
1902
7240
3060
1447
5545
882
6316
7804
601
9432
3588
3152
3495
9536
7349
5212
1695
8986
4062
8261
1180
2541
8152
8723
546
8429
1764
4368
2442
3989
8385
6094
2952
9574
6186
4853
888
1628
3963
809
343
6617
9539
4196
462
9249
5605
2661
4473
4722
7242
580
5862
2269
1121
8048
4873
3781
198
6743
9452
9731
1552
8114
6356
5396
67
1499
1039
7984
9574
5788
6633
4087
176
6453
1149
1225
2476
8632
3817
1986
4315
8933
2554
817
6344
4989
9766
1940
5782
7718
8345
1186
3350
522
647
756
8389
7484
5393
3809
9490
3544
1058
4836
6797
2246
6953
5132
3451
2507
2865
6992
2726
5211
3979
4765
2178
9759
6477
3149
5242
4270
2532
5365
9416
140
8229
2092
8035
5804
1010
1747
3091
3539
1832
1510
4304
7787
7572
509
6408
8672
8614
2303
2720
5275
6397
1844
930
2088
1730
8388
3636
9494
8737
7409
7321
6826
3794
8847
9265
6704
7222
5436
6476
2176
9805
5503
5131
3561
3828
5041
7751
2460
7915
2370
2795
232
501
1258
5676
1149
5401
7390
2058
4431
7733
954
7422
3337
9970
9201
8259
2571
3122
5214
7873
6098
7862
5637
6164
4899
4476
3484
5179
6739
4326
5664
3725
8710
1894
8421
790
5042
8965
2413
9470
9135
7155
5732
4507
2157
6104
7894
893
6626
1641
1869
4023
8799
9286
8907
4478
9854
8593
6497
3801
4378
5481
9114
5784
1002
4228
4983
4098
4507
8171
5959
8502
5577
2559
7618
2195
1946
9689
7970
4291
744
6511
9295
2882
1417
4787
8790
1468
8077
9125
2965
1444
5011
5657
3621
6434
4199
9091
3284
9108
3500
9999
3295
1733
5186
685
2264
7322
8132
9289
7450
553
8833
3113
8950
8933
373
6607
216
2164
5236
9310
331
1217
1330
5466
9046
6493
1090
9624
2450
881
5753
9380
3640
1118
8365
7314
7660
1541
3119
2684
1680
963
7586
4090
1222
1300
7432
1551
5879
1161
7496
2016
3017
4900
7789
3903
383
3247
9102
4406
2547
2652
3733
3856
505
8727
2159
9905
8384
9256
4415
6517
4266
4261
4543
3190
2373
6356
3892
5431
1781
3614
4364
317
2496
7231
5303
2942
8838
8394
9359
9665
1339
8938
4534
4341
2563
9795
843
6846
553
6422
2248
345
971
5267
4474
3185
9317
6649
6270
3722
7768
2985
7829
5339
6279
5625
9187
6361
3134
5636
9434
814
1808
5742
6142
8296
3819
1558
5605
2301
7642
7572
5101
301
4903
6753
5785
2832
7034
3382
9754
6478
3779
2893
7158
9917
8672
7124
9447
3829
7611
6752
2562
5952
372
3597
9955
9133
8646
7107
9858
7667
7000
1813
2980
802
4674
8964
7120
6966
9610
2640
9499
261
3658
4782
3763
6951
1264
9028
773
2870
6914
7313
1500
6939
2363
5947
4487
2487
7175
8800
2693
4979
759
9758
8591
479
3841
9550
4802
4823
2695
9626
9703
7988
1170
6992
3361
7918
1546
5694
5715
1487
4629
7245
5195
7843
6315
235
735
2380
1793
2912
5266
4225
2154
2258
8963
2358
4262
7636
7779
5015
3381
9353
7809
3087
1677
6934
1027
9845
8676
70
6611
565
5946
3719
916
6365
2789
9873
1567
5182
8715
3031
7214
3554
8822
3590
388
1229
2503
9114
1640
2507
5146
2640
3788
5209
3329
6438
3550
6912
5359
6815
9882
5980
5076
1731
6618
7228
1088
7154
9931
8881
6870
9161
3165
7849
6094
1037
5686
5957
151
661
4596
1174
4663
1268
8078
2967
9440
5731
85
6052
9714
8270
5436
6840
6695
6885
6881
5844
5086
8802
7575
7451
5527
6506
6577
4794
104
3516
4797
869
10
7687
1723
9437
5587
1273
4713
7277
1072
1409
7405
6228
9599
2134
9245
7085
7687
5040
5438
3945
7892
3284
5159
7807
8419
910
4625
3897
8870
1063
6749
8560
9732
5605
7394
1346
5952
4322
8530
3615
1060
7636
744
5236
6923
8219
2929
6862
6424
5930
7620
3600
7270
4541
302
6336
3756
9385
4046
6523
6972
5249
1306
7049
4969
1380
685
6283
8083
3715
6621
7585
4465
5920
5597
440
8073
3395
5692
2672
590
9046
9399
8732
2839
2880
1490
851
9000
2831
750
7123
8208
5870
232
261
9150
1910
6142
459
3888
4817
5743
2102
9529
8937
5917
6773
2430
3711
305
2823
782
9160
2828
5841
8508
5938
2614
1164
6922
2772
1205
1957
6291
8563
2698
3784
8997
7425
1995
6903
5354
5519
9385
8835
6130
8468
5295
6094
7134
5670
7110
711
3467
1156
6998
2356
3848
5862
6205
2254
9254
3116
9589
3350
2732
580
3142
3958
6804
6167
3976
1154
1382
7491
3506
9372
14
2787
9812
9223
6156
7369
173
4228
6073
2734
9994
5000
833
9265
3532
8079
1505
7819
9317
617
7213
7364
5022
6706
3854
6798
9032
8832
759
286
157
3477
67
7227
2114
8388
4813
8799
3228
7713
7916
6554
5547
4849
5864
9878
3511
4193
6301
8038
6662
5714
9739
3767
7848
7937
9655
6680
5727
3509
9586
710
3422
7890
8660
4320
812
5178
7637
5658
4245
6259
7720
2828
4206
3476
7988
4794
6595
7369
7088
3295
7134
837
7994
5122
2118
983
3268
9643
7234
3878
4027
447
6776
4102
9493
6982
3799
8780
1687
6910
3309
3502
6033
5001
6502
3763
5223
2465
7474
3210
6572
4971
49
8167
4701
9305
3757
4664
3143
2458
5476
9206
6438
9068
9233
3030
7707
8578
7846
5263
5112
6688
1016
6358
6124
6003
6167
9236
2486
3470
3705
5226
3767
1102
4210
9675
8313
5007
3761
4743
6
664
5290
5977
7894
6130
2907
8534
9240
8854
8462
3493
76
9923
7466
8654
7067
4767
2518
5227
340
9397
5851
3787
8612
7021
1797
4485
9105
1001
4630
9658
9187
7707
2311
2947
6800
5940
6540
794
8818
2039
5090
8452
8358
7052
5303
5355
8836
6017
8422
6794
7222
6251
6254
8306
472
6490
9583
74
618
3498
7424
1523
5876
3542
9119
8073
7415
4119
3270
7461
9068
4586
9270
239
3083
2191
3475
5681
5114
5853
9196
6727
6960
9620
3909
2003
5157
5034
5779
9949
840
8967
9379
7639
4412
3596
9703
1278
8240
8718
7070
7372
6378
481
2863
3307
4063
1455
6802
3172
2705
8728
9787
4629
8006
8963
1619
7313
3249
1874
5029
8002
7919
5043
9186
105
7919
979
1234
5446
1135
4894
5192
5811
5184
2561
9920
7610
3733
9345
6263
5592
2189
5748
3959
6345
4315
2716
3726
1874
5870
9588
3626
6637
9266
5139
1203
8639
2674
6334
4981
6774
4887
490
4808
6798
2642
2335
4158
3763
9538
2312
1448
832
3411
8838
8805
7046
643
9812
696
1624
2706
8742
2869
1443
598
1147
6377
4203
9287
2705
1955
4417
5869
3415
1074
5984
1733
3917
9260
3623
1370
4296
1959
6305
5862
9875
8680
1952
5844
7423
8887
3544
3008
2938
763
2471
6606
7005
215
5026
2276
1696
7696
1259
9493
1688
8442
4223
155
5665
8302
9483
9104
2022
9098
4335
3897
7565
1765
4363
3408
9712
8925
102
5068
1542
8335
8413
8735
3200
306
7768
8204
3695
6129
7496
9699
8930
7171
4573
3194
7677
8713
580
4377
5910
147
7390
498
7417
1327
4027
9884
5516
9263
1445
8811
7420
1462
7386
2013
2118
7102
7681
6803
4930
1865
3709
3706
4409
8371
799
4133
6999
128
3477
7737
5339
2119
1201
6676
5804
2570
5653
539
4326
2001
6602
2255
5058
5554
8720
9803
6099
1680
6496
6077
7645
6989
3917
1278
2048
9772
4712
4992
2338
2248
4499
8403
8586
9738
7597
4964
5352
5819
6684
7618
259
4823
665
158
4635
8458
6901
9374
940
7578
3898
5918
6164
7104
3532
1013
3179
4628
1486
3055
9185
7348
5089
9276
4406
8544
758
436
787
3525
4405
2885
5270
3317
4502
2059
4586
3503
6509
2810
197
3265
6723
5579
3371
8342
8367
1953
7311
8509
1923
422
7290
9272
9091
1847
52
8461
4128
1097
2447
5501
2306
183
356
3998
6933
9673
2021
7128
1066
9554
4129
3272
4447
7078
9430
804
7465
1542
5696
5708
9996
1114
1104
1545
7677
8250
1064
3429
1567
5928
5666
5142
3081
8637
9520
8664
4841
1935
671
2054
194
3355
5797
8069
6993
9637
105
2141
5230
9594
8449
3413
45
6734
7174
1962
3363
7670
6421
1500
4694
2292
9711
8469
1694
5739
1983
262
1160
318
5755
4223
7961
6377
6260
7195
4238
2747
6248
2038
1970
5071
3527
8316
6538
2390
4642
1840
1674
3554
4655
1941
6234
4529
5289
5100
3315
6740
549
8331
3620
875
2863
6102
3185
415
7875
3837
1482
1340
8423
2370
8202
5241
69
3701
9846
6582
7015
6206
133
3408
9915
1862
6847
2035
1622
2866
5934
2861
9157
8668
4897
1963
9966
5632
2704
690
1285
7265
3913
3932
8234
7318
5609
9406
8320
724
1878
530
825
2296
313
8453
2508
6193
5257
4878
2073
824
2290
3098
1315
8094
5413
6913
6284
7904
6585
2278
7807
8457
3391
9344
4662
3620
1763
8768
3787
5709
9486
8638
4620
2643
8152
3988
3991
843
3627
9719
2053
6740
4723
3086
6644
3315
8466
2400
8749
587
8192
7230
4436
3594
5983
3690
4397
4563
9612
8867
7979
4339
3266
3934
9427
7410
2744
2435
8624
3801
1771
5153
9136
6618
7462
3918
7356
3136
5197
4462
7205
8564
3498
4335
2617
9929
1950
4064
5428
5860
3561
1932
3507
9036
2245
2759
9428
6730
685
739
2890
1165
7419
7359
29
7869
4654
7069
7566
9353
122
207
3559
5839
6874
1453
449
5736
0
7077
8271
686
8429
4495
7400
5242
3964
9020
578
1342
6185
331
6922
6540
864
5175
8816
769
3007
8337
6062
5458
141
8117
1433
8545
7204
8603
1361
4540
2233
5853
9379
7538
1357
7632
6205
7122
3276
9585
3089
6067
2162
6973
3043
74
4717
8172
3821
6379
8414
8012
7314
2271
1417
2166
7998
2509
5068
926
5404
8953
2413
3772
8802
1846
8475
6114
119
1225
6406
7226
8085
635
8027
7758
810
3435
744
3219
2216
862
7182
9938
3355
4083
547
52
5370
2744
1879
6042
5127
4066
1279
9366
8018
2173
6285
3834
794
4273
8337
5771
2834
6877
9400
2465
9986
3490
2755
6878
6772
5454
307
5992
3791
1732
4543
661
8786
9381
216
3986
1366
7885
5316
7968
7541
156
4150
9900
3577
7855
8143
2809
3676
1626
8046
9355
8255
6645
5635
8995
3191
3648
7889
258
7618
6180
1585
1996
4328
2824
6115
8843
1724
5773
4192
9917
5648
9638
4331
187
9784
8183
486
5414
4824
5865
6560
8976
9703
9047
6908
1044
4036
6728
2813
6868
6807
2681
3165
5629
3313
6166
7965
5657
6397
8293
4486
3760
408
7648
8415
7676
5292
989
2232
1672
5800
6875
5986
9699
7772
9211
8769
2279
7839
3945
106
5777
2659
8149
646
2572
1
8706
4649
9983
2910
491
5740
9663
239
2813
2358
1890
7273
3253
633
5218
7457
4870
3593
2089
4658
2054
87
3215
4813
919
8396
4782
4730
6413
3345
1070
7852
6737
3003
5426
83
7953
4548
3213
6715
1969
6036
1714
898
3714
1359
1928
2983
6157
9111
8774
8830
6285
3458
3264
2192
6326
1383
3246
7119
326
4546
278
7910
1782
2759
1925
9967
9036
2867
9439
6959
4209
4110
1776
8780
5754
652
9630
1134
8197
3843
6670
4259
1314
3862
8543
9965
8699
7888
2886
6518
7154
2685
1527
6932
1509
8914
6749
2663
224
7885
3575
5454
5824
9639
7744
2138
7983
4645
9960
4459
7425
5390
2004
1558
9290
8855
9230
7992
1386
154
8506
6548
8134
469
759
1160
7283
8879
9758
3694
2113
9877
2171
8158
6339
771
6005
8353
39
9278
9595
9744
1798
8093
524
7178
1369
4952
1571
7029
5045
6009
3086
5740
2245
9296
425
5255
2499
8946
8540
5081
4067
7041
6222
6146
9084
2070
6035
8484
3380
9003
5513
7106
567
3685
4844
6276
2627
4607
4961
9512
2771
1298
6341
6403
5909
5936
7970
3349
3914
5408
8074
4507
314
6419
179
8733
6514
9733
672
5639
2699
9871
6808
4006
6072
1162
8982
8232
2972
5598
6508
2357
5445
2392
468
9837
3257
3705
8372
2423
2939
3227
1901
3593
4842
6400
9344
5189
9111
627
8126
608
2336
4111
4171
1550
5598
5118
5454
5833
4119
5737
9480
9393
5265
6271
8414
6893
9748
9681
4212
8751
7099
4906
7816
1558
5847
4491
7721
6045
5391
6036
9330
7521
3303
7199
3350
3023
3228
5063
377
2524
682
9990
3129
9710
314
2571
2984
1367
4348
5194
9671
1267
2397
6766
5200
695
7092
4650
2368
2057
7390
3005
1487
8414
8964
5603
622
2814
5543
3320
9355
1556
9080
6423
8164
8097
2837
8609
5766
497
9635
2634
8528
2453
3141
6381
3097
9119
5303
959
8219
8989
2649
5665
8714
5244
4971
8783
5061
5805
4610
1077
568
3205
6100
5521
9819
6111
3029
1780
7707
4636
4255
5395
8803
8043
9975
6602
5463
8851
3522
7215
2220
8412
1684
644
4423
798
1504
9158
7425
1762
7393
5731
7571
4709
7987
7512
2244
7930
5711
6824
5052
4990
9522
8729
6804
2359
8889
601
6221
3062
9562
3678
4169
2444
4658
9754
7145
6937
3287
5389
2996
3695
9881
2853
4833
4741
1882
6576
9410
1320
7926
466
573
6875
4721
3746
5112
1647
1260
8110
6079
9597
7716
671
8757
8960
1783
8392
7157
6449
2979
1864
9284
2170
6685
6623
3926
2379
8731
4012
8281
6203
4831
5381
8273
3734
3040
4064
5505
1157
5830
7262
915
8124
146
1240
4308
7228
1976
8769
1135
6569
7754
3259
4036
6422
3474
5829
7861
7899
1259
7474
7693
9161
8396
1669
7981
340
7011
1160
2053
5631
7930
2092
4619
1798
1417
9707
27
6724
8888
3193
6667
5429
2766
6249
9049
7638
3115
1980
1491
761
9758
4436
3011
132
3460
4822
8005
8632
4590
4126
6438
5552
2525
8477
7292
1616
9181
5517
1692
6364
7899
5829
1148
7338
8884
887
5109
944
8300
279
9236
5783
3880
4567
1085
6930
8472
7549
1196
8967
276
9062
1818
6539
7346
1955
7769
6221
8946
529
3165
3144
4134
5576
1478
8156
1776
5353
9213
5895
3290
9882
8875
1100
9549
4574
8289
885
9822
4573
23
3189
1339
5587
1365
1942
7822
7764
1495
3457
6635
8637
3632
509
2380
5414
4495
5166
7015
6851
4678
2030
3080
3498
6189
650
5392
9119
4258
3139
42
9402
7882
7701
5430
7578
7353
5860
2228
867
4618
8321
3598
9779
6075
4237
2498
5699
5496
7861
7611
4937
5283
1179
8987
1673
5789
6565
3479
6908
9652
302
527
2185
232
939
6136
4543
6699
6537
5928
6309
8837
1713
4813
6408
657
6989
3211
7572
2920
388
1088
5582
2440
9281
8822
78
3616
6226
516
3930
8683
9692
2609
9661
8326
8268
7094
998
2448
4776
5711
5229
9773
5588
6718
4224
1911
6977
8555
2076
161
8688
7100
8487
7209
7668
3613
4170
4810
6373
525
3500
7547
7712
1381
4314
6408
2091
8629
8242
8187
967
3340
5535
3382
7151
8355
2655
8271
4221
3655
6687
4616
9292
242
9720
8986
8584
677
3219
7711
5537
9860
2632
8441
2270
2334
1972
6097
3981
2951
6841
4639
7945
7315
9183
5763
7557
4850
4200
3519
2821
4099
1201
6449
9981
2342
5845
7280
2736
5937
3596
4178
1770
62
7104
4071
3881
3584
6848
598
4726
3649
8797
1074
3410
4793
7889
8441
603
9613
9872
2329
7166
5457
1975
3631
4934
9947
6897
7326
9202
6246
6825
6040
453
6703
841
3291
5271
9968
3137
1499
9097
7511
3139
9832
5478
4418
1674
7036
4981
8873
4315
1507
2266
7479
2692
6023
8908
471
3682
7975
3969
2839
5966
564
8342
523
8711
1560
9659
4481
5003
5395
8667
5917
6734
4723
7785
2017
3134
687
8405
3178
797
6144
862
6409
6317
2765
2386
1644
8378
7073
8817
9257
1344
5707
6752
1046
6334
4546
4025
7128
4066
4995
3679
5047
5684
7961
5839
2746
5487
3239
8018
3924
4937
5108
4655
3050
8036
7892
221
5167
7709
1679
7078
9455
8258
6273
9224
1540
481
8317
2693
2872
683
9102
394
2952
9239
5548
9404
4209
6355
4231
6174
4970
5477
3220
3119
9774
1279
7505
8545
2596
369
1446
2436
1453
393
3369
3729
8217
5669
5374
611
7942
9081
5194
6543
8022
9836
8498
6004
9675
8013
4229
877
2114
259
7474
2804
3274
8369
1383
2465
2847
5929
9416
2847
104
615
9368
4768
5369
8638
9975
8711
5237
6288
1001
3203
787
2823
6158
6939
5916
2433
6563
2420
3055
1016
2532
6224
9089
4127
6284
3793
996
9080
3275
203
3635
5714
7106
6488
4743
3488
7550
6133
9849
4101
3151
1945
5365
539
1588
2533
3847
5636
2341
2775
7924
1607
2957
1929
8104
6940
1793
7798
1399
1715
4145
6877
9314
1229
9995
8398
857
4702
694
5601
5575
2011
1169
3942
6814
2446
120
2598
5680
8584
3632
8617
4903
5878
4849
2401
353
7372
6109
9988
2108
3853
176
6247
7482
2925
966
4677
4193
2718
9123
127
8834
6822
3123
1645
19
2306
5375
9907
2043
5508
9224
1566
9098
8151
2340
9614
9859
1411
6130
3678
3607
8892
4155
1054
9166
3893
6791
1746
5748
8322
5401
9219
9807
1467
9337
3235
2728
6012
220
9566
4797
1593
7489
3820
5570
2399
778
3698
1360
7606
3829
1240
7083
5810
7798
6550
5715
2761
7716
9304
6759
3935
6509
7361
2048
4972
8694
6123
7282
6464
722
7068
7930
813
8174
7476
3859
2162
9239
5747
7132
6264
2473
5320
3246
7588
9942
2419
7548
237
5983
572
716
3032
113
4701
7436
4463
175
5802
8386
2609
6807
3057
8741
2179
4132
8316
3954
2915
8912
3732
2059
1469
9940
4543
9042
7398
5053
5034
5742
9590
8860
9650
5976
5507
2219
3659
4053
9128
759
4820
8639
260
9550
1234
3458
9775
9142
4088
3632
8712
8104
3368
2434
3401
1063
2852
8444
9244
4833
3757
3676
4519
2321
6189
7951
6450
7758
7743
7775
809
6675
8860
1036
7885
8828
8641
3142
2165
7562
75
3732
5859
5699
8581
3013
769
8841
616
9249
969
8245
9601
6106
8132
2864
8257
8244
1130
6078
6286
4782
1976
6423
6470
1933
9584
4899
8019
6724
7338
3713
6474
8433
1817
9605
4078
6038
7192
3724
8434
5955
1586
1933
1451
9117
6737
7293
499
669
8671
8559
1386
6135
8552
9974
4263
997
3169
9400
4301
7984
5265
3922
6568
6043
1949
7170
5767
5692
4866
7301
7299
2183
4747
4477
7341
8440
2851
3342
3319
3261
4628
2885
9832
8558
7422
565
2931
7962
8947
2976
3425
7903
5055
7471
2250
469
6085
3294
5171
9096
9604
3127
7810
929
6408
9273
9789
544
2077
4597
5600
4471
4287
388
9117
9174
5021
5496
6029
7310
8203
3262
2341
4468
2422
1965
340
3061
1171
7934
3320
7344
6673
1943
5745
4485
4173
4902
6045
200
147
4518
82
5361
9186
2753
187
6579
5321
4803
2282
8822
2381
7750
8619
7988
8236
5855
7065
3245
1852
2932
6057
1192
8957
6745
4788
9366
829
1286
4291
9876
8426
2870
643
5021
3554
2735
8887
9257
1478
953
4301
3351
2909
3228
5033
1026
1717
4426
1709
2499
9844
4726
4234
6770
6860
9536
4816
6442
9565
4415
9345
1145
8629
8537
1284
3888
1266
6946
5894
8701
3352
9934
8122
8099
2542
229
3617
8435
371
4706
53
5097
7710
3671
2623
5157
8643
1585
969
7828
7841
2132
3245
7914
472
6643
6908
5694
3528
766
2634
691
7748
7016
9159
5247
2886
5811
6585
5658
2700
7610
2516
8548
7664
1819
2764
6418
5333
1712
4514
6279
4829
2265
3705
6140
7719
7335
9564
3660
9910
2743
3945
462
8989
5785
5317
9263
6135
6764
1187
9835
5747
5240
9392
9176
6652
1095
885
5631
8646
5376
6511
8648
9396
9938
5563
3602
4455
890
9195
2620
8225
2881
7525
9554
2344
789
8299
5671
2998
5858
6965
2827
7308
941
1594
2665
4711
9917
1646
9040
3611
5318
8549
6300
587
6275
7270
2512
5163
8944
7018
1746
9645
2993
8372
8436
9543
2770
7595
6746
4838
5563
3298
3389
2044
4528
9576
4347
2180
4691
1419
7464
4199
1366
4520
8773
1478
3713
1437
9483
3143
156
8128
6852
9822
6602
3656
1751
9856
7362
9017
6782
1053
1291
2045
4917
1430
8371
9390
2689
1257
7980
6576
3499
830
1667
2299
7112
5529
4335
2198
3734
6512
5779
2959
581
3495
9967
9751
1919
9607
857
2282
2517
2557
8580
5900
8696
7486
4186
2447
9697
2632
3308
1185
2446
2772
6738
5395
2201
2664
4000
5668
7254
649
8584
5259
6648
3341
2534
4420
1025
7374
5101
5825
5845
5915
3211
1954
10
3993
2459
7968
3694
9302
8535
8898
9604
654
471
9091
1948
3254
3146
9931
5902
7286
6416
7177
7507
420
7683
7378
3632
6571
2016
7027
8976
7227
5381
851
2461
5257
792
8996
1723
5463
5857
1544
7777
95
6533
2095
4293
72
7025
5551
1522
4635
2623
2605
2408
6976
6552
6023
8833
5585
7270
2500
3644
9360
9637
3043
5159
4948
3957
4752
3389
1503
2142
21
202
4635
9153
4445
3655
4498
9783
9939
6887
7805
1113
5882
7005
5556
8522
9654
519
5300
2757
951
1003
3535
3214
7926
9052
3422
4632
327
8905
3393
5891
5550
9090
6134
1999
7263
8744
696
817
3325
4352
9311
3825
5924
3476
1301
174
2387
535
8777
6319
1520
8274
6957
6614
9007
591
7001
8659
7998
6689
6290
9123
519
5134
1765
4962
7833
843
3101
1316
3984
50
821
9996
9488
7474
5016
1847
913
4515
6419
3944
356
3381
7499
3521
2212
3732
219
3706
4120
714
8758
6833
9685
8033
6587
4575
3008
3715
1879
8483
5888
8144
3108
7021
3378
7611
6830
3625
9190
3442
5062
5557
6999
8088
4448
129
9144
9264
7303
4211
474
1048
5921
8547
26
688
3661
4218
9687
4805
8168
7250
7633
2511
2766
4873
381
5283
5118
680
3509
3285
4567
4218
7244
3726
5470
9356
2543
8694
3922
4304
2823
6719
2294
8381
6492
8062
4333
8774
7155
5222
7173
3317
8119
2946
7146
3060
2390
7854
3290
1688
5186
2131
905
5275
7704
3661
6811
3508
5885
6539
9118
6085
7700
2851
715
1793
6269
5247
4177
1784
9447
8440
6449
4624
3638
3389
5913
193
9824
6080
9960
3902
7409
5517
6752
4331
8606
3624
5129
9135
8822
3522
6433
7767
53
6471
2018
852
9074
8312
6396
7987
3912
5904
1346
375
770
1973
2849
693
2016
1932
762
4940
8886
3721
9520
703
8291
3506
1869
3040
4879
3455
3583
5274
8045
6465
7040
7003
7728
8812
883
7548
2634
8642
3626
5919
4335
3901
501
4916
2953
5256
7060
9352
5989
5370
7838
5098
7706
5137
6314
3179
2282
3047
3082
1010
6144
1379
312
1529
153
8511
8985
1895
992
7538
7246
1531
6562
2633
7769
2898
9744
3654
2668
133
882
1365
8173
5490
1320
7863
6709
6260
3404
8093
9544
9730
2659
5971
7968
9874
4499
6822
7442
9480
719
2451
8386
6927
3197
4718
1425
1522
2920
7436
3924
9607
7329
5005
721
5448
608
6473
5603
1984
9225
1526
7100
6991
5434
6419
5450
5418
144
9269
7218
6802
6698
3515
2505
8863
2597
3871
9490
7880
9334
6972
5905
1490
7766
6887
6510
7843
1255
9755
8533
9394
3221
2565
1611
3884
6584
7928
5787
9941
9126
4206
558
8410
8133
5869
5656
2703
2702
6001
431
8890
7837
523
3751
1498
2773
2614
7289
6661
2929
1265
6258
9997
7572
9486
2183
5167
6338
9239
9559
6120
7096
3272
9289
6755
8869
9404
115
7891
4636
3479
4220
6282
3090
9069
2954
3732
1682
9614
7573
3939
8304
735
8301
3815
7979
6198
3702
4618
9563
1282
833
4133
8345
8324
9591
6434
4910
3582
7918
96
7716
4822
974
3132
265
7014
3821
2770
1937
2308
9478
2240
5483
8761
8281
1251
7020
7025
5148
7441
456
7342
7502
2066
8479
8344
8828
6523
9203
6437
9661
2792
4040
5505
8872
7654
581
7194
3013
2490
4311
5435
6065
9537
9652
2819
699
8022
8012
3409
1627
6249
1676
63
5827
4882
3037
247
1677
8114
9161
3254
5667
5521
1533
2428
3998
3114
5978
8109
8438
2479
7558
6680
5705
5866
7327
4929
3831
3074
7408
7068
7609
4086
4476
2664
4785
969
1063
6822
9133
5482
7667
3893
8774
2398
4808
5740
533
6780
7325
1811
4868
7397
3
4750
8482
9807
9714
518
4208
6860
7690
8710
4809
7387
6923
7951
6527
6315
5440
472
1408
9752
6950
726
4200
131
9195
3492
1919
8642
7170
2255
83
1361
1378
3921
6448
3907
5118
824
3564
9897
2464
8610
1279
574
2046
4231
9200
6124
9118
6786
3707
6063
8646
5229
8077
1701
8700
6361
2258
2798
6156
8775
2678
8789
6184
518
5912
1819
8601
6489
1005
4380
7444
2756
3392
2336
8792
9971
6951
8785
6340
4727
9537
6068
7541
8830
9547
8598
8189
2494
5282
5924
3856
2845
9586
8519
7
8560
7101
6138
4327
9166
2120
3385
4588
5441
655
3560
4670
1720
2313
5389
5174
5963
5014
4875
2586
4173
4340
4268
9508
7831
1537
6522
3265
6199
6075
8969
7365
8164
9635
5253
5147
4444
1553
2180
8474
124
9088
1528
3908
6171
90
8772
7752
1507
3534
5895
4151
7117
8029
4217
8995
3849
453
9473
9843
5063
2757
8209
7092
2293
7135
9136
2186
3589
8043
770
6772
2153
1896
357
941
2782
3885
1066
2750
9379
6846
269
9504
5380
3722
8275
0
4423
6145
448
444
8450
7779
1682
73
6263
3044
7662
5303
270
1867
9493
1068
1645
458
5698
2125
2438
6712
5107
1932
5117
3657
7841
7370
7092
1183
9517
5725
118
9866
3849
2317
2572
3322
7409
4649
4655
4774
3412
4375
3387
2981
2211
7320
9163
2746
4036
1961
7479
8829
2595
6230
4135
7603
5286
6921
8707
2159
4396
2608
7945
7138
9665
8365
9305
9167
2496
9638
976
3529
9702
1581
5823
749
3358
2075
9544
1932
9903
4709
5061
6961
7998
8592
6917
737
1457
1392
9171
1728
6834
7676
308
6943
8332
6926
6189
3139
4421
7062
8383
7986
391
8030
9184
8839
956
6424
5127
3365
2966
7812
2836
1559
7321
1774
4297
6374
8806
8836
8041
2196
9060
4548
4140
2885
8269
5236
9660
1469
4562
2348
6799
820
4924
3277
1873
3462
1472
7749
3357
7272
4110
8954
7016
9221
8967
9380
8298
2182
264
6552
9737
319
4391
2606
7204
7350
6841
4596
634
9663
1917
4235
7444
979
2313
3775
4917
6911
767
7173
3789
4297
2203
3037
6404
3021
7708
9014
5737
8853
8556
5488
3751
3431
5118
7501
6481
8472
5747
8257
1562
1406
8121
7705
9171
3396
7777
6792
5602
9846
9595
3051
5947
3116
1744
6430
9758
3540
6156
3272
1052
4424
5558
5490
9927
6990
4109
8357
9254
6558
7136
1152
9490
6222
9130
7417
5040
666
89
9739
5322
6991
3306
3005
924
6422
1202
9395
6280
5918
3931
6494
1895
1602
3145
4159
4285
233
6920
7386
9799
8733
9684
3157
5044
6915
5381
6062
8813
2297
4277
1324
1602
3470
9870
3614
3139
6154
8453
1184
5928
430
6093
173
8525
5207
2202
4814
861
1484
9507
4303
4313
3863
9859
4195
2021
4017
2252
5934
4400
7685
1384
4464
2447
1846
3741
6082
5717
2636
1628
8712
5552
9914
2919
5191
450
5323
6893
752
9498
4955
8211
2218
2255
418
2208
7470
2090
3659
7253
5404
3453
9363
1831
6427
3091
5212
6410
4973
6964
9313
2476
3456
9317
7060
4476
6241
7803
1507
613
380
4250
3818
9931
6558
6062
1777
4960
3595
9013
9622
6563
6732
4967
6454
4885
7216
9555
9092
2666
8323
3175
444
3241
5564
4139
5041
64
5775
7259
2706
6391
7828
6783
5580
6334
4527
8089
2585
4518
6494
6235
5286
7353
3505
3986
4626
1736
1411
2019
5058
5439
7304
7120
8049
4294
9711
8454
1525
7047
2966
5398
4589
9782
2540
9455
86
1090
2193
5925
7277
807
2906
6816
6110
1358
1985
1363
7195
8322
2842
8518
1145
4463
8896
4627
2756
8936
8301
8714
9667
5493
312
7553
6230
808
8953
6220
4412
1002
2920
3173
465
3271
9204
5656
4596
9619
1135
1677
4614
3527
9190
3874
7630
5404
6479
5092
5658
4355
7227
1099
5329
1262
2555
4912
4211
5679
4190
8619
3905
5707
2616
7661
7609
6905
1679
3254
8730
2141
8575
1396
9574
8204
8365
7306
677
108
8841
72
8662
3402
4508
9069
4785
7607
4993
6293
5127
271
8560
3120
4843
1271
5381
7826
1322
5171
624
2704
9141
5073
4149
7901
9680
6597
2099
6913
274
3538
626
5683
3149
4418
3253
1539
2311
7106
3296
4535
103
6093
6899
1903
4044
468
3267
7463
2423
9414
5994
793
8793
6434
6709
3212
9254
3318
1435
8381
6985
4658
1326
5096
641
5390
202
2563
153
3877
2714
6599
4070
4349
3530
6764
8217
2484
3607
5952
9332
4233
6866
9764
7865
6675
5811
4115
9662
9074
266
544
8525
2256
8417
4715
4616
8996
1422
8671
3770
3411
1365
1947
7048
2627
8073
6331
4038
5661
7875
1314
7749
2046
8011
486
9291
6842
3923
6057
4299
7230
8868
2479
5971
4577
8095
7745
1621
2790
7110
3260
3117
1744
7635
8278
2897
8610
5813
7471
2422
4130
9884
624
431
8201
7434
4260
9473
5211
5305
7071
3858
317
1963
8270
9791
4839
7453
5085
700
2168
1781
4175
9207
9552
7066
8237
2774
4655
5266
9070
6238
3959
9974
5967
3605
2464
5618
9808
607
6936
9993
6427
8965
772
438
6129
4693
2456
605
7267
4018
2127
4511
8202
8459
8408
4172
5379
9834
1277
4899
5403
8691
4961
5957
1394
9020
341
5736
4447
9947
8663
1751
1424
5802
9863
4743
6956
1464
8247
2612
5480
5786
8959
2682
4306
5167
9002
3871
7325
3921
4081
4221
7289
7718
1058
8990
4478
6150
5949
6512
8421
6200
602
4648
6195
2869
7322
6546
7251
5870
5352
5590
9167
4152
8172
8471
6475
7157
3548
550
5598
5743
7967
2259
1213
254
7264
7267
3462
9225
4971
4157
7190
41
6279
3726
9607
9656
800
9372
7002
1833
5087
728
1773
577
8569
8988
5305
8626
9201
2964
762
3865
8299
8650
556
3437
3454
7225
5358
7112
2676
6963
2294
4595
4337
7006
4225
2009
4398
7481
853
2493
8497
7084
8469
280
795
9965
5551
762
6477
1503
6950
6466
4760
2933
3976
4617
2864
1749
5051
6136
1083
8151
2872
2730
716
5100
4372
6683
9591
3740
1671
6496
1904
1704
4859
3825
2981
9438
9715
8593
5172
3978
6277
6046
2298
3753
1446
3972
5498
3177
3584
3180
5910
6781
2242
1489
4780
525
9844
707
7120
9257
2806
8628
2754
4750
1188
9776
3564
2289
7592
218
5147
3657
1708
4306
6519
3561
6362
5794
4624
9547
1106
7944
8759
4088
407
765
5686
4499
486
884
8573
7670
8148
8270
7562
1363
2115
9434
2964
9373
7265
4027
2980
2304
4398
9969
8865
522
4487
1449
8054
3997
2516
9136
2050
8957
7162
9923
1884
6147
2765
802
4337
4708
2774
9490
8396
9484
3885
5346
3376
5604
7604
3830
8773
1811
4895
6783
845
6736
1683
4763
2513
9989
1546
9000
957
575
6672
2308
7220
6610
9102
7169
7601
3241
7745
5428
8764
7100
7877
7308
3910
2634
6659
8207
2465
2597
5172
8112
3454
3790
3057
9917
7380
7925
249
7189
4298
8338
6158
2311
2865
834
9196
7173
6609
9257
2647
5960
8846
4518
1552
7677
1815
6980
6163
8844
1372
9788
9104
1705
4697
856
2660
8115
6931
5827
7732
4730
1757
1772
646
2063
3143
4409
1275
6115
4724
3191
3373
8017
2023
2544
1313
2279
4602
710
4632
7535
5226
9675
2024
1053
4322
6595
8258
7697
6546
7633
6192
5580
2635
2158
893
7983
8954
8889
4528
3358
1455
3960
8455
4
5338
5548
9932
2528
7425
2307
7510
302
9855
5846
3055
2336
44
5363
3933
9386
1061
9333
8896
1918
920
5135
5607
6972
1567
4056
7807
8555
5062
5759
632
6981
3834
8688
5078
8540
1232
1855
4977
5834
5536
7489
4889
9847
172
875
475
9572
4256
4482
1000
3380
9320
5937
3192
6090
4824
5960
4922
8892
6812
5681
7926
1959
5309
3663
5106
2509
7133
863
445
4442
3983
1696
9995
3349
9606
5119
894
5889
6968
5659
2189
9090
6654
7368
9556
8236
6779
3535
9047
263
5190
3154
756
2304
2582
4028
4068
8633
2458
1127
4014
1457
3794
904
9545
5678
9405
1893
5483
22
5392
2742
4034
3628
2575
6777
3678
4024
3515
8543
9930
2160
9864
1141
4229
8722
650
3645
9521
8692
3052
810
135
2082
3452
7851
789
6870
1622
5710
4838
5510
7067
1574
9180
4983
7406
4935
2892
1536
2268
2078
2102
8377
9253
4574
6223
9362
3243
8325
3197
1472
1718
6861
6846
5170
8321
8382
7029
9474
405
3456
3235
8182
5295
3919
4302
3606
2017
1095
4032
9449
4978
751
4143
3208
9618
4322
4404
8260
9679
8728
1642
3267
2077
179
8949
8437
7909
5
9677
4853
3773
5055
917
4427
4752
1588
428
7102
105
8189
1600
8166
7489
5093
8810
8848
4227
964
937
7131
2056
7402
7966
448
4933
7937
1954
4494
6173
996
5744
1619
4499
3230
386
8311
1200
8203
555
7905
6877
1500
4622
541
5534
3750
698
2070
1211
5049
4115
9629
9100
4366
29
8523
1809
3242
6439
7379
8571
5264
2
9648
6123
6882
9709
6670
6740
407
6510
5653
1071
4648
5807
3440
3659
8245
2883
4684
2447
8101
500
5420
3054
3194
426
6921
5590
6547
6569
1654
2981
8699
2696
7041
776
1662
9961
3862
8337
3324
410
3358
1492
1878
9527
5252
942
1654
1098
6104
5715
6459
481
2957
515
2929
3049
2141
1031
623
9292
2140
6414
5754
2741
8201
2271
1463
4156
2721
5530
4398
4418
2990
8783
3066
1146
2349
8698
6909
3362
6045
1402
6816
8669
7603
6317
4023
9679
5563
6970
3763
260
5145
1130
5746
1069
3917
3571
6289
9352
5188
483
2417
4155
2043
757
6919
588
4319
1331
5485
1488
144
9913
7159
4190
6692
2305
7536
9375
7991
3809
195
6789
5040
9261
7621
6757
6207
6010
9967
4850
7251
8160
9513
4056
7608
6618
5826
2785
733
6606
6540
1815
5844
787
2373
2167
7922
3620
7408
2494
9670
1760
9537
371
5862
7771
9736
5056
8821
53
7077
8159
2738
6949
6458
3805
9801
7442
6318
1421
8700
9741
5485
2412
5661
8878
4173
4156
6706
7161
5867
3039
8795
4493
1716
7986
7311
8153
6464
5507
9666
9707
3368
5153
6836
2246
9176
6463
6227
6496
1184
4964
4528
2470
2196
5730
4367
4124
2051
9904
9560
5812
2981
102
5626
7049
4558
8373
4143
3882
3327
6545
907
3998
3500
4365
1166
4952
1255
5089
3897
5816
715
585
3469
3339
8661
557
8143
2033
2333
4153
2663
7545
5699
1288
5912
9179
6851
8994
650
2609
7211
7359
9923
2787
3220
54
5876
6574
379
2951
6911
4384
1140
2258
2759
3666
7076
1186
9408
4930
4461
2313
2949
5692
9959
7928
5448
8469
8553
5243
8659
5044
5094
5424
7934
3438
2516
354
1530
7484
1705
3862
5114
794
5838
9313
5313
6622
9269
2228
6326
2147
7287
8357
708
7746
9718
4171
4766
7004
1985
6582
6976
4230
2326
4936
4208
7346
497
1364
5187
2598
8803
8930
1212
4827
5502
123
3200
4803
6572
4423
5413
9224
8944
6049
4729
861
2692
564
1310
9716
1137
2341
9747
7740
1309
4444
8622
6259
5711
4559
8165
5744
9662
3437
9004
4326
2967
21
9064
9862
6430
7728
450
6868
9419
9809
1655
9411
2885
3272
2813
9776
2765
797
5456
6616
5265
8207
9931
6695
2785
3801
3394
6862
3086
8381
3579
1920
6046
5153
6253
4393
4989
9987
6384
6220
1309
5145
6932
1127
9966
6025
8030
2165
2888
4146
1069
1952
389
3110
7803
1440
1804
9300
6351
7893
3672
1062
2639
3533
6791
1396
1618
1298
4542
3010
2371
6707
1386
6957
6450
8941
3537
6766
6789
3334
2391
6872
5980
1606
508
2004
1506
9155
355
9302
991
9735
6366
3163
5322
5664
5237
8386
1484
6212
2357
4116
496
894
3173
2945
6006
6825
4259
6200
5767
3512
5309
2723
4770
9280
2844
8957
2357
1059
1019
9665
1016
2362
2309
6128
8499
8110
396
4142
287
1187
9078
7770
6586
1233
3858
168
7940
4976
4457
3629
9799
9823
1631
7783
8819
81
728
934
1879
181
5175
346
2620
593
2370
3898
443
6523
6673
1038
623
499
4742
2826
5637
8271
6806
7784
4640
5348
981
2929
9865
3679
5488
4039
6723
8318
4852
3266
6428
1469
8604
1413
1632
9376
1143
2124
3048
9338
5768
6949
4895
4872
711
4328
4869
1581
7589
1044
6397
8427
1212
5927
1201
9115
3397
4329
3573
9209
3108
6022
3065
8927
7053
7030
6600
8380
5946
6507
6829
1840
2932
1398
2277
1607
3822
6310
7743
511
9954
9583
848
5752
8611
275
2548
3512
7889
3439
9039
6343
6379
517
8241
9022
8191
9793
9095
5143
2493
7610
4334
7424
9786
3239
659
2178
1040
9307
6422
6585
8274
1694
1229
5439
1404
8490
7413
2905
3769
4111
8899
3181
8335
5907
4904
1246
4342
1274
9026
6727
166
7629
2960
8576
4189
618
6750
6559
1727
9656
7214
1262
5208
8165
1624
1700
1645
7839
9176
5219
8129
9195
2549
2878
6579
7685
6194
2117
788
2916
1630
8846
8679
7161
3206
5170
6546
8836
8458
5137
4896
3523
6092
4402
4088
4937
1972
2891
8473
4918
3617
7018
3804
600
6795
8638
8747
9902
1076
9973
8384
3013
4188
4578
5030
6625
9172
602
588
3193
6234
876
5144
7312
9075
6331
2056
4380
5607
5193
5267
2148
4469
5601
6590
8858
9255
7793
1851
3763
5745
1459
8204
9695
3363
8662
9141
5114
2734
1597
6000
6078
6835
5556
6137
898
3639
5067
489
1746
2771
8593
3713
8012
1799
29
492
421
6990
1819
87
7367
8733
562
509
8936
7782
3134
7210
7415
2537
2319
7281
1877
9561
4366
2921
7389
2156
4454
6322
4833
5852
8502
5525
5443
7884
9250
2138
5581
5812
4801
5891
3582
5437
279
5622
4098
296
5983
7272
3868
6792
1092
9044
6002
6800
9980
6234
5573
3783
2050
7813
572
3304
494
21
4076
6982
4691
6875
8710
1165
1222
3235
6237
3636
9542
1947
3202
9150
3707
9762
5822
5359
3311
9436
2683
6108
5124
4706
8896
8251
4257
390
4839
7978
8908
5828
1596
9771
5365
3092
8996
6861
9629
7691
8215
198
3714
3201
5852
3404
1496
5710
5680
8467
5205
8926
6051
2944
5433
2836
3599
6348
6631
9658
8373
9685
9525
4790
5174
5326
8380
1992
923
8215
9276
5087
9633
7959
1168
3596
5300
1733
2841
2751
9719
8231
5545
4637
8925
481
8095
3075
4216
5007
7786
2580
380
1102
1515
3534
8478
468
7372
4523
3358
2096
742
8820
5214
4604
7204
479
990
6431
6642
3241
4678
1407
7265
7214
2319
8179
7146
2885
8222
2727
8588
5961
6350
6264
5220
1010
5129
1248
2696
7411
9203
9484
4128
8460
9859
9960
8513
8575
5294
8076
9287
3839
9009
8591
2559
8773
3451
2842
894
349
9926
6904
3889
8381
5584
3225
3922
3685
8538
3686
3316
3761
9308
9662
9340
2428
8946
1647
396
7087
5320
4465
4220
1783
477
7356
6007
2437
5431
1273
5184
302
7043
3254
8735
4147
5510
8355
6731
1995
7382
3690
2085
1708
9534
7612
431
3848
6834
4549
1944
9348
7151
1153
8246
740
3950
3721
9422
5666
1797
4470
2306
782
2985
5382
744
2463
5701
7643
3698
120
7456
6481
4607
453
4781
7752
9198
3173
4548
7823
8315
8033
8681
5314
6263
5242
6486
7434
3768
6113
26
9763
346
7280
4541
1851
1440
9430
6927
3157
6636
5120
7276
1421
4326
1523
3581
8999
7420
9397
3919
192
6631
7515
5816
4854
981
1869
9787
4771
9160
6678
2602
3557
8171
3672
6083
5289
5644
9036
9912
2037
6635
2919
9247
5
9181
248
2242
2524
2957
6285
8196
77
8848
9894
2818
8146
1875
2785
1825
2441
6532
2276
9753
9311
857
5546
8349
6164
752
4148
9126
9710
6468
2017
1740
1130
5561
8808
496
5421
3413
6242
8169
7656
8251
2756
7769
4426
2773
7786
6779
2527
2781
6624
5291
5303
4408
8314
7409
481
6656
5683
732
6582
4156
4866
4984
5762
9230
6680
2235
5180
9321
1078
6529
5415
5740
620
6642
2098
6928
3164
8621
2314
3946
8029
8580
3855
7261
7723
6307
5795
9327
9884
7469
4351
6006
6030
9750
4544
8959
9115
3159
5614
1115
302
2449
9677
2327
800
6273
5949
3414
1915
300
5020
8333
6144
3255
8588
7434
1635
5126
7503
5042
9188
2287
3101
6230
6249
2426
5480
8081
8438
4327
8055
6577
5487
2396
623
5199
3908
4986
6736
7372
3467
2107
8251
6603
3132
3018
433
2821
6773
1854
5207
6380
2270
9716
4374
7920
5991
4777
4703
3336
7965
49
3179
3006
9451
343
4240
4457
4189
9297
5087
6983
3808
1870
8762
7351
9446
5119
7076
2657
4981
3552
305
7923
3903
3298
2300
2360
5852
8326
8247
9751
1315
2487
2573
1622
2344
8805
9108
712
1775
2042
8846
7114
9727
