93
485
167
218
92
243
332
214
407
410
168
301
4
126
268
311
71
335
141
103
202
485
37
82
280
121
302
488
394
60
60
369
278
417
464
395
14
28
161
189
10
114
78
225
482
377
467
480
170
224
14
398
135
373
466
329
211
235
88
426
118
314
448
415
97
121
135
272
3
459
327
153
435
75
168
490
312
111
434
398
173
485
76
215
446
71
421
198
411
396
98
375
316
356
420
187
333
394
368
254
257
242
44
305
203
26
44
16
92
266
399
318
44
203
261
453
423
405
247
50
288
449
77
234
282
442
79
187
52
460
50
70
351
363
367
253
277
314
71
74
369
179
154
486
30
380
394
58
283
157
487
135
421
378
49
161
268
352
498
262
283
58
231
95
85
232
53
193
103
292
313
110
260
19
438
357
140
124
399
188
176
49
333
135
55
298
490
102
320
498
244
384
389
0
269
124
139
151
396
258
219
35
26
94
99
76
19
492
294
23
136
327
368
339
126
34
286
397
344
262
419
392
145
385
224
131
209
116
290
491
44
339
449
108
74
131
323
368
109
165
123
423
440
153
86
289
113
474
66
388
491
412
70
410
210
38
388
439
307
0
232
167
368
468
114
102
393
448
313
18
86
467
20
207
49
40
430
98
22
345
366
387
487
226
376
268
22
22
135
15
259
192
115
189
184
266
222
222
47
398
0
485
267
294
149
185
189
390
273
222
246
379
214
65
455
378
205
442
90
274
243
336
345
419
30
492
460
260
425
200
459
474
180
115
298
254
317
161
334
329
213
388
225
202
224
27
497
417
317
484
133
164
224
481
125
79
157
408
285
402
306
347
499
406
221
307
326
448
89
324
286
437
64
362
461
92
306
456
487
215
320
450
100
26
327
267
87
318
36
69
83
236
454
51
441
318
139
192
304
263
425
334
23
56
56
407
73
84
120
45
319
204
370
337
457
452
332
485
219
81
471
182
161
243
324
93
322
260
295
324
67
360
392
298
15
352
59
127
226
378
416
433
15
195
420
291
27
28
443
148
69
63
415
209
323
426
21
17
283
102
344
386
499
297
483
444
215
438
128
378
354
307
304
485
176
465
433
353
311
464
211
115
376
482
150
57
222
301
369
322
354
97
69
66
365
224
130
293
263
338
