88
114
188
98
159
101
130
69
84
174
95
103
181
76
56
76
104
152
165
159
92
8
184
13
21
58
1
2
107
118
171
13
0
180
63
62
100
84
179
17
55
148
190
154
146
28
178
71
154
173
111
53
50
16
40
27
180
132
28
3
91
183
28
119
152
93
60
136
88
190
87
177
54
18
43
162
106
168
118
144
101
188
84
114
24
102
134
15
152
103
49
163
40
95
24
177
84
74
102
1
53
129
92
170
61
148
75
51
145
61
175
164
142
64
137
74
177
174
143
175
39
89
177
191
166
90
27
174
14
86
194
168
64
167
101
9
49
87
82
74
194
191
185
85
184
125
113
24
139
4
165
5
149
37
155
130
25
44
49
68
93
101
148
119
189
85
150
16
77
37
11
195
163
129
113
152
7
63
49
152
64
99
46
126
101
152
57
129
100
64
182
22
10
156
71
146
8
15
187
36
