5107
7149
4563
2939
5349
3293
2635
2866
1820
7358
1775
3005
7660
4774
4521
7544
2734
6088
2552
3609
4741
4474
4871
3202
140
274
492
4087
2333
2409
2042
425
832
3585
6787
7089
1071
6787
6381
1624
6915
6817
2543
5139
1340
5850
4777
396
4977
7900
6110
155
2642
6211
3791
1236
1687
7935
308
3001
968
3540
4313
6864
6759
2044
4308
3984
4605
5223
5663
6197
6528
1698
3542
5235
4318
2517
206
6790
5352
2599
7567
808
7966
6588
1712
476
5395
6110
4366
6568
3709
5753
3240
6239
3867
320
3290
1436
4803
1838
7860
3275
7943
6631
3191
6561
6403
1085
6955
4332
3142
7374
2336
132
1051
7498
5247
609
5811
6546
7499
4551
4656
1084
4346
2332
4432
179
42
3546
2164
4795
834
3359
1548
4755
4134
3425
4322
2227
3030
7616
2623
3125
5092
7156
1789
4240
16
3941
5931
4159
5185
474
2838
1728
674
2953
6458
1720
6807
12
4229
6963
3291
7605
3972
4682
888
5496
7021
1630
5665
4807
1799
2496
6127
2683
4410
2611
4278
6317
2287
265
6980
3429
7267
1641
7478
1130
5646
2418
1014
312
7146
5882
7316
976
6754
2416
7872
1961
7640
3423
3426
6660
4179
3859
7254
4957
2756
7894
1287
2301
5299
3347
1959
4397
5195
3868
6664
133
5310
7623
6170
2658
3478
6067
65
1973
2714
5352
2834
3000
1689
4381
3819
61
2709
1299
4140
2207
847
4766
2070
5145
6828
4803
2814
2677
6913
2109
6253
6620
4672
5018
4567
524
1726
323
1847
6057
7264
6296
6787
5098
802
3257
5393
116
515
546
1606
1668
6160
2286
7158
3717
1100
1276
1374
5185
6457
6127
4409
2676
7558
3599
2690
4092
2901
7629
6791
4013
6824
3555
4263
3778
2727
1370
872
3950
3088
3621
3831
3600
3963
2859
7933
4228
4617
2210
6298
7381
7209
2583
4480
4689
5830
970
431
7478
4113
6389
7432
7432
4774
237
6673
7364
1117
546
6084
7406
6576
6017
4692
3783
836
4152
2557
4443
7062
5273
5254
1782
7747
3224
2390
6519
51
2798
6896
764
6500
5792
5517
2877
3919
90
5525
4277
4728
2549
4153
1914
6231
3992
304
4654
1246
3706
6347
5390
1319
4549
6455
5031
4604
278
6671
4329
6402
7777
1436
7828
5122
1458
3562
2703
4373
3598
3911
7703
7596
3064
4187
4500
1658
7823
3231
5512
6846
853
2619
4384
496
1290
320
5741
455
7671
6975
4076
485
2374
7364
5313
5664
2382
4274
7043
7022
749
444
3696
5804
1486
5118
7617
3403
4235
2422
7129
4696
6956
4322
7319
4518
6732
2614
6538
729
3548
7930
6532
7506
1217
3390
7751
1330
4761
7675
2909
2509
7579
2760
7108
6637
3996
6389
5765
4224
4654
3400
4133
3039
2275
3793
6965
2555
6191
6764
1348
358
1004
5587
4021
6971
4918
4445
6891
1964
2870
3479
3040
870
7037
7230
5781
2915
2438
4502
36
5579
414
1129
4977
1416
7967
6367
2431
1253
2967
5431
7711
1313
1032
6752
4226
2838
1993
5622
944
2305
2826
7900
2001
7278
2101
3186
7401
2177
2351
3699
3105
2338
6141
2542
2496
3270
6468
6687
3449
6807
6249
1130
2909
1920
7575
2547
4657
3350
5406
7516
5914
5414
7160
412
5429
663
2856
7352
2243
2940
700
4513
3329
2105
2673
5739
1238
5710
1845
5925
2406
7877
4231
3289
4804
3892
1147
737
1348
5616
25
7268
4845
398
1701
3052
1934
6807
890
2789
3176
6151
3344
565
6344
5954
2396
2738
6904
7188
1942
772
395
6371
4182
4825
5399
7988
7256
4414
7872
4822
3999
4769
2094
494
7733
7328
992
1952
3407
3341
2970
7128
1615
5697
7994
4722
1764
2073
2089
3852
3789
6162
6636
3173
3834
4797
5466
6898
2003
4383
1064
1597
6226
3751
6112
506
6923
5196
1009
1832
5132
1411
159
3872
991
3482
4187
2110
2348
1524
3437
4521
3963
3873
4749
3264
1368
3417
4626
6754
5519
4246
4930
3546
5271
6859
7368
5542
3659
5764
4547
7330
3347
2075
5498
1750
3809
7060
6318
7705
4247
3286
3912
5408
3655
6279
2994
4390
7314
7362
2114
6010
3889
503
208
5152
3666
4896
1128
5925
5914
1116
1499
6851
5193
5226
2032
5612
1852
4291
1016
2806
1803
1043
1663
740
82
2454
5470
7117
2701
1676
6894
2796
7261
2520
6359
1987
1191
7355
2566
4588
6812
1639
2365
6973
3155
2755
3524
6615
849
7355
4413
7948
2603
5120
4821
3370
3779
4835
343
4072
5230
6921
2458
6956
5494
7500
4379
1399
3067
7471
1189
6638
2484
5755
7468
7814
5395
5178
5562
6154
7559
847
3201
6028
2907
240
79
3878
5307
5058
1503
6699
2391
3984
2507
7152
2592
1575
159
5744
1712
912
3594
4576
4166
6570
4398
1616
878
7780
7254
5306
5824
4437
3975
5035
7551
3256
6255
1419
4065
2823
3130
1675
2286
5874
2948
41
3969
6716
553
2211
7659
5939
7543
758
3639
458
1861
6865
6153
3604
1245
5851
1440
4255
2900
5086
4026
6187
1403
14
3351
7942
174
3642
4181
5317
4553
5134
1658
3297
7867
130
3089
6251
498
5731
3371
7149
6582
4220
2566
7135
3858
3873
5772
6019
364
6807
690
6045
7734
4579
5633
1170
7485
3630
1842
3805
2527
3473
7793
2472
6362
1475
7684
717
7103
1820
6021
5992
7557
1861
4683
7192
7673
2111
6759
5011
7955
524
6794
803
7845
4157
1732
1281
3692
1305
487
4428
5769
935
5898
1382
5641
6361
2537
7212
7712
1301
6634
2191
5941
5473
891
3092
1175
5482
86
7204
781
3248
998
3088
3466
5842
2436
3046
5631
6321
858
1833
2251
7364
2088
7599
1230
4216
7781
860
6363
4865
2429
1206
4875
578
1913
4966
942
6165
4925
5002
2461
1527
6058
953
811
723
2852
3924
5370
3625
7981
7941
3369
4315
2928
5911
6507
1364
4378
3442
947
5397
6819
4081
2955
4574
4459
6882
3396
7989
767
2713
7112
2582
7290
3441
5387
1463
6024
7073
6752
3382
7750
2806
3112
4641
5765
1650
4069
34
1774
4737
6829
3205
191
2580
3513
5352
6067
2589
3549
5438
7552
3237
3538
1407
4858
4045
111
3184
7509
1887
2999
4746
1608
7824
3979
1034
2444
2836
1856
5204
5571
6686
6667
5508
2806
7603
3545
1619
1207
6762
5307
419
5349
6594
5695
5928
2894
607
5594
7410
2991
2275
3585
7899
4694
6885
1238
2761
425
5905
2943
3808
2367
1244
2515
7623
5867
2466
3630
7574
1754
413
5028
3545
7442
1668
786
5891
90
2302
4432
2611
1913
2817
898
3099
4694
1548
5582
4307
3518
1917
2216
5305
389
7055
2696
1922
4355
756
3966
6562
2240
3211
732
7764
3690
7678
4689
6982
2178
2683
4501
6373
2968
5709
512
3776
6251
1558
5302
2203
7218
4459
3645
5907
4216
2060
1199
2024
3682
3647
6090
4396
5964
5960
5861
1671
6226
7686
766
7972
1067
6188
4718
5372
7023
5723
7357
4157
3385
7385
6034
4822
7271
7089
2691
5346
6014
4327
4683
6062
6699
1301
2265
7657
2340
4582
3653
6823
6957
5358
4253
3794
4919
3173
158
4141
4834
2879
575
2822
3363
2345
5670
1656
6273
1057
5182
2714
506
1522
6688
7048
2754
6219
6894
3404
747
6139
6399
7912
6816
3532
6388
4482
1355
3449
3881
7980
1623
1613
263
6096
1039
5209
1783
6261
5861
7633
7793
1072
6095
6147
3122
5737
5580
1973
1356
5064
4101
7067
2135
7997
6350
4274
4101
4266
5835
252
1172
7149
7600
5656
1500
5581
992
4989
4808
5632
7735
4947
4769
1366
1379
1518
710
6
3821
2215
184
6548
5974
5913
1298
2715
6876
1205
6166
4412
6108
2115
5538
6371
7953
3638
7425
2611
1082
7146
7261
7246
6170
956
1298
3714
3929
4806
2591
595
5320
6389
5942
4065
1794
7817
1971
3190
3565
3561
4201
814
7840
2465
7959
6915
6431
761
7481
5300
4993
2099
955
1938
5363
4000
1608
103
1749
479
5249
3971
2178
6067
1802
292
7597
7744
7806
2049
5094
7458
130
5555
3132
4074
2359
4929
6845
7670
969
3462
6873
7852
4133
2689
4965
6995
5831
7161
1723
910
3057
2251
7678
6325
4471
6482
4027
3793
2423
1073
2283
6068
6503
639
2453
5107
1735
464
5008
5506
1973
2588
2982
2346
1183
1359
5396
2281
2642
6828
2607
1510
5553
7775
224
7055
7874
4317
7184
4561
4835
6778
1183
179
7962
7815
3341
3792
1930
7589
3643
7919
3136
171
4492
512
749
6511
3814
822
2671
2613
661
443
7879
4978
6798
20
3183
5371
5904
7059
5701
335
7270
1075
6176
6909
2761
1747
4292
1651
2083
6802
112
2149
2223
2691
6420
5654
6332
7693
3807
1990
4304
738
55
3385
1641
7130
7490
4895
351
555
6369
1189
4325
6151
7677
6615
6702
4755
4217
7984
3052
1919
3911
1920
4083
2822
3927
3512
5373
7812
5865
1685
6342
5103
7299
1191
3544
5171
2943
4029
7393
5806
7228
2543
2880
4037
5749
264
4830
4897
2222
1998
6009
4490
6282
7726
7484
1758
4922
713
1610
5485
7376
2261
5338
7732
6257
1969
5756
117
3817
6474
5178
6319
4953
1955
1242
4671
1227
3332
3455
5779
2662
3073
2287
6791
637
6245
6703
5406
2689
1916
7882
2782
6679
2426
7025
1288
965
6667
1916
2354
2757
7800
2958
67
5180
6386
7383
779
4164
4415
4724
5244
3813
5246
1713
2057
3299
6552
4398
1882
3121
4485
5215
1257
3267
6648
5101
6972
2369
3561
3194
7487
7895
765
706
3005
6441
2835
924
3835
1124
5933
2592
5873
3120
7225
99
294
66
4411
5598
4199
4109
474
109
739
6360
2948
3827
614
2539
4670
1562
7600
6435
4555
4216
4913
7397
6008
7757
4708
3567
5122
5737
5445
394
2021
5866
4144
6620
2819
5731
4312
3033
3501
537
1696
2330
4944
6247
4441
70
1535
65
793
5932
856
2581
5044
7795
1110
4877
922
5161
883
4657
4365
6775
504
6698
3965
6965
7458
6882
6465
1114
1778
838
4788
4172
2322
4909
2026
406
6879
5074
4942
4280
3735
1981
3866
2391
1312
7617
5297
2773
4083
2654
4700
5755
1507
1926
3551
4883
1358
5629
4727
467
31
153
3763
6771
6013
2921
3628
1376
1747
4850
675
3977
2941
789
6837
470
4108
7564
1213
3448
7606
5587
646
7259
2333
4003
5291
1529
570
3929
7822
6728
4838
7990
5297
1043
389
448
3188
807
2639
325
1515
5923
5244
7807
987
2675
5643
6995
658
4118
5616
2100
608
5082
984
5476
1397
1706
2586
4763
3672
958
187
1216
1602
4208
6174
596
3477
6767
2950
1006
6652
1740
3082
7713
6944
2034
5460
6585
195
1779
213
740
4477
7741
2313
686
7377
6507
1890
5285
428
1591
2324
4763
4793
3662
3068
6986
7011
6716
3821
4882
1576
902
2073
797
2583
2647
3801
3747
1254
3922
6489
1673
2162
6086
3683
6501
7123
2751
2950
1693
7195
2617
3747
941
4140
2032
3795
2822
5491
4691
7992
724
5829
279
1823
5336
7892
2919
3215
3892
3853
5432
1201
6918
146
7867
3355
4011
6351
3500
7419
1829
4667
4616
1564
6103
5549
2651
5400
237
5336
1399
4251
2520
4133
3200
3023
4023
876
4453
5545
6801
4302
1513
80
6719
4593
3167
1445
2791
2713
4532
755
7139
6752
6374
884
4991
5586
3987
1022
7841
935
108
3465
7364
989
4104
1245
4188
3250
3733
156
2846
3515
4009
297
920
4004
7031
7028
7291
4741
2268
3300
1913
3740
5849
3615
6665
3949
604
2681
904
2227
7927
4982
6521
6785
3058
7742
5869
6714
4987
7196
1150
4009
4348
5554
693
7486
6725
6397
6155
1574
7528
4545
6925
3782
3108
2769
7384
5907
3193
3133
7620
4816
3227
4376
4446
6885
3393
228
1421
4313
5724
797
7957
2092
6117
5983
1978
7508
5135
756
6844
466
5084
3838
2945
6703
140
4541
3345
1304
5615
3326
123
2771
3740
4257
1300
4829
6394
4677
1567
1186
4987
5906
7752
7448
1321
6434
4107
2745
4440
1548
4594
2587
7996
527
2427
2029
2067
1176
3991
7632
7362
5744
1231
80
7166
325
5442
1213
5217
6740
521
7594
5917
1519
6011
1921
5324
5808
844
2817
7333
3450
6096
1686
7627
4072
5406
1940
7935
1494
5775
7695
6198
2888
294
3609
454
1658
7881
2329
7738
4292
4718
1092
4804
3434
5521
5563
2770
3134
2017
2177
5113
882
2683
6807
5966
3006
6285
1590
5716
4202
5085
2025
2703
1401
2658
1540
1463
1650
6352
6020
1224
1036
3569
6981
7158
5749
1391
474
2430
1151
2158
717
3672
6183
5654
1971
1865
2564
3310
5674
2772
1225
2084
3313
4048
1334
6697
613
3541
4833
57
3284
7824
2845
2296
6144
7670
6596
5752
2034
1493
5351
5847
1399
5766
5070
6277
6396
7935
2222
4324
7169
3141
2406
4552
3005
1790
7541
1757
719
7077
7421
6376
155
4694
3308
1126
6217
6729
3917
6672
2262
3483
6058
896
6741
8
2587
3822
262
5366
7088
6995
5265
4138
5046
6510
2016
1373
6890
4964
2774
1961
4536
7682
2991
3294
1070
1759
1205
6002
4866
4765
3996
5396
3836
5646
187
5665
1857
370
1383
3632
7550
2846
3246
4616
6701
3321
5741
113
7623
2593
7950
551
2118
7851
7202
6507
3414
1606
2071
2805
3159
4480
3542
1284
2065
7267
4220
6421
5813
1912
7282
6706
4300
3755
3307
1249
6463
6990
6009
3838
5953
56
3469
6371
3165
5958
3977
579
6487
5761
1668
2134
5698
6624
4377
1518
4254
7844
1260
7593
2539
3617
4539
7231
4686
5085
3100
5883
7263
7697
5208
1415
5261
460
932
607
5103
6263
2104
7208
7400
2163
399
2650
53
2847
633
3223
7574
2037
224
7008
5590
7636
3669
1309
313
6808
982
3737
5954
7653
1823
3473
3358
963
873
3873
7280
1251
131
2719
6266
256
2572
5507
1252
1953
907
3907
428
7227
7403
5694
3819
5427
2902
7950
5504
6208
3564
5248
3355
367
1440
4064
3176
3456
6063
7533
1813
1902
4926
4907
706
12
784
7256
1541
7947
4449
1910
7894
664
4193
2823
6174
482
7504
3031
2775
6457
5746
6195
2783
5522
3760
1335
4703
807
6347
7813
7378
7611
5629
3666
2293
571
3694
6170
5194
128
7567
5940
3080
4273
2071
4224
3170
1606
1880
1084
818
295
4221
630
6658
7858
2722
4572
2807
3676
6224
431
7771
47
5652
5526
1925
3249
6074
5007
3495
5989
2283
6592
5044
6571
6304
2092
5228
6338
1922
769
325
3822
3104
1037
4663
2485
6156
5649
4901
771
7379
4590
2467
4653
6422
3388
7976
1682
7305
3194
6289
1566
2376
2847
7247
3304
3153
3919
3567
7867
7906
1833
7365
3634
2928
5885
1268
1020
5377
4379
6491
3904
2535
902
7839
5146
7769
2760
1361
2114
2607
5791
764
1422
634
6549
6670
974
6269
6381
3488
1749
5516
1273
2852
4887
7168
1225
7978
5934
3604
1342
3983
7671
5088
7036
3074
601
5103
2941
3380
4581
1087
6595
7388
793
5716
6566
4388
2239
6585
3275
7859
4467
2004
1461
3800
5057
1189
629
6608
1708
2907
6013
2548
3340
659
1171
7810
2831
3246
4257
2374
5408
1805
1192
4964
7588
3051
341
3077
1633
6936
6636
3228
6841
2830
2529
5716
4757
6962
710
6680
5853
1384
3549
5118
6307
7699
1999
7056
5407
104
1398
7609
2261
7598
5333
4489
4563
2644
4903
4197
5974
2990
1684
142
7180
6030
5184
3852
117
6203
5438
1142
4387
4881
995
929
6112
2740
7476
4195
4974
5234
4353
3523
5097
4341
1483
2943
4169
6433
2784
2808
388
3856
2824
446
4688
6823
152
884
6470
5397
4515
1632
226
808
144
593
6375
6219
7303
1965
6559
6496
6149
7062
960
6070
7056
249
3691
3047
7748
5363
5965
4881
3595
1951
6248
303
5675
7680
3948
2771
2553
520
639
4738
6059
3779
6236
2476
7435
7523
7767
1926
5832
2216
6911
6150
7527
6508
7772
3514
2966
6664
5847
4358
2849
806
889
248
5886
37
7436
1865
770
4386
7005
5939
6006
7658
6179
2089
7749
4088
4026
1720
2956
5292
7624
5816
6868
523
7808
4718
412
4269
3781
2306
7822
2055
4454
1431
6420
3669
6920
4108
6084
164
6945
5199
55
1017
7840
5337
2551
7714
4715
3786
4374
5847
2304
1121
4764
7307
3325
6167
4696
405
7803
1049
3671
4598
404
5345
3123
2822
5125
2928
1666
704
47
4650
6320
5734
5368
4685
5543
3346
5646
1039
7722
7899
6028
788
2305
992
4213
4745
1423
4276
156
6688
127
4582
4134
2472
6237
1963
2024
6279
3713
1130
4074
5655
4581
6372
1357
7707
7512
4607
5128
6877
5900
4910
3342
5285
6473
1790
2252
7832
7044
5886
7630
4010
7691
2252
4481
4929
5335
376
979
488
6148
6744
7607
5868
2076
680
4932
87
1295
155
5437
4614
3071
6338
1707
3049
3576
3992
4199
4759
7933
5544
4724
7948
2109
2523
4616
5056
7973
7970
4587
4836
4367
7932
6329
3643
5655
676
6274
339
7118
3995
2000
4512
5192
909
3784
4979
2640
2850
2153
4636
380
996
5938
3417
6747
776
6496
6969
10
923
277
7953
6566
7818
4692
4570
4251
4174
361
4518
3803
7794
7270
3133
1003
7810
3911
6680
2711
1554
1143
3449
1094
1192
7596
2405
7016
2503
2925
2303
3788
7129
1011
4483
7629
1272
2413
1115
2988
4889
94
7905
5050
5141
1378
7218
4012
6357
142
4971
6097
3674
4340
6595
6623
615
6790
261
7977
5451
3410
4904
5613
654
1515
7180
7433
4408
680
5332
78
4856
7110
4826
5933
6392
1001
3539
590
4539
1407
961
4928
2415
3845
3983
5642
597
1508
7244
6944
7049
4339
3015
626
5296
7840
3779
414
4990
7208
7383
69
4514
3971
37
1082
5582
6302
2804
4951
3558
2944
7277
6506
6852
7694
5615
5453
5670
6826
7503
4691
437
7541
2287
2398
7858
6453
1273
2254
1087
1362
1017
340
5192
4283
6805
7524
1932
7270
6953
3401
780
1204
451
2066
1934
6194
1400
7338
78
2044
7073
4933
130
4220
6645
1783
6281
3024
7684
7135
4271
3402
974
320
3039
6544
5054
2864
2470
4708
2502
2665
671
7614
3928
7036
6401
1429
1918
7206
6977
3774
7318
3003
6885
5035
5038
1087
1383
4372
5240
6804
2370
3570
42
5581
7132
40
6900
7200
655
3453
5279
3834
981
2884
6463
3309
1168
7389
2452
7429
6964
1492
3971
5048
658
38
7788
4795
2753
7524
6440
7857
7467
1905
4640
5950
5937
933
717
3066
4604
4948
7559
3906
5026
2857
5260
2408
3760
4075
3408
1738
4122
3874
3963
2880
188
6867
2500
6319
2124
6886
5672
1786
7455
7401
7942
3225
6100
5933
5658
5698
481
3342
3540
1667
6264
7504
7444
7857
4373
6373
4229
3322
1511
7244
7635
4887
2904
787
1674
2590
3963
2749
5580
2996
5777
3902
1391
3936
632
163
4593
6394
1137
7758
5208
1282
7820
5471
5803
909
2226
2415
6982
2201
6415
2678
1310
2
3802
3596
6226
6094
7426
6733
5929
7586
7543
7125
4462
2200
7185
6250
4197
7144
3105
569
2665
4099
4755
2105
739
6526
4604
236
873
171
6790
7940
433
3140
3125
482
4720
385
7765
1273
4755
1289
1602
1681
5785
1860
916
1384
1931
1039
6949
307
729
3465
7040
1154
3795
2506
6183
4993
2176
1844
3713
7002
4126
3233
5726
2680
1207
7996
40
7463
2589
5100
3817
2071
6594
938
4595
2880
5238
3379
4080
2463
7997
3289
2950
2078
3852
1781
5286
4817
1568
4663
4082
6877
1724
30
4745
1395
6909
1474
2864
6458
6747
3726
5342
1675
3326
4556
1444
5014
442
6681
3063
3041
3241
1015
795
5489
3492
6337
302
2177
4190
6201
3087
4143
2844
3710
5801
3510
2133
921
1056
6294
5154
5366
2582
3472
1249
175
5082
717
3756
1540
7790
3999
2609
7527
3763
5855
7918
6324
5747
2932
140
7486
1291
7733
6612
2693
563
5030
6866
2307
3371
2399
7173
3237
2628
5707
7935
4119
1033
2187
3168
3768
4552
1210
1705
877
5120
3980
6975
3345
360
2191
6655
3018
6874
2708
1016
5431
6362
7847
3849
773
7623
7033
3032
3873
6365
223
364
1480
3813
4467
7720
3962
5818
5720
933
7884
5816
7452
7850
7901
6850
7862
1675
4001
6512
1454
219
5337
4116
1884
4303
5987
4519
5960
7792
7149
5653
7857
1276
5189
1570
7721
6618
1228
7479
1181
6073
5322
6669
1459
7812
6299
1205
1356
6595
6726
7873
7656
3793
5230
6419
5033
2742
4961
3712
5104
2720
7309
3232
2148
4803
1171
3380
4113
2442
6644
6580
7980
5304
4265
7669
4981
5984
5007
116
4341
3133
766
4866
2855
3311
6202
651
1651
7379
5634
3396
2901
5565
1862
3761
2588
6997
3382
2192
1743
523
2038
2277
3434
2872
4269
99
4998
2450
957
2804
1238
3724
77
869
3661
1672
4481
4017
4958
314
4619
6825
6299
1306
2395
764
7231
4933
1970
7145
3655
6321
4628
1278
2682
3659
5532
3531
3722
751
6569
7528
1875
6147
3446
4000
2624
7217
2952
1721
1997
3327
2304
4129
2790
4492
912
119
7087
7529
7691
1778
3421
5201
4756
2866
3521
2886
760
3297
7141
2762
152
2630
5775
1464
2559
2598
2210
4797
2898
6359
4388
7797
1637
1058
1627
1126
2218
4500
4816
7059
3204
1954
4405
1022
2874
3702
7586
2366
6086
7066
5051
504
5837
2368
7662
4861
1514
4395
6105
2112
5347
4926
7752
5170
3581
1503
5660
7548
6636
6024
6855
5208
1442
7786
883
3021
1864
5501
4418
453
4042
2473
2288
6796
5837
7882
597
1127
1148
2852
5256
3471
5824
2339
3165
4617
6350
7756
3534
3683
2778
6086
311
7116
1577
5183
6139
209
5572
5308
4933
4336
3464
4225
1449
3547
1882
5657
4328
4554
4921
1987
7826
2813
1516
2681
454
5581
2970
7262
981
5998
7352
4099
581
5252
7580
2326
5361
7710
3825
5479
4366
1427
6276
4376
1160
7607
2042
3809
3274
762
7844
6974
2141
5342
2795
1077
3304
2708
5094
391
3285
2353
203
243
3157
7634
1793
4577
569
6729
5203
2610
3329
4034
5441
6881
6898
247
3313
4118
672
2955
4035
6407
2700
7943
1857
5899
6310
7536
7605
3901
499
1857
149
2185
265
5642
154
7638
6584
933
303
7696
4099
7248
6148
1809
4300
4780
2049
5995
461
3153
5656
5972
5314
2444
4659
7343
2661
3510
77
4339
5713
6962
5469
5690
2056
2306
1260
4648
784
583
7560
1014
1144
4115
5457
4186
4664
300
304
85
7926
6688
4136
6616
485
256
1028
4820
6728
1530
4528
6557
1493
5271
4004
3194
5556
3341
4603
715
7206
7426
5346
3287
6403
5790
1643
2609
2011
3787
3521
3207
1726
1548
1014
4359
2840
439
4665
3310
1972
2576
1699
7343
417
7364
7088
2044
178
1023
2890
6451
6430
2282
5441
3688
456
3908
3544
6731
5274
6556
1081
2934
1034
168
7176
5782
6463
6213
5076
1459
1292
7820
3626
157
26
5261
2628
7989
6053
1643
5535
1173
861
1748
426
1309
7980
4891
4890
3803
7447
2035
5146
7510
1470
1482
4768
3383
4285
1599
4699
3349
7989
1922
6600
4060
5285
903
5412
7512
3505
1319
3516
5220
7685
1939
96
2281
147
7285
2870
5973
120
7397
2474
3290
4733
5764
3395
32
5368
1785
3601
137
1875
2054
7619
4190
7332
1286
5525
2715
5116
2565
6246
6995
4284
6652
5799
3201
7776
7975
5103
5357
5663
645
1004
4344
2923
7275
5237
4932
2003
7878
4667
66
5640
811
1565
1049
4925
3356
3034
560
5159
986
2976
2904
5668
2210
1092
4313
6264
3205
6603
2328
7858
7911
5989
865
6893
3220
313
3159
242
314
3419
3637
5435
5447
5531
1792
6995
5344
6199
2443
3993
4730
7152
6822
2722
3545
6074
1700
318
227
4556
1096
7827
5728
3032
7052
6246
6737
6677
6349
249
297
439
7510
6990
4396
1984
2439
3657
6435
2672
6241
4275
1593
5656
5873
7771
7094
2637
1367
1175
4821
4279
6771
7592
6339
73
3435
5243
5751
523
3546
6540
3433
5138
4504
5606
7536
6610
930
3397
1467
3146
5030
1564
7467
1245
2926
4593
6092
3393
2662
2918
623
4752
4043
6804
5989
2748
4787
2000
3482
6752
7923
1935
5259
3057
2096
2982
6565
3347
6149
3177
7740
2696
6286
1909
2212
7043
6095
5066
5168
3867
1605
6928
7493
27
4294
7098
6361
7414
3671
5832
4238
3095
1994
102
2405
7703
2898
370
1824
1160
3557
2843
6009
5294
5644
2533
4984
3406
1674
5769
5557
7774
1319
2488
5930
6811
216
3648
4532
7418
972
5768
870
7990
6357
6517
458
4616
689
5167
3701
7413
2677
3262
6790
5889
7253
4686
7931
3201
5714
4049
7151
1102
832
7171
3124
7573
4851
777
5833
1036
1478
7219
3384
5311
5639
7201
6863
2440
194
4417
7416
6045
488
3126
247
3652
3740
6996
1344
1569
6683
1352
819
6576
4165
5269
4917
1229
972
6201
876
6896
5624
5806
6038
1911
5844
1740
2311
2588
5241
2571
6525
4934
5492
6310
5153
4091
6551
412
7645
4338
537
5521
2964
198
1194
7633
6595
4295
2520
6516
4786
5419
407
5468
7254
7778
3376
1627
326
839
4425
4402
5784
2994
973
3060
1560
4330
7415
1866
7652
1272
5696
847
6951
3606
6691
1819
880
5383
5450
1053
1646
1152
343
3490
1418
5124
7120
882
5345
2829
4455
4761
1565
1062
5413
2691
1007
1494
6899
129
4395
4918
4549
3560
2175
740
7715
5272
3921
6992
277
2650
1397
2419
7467
3811
3848
800
422
2805
4523
1715
6407
3365
1631
5926
4337
1399
4794
7426
3261
4261
260
50
6619
7999
5297
1010
3551
5164
7674
3111
5679
5838
1114
4105
4808
6788
2594
7867
1192
1737
4857
6780
4252
4665
820
1781
4006
5236
3086
5810
4042
5787
388
6702
4981
5880
7824
1158
5515
3642
6975
4112
2508
4061
2865
6917
7010
3816
3757
5913
969
5520
6622
5164
6299
7930
4078
2840
6199
5726
1022
810
5837
2759
1535
46
7625
4598
5040
7012
1306
3367
1716
4751
2846
4907
5711
4971
6188
4532
2941
4286
2685
4975
6127
4999
3255
6284
6819
7251
3544
1817
6366
7279
1979
12
7753
4920
2890
7327
806
4046
5825
4694
1709
6759
1371
2012
1095
6912
3419
5579
4326
4077
5048
3851
6783
1554
7910
2193
7461
2154
5117
2249
6979
132
6408
1551
5430
7886
1965
3094
4997
7626
5236
7147
894
541
3637
2388
4398
7110
2274
5714
3068
4908
2094
3654
7842
784
729
624
7753
7009
3290
5778
5248
6830
1448
3123
5146
3254
1700
3007
1761
5915
5734
5132
4346
5685
4898
4663
6807
3587
5175
1069
1426
7741
4180
4614
2861
2949
3079
6987
4579
2875
740
2520
7402
6191
3534
1629
2184
7922
1189
3518
1359
2117
4492
986
1335
7539
1621
2153
1942
3067
3660
5695
3518
5925
7197
109
3251
2933
3298
3590
7303
6781
5517
575
2004
3853
2734
4016
5974
6534
3362
1015
1634
6221
3673
5692
2247
4827
3650
142
7744
48
661
2732
146
2855
3708
7585
136
7333
863
2758
2377
7467
2635
3051
3347
7116
5630
2065
2070
6520
593
974
4719
1590
4738
3859
6847
6384
7773
1994
872
5480
5639
153
2148
4553
1831
580
3649
7192
2354
5743
3005
3977
4433
1088
3194
5486
3632
6307
4126
138
2725
679
3849
4
635
262
5108
4471
1819
2178
7907
742
6998
4074
7686
525
7569
60
3250
3858
5390
4900
1718
7387
4499
7267
477
4153
1849
7371
3456
7489
5458
1446
581
1084
2296
2167
5624
4852
623
7064
4932
303
2678
4290
3597
952
6895
2987
2413
2840
1896
3658
6602
2916
6853
7734
4881
1264
3724
5036
5073
161
461
3823
1526
736
7596
5450
1056
3563
2060
49
991
3077
3546
6790
3278
5326
2803
6903
5641
1837
6515
1156
5836
233
1627
1182
3433
727
3294
1899
1189
5486
4424
5350
1264
822
6028
6756
6336
4447
4712
3633
1801
4590
375
3545
2139
7890
3539
7619
5719
4309
6820
5623
6479
7790
1418
5247
633
2227
4515
44
5776
5803
4665
6832
3592
7490
3851
360
3436
7509
5238
5693
1685
429
448
6112
3849
7946
3201
4338
4717
3220
7855
5126
2984
4406
1540
2942
1942
5703
5134
4434
4838
669
5907
2223
7889
838
478
4155
6071
3665
7275
4599
5784
3079
810
6270
7083
248
3635
1898
7583
6895
583
2710
7595
5127
1791
4029
3156
1751
2004
6849
6907
904
1610
6088
6880
4552
505
4801
1911
1495
2617
1476
1637
1471
4905
472
471
7329
6940
5710
5119
1769
4322
3850
1069
2083
6574
3618
7494
6375
4457
4062
3491
2288
7186
2207
456
1803
6287
2589
2367
1579
7701
1417
1296
25
5041
6033
2400
7560
4913
7490
5220
1607
4017
5703
3392
6223
2885
1103
6464
5180
5120
1741
7985
153
6111
4569
1245
3476
3094
5236
5538
1168
6132
1128
4334
4761
6005
3022
2905
435
2404
2857
4767
2891
7275
4080
3769
4751
4793
7273
5846
3801
334
4593
5819
454
3814
5400
5300
4773
7039
4329
4853
5515
6153
1543
83
7492
2858
1650
1240
3940
1835
1129
3910
5051
2114
5994
1899
7782
700
1877
7453
6722
7175
5294
723
6908
4569
4993
7008
1924
1601
1056
3341
1888
4168
1096
6545
2845
2115
4066
111
6560
5048
2405
3245
5210
4587
3096
6636
1306
1348
5237
5417
2556
3614
3306
7759
255
3118
4217
54
5493
1614
5183
1468
7763
3557
785
6526
1960
6517
834
1844
4203
3969
7425
422
2349
5017
6687
3471
3821
3075
4335
3085
3722
1288
7878
4929
7827
1048
5410
137
378
4442
1767
151
1128
7189
1540
4910
3370
7540
3573
377
6920
2233
7905
4616
7414
6913
5155
5159
1764
6511
6694
2909
112
3512
4137
4158
2299
3083
5026
7277
5017
7451
1726
4978
4834
1930
2567
2100
4901
3379
287
6483
1853
3988
7401
7460
4603
5335
3911
1418
834
1595
6973
237
4914
6500
3700
2842
3453
6843
411
2807
2325
4419
7080
417
2246
7802
7869
6372
4064
6439
4261
5654
7500
3078
2301
6800
7295
6990
5423
2570
7885
7324
2074
1042
7253
5821
6606
3113
4763
4381
2227
3834
1843
135
7561
5368
3992
5719
1865
3795
4508
4996
6827
6486
442
5508
2177
7264
6343
4251
2560
4156
7879
7108
1055
2016
4636
6074
6488
7807
537
2851
7244
5579
3381
2522
6275
6219
3419
7511
3665
7892
6623
253
3348
5159
4810
769
4249
3751
4886
7026
4254
4789
6005
2984
5234
490
331
7437
1529
5552
5053
835
5708
1405
4001
3185
7421
5485
341
1838
184
4987
6443
3336
4356
1820
6082
6320
2985
1529
7408
3718
7084
3079
859
4029
6838
7428
551
491
659
6671
4937
4144
1557
5669
955
7360
4121
3252
7240
2254
289
2589
1863
1558
5217
7179
1508
6471
5461
6059
2265
4876
6351
3463
3837
4790
5967
1538
7859
2632
2826
2098
7683
3166
6861
3797
3013
58
315
3954
4473
2476
4722
1806
5044
3102
1164
2183
7221
57
321
2128
4566
2744
234
6281
3486
1223
4000
570
4979
3223
4931
748
1516
4161
279
7652
7301
788
1352
6909
3820
381
334
800
6136
5906
171
611
7033
4283
7442
956
4522
6205
4514
2976
6531
3940
591
2557
939
1165
7650
720
4107
7629
7510
6115
1214
5761
1700
3943
2084
4724
6937
874
4246
4966
7074
756
3444
1599
1194
3908
5337
6352
7194
1442
5744
2369
7231
3425
6560
7901
2506
2035
2275
631
944
3560
3252
567
178
197
5159
5316
695
1341
4306
7504
1044
2831
105
4859
1710
2043
5736
484
7927
7074
6249
2003
1108
1721
1685
4028
5663
3177
2423
3697
5640
7303
7532
2792
5846
3307
4855
2851
12
5039
3313
6530
1510
6534
4253
4449
450
7350
7322
5103
7452
4083
5617
6541
4594
6874
1294
158
5318
2951
204
3825
4994
7763
2857
2760
2229
1645
7833
3717
3260
4628
7990
2992
4476
110
5780
7591
5067
5576
819
1443
1134
1579
397
1954
3261
7063
7120
1974
3811
2847
1382
3114
4610
544
879
5516
5491
1183
6480
6108
2410
702
7589
6671
2232
1435
6162
3136
2091
966
3255
4468
4048
732
2434
3336
3289
2372
2142
2490
6041
7430
520
2896
4331
4291
2819
2216
3187
3285
1186
5598
7804
7875
5058
3539
7937
5665
7770
4768
583
258
4267
7127
5095
6363
6673
5298
3754
7670
5180
4251
7309
1935
5560
5399
4707
2575
5863
1232
4378
5602
7377
4477
1173
1719
4050
3632
1465
1620
1650
3708
5828
5651
5458
4288
3031
893
4417
6229
5140
3137
6830
5456
1698
6480
5880
6068
6093
729
7777
2551
2315
4252
2786
3375
3802
4397
2648
89
836
839
1436
4166
3396
651
7472
6883
7747
5780
4884
5155
251
1207
6329
1547
6589
3484
2957
2137
2189
6963
6005
7186
7787
5910
1945
4647
3885
4793
1176
6595
6215
3728
7261
7604
4333
6206
5769
1971
2767
6389
3856
2578
7235
238
5280
3073
7361
3462
379
4796
1031
3828
869
1045
797
7075
5497
2521
4787
7216
7191
7394
6182
1794
7224
441
225
5248
6114
2533
6176
5747
5110
7444
6416
698
7143
3493
2579
4516
581
7248
1951
1838
4919
3699
3142
2904
1096
5945
144
7078
4440
3945
1284
6256
2611
7625
7750
4454
2174
4012
282
7268
7885
1503
2182
3374
2642
6188
2774
7112
3057
137
5753
4277
5423
1505
3913
6858
3464
4668
104
6893
7007
1677
3398
2991
80
7192
4990
3716
4833
2942
2656
5531
2648
5094
4682
2462
7398
5898
3951
2696
4225
7451
7097
2397
1359
3602
2123
3083
4990
2132
1823
219
4592
3265
7887
4436
5844
3034
5231
5996
7504
780
3799
3563
2074
669
5630
5727
550
2994
5633
2998
1722
7675
7748
7675
157
635
7791
2800
3949
5495
6746
6020
400
3195
3459
881
2819
2179
6396
7028
3854
2317
994
2538
1752
2105
519
7428
4182
1369
1393
2471
4575
4123
2492
3171
924
7056
6746
7309
7387
3864
3899
6138
7682
6124
711
4379
3168
5704
4680
2800
3295
3507
2789
2666
7382
684
2697
4322
4923
5043
35
6127
3574
3121
2630
6887
4240
6724
6704
2038
7498
363
1511
3220
4426
4427
7295
6502
1712
2268
5241
5939
5832
947
6150
4865
3352
2284
5033
7243
2456
3315
1978
6498
7169
3824
5446
6942
1278
7757
2004
6526
3263
1956
7939
3363
1517
4362
6606
4134
3192
3635
1650
2833
1611
1600
102
7617
5921
3116
969
5654
2097
7118
2522
7060
1797
5067
992
6489
1129
1244
1514
507
3710
6264
433
4413
5870
4702
3097
6638
4281
2113
5718
7647
6894
975
4652
1087
3318
3488
7054
2709
6987
4856
4904
3608
7622
2681
7097
4590
4629
3816
2711
6848
5579
7321
5462
3574
3153
1530
3460
5652
2874
6330
5963
5424
5429
6164
3834
1359
795
1660
7453
3164
4456
2724
7176
5508
7175
1707
3699
5296
3334
2659
7871
7904
3113
7741
4759
3937
7834
3731
1137
6955
1406
6226
1140
7385
482
1667
2740
1221
6356
6772
152
2175
3790
7239
6045
6058
3406
3094
563
436
6529
3202
1029
6256
4829
1815
790
7058
590
4765
1415
5318
5448
5438
2549
1069
4283
6671
4927
1205
7333
4924
2341
3859
385
4949
6668
5216
7453
111
2334
4046
7497
5496
2702
4613
6763
7963
5497
5150
5488
2892
6312
6970
349
3248
2930
6912
6339
5356
958
7987
1745
1865
4070
7340
835
4225
4216
4728
6073
4649
2966
3664
1826
1850
3837
817
6935
6589
4450
2136
1028
1107
3576
1500
7489
4062
5775
5671
5183
2768
3222
6802
2397
4238
7553
5149
7130
6016
1285
1736
7013
7480
5376
7632
5329
2684
5175
2953
6052
3762
631
916
4238
5991
6428
5374
2935
6779
2416
1333
4401
6893
2475
5352
4109
6143
3800
2170
713
2437
7193
7842
2279
5584
6593
2786
2585
1521
5023
2145
6616
7468
6682
2791
1683
4731
5752
1845
6660
1467
5753
2175
671
7479
6880
2183
2149
5200
6673
7639
4821
326
1109
3483
7233
1893
6587
2968
7102
3150
7258
6285
1781
7585
433
37
5654
3780
2927
469
2157
4883
4942
2008
7501
4708
2201
6213
2280
7925
7439
2633
6464
7221
864
4231
7352
939
4500
2185
2564
6087
5387
1441
7807
5827
2079
5216
6684
6262
5925
1010
3316
7861
3667
3221
3325
7078
1659
6964
475
610
501
3556
3856
5830
1564
4986
2576
3735
3950
6214
880
3983
4375
1969
380
712
3207
4718
5351
7492
5695
6368
5469
1687
6892
6600
4725
7730
7530
7465
1538
3276
6953
4987
4425
7406
365
3399
140
1500
2799
1573
1669
5915
3105
3600
1454
1443
5967
1379
6653
419
289
2483
6766
1388
5437
1416
7992
7163
2761
5752
2337
1958
3982
6306
2861
5601
3064
2116
2418
4269
5882
7994
3719
5151
1678
4052
4571
4681
3482
2258
3553
6471
4206
6910
5929
4711
7978
166
2762
7094
2685
565
4412
5475
7048
7790
578
4051
7648
6852
7940
1408
1138
2840
5307
334
7809
6607
6213
1900
2764
6927
3672
1507
3723
1431
5651
7679
7575
3704
2352
2710
6633
6580
3670
57
634
5426
7435
7031
1098
7514
6727
7241
7997
1747
5539
3485
5471
406
112
322
4168
559
3045
1644
2267
5328
6960
6757
1384
5266
7917
6417
2226
7369
1332
4700
458
4610
4877
2434
5018
5276
3391
7994
7166
5440
3141
3840
524
5822
7010
6205
2996
1989
908
1238
707
703
7683
6670
2434
519
1797
5977
4987
5192
5850
126
5787
4915
6986
871
4403
1052
1007
6920
5848
5938
3685
42
6827
537
1821
2067
7987
934
2961
4628
5926
5046
18
3887
4935
6635
4797
738
3689
1220
6668
2260
401
4568
5064
5211
3001
2159
412
7208
1073
4477
2501
4624
1568
5308
2278
1079
7721
7013
5881
5339
2793
906
3359
5626
7772
6675
7704
2722
2783
595
5773
1299
592
2118
10
18
401
4969
1802
4237
2220
822
5675
1446
4369
1595
4609
6814
7098
1686
6918
2911
47
5519
7535
1253
1061
4178
5338
970
1154
967
5091
110
4284
7568
2581
2944
4063
3742
4925
7275
5997
752
3547
4127
1375
6890
7282
7098
4426
1166
6975
7315
5469
1177
3654
1891
7239
7292
839
5585
5365
822
5200
7065
3193
7882
1452
2264
6726
866
1465
3702
984
3776
2647
368
2416
1309
3324
1344
7997
3552
165
5356
3798
7804
4647
7017
36
1702
3428
1257
4061
5874
7896
2312
7979
1609
3859
1422
3115
4105
7425
1250
6737
7481
5797
332
6568
6951
229
3749
1271
3873
4990
5470
4863
6732
23
681
1762
6628
7220
4487
3678
1360
5953
367
2806
97
4046
5016
1073
7719
1242
1251
7867
1648
5576
7272
1002
6878
1263
5020
4380
5348
7757
6044
7996
1629
7131
3416
5283
6792
5755
3359
2011
3108
1549
1666
766
1252
3938
6376
2237
2000
5064
2606
572
5816
2884
3384
6491
7316
478
6809
464
7037
5014
6491
6896
1922
7924
2603
4556
1704
3581
7588
7224
386
6850
4214
4711
2600
4562
4467
6194
1751
7759
5110
3191
3557
542
4144
6430
1375
7480
1488
3511
3585
7774
2894
7359
81
4841
5333
4674
5016
6847
5835
3290
5182
7714
3006
1429
2049
7458
7916
6773
7762
5811
559
6864
1740
1497
2819
3928
337
3775
2869
7733
3587
2152
1707
6286
5148
7228
1738
5287
5675
1412
7047
1701
7724
6257
5902
6508
2434
5079
5896
6633
1811
4983
5453
5868
2368
2425
4518
172
6463
888
1085
7855
7704
1208
7907
2497
5560
883
7998
1313
6325
208
845
3964
5023
7733
1754
5969
5887
3635
7419
5875
6319
4000
1476
4397
6358
4419
2060
7103
3134
5223
4186
6471
5395
978
4141
4347
1146
3088
2277
7955
1739
4008
2513
5187
6253
2608
854
2342
6221
5884
312
3894
826
6642
7688
4792
3424
5049
2091
6901
3680
3280
2370
2082
456
3579
4091
1633
5940
6871
2100
416
2496
1423
6215
224
7016
7783
2230
2576
4543
2486
1908
6423
1225
5617
6734
1393
7669
1185
5364
113
6266
6454
5032
6436
7180
2742
2242
1110
6779
654
2077
5230
1513
7625
3170
4660
5286
4190
5615
627
3946
2339
7523
3002
1710
2848
6408
188
1383
703
2462
6615
1567
3359
7168
2418
6258
5831
5877
1599
5283
2871
2838
5216
4889
2523
1111
1189
825
6233
7795
2228
3553
3273
5944
3394
4541
3780
3948
1149
5386
5653
6491
972
1445
781
4478
6318
3663
5235
7818
2943
3392
5527
3474
1817
1828
7303
3289
4951
5558
667
3512
5045
3512
4651
4712
83
1228
4449
2733
3416
5234
809
6624
2740
1247
4293
1111
5821
4214
4476
4338
7611
998
242
261
5311
1119
5267
6877
1902
4849
7913
5681
1371
3588
3854
3943
4306
3054
7739
6655
3762
7476
5182
4640
6706
3680
3722
7165
1668
7291
5928
2532
1558
6184
5708
3363
6261
6685
5251
1751
6732
2430
5511
6290
3147
1048
4213
1576
1571
1143
4182
5143
7789
4964
7513
5584
5482
6910
6754
614
7269
3827
1723
2962
2677
6620
3048
5920
3807
3699
7577
890
5592
3761
1657
5904
4455
6152
2468
1888
1065
570
6645
7719
6638
4565
4732
3428
6273
1867
6799
7557
582
7218
3320
1777
2747
6036
3404
6193
5537
4468
3547
5883
7412
4702
3587
2077
5525
233
2143
4483
3849
5901
5085
1701
4314
283
6637
5327
6107
7325
1110
2190
649
202
2978
6452
3789
1382
5434
905
7134
3828
1100
270
4740
4953
4392
4975
4791
1487
683
68
3878
4418
7314
1539
5459
6538
112
2054
4187
2758
5882
2293
6868
5201
1536
1232
6863
4004
1270
2460
7740
7368
4593
2343
6829
2934
1517
952
5299
2189
2506
5784
2980
7598
1240
4599
4223
631
4039
2557
5414
4507
7233
3950
3273
3099
2323
7033
7268
7395
1094
4317
1310
1155
7116
4857
6930
5192
1558
2990
2795
7735
5827
1778
5737
4517
7474
2228
2752
182
2360
5864
7263
3376
3053
7918
5198
3707
5857
7267
4784
1079
7340
1283
2984
186
6691
3832
3736
7845
39
1796
645
4513
7383
392
1238
5499
4709
6319
2300
922
390
1594
3243
6937
6275
1448
2245
5381
3373
1665
7128
820
237
5375
4990
5504
5818
7450
2787
4895
675
110
7140
5024
3404
5772
3346
4996
5109
1050
85
4663
3766
1575
6061
810
6535
6351
4692
6094
6203
2375
1280
5102
2381
6726
6724
1577
3027
4625
22
7051
5135
1569
6571
2760
7909
4914
5951
4820
5286
1643
881
4770
6410
1829
7370
6518
189
2649
1502
5417
7632
171
843
633
5584
2765
7902
7754
1908
5905
4950
3901
879
4175
2816
5164
1702
431
7425
3199
124
2068
3762
5230
3720
7078
7461
6803
2728
441
5062
4074
1775
4703
5277
2345
762
4551
3888
5622
6368
1232
902
2698
6087
5742
7622
4704
468
7223
1149
7129
6778
1291
3710
3823
3124
5854
1891
916
3085
1252
6002
294
6940
2391
3292
81
6094
7272
4319
7042
1243
256
74
7684
6427
6769
4705
6841
2737
4158
278
5365
5861
707
7543
6522
5968
3075
2280
3724
4912
4428
3909
4785
6364
3657
2921
7
6929
2596
7565
5249
7274
3157
3080
6015
5614
3404
4660
7178
259
4599
6001
2601
3521
4464
4355
4002
7266
5446
3351
5392
2581
2535
1891
6046
6129
3431
5291
5405
3847
6959
6367
7816
16
3333
4449
7889
645
6195
869
2791
5518
1367
3570
5575
6354
3335
4869
2556
5229
2462
4372
4981
4160
5799
688
5121
6817
1957
5315
7273
691
1469
6009
682
6161
1154
60
3725
3044
7514
5975
869
21
7825
4284
1893
1435
7354
7649
411
4661
2813
4484
3213
7924
2498
3920
1390
5168
4281
1368
3581
4891
2563
1087
5563
5810
5952
6522
5319
5263
7478
4654
6935
92
7642
3251
6549
4962
6591
4346
6804
383
3096
3723
813
566
7339
3942
634
3936
4373
4939
5870
6337
1460
3158
6096
502
3444
4482
530
6153
3833
4366
3090
4711
7270
4284
3628
6825
7753
630
2105
7566
1699
1932
1065
3274
7191
5784
6137
5879
6893
4931
3216
3946
964
6752
2044
1313
2770
5174
7108
1944
2457
1691
3369
2170
3561
1979
3710
6389
6091
1208
4001
5158
401
7019
1237
6580
3512
4745
4285
56
1591
3682
7415
3034
935
1218
5075
6007
398
314
1583
1342
5705
185
6640
4058
3990
1747
7391
7497
444
5348
4125
460
1623
6158
4933
247
6723
669
2397
616
3685
2700
7415
2836
6993
1505
490
957
347
4531
6120
384
317
6988
4860
3594
7074
1513
867
4203
4749
5918
6404
7490
553
1622
2956
1112
7277
3640
2922
4362
3243
4134
2148
5661
3190
1247
3796
950
7982
5956
3267
353
7402
4600
3105
3535
7744
2656
2334
5149
7987
1738
6439
3215
4346
2282
5696
2075
3369
4350
2106
802
6782
1107
1554
313
6027
2210
6310
5990
3771
2770
1364
5671
1154
4001
6129
299
5157
7197
99
2084
7779
1804
6364
7796
6911
5611
3187
3396
5355
5076
2209
5108
82
1336
7636
1260
322
268
2419
1873
2613
257
7023
980
7547
5995
6594
7908
1925
707
4104
4548
6288
3656
7094
118
1579
2880
1531
5975
807
5084
881
3076
6299
7609
7616
314
785
6211
1168
5052
5841
7348
5096
5613
3975
3194
4520
6141
19
4407
7967
2112
3309
4194
1226
2394
6195
3338
4394
3863
3217
763
3521
7703
6348
249
5800
870
1195
6377
6096
5738
6082
5199
5715
2549
2524
2930
1462
7099
7748
4508
5630
1501
5552
766
1451
164
3147
2992
277
5129
1694
2069
1250
2480
2458
5853
1442
6902
4932
4708
1863
3423
6333
3384
2820
2866
4909
5751
6400
4449
6220
983
3575
2783
3213
2816
6318
4310
871
2132
6289
5233
1472
1934
3754
7700
3065
3784
2496
6508
2896
5334
4426
4512
2230
336
3278
2214
3374
6254
923
4019
2654
5579
5407
6218
630
5452
3750
4598
2298
986
4016
1235
3437
5514
5037
198
1692
7518
5591
460
2756
1637
7532
7664
1249
4605
3271
790
3860
5497
1306
7669
6703
7261
842
3938
1184
4870
4967
6279
3961
4839
3335
7218
6680
6638
3454
4809
120
1989
3195
6236
3474
1844
4994
83
5105
7651
3265
2502
6545
6589
4946
2028
1267
1137
5516
3690
6848
6994
7814
333
151
2206
6313
7955
3829
7388
2417
5732
6592
6366
1472
2462
6704
5926
5407
5390
7899
1317
5778
5754
2651
7135
3926
5338
5149
1386
7801
1896
7753
1492
5782
1613
4553
7652
7276
378
4024
6649
3034
6424
4905
6608
506
1559
7569
3617
407
1379
402
2280
5964
7541
5093
6977
698
2822
6434
2156
3493
286
175
1841
4204
6730
2243
7901
7331
5995
4758
7786
3535
7531
2535
1788
2621
2315
4073
4552
6783
2904
5387
6927
2884
2813
803
4104
5011
3313
182
5404
4452
6800
6182
2059
731
1736
440
1772
4577
1706
7489
4113
33
992
110
3145
5788
1726
6380
6591
6250
5809
7098
4031
2766
84
1609
2777
6964
2657
2956
1630
3465
5956
290
6663
1335
5771
1630
694
3132
4730
1071
6676
4326
5820
5105
5145
1709
883
5775
7913
7661
7280
466
5276
830
3134
4555
534
7537
2265
5081
3221
1770
4988
