3125
2004
3107
488
4041
3911
1505
1439
875
2728
4901
765
3762
4067
2028
4008
4851
805
240
265
4612
3376
1811
116
2491
1383
4722
909
1274
4337
3561
462
1258
930
1093
4189
4921
3597
4057
1546
226
4278
2296
1335
2607
1099
3331
1184
3645
2603
1472
3129
203
1343
3472
1143
2528
3853
2899
3798
3785
715
363
3114
2036
3160
1697
1210
1925
2390
1903
1566
1498
212
2035
1121
3084
2720
4653
41
1349
3394
3254
2875
1880
4667
3581
1244
3257
1548
2742
2771
2410
4539
3305
1650
4855
2920
4813
4058
3696
2350
4471
398
48
4470
3091
3080
1990
3781
4813
1896
3439
1013
469
4531
1958
1713
2877
2424
738
3705
2936
446
3410
1542
4976
281
3639
2287
1276
1067
3334
4746
2820
1959
1105
63
3811
4481
3881
2382
2560
4169
3969
2273
4105
3014
1850
1708
1053
2695
815
800
4627
3308
4284
2983
2300
1732
3416
3793
3954
512
4652
2725
3060
1332
287
3636
1455
4542
2031
1840
4522
1311
1518
354
1102
3246
1039
216
4128
396
4539
1340
4781
2322
1909
4090
929
2238
758
354
931
1781
1277
579
496
290
3791
2113
4627
244
1286
925
1302
278
2626
4611
3688
256
3465
4001
3067
2443
2692
1939
2392
738
2783
4923
3842
3892
2892
5
1795
1205
3006
2649
407
204
469
834
4331
1184
2730
1755
4233
611
4808
2457
308
2961
2605
4556
3162
3585
1756
447
594
2810
481
1431
3123
4137
1368
1736
1023
2366
946
1242
1963
2567
3981
4723
220
2596
1318
3118
4327
4746
3686
2841
4148
499
1662
2908
3304
4178
472
485
1750
2932
1428
1225
2018
722
52
4237
2170
395
4629
10
3241
1775
490
4999
4112
2430
2502
4152
2011
1710
3062
2076
1630
1851
4753
4981
490
3433
2309
4033
608
2046
1671
2381
441
2579
2149
4400
919
1824
4956
397
740
4295
618
275
61
2936
463
487
2994
3756
2637
4521
125
3134
3609
812
156
4427
4045
542
4093
4874
3723
1831
2661
4679
4256
4679
2180
3841
994
2320
1465
915
3567
491
4798
904
460
4118
2744
1783
559
2075
229
2510
3922
2148
929
2283
3389
4393
3743
4422
4406
1372
1673
1114
3079
596
1981
3146
1388
3198
2092
784
639
643
263
520
2130
4930
1152
1532
4960
4749
506
4265
857
1201
86
1414
1353
4407
2500
140
1419
2447
2914
393
1495
3477
3820
159
309
3643
288
4194
3212
1534
1108
2174
676
3789
3111
3846
4796
2364
840
4137
2849
1303
4367
935
4196
1289
3191
1874
4543
181
1964
3016
3212
2507
1174
4180
2737
964
2306
1492
2284
729
1858
2125
358
1213
1976
1778
3855
3252
1908
1524
1871
1547
4735
4955
412
4310
1900
2475
2341
1312
2122
2082
290
541
2160
2549
1045
4732
2190
2090
3009
3640
1875
4873
1285
1790
1648
3523
4069
1384
961
2940
1854
1032
963
3462
2940
2384
207
2674
378
30
2737
2251
2100
4766
477
4814
3076
4887
1311
3913
1208
1295
4581
453
4445
2818
2075
4494
4698
2270
2787
4111
1003
3858
2047
4842
1295
2909
2844
4093
3585
818
4165
3497
3904
1521
3385
2787
843
3537
466
3221
413
410
3811
3615
1392
2231
4189
2391
281
1864
4814
3448
4968
2909
4150
2526
2987
543
1927
319
3662
145
3609
1725
3753
579
3664
2369
4645
4831
1483
2577
4804
4324
625
3330
4476
1800
153
1537
3240
67
4150
2674
2436
3846
3845
268
3618
1442
1605
3140
758
166
4762
1213
770
328
3326
3962
4159
2172
317
4730
1057
3946
1595
3242
1181
442
3452
2920
3353
2362
1879
3435
3048
1128
3600
2784
3449
1500
633
2664
3292
3973
4676
2837
2168
3771
239
195
4131
2564
197
579
4599
1728
1189
2986
4134
511
1585
257
1890
3747
1310
3342
450
600
1490
975
2645
1511
367
2055
3004
1098
506
4648
4472
3802
3800
3992
4752
2892
438
1577
724
3074
4412
1264
1051
2437
3605
1352
1261
4320
4573
1119
2670
3568
2752
733
1216
1632
4331
1284
4499
4970
3769
547
1180
1735
1756
2597
2031
1438
4646
399
1050
243
1114
1671
1696
991
1612
2240
4735
942
194
2665
3431
4870
3390
2565
1711
2891
3201
4965
1773
4679
821
2522
49
247
2431
1951
159
1881
3359
4162
1071
3281
3805
283
2611
714
738
3109
860
17
360
1498
529
950
3607
4524
246
4748
2309
1085
717
4240
4217
4351
3163
1054
3509
2016
1161
3334
3381
4150
61
4254
368
4112
2373
3513
4442
2821
3352
4989
4035
4829
3657
1922
3016
3117
688
2950
1732
584
367
1558
2874
3753
3510
2271
2162
702
595
3411
3317
4438
4241
4054
2447
4554
4228
2712
593
201
159
4557
4903
782
4698
1488
3780
4284
3131
1142
3080
2834
535
3551
4460
4226
4350
2815
386
1307
1488
978
4843
4734
8
1159
4686
357
1539
2795
1914
2591
2709
4662
561
2065
3544
699
4593
2079
1050
3584
1583
607
1834
974
770
750
902
2962
4794
3692
3365
1802
4779
4411
4
4707
170
4637
4255
3023
3162
755
3261
3892
595
4554
3960
111
1769
4575
3976
3104
3516
540
4508
4799
3449
1130
1716
4116
3092
3566
3173
2660
1136
1160
3322
488
1589
62
4427
2023
1725
3744
685
1307
4155
1797
3206
2145
3344
2899
4803
3810
4331
3899
344
3791
3228
2130
1002
4737
4486
771
2237
110
4431
2323
3134
1240
501
789
3404
2327
3598
947
4871
2279
3700
4022
3596
1292
2179
3420
429
4849
4025
4329
1226
2144
2089
2073
2414
4660
3115
2177
1872
19
3379
2469
4803
3919
957
3100
1597
2643
4674
2864
4857
3507
818
4825
809
4252
710
4553
1915
4874
1312
4418
2654
3329
3658
2828
2970
2747
1359
858
970
3503
1930
4732
3191
875
3929
2672
3034
1832
2277
417
3005
4292
2945
4658
3430
493
2821
4292
3921
1201
2342
2482
537
1411
51
1494
595
216
2126
2052
4952
2287
4605
4740
3677
686
2461
4725
856
1153
4306
1925
1952
1446
2557
1589
3721
4092
3307
4649
4595
618
2805
469
2263
1572
2897
3643
2750
551
469
1882
4925
2886
4667
1816
4672
2917
1261
3095
170
4979
1998
1966
1670
2349
787
622
3142
1124
1757
2373
4749
3000
1347
192
3619
2287
4448
3152
1909
1854
1478
3671
3621
2256
3694
3325
1965
3476
2966
3011
1444
3016
37
1024
643
292
3230
3937
4751
4154
374
1019
3835
3873
3667
4861
4993
4936
580
2233
1605
3055
3047
1625
1005
1041
1691
2630
905
3351
4659
3731
2611
2758
4466
2440
1755
136
4641
1987
250
512
275
1608
1025
3015
1978
2473
1254
2251
4824
2929
3905
3935
3427
739
3673
3694
1037
4792
542
4841
1191
836
2243
736
378
2962
938
4085
3938
1862
2947
4844
1320
1520
2811
4183
690
977
1725
1485
3345
4477
1103
4002
542
841
2852
3082
1649
3990
1433
3871
928
3379
4014
4947
2553
3721
4588
479
4565
2871
4549
4625
1768
1846
4228
2764
4217
3399
3434
3305
946
3353
3306
3412
2452
2398
4434
1433
3355
2333
4862
4389
2881
1498
2371
4194
2074
2921
3796
2706
4220
4386
180
4948
528
3927
1602
491
57
3409
2162
1228
320
1887
1717
328
3626
920
2607
3472
2591
1744
441
1015
3975
1327
4883
3193
3474
3671
4240
185
1308
4548
4797
1279
2468
1766
4447
1609
4536
833
3112
1368
975
2814
4582
44
1954
1362
2280
4666
3072
2772
4598
4313
4996
1580
4868
4596
4205
695
1938
4473
1154
3535
2011
8
3080
4319
2416
1632
1529
3557
2625
971
866
2912
3279
946
1578
184
233
595
1322
4588
4201
662
3974
1623
3529
423
2470
3948
1968
2030
825
4457
4851
3035
4855
3792
1938
2156
1952
1135
3976
4833
1487
4217
4454
4822
4157
2006
4525
207
4827
3261
2549
1107
2703
1626
3583
1231
4554
1243
2100
1700
3725
3396
2448
1906
3549
2858
2895
4483
426
3437
2458
628
3231
814
4869
2918
7
3376
3448
2363
445
3515
4024
4396
293
4611
2537
4815
3749
887
4395
486
4554
2077
2719
467
1976
3844
1356
767
1753
185
4137
4842
705
1835
3241
4716
3220
322
3399
2210
3565
1057
1636
1573
4451
3948
1916
4004
2834
629
905
113
924
2801
4746
825
1386
2231
4101
4397
2283
3105
2828
1654
1415
4099
4390
309
2056
4776
221
3144
886
4747
943
425
198
3435
2491
617
4102
4728
3962
3233
751
2474
2568
2705
4567
4834
3381
3841
675
448
2213
2020
4406
3666
3480
4677
3320
2486
2710
2658
165
4742
1859
5
1728
4715
3291
4714
1580
3813
1650
2178
360
3382
826
3949
589
4718
1594
4775
1661
3585
3072
3825
3761
4325
3523
4888
3358
4928
4591
3363
2646
70
485
1765
2239
103
4726
699
266
975
157
2360
1193
344
3310
4819
2606
130
2127
1090
1101
2874
2297
464
3677
528
3914
2042
2640
4338
4059
3311
4876
4478
4649
485
957
1285
4963
3304
793
4707
4294
2806
352
2315
3360
198
22
3000
2415
663
4031
2878
1725
4149
4886
2542
2643
1262
1009
168
3279
1490
1324
1179
1475
2097
3136
2056
1475
3262
3416
909
2323
1345
1088
4029
675
3427
1955
4692
2640
410
2119
2144
2279
4405
2647
1180
4529
2121
1925
422
318
2209
3545
1400
1655
2780
4547
2884
3020
2728
121
1200
3535
37
365
1257
1067
1157
455
2155
3516
2863
2354
3006
2524
2226
3797
1093
1783
2647
4808
1176
628
2767
1633
3594
2633
3067
698
1813
442
1339
2409
1656
2717
2142
3548
2746
4781
1720
2334
4953
3784
1626
1491
1747
4823
3082
1716
3646
3307
3891
295
699
2318
552
4102
2396
4029
4162
1498
294
2480
665
2619
3386
210
687
3575
910
1812
1688
2102
2297
2329
1998
4438
1499
4021
1929
1703
2818
487
3771
2244
1089
152
185
1692
2835
4550
2917
4821
2661
2178
2544
3341
290
2898
1278
3084
128
924
4186
4849
2719
1217
480
1639
3746
617
1121
2107
3518
256
3889
1029
2351
1860
3732
1497
2274
1274
2135
2569
117
589
1620
2000
11
2146
1501
4126
2732
2834
2281
3491
3336
2965
3500
2154
4316
4167
4936
3844
1981
4242
1986
4261
874
2240
3272
2831
158
3523
2366
1288
3778
1076
2703
3667
1665
4556
4169
553
4621
1681
4409
1777
400
2496
965
4387
3925
1180
4281
4981
340
1529
4129
4744
620
1576
3278
4658
2122
1415
3484
2584
4936
4563
3703
1736
3522
3197
269
1521
3433
2022
543
3535
1202
1312
3097
4807
4153
3643
1537
1291
3406
3457
1180
4234
2506
4831
4548
1647
2851
2648
3710
2836
2203
383
4311
3588
695
3128
3991
1714
1747
4516
3373
1337
915
536
4378
3368
3788
1233
714
1457
2200
2030
3237
111
3249
3409
1469
1778
597
3019
1119
4313
751
3067
1611
1018
2798
507
1513
2816
3511
3616
2665
4514
1726
3468
381
4228
194
4969
1803
549
4822
4827
121
4748
635
4163
4597
1639
4499
1124
3533
3297
3024
2852
4152
1047
2419
3697
4168
1168
2137
3413
2735
2535
1504
127
230
454
2935
3735
837
4905
3531
1358
3484
619
2734
3952
104
2865
4105
4487
3602
2186
4378
1309
2937
1095
3681
4437
4423
3021
1813
4951
2153
3675
3684
4543
4768
3082
3239
3064
101
3121
2819
2674
2250
3394
3524
636
4531
733
2508
3528
3627
2374
1826
4339
3178
3589
3397
4541
828
979
1967
3715
2653
3108
463
382
777
525
4774
1375
408
82
579
3778
2390
2244
3947
1508
4241
4022
2624
1955
2867
1523
1890
3809
1616
2646
4059
3587
4425
2222
4003
4396
2703
1691
2212
2033
4539
969
1336
777
3097
48
3783
243
2733
4485
1541
1268
4646
2849
3440
4995
3232
3908
4807
3035
6
1126
3605
2149
2651
1434
2005
2062
4185
663
2368
1324
1459
1076
4778
2081
3581
4015
3738
4914
1995
1498
504
4199
487
4122
4001
1758
4220
966
2301
2670
2416
704
3386
4253
1182
2811
1249
4918
3217
1490
22
1043
3677
4016
4030
323
4198
2890
3969
577
900
3973
3982
3721
471
4557
1414
2318
3132
995
1704
4077
858
2730
3300
3896
1910
2310
683
224
2586
4329
1099
450
492
571
2073
1796
3210
1958
1727
2725
4580
332
2325
1550
1618
2261
2003
1105
3588
2576
1893
1764
2153
2501
4191
1330
1038
3437
1864
4383
752
4479
2235
4885
29
104
3463
1991
1621
2790
2257
2874
2358
1633
3032
179
1076
3047
670
3249
2016
1202
2326
2360
1647
3520
4848
695
196
1934
4970
4559
1936
1369
2833
3312
1948
4060
1821
3705
321
3335
3858
3324
2407
4250
3418
3076
4938
4902
1096
2771
2987
1100
2552
885
1819
2860
1123
1891
4962
348
870
3516
2357
2555
3881
2126
325
2577
861
4701
1420
3693
703
2886
1899
4570
3761
4555
1415
4079
1336
4420
3746
2034
3056
1677
2854
3280
4659
2033
3172
3387
1208
4507
2971
1473
3592
141
1764
3221
3629
4184
1241
4940
2395
4590
678
4038
2616
743
4128
158
1312
2598
2305
2240
3736
4455
158
630
1980
1559
640
3576
357
2216
4302
3854
2506
4016
564
4050
807
2885
621
1471
2227
167
963
3112
4915
889
1103
2726
4220
4229
3252
1210
1566
3948
2206
1523
891
3151
4888
3093
1871
2398
475
4783
2714
2850
2642
4342
753
608
650
4099
3938
3404
4095
2453
4942
1671
3482
1221
3497
3303
3887
2389
2636
3450
3026
2787
4532
1671
361
2808
3979
689
1285
3879
3845
648
3802
4244
493
630
182
4371
1229
283
1550
194
733
1437
4932
844
1514
1239
4677
1659
4736
3293
847
2929
3562
2313
4351
1139
1870
4701
1584
3011
3574
1998
0
1544
3449
3722
1484
4644
3608
1086
292
3730
4707
3781
3474
1650
1420
161
3843
3730
260
4991
2848
3098
4778
3419
3990
2284
1842
4343
2889
4839
4898
1977
1015
4671
3527
2272
2249
3970
4454
2538
4157
841
2614
134
4422
3289
2595
3472
2333
4029
3302
1679
1897
3290
23
751
1665
3046
4837
3667
411
646
2524
2915
1525
1043
533
4973
1160
1496
2307
4211
3220
3443
3169
4369
3574
3333
2490
2042
3871
2552
4776
1086
1686
756
3830
3186
2854
3902
1417
1348
962
3189
2785
3096
1116
1530
1005
2420
1293
2035
3836
4013
678
1612
3712
4268
3269
2212
4253
1745
4324
1335
1192
4818
740
1365
2
816
3727
558
2612
398
874
4240
4556
3670
2113
1735
1317
4762
2356
1975
29
3764
4751
241
4391
2171
2344
3064
329
2562
4921
4415
3473
3695
638
4512
168
1221
1712
2987
1544
2046
2904
2146
2754
728
3639
3038
2552
3778
4538
1823
2841
4516
3763
964
123
713
3018
1861
2786
4442
2491
3170
3350
455
408
1115
2499
44
1647
2938
643
4663
1391
1792
4598
4250
2548
339
345
2545
658
1801
2644
3185
3949
779
2430
3170
319
561
1379
251
3955
1046
2517
705
3375
432
1584
1091
3118
1878
3695
4693
4515
2814
1693
735
4234
1034
3806
2234
4520
2302
4780
686
4779
4169
2709
3475
2627
4294
4289
3610
2448
3118
1361
2566
4638
915
1707
2485
3811
3643
2002
2501
1289
3863
3114
4589
4910
2455
746
1905
1216
1469
4738
4753
495
978
4020
839
979
2816
2943
2867
4436
4630
1150
116
3305
961
207
589
392
3461
1039
3050
2811
408
3778
78
524
2839
4289
563
799
1272
4621
3180
2158
1850
655
3106
4082
4645
866
1025
4004
730
928
4583
3596
1670
4376
4993
1881
4385
3257
2857
3263
1133
4225
2863
783
3997
1199
187
4976
3947
4166
4997
2667
894
1234
4713
3572
3815
261
3450
2204
174
3266
138
4756
4102
1139
3955
1380
3337
2470
4885
2049
1265
3106
1156
2124
93
4823
4397
2991
4524
4948
3006
2540
784
4578
2023
4318
426
3565
4353
4376
1175
4730
825
4300
2316
3916
3624
2035
2275
2073
4306
2027
4633
3666
2522
784
955
3815
2150
4993
4765
4416
1012
3411
3334
49
1513
91
2587
4493
1465
4556
679
3435
3305
200
2948
790
2308
147
1129
1614
4501
3363
2648
3460
2882
4276
4731
3170
4642
2953
378
129
1067
1477
3851
2844
1146
4823
2678
2
2736
3131
4036
2137
2085
1812
2588
934
2163
1032
177
4497
3922
4941
4188
4012
2523
2703
2657
228
1964
2595
1528
993
1343
1493
4611
1176
3247
1270
4351
799
2968
1178
4033
1656
2049
4205
1150
447
2697
1206
3526
1325
363
4915
4823
879
4016
3740
4650
4217
3376
580
3371
4100
1732
2753
3066
1919
3395
4981
4921
1417
2486
4933
3434
4828
642
3654
2111
2805
1690
88
3917
4384
823
4371
469
3241
4717
4750
3768
4941
2738
3230
1247
1007
2774
1283
4037
2750
2042
3911
1201
316
3982
2759
947
3497
587
3708
218
1430
762
3435
1472
4517
2687
3760
4035
4845
3893
4658
153
3252
799
2279
4671
821
1905
3080
2710
4098
393
3088
2891
235
4501
3198
409
4683
1321
4713
4988
99
3229
2363
3101
624
105
4614
2965
832
3198
924
2072
2298
4403
1747
2616
2331
2088
4788
3795
1637
2243
2884
2778
1002
4788
4156
30
3438
3663
267
4105
4139
3494
2084
566
4133
4112
2818
2767
2669
1642
1815
4553
3924
3497
2244
4478
2533
65
2835
2422
85
900
40
2075
1238
2714
478
1752
2582
2386
2126
2068
1615
491
1361
4617
3920
2681
3375
1156
3561
4455
2432
537
1660
1005
1416
572
3662
3334
16
261
1052
3009
2575
2969
1035
1474
2120
2954
1424
4725
2572
3747
4086
486
3976
1841
1205
3303
3217
3593
4263
4143
3732
2034
2927
1315
3690
1023
2571
2164
4464
1620
2200
694
1765
217
3660
1456
1237
4624
3118
3012
123
63
1282
3404
1187
4875
304
2383
916
2953
3428
2607
3541
4626
249
2168
4687
1346
4551
4112
4431
4757
4635
1829
583
2807
4997
4343
290
4590
4789
2028
3222
2111
3711
4865
3223
3041
1654
2444
789
1257
2004
2067
447
3723
1958
160
3713
203
1262
3844
4921
1709
2427
2412
3384
327
2420
725
3
3560
1569
2768
2681
1581
2722
4978
4879
4176
689
2218
255
4461
1218
2727
1160
2947
4747
462
3086
4251
1350
3309
138
3041
2251
3407
172
2108
1930
756
3748
1763
2583
4044
353
3269
2942
961
4609
813
4406
774
1183
1601
562
2903
2090
4141
1114
286
4593
585
568
855
4133
980
4206
3617
3463
3651
150
4554
4081
561
1793
4557
2897
1069
4736
1650
143
379
2553
1003
839
240
305
1959
2522
2334
4608
3733
2503
855
2307
1510
3215
3425
4530
4998
3502
1079
4161
1305
1237
208
2964
1039
2597
215
4188
3819
182
166
3134
4854
4941
1271
4411
578
2540
448
370
3622
3587
2978
448
4046
2908
1343
3250
3867
4060
1269
1610
2982
1766
4331
2317
516
1105
2079
525
3743
450
1850
378
90
2732
833
4747
1550
4299
3961
4002
4709
1801
3589
742
3666
728
2967
4554
4011
2662
1489
418
4069
2486
2446
2462
3
1586
2515
2423
50
814
3891
3903
275
4441
4419
1773
717
1709
2603
3861
1591
4701
4965
3975
3368
4046
4102
1158
2307
854
2950
4832
3186
4993
1374
2813
1653
139
2740
4456
4519
296
1598
4690
4934
3598
1209
1798
1557
4396
2956
4784
695
332
806
4671
4978
1883
1993
569
4630
1610
97
1894
4785
3605
1565
4788
4408
1032
3249
657
3756
3266
1141
1968
102
3089
1534
1250
4920
4141
2551
1837
1554
1257
540
1875
2926
2195
3114
761
3456
4605
3398
1008
3277
1676
1929
257
696
1214
3084
4464
2867
3537
2054
547
4592
3766
1871
3052
4699
1948
1752
4314
4459
2840
2210
3694
4982
1866
4007
4089
3590
796
2056
827
4812
1235
4028
3678
559
2408
2138
489
3257
864
3676
304
2055
4087
1072
1649
3658
4468
1204
1762
1863
2598
1869
3525
4919
3956
1027
2917
2971
3113
1045
1515
3905
1118
1132
1281
1668
3714
3695
2535
1890
4117
83
3940
1055
4090
2364
3908
1537
4586
4757
664
4401
277
4384
3556
4717
4820
970
1193
1868
1866
2110
3395
4479
177
4876
1772
4984
848
2414
4399
2906
1858
2615
4585
2829
3210
3352
4082
4676
1482
3097
1682
1069
3067
2104
3318
1516
911
1433
3673
4724
850
2882
3679
3876
3991
425
1917
4969
3311
2972
2444
709
4468
3181
4397
2332
4196
4616
1942
3855
1616
4883
3202
4560
1940
345
1207
880
3561
1506
2449
4040
4518
1171
524
2338
1654
1005
1631
4499
4010
4957
4891
2167
159
2863
4882
4401
3986
2127
2677
4062
1360
1550
3030
2509
4602
2622
2124
4805
4798
171
1533
2034
857
4261
166
3046
112
2294
3661
4312
461
3548
1656
3524
3878
1715
4030
3607
810
3266
1314
4365
805
1801
3681
664
2163
4060
3489
223
737
4358
3337
1385
4383
2046
3144
868
65
4006
901
4479
2501
510
901
2776
519
3036
4764
2874
1359
1245
2146
2823
317
149
4055
4390
3883
4007
2785
3065
1416
249
505
3462
788
3256
3735
304
1999
4451
42
2681
3461
22
2777
2702
4660
4246
1551
4847
1478
3131
2145
1506
681
295
531
4259
636
3714
369
529
2253
4239
50
3887
2645
3783
1990
2558
3892
1752
696
4396
4209
1177
3766
2884
4210
4005
229
2962
2338
1689
3970
3432
1008
1076
1331
1737
1340
114
2860
4433
1676
789
2838
1272
2581
3096
1689
2338
830
4105
2618
4204
1061
3555
2152
1556
2341
4701
849
677
2423
1763
2561
1382
1445
4527
3946
3686
510
3995
447
4135
4715
2645
4034
2052
752
39
622
3248
4398
2523
4342
1972
1558
3520
452
2396
616
1059
4278
2302
4185
476
4843
4576
4307
4771
1244
470
1894
3584
181
2293
3284
2005
1186
807
3435
3896
1111
3851
2763
3960
3023
2472
2351
3187
438
606
2712
57
4122
1977
4085
1033
844
3034
2607
3079
645
580
3241
4702
3723
1136
685
4583
2323
2078
2265
3078
704
4625
4584
3822
2585
4589
1308
2281
1353
287
1089
2917
912
4121
542
870
1983
2232
229
2796
1561
2116
2138
4025
1484
228
4960
33
3991
372
3654
4614
2294
44
4424
3311
1728
3294
2546
1845
3554
291
1143
4746
4044
4466
4864
4222
3889
3550
3561
2343
2668
4427
1637
804
2573
2029
1593
2566
4307
1261
2094
724
492
3041
2952
4809
3752
3103
3100
2196
748
414
3718
3012
2746
2017
1440
2694
3805
832
4774
2549
2034
2012
1542
756
1138
2479
2646
3738
1356
4726
4046
4307
1343
4061
3756
4927
2317
3893
2398
3138
4955
4596
1449
4215
1958
4833
3072
778
4695
2866
2097
280
3431
3588
706
4757
4046
446
2113
1514
780
3235
713
3944
2754
1538
231
4110
3891
4547
2964
306
69
3769
1710
736
4668
1206
4358
4781
1645
1975
1198
70
3207
302
3764
2410
2541
3422
559
1360
896
2606
995
918
434
1701
2327
264
4374
3430
811
945
3947
3696
3790
4401
2271
2901
4262
4820
4544
1645
3561
2442
638
4926
2936
552
4012
1266
3956
3218
237
598
1032
4811
3323
1834
1190
4067
3762
4521
3694
4587
3836
295
3632
896
3685
1082
3898
2106
4023
662
3270
3880
192
1145
2379
554
439
256
572
499
4909
284
2981
705
3992
3933
3953
3169
4987
4433
1073
1684
3833
3056
2255
2520
1537
1471
3648
1188
11
1016
3080
4853
3217
3410
4080
3806
4529
2882
2474
367
1502
630
4029
2668
3134
4530
1956
3616
3094
3201
992
3087
4745
3785
2270
1381
760
4627
1828
2358
1131
829
4308
2307
1949
6
771
1525
2790
2550
2379
1586
339
4559
1532
4793
3072
3428
3290
4627
3053
2437
1240
2072
1110
1548
1338
3771
204
4367
4856
364
1025
2810
3302
504
649
4920
1736
2630
4275
782
4171
0
1447
2452
1503
3916
3066
2921
4065
1126
4397
370
1204
1677
4132
110
4391
4847
3418
2801
3170
4361
3625
163
378
4150
1887
4684
228
115
2204
3511
118
2397
3712
1256
3217
2192
3769
659
3171
4638
1658
4243
1656
4168
3680
4131
761
1787
2982
2156
3629
4042
240
1532
747
4467
3076
3615
3778
897
444
693
3240
1246
3496
4560
2174
2707
1049
3672
1716
4093
809
548
1993
3125
1589
295
1835
3205
2524
4429
3077
3354
1641
705
3447
2426
2612
4021
1118
1875
3688
3652
300
1998
1045
2335
3770
4526
3965
4554
4074
137
3268
4378
4458
362
4984
2334
2546
4328
2424
2967
2047
2286
89
886
1720
1808
3276
1568
2405
3639
3835
1288
487
1545
4466
1105
3970
2552
482
3806
2240
2453
4968
4849
7
3561
4549
980
2698
2488
2663
1871
4206
2594
1356
3598
1402
375
2822
1158
2402
2150
4258
1181
661
2075
2843
1211
561
459
1667
824
49
3293
2170
3291
3861
1590
3631
1869
239
1497
707
4088
2710
1057
2629
4047
891
4925
2776
1067
4393
783
2032
4150
4402
4728
299
3960
4244
2084
1461
2260
170
509
4092
3335
3510
2831
2426
1612
1541
2807
729
974
4595
4512
4881
4755
3037
1212
764
1778
3686
1684
4810
3305
2217
4060
4880
3989
2597
2254
2636
1334
542
3009
3244
230
4248
3750
1108
1287
3751
3262
2733
1902
3426
115
1651
1072
926
1938
3351
663
4678
3026
1731
3712
959
956
677
2581
2938
4302
4674
994
891
3958
676
590
799
2383
1678
4032
1858
2747
844
2219
2278
4142
3647
3192
1647
18
654
1479
1564
588
608
3041
2640
1347
1790
4716
4814
2840
1086
604
851
3694
2178
555
2285
3543
2830
2365
3642
1257
4208
3018
3627
1964
2467
1808
3295
2208
4027
3357
316
2799
2925
4990
2456
676
1575
3431
982
2807
2154
3368
595
3103
1688
4367
1544
3802
1768
1896
3115
2092
2471
1958
2686
4801
128
3516
2785
4369
2020
4485
2138
3479
2277
3284
1083
4173
204
3441
3556
2432
2250
1873
3887
2644
3764
2201
4123
2260
383
4638
4960
2304
2099
83
4530
1171
1789
4312
1488
1543
4396
1764
4411
2912
1164
4399
4548
2330
2513
3431
4870
2463
2051
2485
2691
353
4208
274
275
2568
2456
4787
1926
1153
394
3214
2379
4292
747
2032
4273
1696
2534
1909
4594
2157
4871
4907
2840
1373
4570
2476
391
1071
4905
2854
3395
1578
698
1168
4338
2499
1150
4907
2937
1507
886
275
1021
1896
4745
3640
128
4543
3440
4477
140
4746
2218
1612
2851
4891
3771
1204
3644
565
3511
985
3642
3499
4685
3191
3062
713
3886
2
4029
3971
2773
4972
2333
2405
1720
108
1601
4039
2293
4983
139
2029
3936
2246
593
729
2120
4796
4008
2477
3050
786
4837
1793
2884
4401
1723
4181
1564
356
2302
3956
3905
103
4054
4037
1583
1143
3527
3391
1032
4408
1501
2376
2510
4901
3157
3754
869
4648
295
2570
565
3918
1200
3559
4101
949
123
3756
2051
4300
2287
2705
4296
1688
3492
2052
2848
4807
2463
4936
1711
3387
2805
3911
4103
2077
4540
4306
510
3482
4373
3409
1612
2311
4494
3745
1171
1156
44
4985
3023
824
2501
3280
476
1674
300
2576
4751
1030
2573
4855
877
4676
928
1232
1951
2521
266
629
2663
760
567
3198
3293
3465
4365
4059
410
3108
1625
185
2997
2515
4132
2125
2947
3993
4176
3195
3825
26
461
49
2094
4768
3865
4573
3732
2279
2227
3871
21
1126
1992
1644
1713
1290
4879
1857
3477
4465
2551
4000
3320
3752
1544
1130
960
4313
1774
4201
1890
4189
2402
777
1533
130
1452
394
2151
825
4619
2068
4946
2335
780
2632
3135
125
3849
2463
4578
110
760
626
3229
2068
453
820
3095
4904
3810
3496
3509
3004
3634
4530
888
2191
4453
2117
871
2228
93
2105
3963
1503
2536
2566
2784
4030
2950
2281
4004
807
4962
874
1272
4627
750
2960
2467
1303
558
1186
2030
4275
575
131
1594
1946
1137
792
1886
2876
2006
2545
364
3259
623
4041
3171
72
2508
1284
791
1041
3136
85
332
3410
1744
3465
434
2884
2560
1371
2514
2286
3630
4125
839
3719
4514
4703
536
46
4586
1199
2
3918
3741
2614
3306
4049
2357
2643
2535
567
2615
342
1726
4163
3655
2035
4391
1034
2004
3880
1765
2009
754
2285
2123
3139
2479
664
3610
2980
1085
3977
1551
3380
1038
4713
3369
867
1686
1330
1616
4205
3026
2594
193
3115
990
3850
2846
3934
2836
229
3490
4704
2009
704
2066
1561
2249
1941
735
3458
4723
891
3200
1290
3751
4997
157
4939
3883
1213
1822
880
4053
909
1073
157
291
1634
2291
27
334
2366
3270
4031
3525
2112
8
3229
3662
1530
4276
230
447
4159
570
2395
2491
399
2689
4829
360
3288
2197
4011
1468
2042
3916
2087
2584
2080
3514
126
4805
638
2300
1921
2051
1547
4393
4012
4881
3948
4277
2931
3134
234
2407
916
246
370
2530
613
1808
2536
4121
4803
812
3495
3675
556
4674
2638
1599
4690
4213
1714
945
4836
1487
1548
4929
3282
4782
887
3261
3517
1068
401
2109
1128
492
2867
2100
