142
85
851
630
347
611
252
685
873
101
982
447
277
873
89
724
565
180
905
980
898
677
565
203
717
870
528
273
414
360
704
389
783
315
284
533
567
823
539
861
850
505
279
209
902
165
801
681
688
157
950
752
661
67
406
809
525
241
373
567
953
178
915
990
85
940
158
67
856
917
359
613
17
399
162
399
636
370
679
604
778
148
349
517
103
351
998
1
84
143
974
738
44
126
677
232
852
214
532
748
884
131
132
435
554
187
985
85
582
258
622
385
151
886
651
455
980
780
289
769
855
789
165
983
628
696
875
405
936
821
706
884
85
955
997
370
617
999
610
406
197
27
315
412
827
350
306
841
105
293
202
236
219
606
480
961
829
708
841
211
837
860
284
118
399
587
752
102
762
458
32
175
296
183
131
18
315
617
713
408
306
535
558
406
579
614
651
381
538
590
730
269
888
247
183
534
911
253
671
579
817
941
568
19
209
667
319
37
649
626
217
751
962
423
905
243
866
58
576
559
328
897
691
656
899
3
966
298
848
302
343
533
434
214
541
400
772
531
670
251
514
917
776
612
166
271
511
968
654
117
189
595
90
619
352
990
971
731
646
556
303
890
683
185
145
448
707
815
966
611
43
991
434
415
169
608
865
308
748
39
441
171
837
116
413
846
733
28
60
212
49
528
256
301
145
490
691
416
126
71
186
479
833
925
934
827
48
682
464
450
451
62
241
89
325
287
684
695
254
975
891
833
893
564
205
275
979
627
794
913
347
658
933
315
613
897
656
854
825
916
758
573
969
24
521
179
304
791
228
299
758
890
202
318
533
914
221
688
582
626
83
408
517
677
907
946
939
408
381
11
873
603
496
936
130
457
277
220
250
729
56
988
267
817
822
56
534
406
58
464
542
635
642
328
48
579
871
402
686
556
482
207
915
226
49
865
658
877
280
232
511
785
877
199
815
416
724
778
283
558
361
430
822
920
356
869
840
505
149
205
316
755
625
988
380
967
174
763
156
497
624
843
756
714
902
216
78
851
774
433
296
44
213
112
652
870
883
388
538
627
427
257
311
608
624
489
462
547
938
793
725
31
808
858
843
585
912
99
902
943
602
0
569
668
714
408
194
186
892
664
937
308
658
568
140
135
585
631
223
717
162
769
721
261
532
385
987
914
582
339
33
574
914
75
914
875
742
212
869
495
164
806
889
809
976
991
95
828
394
372
507
719
9
365
980
390
552
851
93
145
845
646
580
310
580
823
288
573
714
670
568
385
893
673
7
46
777
930
651
571
901
756
356
398
868
602
482
862
16
764
47
209
385
271
731
970
810
751
862
390
213
627
113
44
629
237
918
119
560
917
61
449
560
282
624
645
87
988
110
681
328
952
876
598
109
57
378
118
810
24
33
649
120
359
602
372
702
759
98
727
306
764
465
544
245
442
354
129
109
535
405
131
732
421
40
166
997
385
764
454
527
965
172
371
26
598
416
109
998
363
127
706
138
227
179
798
634
937
598
606
651
903
747
945
184
812
423
731
38
780
983
63
460
26
427
456
164
444
647
972
455
427
282
566
101
598
263
854
714
858
305
383
684
176
476
685
240
603
150
657
188
116
197
731
335
540
986
371
365
861
586
803
375
101
806
677
351
752
152
148
905
458
286
905
812
302
627
469
528
549
584
758
66
254
418
312
827
822
373
193
255
469
759
552
992
317
615
819
107
887
331
100
666
756
313
432
104
276
774
548
996
863
210
756
621
46
308
857
44
933
801
445
118
215
80
502
912
110
217
142
893
61
364
307
899
436
55
303
612
176
719
694
576
588
566
23
232
640
765
906
173
916
977
420
943
105
138
626
570
740
249
711
74
912
319
315
647
767
210
595
699
804
2
983
849
464
194
877
248
456
715
327
532
103
250
42
542
229
489
542
681
468
690
485
917
42
200
458
242
624
64
952
114
374
909
732
953
640
578
256
440
401
215
124
724
11
150
875
566
432
720
951
595
537
753
978
124
528
714
323
992
371
533
217
516
392
986
591
501
759
320
204
949
409
880
558
257
483
515
26
707
927
940
786
515
111
984
243
824
638
218
930
829
421
755
243
934
215
663
38
553
714
802
86
850
915
857
303
567
132
413
716
330
20
329
906
277
251
101
492
991
888
68
547
276
74
464
442
604
823
134
20
482
68
827
898
860
122
765
149
202
81
590
980
399
316
411
91
461
232
740
896
429
442
836
803
435
796
431
273
512
76
587
757
138
682
751
428
662
579
665
323
118
895
436
279
77
971
446
113
