8
221
300
152
2
665
209
477
18
117
339
65
131
559
670
189
546
171
536
367
37
202
241
36
554
578
600
499
178
472
253
389
50
603
303
269
534
390
454
458
189
582
617
611
393
394
194
379
88
628
306
654
525
185
460
628
117
96
527
245
609
355
203
661
608
243
54
155
115
4
92
161
677
526
144
535
250
466
99
293
408
228
62
495
408
270
73
92
511
582
64
482
533
26
577
699
587
373
24
456
89
513
241
291
599
524
680
259
329
524
17
419
103
669
696
98
239
621
208
565
605
238
127
315
236
508
317
494
383
137
226
90
160
207
647
300
226
142
609
325
426
460
541
265
580
41
119
423
480
47
490
311
35
122
394
667
236
617
565
175
595
267
400
695
405
650
321
215
19
334
483
524
665
352
38
414
492
225
105
554
380
595
574
65
396
120
360
254
107
514
52
669
399
635
270
49
174
277
528
353
389
450
513
396
258
306
412
507
426
70
236
255
139
62
564
636
52
6
328
76
555
523
550
53
12
129
555
679
60
536
471
50
657
552
344
401
146
402
279
247
223
122
505
271
205
459
440
415
592
217
427
649
451
467
288
151
470
232
341
649
19
176
558
486
291
13
388
39
679
135
196
259
6
606
516
473
454
194
99
155
116
22
160
150
2
26
217
511
560
218
582
644
7
36
469
140
189
153
329
451
386
681
594
403
688
482
576
13
63
508
628
504
239
291
585
301
50
156
441
256
51
425
139
522
309
373
205
484
686
500
498
676
155
533
601
587
521
218
158
559
334
124
655
202
142
421
628
28
34
82
60
435
646
530
259
613
355
406
625
536
104
282
572
221
102
42
70
650
248
45
682
487
64
415
325
396
408
551
326
290
397
284
19
667
214
638
188
540
102
535
545
638
139
695
379
556
639
101
540
281
593
653
128
313
650
456
465
63
178
247
607
547
409
140
269
521
50
463
524
535
475
177
449
218
480
167
491
124
639
385
463
11
285
301
432
178
106
523
163
42
379
316
435
199
661
449
426
301
423
582
508
378
460
91
262
122
671
377
304
342
408
314
15
205
140
248
381
413
214
625
431
278
576
541
665
55
9
532
615
414
296
643
652
485
611
149
599
463
43
227
585
152
635
645
201
307
165
248
624
430
472
110
310
439
557
100
699
617
664
315
143
337
582
69
207
657
514
560
28
204
661
283
135
468
361
625
372
188
533
671
113
481
38
464
675
73
224
399
443
675
484
158
658
478
617
234
563
636
451
692
590
519
24
199
170
33
80
163
24
661
15
242
4
674
226
1
394
499
124
652
489
532
528
203
348
168
536
537
490
584
92
684
436
609
25
157
474
254
254
634
410
642
692
253
116
637
482
133
551
605
143
405
331
548
244
109
414
320
103
33
273
592
171
416
450
318
487
582
262
550
441
658
473
418
567
580
571
579
328
63
655
593
585
619
203
243
528
169
87
202
243
32
671
628
278
472
304
697
439
66
35
402
326
164
57
322
521
447
303
42
478
543
21
105
603
106
667
625
220
333
575
582
384
92
326
72
27
401
63
671
68
293
473
639
150
119
298
118
357
426
605
404
671
338
90
598
89
558
60
355
