722
209
1884
1092
1296
125
1573
1624
511
710
1000
367
174
706
768
499
1374
258
1947
1125
166
435
189
1230
1888
1105
145
820
500
86
1757
1465
1134
1648
1937
1150
1534
97
156
660
1789
1232
1851
1907
743
1005
159
739
1449
17
1354
1000
263
1907
1654
1211
1210
279
113
1026
1557
770
1464
1874
1731
649
1503
1819
735
550
1467
834
656
284
124
492
1710
1202
1995
1925
517
107
539
1841
357
1591
223
1834
1779
1106
312
1816
913
1930
1721
974
372
958
969
993
327
1793
1492
804
556
750
431
1406
1978
326
582
1149
24
164
1172
1540
1348
546
1901
80
1152
1189
219
8
1225
1218
260
1219
1798
324
596
1939
842
1574
428
815
133
1482
1783
1198
1469
1356
741
143
1636
1889
966
1510
807
1369
916
1105
1651
1923
829
1544
1636
1584
620
1347
1499
1503
355
1525
1067
392
839
614
832
20
1752
655
1996
1161
188
702
527
1364
311
1322
1443
239
1720
992
658
210
819
827
1700
1605
1830
147
1320
1012
1307
844
622
1019
1945
1311
1743
288
1911
1509
10
321
623
352
1164
1474
1562
772
363
649
717
130
1999
293
1024
486
702
376
1463
1590
1202
1701
1519
523
969
1668
1254
1724
1880
147
1799
581
589
887
1089
759
1344
1264
1204
1433
1108
410
1319
1628
32
127
584
540
1717
1594
465
1634
540
23
451
1030
1022
1703
786
674
1102
975
413
1314
134
1791
1320
263
1805
1744
1752
1979
1186
119
1674
1055
1400
1526
816
577
814
1858
297
873
1450
1823
476
1313
17
71
529
1173
821
1593
444
1456
428
302
1831
230
1129
295
986
544
1433
419
1130
178
316
1773
283
1449
61
1809
1971
512
704
1519
989
785
520
632
135
1608
658
1270
520
3
1393
1608
1649
86
1286
570
1279
1196
1116
1907
202
952
1870
1480
654
104
502
894
1043
1355
50
412
939
1753
436
1023
1959
1665
1927
1528
550
1472
1802
1856
1499
1021
1770
1819
1194
610
384
1594
96
324
627
1451
1756
1459
1052
267
1437
1997
965
379
185
29
828
656
935
1698
1674
340
1529
730
458
379
1082
1773
1896
1360
592
293
1528
1309
78
139
432
1193
361
1757
771
604
1237
1691
955
1150
1515
1746
370
494
377
496
1885
1599
1286
565
614
1964
1584
730
980
475
1892
1820
1353
64
1001
305
1016
88
986
1339
1889
182
1422
410
666
875
902
1291
1611
190
498
382
1718
1787
96
1814
162
1367
50
122
1875
626
603
312
1527
1541
326
361
655
795
898
640
200
684
686
1691
405
1557
173
1804
1883
1123
982
1282
328
45
1643
224
1761
1058
1092
1215
1783
1448
1304
127
1221
19
343
1960
1033
486
550
1728
1500
1396
1079
229
64
479
53
1961
709
802
729
1550
1880
858
1740
471
744
830
938
1854
1254
1296
1247
900
1976
700
1201
1043
1802
1501
1977
607
1059
1823
1743
939
463
975
81
983
814
94
607
1527
1864
1300
1686
671
603
1026
1992
1467
931
992
709
379
724
1077
536
684
55
884
511
337
527
947
1816
1824
1495
1304
1605
153
682
892
1964
1153
78
1857
1614
397
1309
784
210
1594
1186
1402
1661
89
573
577
143
1639
786
1695
109
699
820
196
487
1977
1226
1693
1190
1267
604
255
1668
767
780
1092
1543
1668
1459
492
507
1998
1863
580
251
961
454
308
556
1690
1921
146
1399
1488
696
565
1760
906
1214
84
1559
1130
153
1564
1851
1159
696
944
1238
1672
1953
571
1929
1004
1606
33
1028
855
1235
259
882
1015
1143
866
1695
1301
573
1003
471
1462
182
624
1549
1681
1620
1575
1956
203
1957
1291
1774
1406
906
1376
382
248
1651
1253
1308
1456
938
834
1972
739
952
1745
923
780
1111
1881
1376
915
1094
1796
187
1228
1586
243
1125
1696
183
1608
1795
1225
691
48
1360
1414
35
84
469
1182
1821
1012
968
674
217
100
431
1099
348
1843
1375
1875
1650
726
709
1903
1863
1860
1120
186
1747
1658
1593
1837
1856
1055
353
441
1785
881
229
1111
576
622
112
1527
892
1823
78
454
622
1391
1864
1355
1934
1465
1776
1279
1511
847
427
1292
747
695
230
1150
1172
1328
1366
1015
473
1682
768
687
1689
1699
705
1256
310
550
1740
1071
1249
1135
1278
382
319
1921
623
1503
1173
1208
520
619
949
1922
715
1505
1972
391
1827
818
343
698
73
1384
1194
1608
624
1991
860
1710
734
828
283
439
7
114
1687
1010
1991
595
1302
994
380
27
835
767
830
409
1668
1785
780
15
615
877
1140
504
775
1249
511
649
1937
1753
951
320
717
1196
1845
1433
1100
448
1467
320
1293
193
347
272
1275
881
690
1530
1575
1370
293
17
845
1439
1926
1874
741
1024
1411
226
1177
396
1915
303
142
113
1934
1400
241
1119
256
1865
47
1754
1049
1710
1009
894
1500
616
610
1389
34
366
1278
1476
1730
1499
1096
844
1312
309
552
1916
1199
830
832
251
1716
1907
250
1139
1065
1986
1312
497
1546
1592
1799
425
1983
728
1880
1063
822
840
604
992
1517
934
436
1991
425
503
323
283
870
864
584
237
1196
110
875
1328
1178
1071
1747
217
785
147
242
1782
704
1213
574
827
295
36
493
1319
1962
1975
1996
565
1732
493
1980
1119
485
1129
346
44
1514
716
1993
954
1240
1077
1309
567
1812
1011
295
1049
1842
124
728
270
1896
1046
452
717
1901
1298
581
315
372
424
1753
1482
1519
254
937
1612
1410
1234
1814
1365
1110
1159
1058
478
1510
1148
1272
1558
1081
487
474
1603
1980
1617
53
182
395
651
771
109
428
1103
1213
722
697
977
1866
1552
120
1188
520
1541
1656
1753
1158
1715
986
178
459
1105
1786
1076
1111
1775
840
1643
325
1975
1655
55
1529
318
1730
164
1275
681
1702
1064
640
1421
1104
294
450
1406
451
127
1020
377
1142
376
1427
958
456
214
1124
693
1713
1366
1078
578
1366
201
92
898
1336
1101
122
741
1194
743
1712
182
1853
1547
792
1189
458
1198
1752
1717
876
83
1429
497
1655
786
1908
810
1129
1271
1998
1212
91
102
1439
1455
931
1340
747
680
1098
976
382
591
885
1625
942
1596
978
521
512
315
945
359
499
942
1276
1803
556
930
661
1394
495
1241
666
1809
808
278
1479
1877
83
1080
1657
1321
1278
1069
1514
306
8
1800
174
676
342
622
233
824
578
1993
1979
1893
944
431
1881
554
1903
1021
1272
1102
248
557
856
1134
567
1432
1356
21
739
1492
1762
1691
395
125
1027
1700
974
1810
1192
1689
1991
1815
1206
164
468
1016
377
1476
673
349
601
177
246
1560
858
1785
1754
1787
198
1337
1298
583
95
791
1178
1840
1588
1148
174
284
642
847
405
1210
1844
396
955
159
1800
1012
1802
1403
1295
1246
1012
394
1537
43
848
935
427
56
1134
1003
1542
492
392
227
293
208
1928
496
683
446
1280
1495
982
34
410
88
492
1422
428
1180
1248
1914
727
632
1969
40
925
703
1680
534
1500
1555
1052
604
1227
780
763
149
0
945
375
650
1612
1042
386
138
1524
1529
152
1942
605
1589
1296
1448
402
326
830
1124
901
1975
984
791
1712
1444
1923
700
998
1837
249
109
1516
851
825
167
1869
1984
828
614
1246
1315
1903
111
1535
1864
994
1661
1803
1478
219
1666
476
1650
1656
911
701
722
1727
208
1342
1755
1092
1934
958
587
103
88
408
1827
598
300
1708
1612
1462
798
984
1947
442
331
1523
447
1294
1912
711
1078
1523
851
360
1471
358
651
1061
1003
1359
940
1258
317
739
258
1839
752
599
1711
337
872
1586
279
507
160
1965
1000
945
19
681
40
408
1558
509
774
869
610
1211
1731
1841
1599
1198
185
1893
1100
579
601
1176
1244
528
1603
1906
986
1381
254
1964
1517
1118
1543
1879
1366
1282
1494
5
374
1547
221
872
829
1794
1194
853
1725
1670
1867
67
1261
809
977
982
921
263
317
1411
775
1492
1382
1984
84
385
525
202
157
571
1304
913
10
976
859
1748
1860
1582
325
452
728
1402
1973
664
403
1578
349
541
1949
1616
1983
71
130
499
405
409
91
1851
925
365
1468
1753
960
960
134
609
1476
29
1420
1541
1207
436
595
1263
764
1527
563
1962
1074
1201
1290
1166
1167
1924
1328
1302
669
1277
1573
783
1755
1413
38
528
1220
1287
414
705
1148
1449
345
889
1734
1961
884
1208
1346
1749
432
349
1316
215
1062
1829
369
587
1572
497
355
495
629
562
939
118
975
1188
1941
1336
454
964
407
1594
238
591
388
1077
1053
1609
1597
1622
351
343
359
49
691
1145
1848
163
1427
199
1754
51
1761
631
434
803
268
681
1386
473
1970
1247
474
548
1312
684
886
1710
1908
1591
1713
1261
1443
1676
1919
885
1271
1359
1128
1710
1056
1326
1896
205
1164
1315
723
273
929
818
534
60
1622
789
488
29
1554
1026
832
598
556
1253
1568
655
225
175
351
1190
436
219
1173
1968
1536
393
223
1281
697
377
1330
1556
1409
341
396
1095
902
907
918
1559
1272
1302
1637
1315
361
904
1952
1791
877
262
284
1592
1792
1696
723
1678
1975
1883
1268
147
686
1501
339
1695
833
773
129
1838
566
1604
1910
1846
728
1036
699
1912
62
883
1492
1154
762
1203
74
351
1790
1170
1767
476
520
1305
1083
1704
1982
1092
299
583
1316
1541
1529
643
1067
149
1470
496
1027
743
1188
1753
705
42
33
300
428
620
1981
847
353
790
580
926
951
1832
663
1763
1933
1361
1005
912
751
1482
1047
1611
807
720
226
214
576
973
917
1739
1621
2
297
801
1448
1027
648
1485
1055
815
31
311
1033
442
1133
1768
655
1849
1614
1389
1157
1017
897
1563
1007
268
724
1471
1728
1425
1297
896
1166
1935
1538
324
1442
1869
1825
667
923
193
1322
604
1042
1876
161
1019
392
287
1520
963
779
1300
1193
645
375
490
970
477
298
1142
1374
830
1680
419
1936
970
1885
1183
1738
1727
873
1361
1483
449
1941
1994
951
1792
1420
487
1497
902
1876
1104
1204
1919
628
1328
1895
1141
671
1714
1822
423
383
420
869
502
509
859
1192
332
1517
1923
1461
489
1606
576
1763
1147
206
278
1964
1161
1669
1377
1270
812
648
578
1311
587
374
967
150
1105
255
1686
1111
1485
136
485
430
438
666
553
909
1881
235
474
488
801
1300
1407
686
1217
33
363
1362
16
1128
1011
1095
178
1297
1434
570
479
1444
268
1833
259
687
787
482
1890
566
953
1110
1221
389
795
1740
1460
882
310
1601
1522
829
866
1261
1200
1977
679
1666
95
1668
719
830
1350
1362
1578
959
1931
1048
1992
1158
1042
1876
151
820
416
810
905
1121
