738
9
764
681
457
106
193
559
591
706
179
175
365
394
715
525
368
421
67
568
64
746
469
125
653
671
177
374
600
672
538
576
667
63
93
202
310
198
175
297
183
152
3
520
485
693
548
541
681
188
533
439
90
747
131
211
580
545
515
14
500
485
621
373
226
768
437
632
251
292
482
189
745
144
204
528
546
748
567
568
42
751
327
37
294
32
414
774
254
633
185
439
430
359
740
55
681
430
149
407
555
778
780
622
121
592
484
330
343
434
790
450
134
66
331
550
151
398
476
696
81
649
264
468
699
427
753
169
326
654
723
236
186
473
194
386
60
762
479
379
729
268
758
670
17
537
344
447
706
472
496
14
112
375
291
297
750
564
457
625
748
229
739
794
638
216
792
411
612
116
624
742
27
318
619
242
607
24
479
499
187
3
653
427
239
742
447
602
669
167
160
657
656
693
696
69
73
328
706
574
39
257
235
79
338
43
489
480
68
515
598
262
693
435
328
693
514
473
47
684
538
551
458
398
676
452
6
145
79
784
468
431
344
676
229
154
722
663
196
557
53
350
337
157
197
491
790
366
126
150
199
2
345
793
123
172
702
276
257
739
422
114
417
722
779
739
369
364
14
232
240
476
453
749
67
27
575
432
361
315
213
64
700
704
143
256
263
15
528
43
606
574
96
50
575
458
564
161
772
200
603
159
641
147
327
724
320
292
790
741
374
192
669
538
641
299
656
705
641
506
784
268
689
70
305
629
289
380
391
641
464
146
205
738
747
628
177
375
220
220
415
430
209
128
329
714
43
198
80
0
511
370
241
570
685
63
783
254
250
588
536
233
716
494
663
309
129
4
278
698
141
296
142
49
46
769
333
531
365
437
546
287
756
251
71
379
582
78
556
146
479
702
252
668
10
641
462
27
409
743
43
641
580
267
246
399
129
549
189
217
732
796
667
613
755
153
295
242
145
150
348
693
677
694
518
510
446
366
390
281
389
545
322
113
791
585
588
47
29
753
45
608
234
96
398
788
305
143
67
98
97
92
53
618
702
247
138
627
796
185
274
562
538
53
273
332
793
519
708
498
24
521
722
235
462
708
240
625
163
642
753
561
586
450
136
181
767
198
732
383
665
583
423
75
780
168
714
503
95
455
209
575
581
80
158
416
793
76
181
319
379
759
196
482
385
334
236
123
444
231
208
5
713
27
537
199
112
574
643
22
572
496
648
152
87
715
7
514
321
412
721
66
334
719
463
409
58
452
467
608
9
574
218
11
798
153
763
203
664
667
751
142
132
67
349
33
611
446
544
533
346
697
343
159
496
241
617
122
519
134
82
647
90
654
15
372
271
133
546
507
216
34
290
385
684
38
35
607
190
13
541
509
439
262
699
730
628
543
771
425
318
122
93
21
34
284
545
676
173
228
546
282
6
409
657
469
616
507
623
629
506
28
786
254
588
712
531
374
528
575
338
10
691
579
487
557
567
620
6
736
14
249
462
172
597
2
302
172
362
777
788
40
140
782
724
124
302
449
689
152
55
243
139
672
313
229
613
564
235
2
273
42
294
777
731
534
633
226
719
555
521
465
359
604
616
232
597
380
656
727
618
195
60
287
609
17
260
453
362
205
404
706
566
615
135
278
668
156
773
636
615
535
86
153
508
436
610
334
299
160
39
493
273
188
629
105
391
737
265
774
460
125
100
335
746
91
392
422
199
353
590
566
298
563
359
612
135
404
109
292
137
621
293
40
347
326
84
147
787
50
635
108
252
39
240
430
639
74
794
668
109
521
553
690
716
194
559
118
539
418
703
526
3
71
161
523
636
230
175
546
