201
384
364
199
9
8
551
30
80
148
291
751
254
137
207
111
120
281
120
183
226
629
510
103
297
361
323
118
67
281
192
666
45
150
722
240
180
220
753
41
48
779
2
626
490
256
2
350
543
720
66
50
412
161
339
652
489
4
247
689
578
146
22
370
544
546
626
250
119
325
530
87
312
94
571
2
567
673
189
172
647
647
297
551
33
747
417
527
259
293
615
115
373
512
311
356
7
729
529
344
310
630
78
91
429
65
372
20
744
672
740
239
532
499
273
588
178
41
715
739
411
286
153
625
413
469
613
612
676
110
82
448
596
517
648
107
754
7
528
219
642
241
411
314
426
583
668
755
694
429
726
540
85
101
560
511
97
486
230
231
220
342
313
68
789
388
38
634
10
292
723
204
776
392
5
705
525
407
48
48
431
44
294
782
533
366
145
273
227
583
603
799
371
260
170
792
670
776
74
285
539
557
674
91
382
664
616
440
706
632
48
217
449
123
159
173
31
524
159
250
647
716
331
578
173
300
554
657
147
485
408
102
71
693
0
252
361
503
262
275
235
509
96
160
497
236
69
46
535
691
190
367
50
649
57
227
751
771
156
643
311
751
214
491
628
401
561
450
717
759
356
327
237
282
165
90
130
436
59
611
322
280
434
483
295
82
296
86
443
124
708
322
783
90
198
94
453
148
57
578
205
461
69
7
332
516
674
474
665
615
455
450
66
46
639
203
107
443
125
783
182
204
583
193
126
602
301
309
157
370
733
623
78
14
719
774
461
239
283
693
730
216
683
542
572
234
266
27
674
728
540
611
709
646
487
341
233
131
335
35
66
160
96
542
51
524
260
282
690
621
116
478
776
477
523
555
628
31
22
775
431
476
520
676
330
543
170
689
435
265
144
797
759
785
230
259
513
540
201
695
161
565
594
235
8
73
653
286
399
161
328
706
791
541
679
424
490
106
692
394
193
799
691
181
672
186
148
337
636
370
770
559
348
280
536
14
669
527
531
777
79
613
131
0
317
13
667
578
522
59
359
724
695
539
797
33
193
110
173
605
199
642
402
87
137
268
618
283
139
37
482
258
761
30
331
439
389
673
137
102
396
422
169
514
503
111
338
787
414
545
341
763
422
95
191
740
586
484
269
712
247
157
478
379
754
97
228
793
757
14
788
488
22
577
158
426
392
625
438
321
634
488
624
254
734
543
683
489
485
629
356
423
37
108
299
330
540
97
594
571
142
582
642
508
331
413
328
381
748
179
589
446
763
214
547
796
370
533
475
153
668
210
403
236
56
486
556
66
29
594
218
368
279
126
629
599
430
464
525
786
647
682
154
606
580
128
369
550
455
372
274
139
245
112
318
76
789
640
295
88
375
361
767
621
593
138
562
299
69
589
560
795
158
106
546
85
185
761
478
531
161
305
566
144
82
514
746
699
671
715
446
62
272
313
230
774
291
350
29
334
626
521
597
460
725
455
297
152
766
213
591
661
483
609
361
605
697
413
666
109
443
158
278
682
650
439
370
238
366
45
218
787
635
55
385
763
399
629
403
378
759
425
167
576
530
374
528
679
461
467
530
629
493
588
626
110
139
406
711
730
761
557
108
238
547
492
791
538
625
39
451
782
553
264
74
10
497
613
623
256
594
539
599
616
24
521
439
224
405
491
489
734
134
464
344
116
206
731
699
382
286
531
127
10
566
167
124
581
516
322
745
62
651
614
108
345
768
424
650
691
686
40
28
45
633
684
226
87
447
536
498
602
315
492
457
481
707
569
258
69
401
737
292
180
478
650
277
254
42
671
397
283
761
516
741
156
55
307
238
748
