4491
2667
1351
32
338
1696
2782
2414
1039
3037
2985
333
2153
791
4822
915
556
4093
1356
508
2641
1691
972
1232
4321
1475
4990
331
3487
2227
3149
702
3471
945
3816
676
2439
4307
1758
2727
4856
2156
1197
200
112
929
2687
3301
1584
1241
226
1628
1469
2882
419
1766
2686
4305
2766
1823
2968
1809
228
658
3737
3557
2361
3249
2887
840
888
4298
4244
1657
222
4350
2337
2533
888
2347
2820
453
4554
633
4647
4222
742
1177
2710
3198
2724
856
3773
4668
1852
3132
716
2033
1485
734
1040
4987
3241
45
1102
4705
3807
4355
87
1696
4436
249
763
3243
2464
4134
2555
4921
2097
2132
967
2449
534
3595
336
2008
4065
3639
2332
2931
489
4261
2308
4952
2259
3715
1795
2550
933
3229
3917
4598
2504
1651
3041
1713
655
1304
1429
1152
4904
3341
4765
1451
2389
84
1727
3337
3631
1465
1918
2422
2593
146
648
3499
804
1944
198
775
372
1405
2976
2074
2862
4525
1795
3754
4292
1354
673
2239
4511
383
2139
4978
400
1990
3052
1387
859
2517
829
4334
4224
2330
4736
4927
351
3504
1380
4709
3359
2242
1621
754
3356
3292
1324
4787
395
1929
3826
4410
4226
3830
4077
3801
3753
3197
4692
2217
3071
1814
3277
224
2907
3937
1953
2281
1616
2159
2480
3293
539
734
2598
2176
3836
1002
4401
679
3727
4696
1494
1917
3798
942
111
2236
1549
223
4292
976
1625
4882
995
63
4502
1946
4293
1077
1283
4953
3814
4948
2964
2157
2424
1057
2836
4172
4605
1250
2261
2260
223
2067
1262
4651
3975
503
4247
4533
1574
2844
1996
2420
522
4959
3916
1394
736
3799
3141
1809
11
1342
2493
2044
215
2609
519
4919
973
4424
953
104
2403
3569
4294
4233
4254
1303
3820
1581
3751
1928
2284
4008
4791
4141
1242
3628
2360
2138
4096
2453
298
4117
4235
262
63
1171
1905
1685
556
2038
1854
2561
1700
139
466
3396
2130
3503
888
4851
2274
2642
3029
1722
165
1268
4883
2740
384
4187
4602
457
3952
4111
4866
3600
3628
604
3671
1739
4110
2519
4961
570
3575
3364
4174
4520
1278
452
2319
3506
3013
3492
1796
4262
1425
2304
1868
2816
76
4374
310
3255
712
1103
285
4878
2753
713
2979
3206
4288
3463
3917
4408
4984
298
4767
4369
2967
400
276
463
2235
1595
3123
3288
726
3533
817
1185
2999
2815
3544
772
542
777
377
435
4876
4763
1651
2104
605
3378
2455
2799
1859
839
527
1491
1688
3033
3747
4061
4663
4603
3376
3788
2744
2616
3726
3318
4838
1594
2356
3940
527
1274
2826
1851
3584
4929
730
2447
1377
493
3523
514
372
1200
3324
4146
2206
682
4506
161
1935
2407
3942
3542
2980
1956
2294
64
4550
866
4526
1011
1646
4524
2147
763
4672
3005
2964
2285
3505
4099
1725
3838
1383
273
3169
1274
787
2944
3787
3782
829
3148
3105
1210
3469
4701
4422
318
1921
2836
1314
1061
4040
1902
2241
4543
2761
3925
685
2944
3153
4593
2224
2222
967
1261
4922
4936
2446
166
291
1577
4607
3463
1269
1628
4895
1703
1601
4010
1460
20
2509
2454
3912
57
639
4258
4760
1435
785
4482
3867
641
2425
918
2370
4329
4779
1198
3713
744
4309
4790
471
3977
2967
2432
2463
4759
2013
4296
2803
566
2170
1331
3106
3779
1682
1201
2127
2923
908
4881
190
1529
115
3043
4314
3162
3088
1145
2776
402
1286
1695
2970
2697
3161
4370
2761
1216
2091
2381
1226
565
4317
462
3843
391
446
2047
931
4115
4627
456
3699
2852
1275
3969
461
1721
1006
1277
4207
409
4338
4995
3396
1338
1689
110
3440
1214
282
3156
1309
2478
2962
836
3550
4817
4783
3120
576
205
1889
4994
1720
1983
3813
3387
1573
3853
3479
4031
1587
4944
4852
572
4713
2791
3882
793
4296
2774
1556
4146
2184
4198
4253
2794
2432
2133
2576
4514
4914
4166
2098
4181
3593
4180
1909
926
3703
912
4721
3505
2832
1051
3273
798
4781
1413
4200
3093
3053
1147
3990
2435
2822
2870
4034
3410
3020
4840
4814
1142
2156
3250
1522
4684
8
3881
342
4565
1919
888
1767
1440
4360
3278
797
4078
3755
1864
1583
4719
252
1681
291
3546
3245
1661
3742
3025
3407
4917
1300
1363
1100
2661
629
4475
1676
818
3204
3013
4105
959
4301
161
4321
366
3139
4472
4249
235
2403
4603
1137
3580
2736
604
1839
325
3604
2612
571
2361
1519
2931
2501
2554
1287
4982
230
2537
1933
1290
3545
193
1496
2526
3303
2566
904
3503
3905
2787
3656
2470
3406
9
353
3148
3602
75
120
4749
3335
1742
563
4354
3778
191
1469
8
236
4588
555
2695
3747
4740
2002
2629
3157
1418
3631
1920
329
2101
3347
4858
618
35
329
2582
3008
4555
4774
3682
404
1194
1563
3461
1856
542
1706
4191
730
3454
2147
3320
291
986
4201
4720
4255
695
318
2414
2891
3410
4351
2820
4278
3550
853
928
2934
4697
2690
1277
4401
2937
1709
2839
1220
699
2289
518
1498
2564
4672
370
861
4328
1767
1125
4506
4264
1727
4054
4596
3897
3584
1481
520
3287
1825
1739
4968
1857
1040
1940
1919
4061
4482
3309
2400
3556
3984
89
667
640
735
4376
4060
2666
1386
678
3561
657
1190
1731
2305
3101
4242
3691
3300
2793
3225
3262
1178
3070
2397
3553
1332
1972
4417
2915
1089
4467
1242
1348
2958
2184
492
3743
1414
4692
4837
4801
4321
2670
4776
1914
1068
753
4161
4888
3525
3392
1072
2522
104
3237
131
3322
3923
4673
2252
4076
2275
1653
4060
1683
1153
4888
642
4259
1389
201
4173
2617
445
2316
4537
1118
346
3034
4673
3522
4711
3048
3210
4774
2318
370
2408
3978
2353
1656
2608
2892
410
118
448
3370
1744
2290
4286
2159
3366
2775
324
1537
3050
1750
3829
3924
4463
2188
2751
2287
2679
2326
925
2523
2912
1288
2279
1900
1921
2214
2472
793
1898
3362
1604
2829
3374
2964
3748
1344
926
3256
743
2839
2058
4960
3007
879
2646
3618
2702
4786
3256
3197
4843
2208
1386
4973
4612
1958
1992
422
3145
628
3207
3077
4579
3816
4479
4529
2911
4145
1431
1952
3587
1222
2556
4615
844
540
2365
938
1281
4478
2134
2241
3560
455
631
2843
4939
3187
89
1604
703
4171
764
2706
353
1631
600
2718
1988
1118
2230
2045
2819
2602
1329
4950
4023
4230
2247
4310
470
1241
4494
3047
4258
4748
613
623
2025
1855
4392
2636
4917
1762
2831
4806
3466
319
4412
4453
39
461
3151
4417
4451
478
3415
1833
4654
4274
3831
4579
2721
3029
3795
1114
626
572
734
4021
592
2941
3090
4803
2232
244
578
1733
290
3178
431
1388
3571
4559
2373
1938
3983
2704
1538
3740
3970
1020
4131
3804
220
1920
3730
4846
2255
3363
3663
1936
3054
3595
2410
772
2068
1166
4131
2146
2917
2213
3510
4750
1413
2523
1838
162
4699
1011
4605
2204
1890
1983
4853
2527
1348
2957
3118
3639
1323
180
1084
4302
2878
948
3932
196
828
4971
236
4771
3040
1708
932
2944
4977
4842
3325
189
276
2291
3692
60
3160
63
3786
2086
1838
4264
2203
1522
4531
2003
2665
2985
196
4612
2749
2541
3957
1528
4362
2562
2390
1812
4654
3573
482
1331
4477
2945
5
4804
3972
1744
2473
898
550
3134
2309
372
4878
1002
1675
4933
2898
1918
3924
2591
3145
2069
35
4224
4425
76
3578
583
3215
4161
1701
4840
3612
1016
753
4914
4816
3405
4952
2801
2213
4739
1453
1815
1083
4075
2822
2422
2507
3272
2067
521
1475
3943
4809
4456
4477
709
3034
4826
3668
4592
3717
13
2836
695
4118
105
2452
3989
2770
442
1515
4273
3706
1988
668
3185
1601
465
4080
1229
419
3510
623
880
4156
3460
2194
2264
1506
3978
879
543
3968
1063
3882
4154
2199
101
2965
4391
4435
2457
1308
3171
3104
1351
831
3529
3848
2603
4157
3551
3922
234
3137
1466
495
1295
3212
914
4900
761
4687
801
1719
2281
490
3708
865
1690
958
804
3855
1849
1068
4550
4740
4588
2024
438
3846
2215
1709
4403
4651
705
2574
907
4616
877
3319
2135
3637
3268
1182
2466
113
2576
4856
3515
2454
3004
2340
1018
2073
4519
4750
2102
104
639
138
4204
392
2994
4022
2677
4218
2519
946
1015
3121
1459
4790
571
4098
3272
904
38
416
448
3872
113
2452
2319
2234
4099
3782
2742
1536
311
1514
4468
689
240
2337
2527
4498
616
2403
3608
2488
4640
3174
3917
991
2282
2638
4607
4001
3330
3713
3524
246
403
1413
2791
661
1662
3265
1371
2509
669
1237
1039
346
2901
3422
411
4095
786
2898
3880
3124
988
4220
1966
652
2679
3181
2383
3518
3729
1288
2056
710
4005
1399
1584
104
4284
1191
1281
632
4491
2405
2916
4384
3295
3883
1361
1159
2797
3931
2420
1658
3606
2407
1946
826
2384
491
3483
779
232
1496
2514
3292
2514
3477
63
3271
459
2468
4597
3550
4974
1110
4255
264
2643
4588
558
3951
4734
595
3702
1663
3035
2523
4350
3574
1471
3780
1262
2010
2473
4798
3779
2899
4088
2971
1486
1263
2046
891
4867
499
1386
4748
4236
3893
4083
4708
4805
3331
3520
4629
1003
1983
525
3451
3638
2266
1640
3421
1414
713
2178
1349
2913
3801
4921
374
1122
3283
1305
2281
4550
1227
3722
604
3239
1067
3277
4216
1051
4607
4449
629
4895
2397
194
1676
3317
2571
833
4216
2965
2212
662
2034
3112
2176
4170
1224
4807
4999
4977
4690
2866
378
3684
272
4405
3895
1917
3027
2076
4423
3707
4175
2047
1549
4134
3713
664
2109
2652
19
2745
1118
2050
1241
2171
1510
4542
1783
4922
4800
2641
337
1364
108
2058
1214
232
636
157
4690
1707
2343
195
1383
4517
4628
1235
1183
890
1548
2702
1257
3093
3403
3896
1725
2207
2109
2147
22
1165
1402
237
563
1735
2477
1
4017
917
2287
75
3353
4092
1122
1157
4025
4486
2365
4103
1978
4064
1795
267
2454
1813
2200
4878
2572
2583
1706
3363
929
2805
2999
162
2916
409
2241
1853
3677
4488
1635
3858
3515
4796
4790
4397
1482
4351
2084
1029
1902
1477
4264
2311
2254
2004
912
1776
2351
3688
1945
563
4556
4911
3718
3002
2199
3627
644
3201
1591
3270
1892
39
4950
3655
3653
2014
4741
4138
4126
4577
1054
2062
3710
933
2366
2912
592
688
3213
677
2302
1615
139
3221
2416
2075
4065
1475
2161
1835
3321
4441
3615
685
2571
3512
3877
725
4398
4293
3966
3600
1503
1903
4680
163
2376
652
35
788
3280
4955
429
2418
131
2597
1627
3249
3102
3333
230
701
4913
4630
2143
4336
2961
2604
3168
182
4353
3890
2009
1733
3348
1907
1636
1483
1602
2532
4197
4599
2277
3326
4393
4985
4614
1401
610
398
2929
2404
1869
1996
3090
1306
3329
972
3410
4990
2795
1805
2746
3407
1778
2028
2202
2350
2932
2345
3567
3268
3163
278
4111
3937
3232
3961
3618
2167
4482
2376
4847
1013
3587
1908
3999
495
3432
4357
3690
3411
3826
4261
3053
622
1726
490
2637
2213
4293
3955
3995
1960
2952
3251
3091
840
1157
4219
1698
897
574
1682
507
3747
4828
4192
3551
2659
3656
1952
223
1006
769
4180
663
541
4903
4674
3992
1459
2499
4739
2658
1372
1473
3916
2637
752
2779
3262
1362
2245
2755
3577
2475
4075
1348
3461
475
2184
1558
4088
1203
4516
660
2436
1906
3574
3732
4432
3632
3925
4914
2150
1160
4044
3201
4565
2088
4909
3471
1445
526
1030
3924
3783
2048
2864
1007
2839
448
3684
4389
4642
1427
2824
2791
3377
4388
855
2503
2312
4193
1799
3822
152
4449
988
1581
4384
601
698
4262
243
4754
2335
4046
3522
3217
2671
1505
4442
1587
2729
258
688
4834
1447
3886
697
304
4571
2812
159
2055
2596
251
2333
1506
4104
2575
451
900
275
1458
4709
1235
1598
3779
2062
4280
4875
406
1522
3294
3517
688
4880
4045
4660
269
1111
1058
3262
1727
776
213
3545
2477
1648
702
2124
1758
1665
2948
846
400
3015
4428
3806
410
4965
1954
697
2106
3434
543
4082
1531
3694
1264
3980
3183
4686
2038
787
4109
2679
79
3057
2383
1607
2857
684
1195
1103
2886
444
3812
2076
1968
1211
2076
1085
443
2765
328
919
689
1558
2040
692
3470
2115
1642
1219
3817
3776
2385
2616
923
3665
2727
4620
3687
1868
1764
367
2702
1331
762
2434
3189
3800
2543
4841
286
2578
3918
1909
4648
4292
3234
2832
4796
4083
4240
4609
2157
3688
2240
2528
1347
2580
495
4500
3284
3288
2429
1415
3943
2535
2926
4339
1671
3819
3735
2245
2584
1916
1270
2648
4385
103
2134
4205
2373
4755
798
990
1080
3839
221
1570
299
4535
2525
3826
2005
3933
1833
3082
1630
1891
4163
1620
1096
3455
1639
3158
2996
4328
2246
4875
166
2477
287
4047
719
2605
3504
1204
3101
2265
2797
690
529
4133
3563
2756
1908
3197
916
2917
4502
1164
1047
3640
3917
224
3091
1343
3415
1098
2776
2252
485
1537
2754
4075
2292
430
3162
1632
3880
4137
3275
2397
1567
3595
4830
4052
959
333
3379
4531
4117
1734
757
37
3323
2282
4984
2516
4357
2165
65
2973
2689
1479
4498
2788
3352
1337
4256
2070
269
965
3283
1598
4753
3252
1250
4151
609
2490
2449
256
2981
2827
1816
309
2477
4673
2185
1674
3137
3413
1557
274
3038
1971
475
2342
3416
2914
398
1010
4249
3400
2522
4873
4956
4733
1195
1264
606
462
2514
3504
2890
730
3957
4429
1247
505
2346
172
4121
1207
3424
1297
2064
64
2186
1854
4880
3286
480
2567
2558
4886
1851
3522
1756
1769
2477
1405
3538
334
2875
1304
4193
253
4065
1009
2373
4006
368
3438
3526
4111
2414
725
3003
2020
1978
4623
4892
2513
210
1755
3034
3099
4115
1398
845
173
852
2800
2545
4183
4472
2075
3366
2872
710
3781
251
3380
1102
3436
239
96
50
2785
2291
1050
1239
1917
2927
750
4759
4920
3936
339
4653
3400
834
1381
2196
1878
2416
2075
1155
877
573
2256
713
3748
4974
3375
769
1355
3470
1471
1826
1674
1373
1326
2974
2844
486
2826
4629
4066
1868
363
3197
3220
3928
36
2472
3051
201
4080
4754
3418
4313
1049
3886
1131
1280
4947
796
454
2496
575
2521
747
4628
4388
1507
3489
269
4576
2086
3639
4450
517
2752
4047
1059
3382
966
3307
570
3160
1033
1311
3223
2622
2505
1502
471
3156
2132
3193
3936
1029
1514
1490
4963
4392
3048
4967
2879
2765
1232
649
4694
4910
3913
2164
4126
3344
488
2361
1086
2137
387
4199
3610
4211
2077
1305
470
934
92
3648
1235
4340
1395
1785
3361
350
3675
210
3825
2708
2821
4157
2148
4234
4413
2159
3110
2710
3020
1266
2353
4645
2676
2599
4552
3133
2376
4455
3849
3253
4400
2320
4389
1937
742
1669
4063
42
1000
2374
4934
18
10
4447
1025
4733
4511
1380
2990
763
3268
3058
2551
3402
2073
1921
4794
328
4765
3198
3876
3518
2749
2452
3225
392
616
2850
4386
3496
954
4808
251
867
1027
3315
3744
715
4371
1408
4724
1668
4013
3493
1301
1650
2117
2899
4799
631
607
2336
1891
483
3326
2649
1876
1124
2109
2596
3695
3677
1917
347
1220
18
3708
2292
4293
2561
1062
254
2785
4188
315
711
3990
843
789
80
3289
783
3396
3794
2579
3217
863
3985
2618
2353
3417
982
1048
3091
1662
4747
1756
3323
4257
4280
3764
569
2003
4154
2588
4976
506
2819
4485
2040
4716
4557
957
4163
1830
239
4214
3349
1933
1658
3326
2420
2976
3734
795
2607
2992
2813
4625
691
166
1225
2465
1064
3447
4273
3775
491
918
3334
2240
1245
414
3692
3422
152
266
1869
2346
481
2668
719
525
761
2246
3550
355
4837
1792
4068
1220
3110
4118
2508
4744
3339
3237
3534
3671
730
4003
1020
1146
349
4536
4267
2009
4273
2948
1846
1562
1658
2358
2573
3347
251
783
4730
4596
137
3769
1940
772
4607
295
2612
390
2092
1306
3109
4311
1048
4524
289
487
126
4389
326
4594
4723
480
1127
4746
2645
834
4871
915
3150
2846
752
642
3120
3071
4913
3483
562
3827
4375
502
3009
2969
1586
4348
2682
2791
1816
2108
3291
2874
383
4677
1569
1970
308
959
2716
2785
2857
4162
1527
2649
4322
3330
1372
3783
2824
4982
1492
3728
295
4532
1404
3734
1370
4410
2715
2974
1142
2379
3928
1930
4748
3357
2744
1710
2488
3099
2749
4801
1943
660
466
4250
3093
2854
4562
52
788
3232
4001
1544
4833
4500
2787
966
4112
2741
2208
1863
4655
3754
913
809
4904
4942
3244
48
2345
3124
1818
1646
3621
236
218
1167
3261
492
4527
2339
2201
4454
3556
3080
2880
1730
3784
1116
4856
1720
2013
1884
3151
1396
4994
1508
2192
1814
584
2572
1753
412
1969
370
2888
4551
2084
3202
3414
439
3853
2703
316
1636
914
972
3402
4002
1617
2460
1439
480
4580
1042
3186
2101
1223
4966
3958
2919
1168
1597
957
3505
4324
1252
483
4216
2827
4880
859
1611
4506
268
368
1109
3886
3720
2361
4281
3248
3403
2727
1104
2388
3757
1947
313
1931
3892
4416
3822
3041
4617
3304
4046
2017
3445
3939
3525
4988
1509
4426
3804
2776
1263
3265
2534
3701
1648
1354
3913
1603
3172
1990
4165
2351
3209
863
1708
4116
2833
2562
3086
775
2754
2696
576
1219
4763
2907
3256
3970
4141
3925
1391
93
4235
3603
2891
4946
264
4993
3352
3221
4308
3288
547
2930
3362
2194
2523
1830
1097
4798
212
3629
4829
3247
345
2637
4690
4239
3261
3322
1348
4328
4742
2451
3365
2891
1711
4978
420
4938
993
2697
1726
2991
2605
3448
3716
3952
1984
2699
3049
978
4500
3143
4670
3554
3278
3413
1236
939
4073
1791
1526
4185
2711
3000
4376
620
3431
3392
4111
2680
3592
3437
4519
3385
1616
2045
2795
2804
4137
4736
1660
4737
2225
4818
3497
4397
308
830
2264
4387
1528
1686
3494
3874
4597
3247
2065
1082
4503
961
3023
2624
4393
188
1498
450
1856
3142
3139
1252
1697
2809
2551
1712
1096
3002
146
4411
1150
1427
3879
1916
286
2659
866
809
1540
4179
3666
2626
3290
4449
1766
2974
537
2481
1363
1964
4080
2999
1791
1306
3076
4050
61
4345
2204
2442
4477
834
104
4634
1951
361
1846
1921
4988
1639
4976
2898
4786
1175
3245
483
1570
4214
4938
3914
1615
4389
2525
2211
4053
274
1030
631
3683
522
1427
3583
3750
4692
350
2334
1516
4431
4165
1108
434
1539
2757
2807
1442
4429
4276
1251
4605
396
1226
2866
2497
2640
3603
4823
967
1698
4348
2828
1116
3790
3855
4116
297
1070
2620
3771
2665
2528
4822
1873
2710
488
1392
541
2233
328
4818
4254
2412
3963
2076
285
1573
1065
2989
4782
1426
1500
3456
4454
4924
3762
788
4150
2978
2339
2903
1389
18
4562
3086
4068
2445
3801
1892
770
2296
4437
4676
4696
1315
4200
2084
799
96
1781
888
3733
2602
4294
16
1407
280
1217
2056
1816
1948
4833
4394
3896
1100
2745
4585
2656
1108
1555
1740
3009
1045
1463
4102
4764
46
3807
4446
2372
2710
4207
4336
1024
2163
4082
3671
580
4011
3511
2781
4791
1140
4706
904
264
2354
4375
4059
2217
4829
3602
3174
2662
2771
2586
2699
4607
841
580
2175
2680
2722
203
3496
49
3409
3636
3601
4714
1217
4152
351
3071
1351
4947
743
3121
416
2490
591
1940
2597
3481
4877
4741
1295
162
2808
4252
4504
610
1361
1047
2344
3517
4589
4111
24
1514
1290
1787
3599
1329
3667
1306
4815
4000
2586
2263
83
3213
2401
2797
3903
3870
1750
1553
3028
404
824
4111
1647
4550
202
4805
1332
2130
459
3196
380
982
1870
236
224
1957
293
4823
1081
2701
470
2150
3070
3140
3583
743
1169
387
3219
496
2727
731
4353
4542
1137
2972
3437
3790
187
3149
477
3388
2937
1869
1554
1002
1617
1976
2649
3176
441
3237
1997
1154
1582
724
4043
2383
2566
181
850
2165
4419
4283
124
1282
4188
3976
1478
4926
273
66
4032
852
1194
3635
121
1751
3325
3110
3994
3337
11
2901
4573
4511
1318
2688
578
2192
3265
1168
437
2092
1908
2625
4920
3194
778
3950
4545
2521
793
2566
3351
328
149
2996
3014
4825
4289
340
2509
3791
3595
2977
944
3081
3475
3092
79
983
1144
511
1234
2113
271
1552
4143
335
4297
3689
2970
4187
519
1524
4376
371
1892
603
4439
1410
2928
429
3405
3942
1213
3365
3308
3924
4168
1077
2647
3375
909
648
3588
1048
3407
2388
158
3400
2699
1038
85
1528
4895
488
1556
1345
1773
925
599
2552
1014
222
2655
4025
4581
2749
3204
2220
1217
3421
2246
3525
1870
2253
191
549
696
3682
1928
1855
1533
929
4927
509
2486
4774
3538
1104
994
3758
2459
3814
2280
1529
639
1813
4014
4500
3492
1766
1467
4155
4023
2157
3053
3403
744
797
3767
2852
4011
2368
2947
3014
1707
3068
448
1099
2636
1937
2888
1898
533
703
4625
3900
4297
1045
1414
4607
1529
2756
465
200
655
2130
2095
3381
2393
2586
2904
2832
904
2704
745
4400
1805
4642
4752
4698
607
346
755
4373
4203
2345
710
2626
2720
838
1431
4266
493
3147
2679
1777
4818
2736
536
4033
2776
2097
2213
4602
3054
1154
3187
796
3345
2116
1322
1703
1583
783
1135
3538
4815
4687
4442
2336
2601
3171
1830
1384
438
4064
1778
4915
683
3884
588
4001
3832
166
661
2828
1319
2131
3188
3830
2475
4436
35
3471
1167
3435
3112
2454
1551
3588
2609
2712
4543
4873
808
4991
191
1613
1038
3994
1543
3882
607
3218
2277
1125
1041
644
3632
3647
1802
4762
879
4199
4222
3461
4051
3003
2234
2757
1078
2038
2944
1560
1399
4699
2967
4369
2756
3567
3813
4232
642
3181
4740
688
4499
2907
1303
4285
532
1617
2616
444
810
4066
743
2829
1033
2331
2760
3347
377
488
442
2292
3285
1134
4960
3395
497
4747
2254
4619
3007
3481
465
2110
814
1714
851
2404
3832
390
3617
3783
943
4679
563
4515
899
2029
1696
4163
242
1318
4708
3758
284
1637
2079
2841
2058
1451
1610
2134
1435
4963
4224
3506
3739
1199
4319
1060
512
633
3627
2808
3937
124
837
1580
774
1720
333
4298
2775
3179
4609
2620
2650
37
4104
990
4603
3933
4143
4245
362
895
4143
1566
4676
1615
2226
3921
151
2094
2416
4771
3751
291
2914
259
925
94
282
4380
82
2173
1253
4129
4912
3353
2102
4520
2257
3579
793
2981
2407
4296
4080
4879
4215
4820
717
3551
3130
1427
2821
1428
3834
4970
493
100
4381
1187
1484
4645
4673
735
573
4378
453
3246
2063
3633
3919
1251
3514
4697
2527
4275
3280
1064
303
211
4270
610
477
3529
1950
431
2791
2011
995
4635
4122
4220
3479
3633
1471
4709
2748
1497
795
4192
2845
4222
2817
2087
4849
3181
526
491
1548
3431
4624
561
1953
3327
3132
4311
4383
63
2810
52
4791
613
208
845
416
2035
4352
2059
959
1028
3878
4802
2726
4282
1787
3357
4911
4805
1303
1093
2182
4358
4150
2016
3928
2993
4746
2910
4876
4681
424
3423
1293
877
1650
1241
3785
4592
1472
3133
2793
239
428
4648
668
1539
2049
2832
3450
662
1703
388
1923
4682
4950
3070
4770
2845
4715
2509
1705
2553
1932
674
4258
1216
4164
3564
375
3900
2412
271
4094
1612
3759
47
2133
2491
3655
1147
3382
4395
4025
397
4063
3327
762
2150
2288
1333
693
3965
3290
2642
2098
1760
1241
3688
4964
2371
3357
3083
2351
2485
595
1233
4443
347
963
4967
4026
100
1149
3368
2210
2011
325
4416
4648
3899
192
3655
2274
4677
4794
1906
1974
604
4030
4331
3836
2842
1297
1856
1172
3667
4691
393
1246
4119
4051
1691
4917
2222
2750
3234
3206
1107
1043
4099
939
3955
3430
3079
3630
2151
2191
2475
1476
1740
4710
1396
856
4236
3534
513
2841
3574
2171
2505
1378
3152
4249
1410
2883
1292
1986
19
2361
81
324
3498
4319
1464
1949
655
151
631
1835
3002
2721
3259
2573
3912
3502
3206
1599
944
4169
1928
4214
4715
2563
3105
1593
98
602
3724
3447
1842
1014
688
51
3674
2448
4824
3905
141
2135
4482
3732
1243
127
4789
1253
1722
520
2971
2546
2345
3041
3822
4752
1997
1591
3319
479
3893
614
4401
4601
2320
2858
2844
2526
4415
178
4086
935
1708
202
284
1252
2153
4396
3134
1308
1662
2778
3960
3177
3554
3731
2012
3918
1474
1560
4765
4206
3880
1401
1223
4371
3619
1680
3786
1399
980
2314
1173
2058
457
1941
1096
2376
2226
419
4697
1126
752
3706
1536
3617
1005
3445
4030
220
2743
1562
3376
1012
2071
3600
4514
4073
246
4357
2654
435
4678
2146
1363
1814
1422
4732
3898
4556
1632
136
2868
2870
4172
762
4248
839
4144
3241
4433
4620
3559
4930
4755
3283
2589
4768
3782
3888
2477
4157
3267
3270
4913
3000
3387
680
1681
755
1087
3804
3960
1495
2722
4464
127
558
2939
4101
636
3421
1455
1868
2870
4636
2507
2449
2583
3180
2583
3451
1484
3884
3677
1812
3433
2847
4985
2012
3949
877
1499
1588
109
4244
1503
257
565
4196
3494
3720
3096
3300
29
2096
4088
1596
523
1512
3745
880
3313
4462
3144
3517
674
1713
2218
4635
1137
4508
4039
3023
3193
8
3429
2644
3719
1372
3248
2062
1260
804
1015
1666
2984
75
834
789
2256
4613
39
352
1584
1470
4492
2565
4707
1353
327
1576
1391
4726
1290
1717
358
4780
2658
4194
2014
2854
1446
3440
2882
3836
3796
404
362
3265
4679
2452
2470
4365
4149
1920
2824
3190
4269
2855
1254
2896
3165
1259
4335
4702
434
1570
4677
2315
169
690
1304
626
1042
991
1164
6
4948
2852
3689
1295
4955
549
32
1082
3782
4108
1573
2667
4757
2928
583
1985
2464
3366
2645
2863
1563
3835
1227
2979
310
1647
41
3764
2840
167
3565
1493
1427
3984
4423
992
970
627
610
1681
343
3097
3003
4600
4602
3684
433
738
4092
1223
4333
1813
1530
1899
4371
4662
3044
1944
2038
233
4181
132
3449
1500
2253
3019
1290
3793
3585
4291
1633
3582
3812
1490
4022
4754
3735
1166
2641
1262
2933
185
1331
3461
82
255
3594
4833
4993
1694
1769
4412
1155
1097
2133
1193
2813
3265
2740
3573
1899
1296
801
164
1345
1459
3770
2068
1577
3715
2011
584
4366
1616
3459
3850
1335
651
683
2497
2527
1422
2943
666
3377
3163
4629
3134
3032
3582
3827
3872
1597
3391
1045
289
3026
1920
587
1370
1939
2199
201
4885
3636
1824
1897
2505
3909
3475
2795
3088
1859
693
1900
1942
696
2926
1188
3872
4746
3422
2673
415
4753
116
3098
3960
4986
4141
1614
681
1609
3261
922
3657
339
3598
3577
2013
49
1322
3221
4763
240
270
4812
1300
2886
645
655
2083
3887
3957
948
4373
3597
4179
323
1516
902
1790
85
2228
1991
1058
2840
3576
2407
276
79
2530
2054
629
742
198
4692
2333
2828
3345
862
2885
2041
1803
1058
2376
4343
110
732
2975
1692
4914
170
4008
2149
4535
3610
250
151
670
1843
1480
559
4229
4584
2655
3978
3149
4417
4094
1014
1417
868
1785
1431
2572
849
1450
4349
3135
4131
4021
267
4423
682
1029
27
391
2597
4240
460
4775
4548
148
4717
1553
2796
4293
1620
803
1820
4597
1191
3742
3316
1438
2108
482
3310
1607
3692
4828
3716
2192
2393
2277
4633
667
633
480
3412
1561
3019
3639
1078
4350
4262
3122
1885
2539
3072
1430
321
326
4916
3462
2419
1840
957
2209
934
3939
3999
4672
1773
1157
3893
4585
2172
4101
4068
596
4771
2913
3335
3090
4477
3106
2652
205
3815
4477
1323
113
1587
3054
3055
981
3180
4131
3085
765
1444
1938
4298
615
1706
392
609
4247
4431
639
3105
3178
2751
403
2324
372
3765
626
4284
2726
3566
1462
3113
2895
3880
3384
4166
3582
4052
2466
3665
585
1494
3352
1344
45
3861
852
4465
4827
3046
1510
778
2003
3987
2980
1703
3952
2201
515
2770
2488
3639
2058
1741
4550
1850
999
4051
4389
1669
2993
2868
1635
4006
4826
1311
2671
2412
3934
1722
2737
3524
196
4261
3381
1867
824
404
1220
4318
3794
2307
159
2413
4991
820
568
4878
4793
1291
4407
309
2294
1795
2845
3593
1122
1418
2129
2946
1514
3495
2669
231
3159
2908
4692
3764
3226
3990
3466
1376
122
1377
135
892
4087
2017
4666
3624
514
4083
2551
1000
4275
1906
2812
2915
910
1037
3014
3820
3611
1717
3098
3737
465
3941
3466
313
2727
1450
927
1123
3255
2786
2686
1953
4999
97
4160
115
1532
214
