286
72
316
23
454
301
156
183
3
125
279
42
425
1
439
365
265
425
132
85
32
395
456
286
374
199
199
307
366
204
159
40
492
5
137
210
154
148
18
86
188
289
413
84
94
397
378
147
289
298
320
406
351
434
344
27
451
218
440
436
345
100
411
15
54
258
158
195
349
320
343
289
26
446
33
398
424
174
449
169
11
224
356
49
259
47
11
385
152
213
28
152
403
236
262
134
97
123
384
191
15
180
19
220
42
95
115
291
458
37
152
72
163
448
202
292
432
106
430
133
324
170
180
468
54
214
315
282
360
75
492
418
44
195
467
493
324
401
14
140
5
412
344
367
459
137
491
64
82
143
67
478
253
453
124
219
12
271
322
33
93
139
364
448
41
459
294
94
200
479
476
137
315
184
124
259
253
252
27
48
218
202
157
192
272
111
180
496
200
207
284
118
265
270
49
237
156
122
116
202
185
274
451
442
493
133
373
230
225
69
198
450
391
260
233
39
424
183
212
150
130
11
32
69
91
13
147
188
495
334
198
438
84
161
428
99
140
88
386
102
141
422
248
52
128
19
362
440
447
150
148
194
446
69
459
162
269
287
470
146
445
218
348
197
380
29
16
59
371
467
399
58
31
294
69
63
319
460
241
306
90
64
463
52
461
186
116
62
72
41
317
67
450
318
245
479
78
289
421
380
242
467
325
67
51
131
353
163
372
3
481
93
316
284
403
155
133
391
164
416
419
386
362
139
190
233
25
196
74
478
172
412
29
5
263
108
207
106
207
447
121
445
418
173
474
250
402
97
100
286
449
413
180
339
164
301
202
461
184
249
235
323
397
131
320
227
98
273
265
406
337
297
35
248
5
295
160
100
434
124
293
457
418
27
72
267
498
382
128
93
499
120
106
345
104
315
168
323
201
6
429
219
333
215
91
257
73
138
61
223
389
453
312
154
260
196
298
71
394
486
134
497
62
372
283
91
40
218
439
135
256
255
352
347
33
242
260
265
239
422
422
265
252
52
241
95
453
12
212
70
198
237
115
229
332
298
246
350
479
293
491
357
84
245
402
299
483
317
170
54
30
464
247
118
219
204
308
94
221
45
375
497
115
35
163
221
65
396
214
442
340
56
95
451
248
139
475
494
88
146
