2328
6551
2873
3138
4136
6222
4320
953
986
3582
3489
2123
458
6881
4532
5286
6201
6983
902
4766
4862
3017
4950
5964
3865
3513
439
881
2520
4780
6340
3559
1708
1437
1691
6280
4606
6904
352
3422
283
1231
1282
6838
527
660
6282
5825
1214
3348
5031
433
2677
4580
1967
6796
5478
419
2920
5920
3298
6516
3213
6428
4833
3390
1356
1358
3614
3185
4932
6862
1902
5983
6675
3694
5358
3173
1357
5116
5596
101
5018
3678
4142
6866
3350
6185
1207
2838
1236
2630
3224
3163
1940
1394
867
4964
3113
3168
1442
1552
6088
669
2486
3035
4250
5783
932
5008
3434
1355
4834
6614
5802
4289
519
6342
1152
5111
3520
5463
4414
4271
2302
5870
1815
3925
4125
2973
5565
5418
6816
4014
3504
3934
2776
1269
1433
6677
2971
391
1972
4049
6953
1331
4764
6535
4482
60
6184
1697
3724
6464
3195
6167
2288
5440
2634
5171
251
6163
1526
2688
6035
5057
6953
4886
5447
1258
6421
293
3561
2561
3688
6586
2744
5648
6212
699
4589
2961
627
6963
6175
1558
6951
5723
1650
1773
2719
1414
2410
5916
894
5878
1926
3877
2126
1048
960
2262
4922
3057
4441
1127
2288
6860
5744
3761
2925
1369
3227
3328
4891
6027
4758
6332
3598
374
1952
1850
6420
2386
5110
1242
970
3561
1255
4388
5803
3241
5254
2924
507
4319
1990
6847
1242
4897
344
97
5637
4613
415
2165
6846
6715
3885
5720
5307
2563
3246
914
4660
4909
6802
3450
966
6484
1185
1957
1773
6725
6382
6338
3846
6834
2894
4909
5106
4845
1818
1790
30
3019
559
373
4535
1095
4471
4565
6252
304
5225
2386
4500
5737
875
6944
5189
6386
2143
3297
3918
4704
5932
2915
2301
606
1715
3748
4290
5318
5546
1194
5973
4752
230
604
5851
421
3601
5150
4571
4000
1915
3381
2806
2442
4956
5912
1189
3025
6319
2454
6877
3973
2867
386
5541
511
691
1848
280
2974
3341
2267
3158
934
4016
44
3221
4167
4182
6177
1076
3672
4081
4959
1936
6446
722
6094
6400
1509
4332
544
2563
6873
5383
3797
2274
5161
3729
2014
6695
6041
2655
1763
4196
2515
6641
347
6081
5417
2163
3232
2589
5626
871
2165
4525
4727
3200
325
2923
840
5242
682
4398
679
6365
4030
2455
1961
976
385
748
5260
2787
1999
3957
5770
6556
5837
5419
2417
5683
1824
5600
5644
4225
3723
3938
6153
99
2923
3802
5367
1197
6568
3273
6004
5969
330
2161
5401
5358
2109
9
4707
3677
5307
4651
623
2455
1213
6511
6929
4547
4854
275
5848
2828
2003
178
6969
2462
4898
1560
2847
3601
5719
2160
3044
5750
3357
5172
791
4566
1167
460
3802
4050
1067
5331
4846
1197
5127
6210
2765
2462
2996
2071
3852
6762
2355
2753
5715
1110
2200
1522
5707
5978
2890
999
2723
6216
2235
3740
6742
20
1611
4088
6844
6790
6715
1672
1259
6770
144
6648
6123
5657
5935
2115
1179
2472
2703
2059
2955
1110
1543
4164
2927
2652
5797
3099
4388
1277
6728
3013
3922
3100
4083
4642
382
2316
1807
2576
4683
5906
2907
3379
973
1431
635
3074
2313
5427
1858
365
1620
4219
324
4714
3879
1291
5605
6055
4756
2222
2520
2938
919
4826
5573
877
6164
1953
6115
1997
5777
2081
1413
6537
5783
1861
3627
1599
5787
3973
6160
2610
4091
1817
2956
5728
6967
2339
1077
1128
2758
2793
5271
176
1186
5922
6445
2197
513
3888
1594
4300
6985
6819
6193
1237
4886
4791
6101
463
5371
900
6366
2862
612
755
5041
561
635
128
3314
5192
3231
5186
6016
4435
4165
2920
5350
3142
290
1366
1402
4081
70
492
1715
5883
6
496
2020
5662
719
114
3567
3237
2314
109
2440
282
2880
3286
1855
4853
3267
6436
3809
4631
6078
408
660
1733
2034
6342
2709
31
5295
257
3936
4840
419
820
4971
4216
2978
4749
6120
1420
5226
4436
4301
1959
6369
3601
849
4074
2941
1100
1589
1304
5184
3910
4188
5197
5582
5261
2568
2812
1109
4596
6715
1886
640
4632
3696
6584
3872
2383
6548
54
15
5524
979
2092
4826
6757
4867
620
5522
2014
4351
969
5183
1262
6185
6906
1922
6534
2000
5258
2509
354
4497
6692
4970
4864
3581
3187
2573
2566
399
3088
5998
4816
448
1941
1263
3006
1561
3774
5350
1292
1548
5023
967
3324
3520
1400
5226
6718
5407
5062
2484
2263
5445
1883
6453
6407
783
5965
3037
5636
6838
3524
2363
2629
2183
477
1940
473
3320
1108
6436
2765
6080
878
1101
5076
1076
1268
3713
5816
3106
1323
3653
4367
4491
3377
580
4058
6186
2730
5188
199
76
2592
770
4574
371
2881
1061
96
5931
4178
4145
5995
6575
2706
2947
3218
2737
3761
6340
6745
4421
631
412
2351
2840
657
3748
260
5578
4685
6103
3898
3357
4615
4758
4239
473
4181
2847
2744
374
5437
4593
1386
1613
766
2639
3394
3412
4675
1134
5277
2060
2124
565
6833
440
1847
1824
3138
3147
684
3745
1544
318
5654
2124
4078
398
1861
100
3374
4734
5552
5423
4471
6070
1583
2523
3512
6008
3207
6892
4623
5594
2863
108
258
6909
3959
1469
3791
1769
113
3518
2607
3603
4383
5679
436
2620
836
1506
2412
6591
6999
1064
6502
926
3761
5973
1505
5969
5072
5114
1779
4333
1292
5261
4879
1029
5878
791
2936
2856
4465
5794
2474
2911
2968
2108
4912
1328
1231
6900
783
3475
4470
2896
5650
6545
5056
2857
2071
5116
5066
876
3990
1184
2470
2725
5218
5740
3647
5234
528
4292
943
4777
5949
5598
3301
4263
140
5046
1986
3846
804
3753
2090
5010
6919
3491
2216
2721
3975
1933
5721
3477
4676
5614
5123
6335
6617
2349
5423
6505
3716
4688
6585
879
1635
2300
5344
4555
6260
2506
505
1669
2829
2026
6262
6123
2778
4447
3356
2458
4861
4919
2162
5857
3480
1309
677
86
1974
2252
6968
496
5903
3266
6529
601
1570
4870
2551
4733
1413
1832
1135
3547
960
3324
862
2431
4983
6211
5473
2809
622
3278
3056
6774
2431
3271
4065
6192
38
4214
4408
1725
5902
5868
4860
2105
2613
4984
1509
5977
6258
3324
3802
2070
5903
235
415
1433
937
4433
3419
5513
2860
3246
1119
6574
2332
2217
1163
505
6542
566
1579
2930
3493
4843
1190
5949
32
4117
3295
1394
4752
3553
4300
5736
304
5449
5780
6126
1541
6494
6198
6134
3221
2069
900
5622
1748
1063
3286
5747
6529
6688
3747
5548
1775
1948
3755
6024
3255
4673
6775
358
4907
3821
5210
199
5413
741
3193
682
5814
4014
5077
4996
5387
1892
1986
6601
386
2461
3383
3747
178
745
62
4414
2576
1153
1366
4134
5054
4000
5787
3590
2974
4514
3472
1358
3044
1696
3746
4680
5177
1013
2373
551
4892
1609
3733
2244
6019
79
1635
5606
6527
5884
1423
5325
3541
383
2524
2140
6249
2911
1263
3281
5133
1366
4465
1585
2343
3704
1164
4349
41
3599
6050
2171
2538
6095
1361
1939
3042
577
1043
2919
2442
2286
2954
421
5498
5378
2921
6196
844
5162
2117
2817
3677
3947
3106
3637
76
3769
6146
5892
4411
600
1752
3061
5747
5267
1683
633
4036
2215
3382
5994
1273
4194
6620
1201
5042
2189
625
3452
4387
420
6851
3082
5402
3078
6023
1988
4558
6501
344
1771
1498
3724
371
2480
697
1184
5790
43
2612
2084
3886
4363
4511
2925
5904
1942
49
6286
1895
1543
5114
6673
2852
4970
3903
1531
6356
972
5505
5483
5683
4587
3699
5831
4030
5679
2450
2506
6078
4325
3207
1398
4657
2934
1944
6378
2634
744
6701
1808
2032
1192
2205
4182
3173
3619
3137
1222
6269
1520
3184
6684
1606
5467
6826
1564
3142
2208
385
5702
2824
4290
3808
6103
3345
312
6007
2413
2519
1106
1655
3022
2448
6262
4288
5870
4896
1521
5123
5067
5325
2580
1073
598
4597
5333
458
3097
471
2335
1281
3775
2559
1735
4740
3429
3010
2827
6922
5675
6881
4361
1166
2526
883
954
1536
5261
683
3889
3506
5030
6873
4620
5039
1389
1292
1142
1199
2640
437
1318
3296
6522
2887
183
6327
4122
3506
3261
4788
4447
6942
3817
2339
3810
2141
3825
6991
5800
6313
1295
4073
6411
1645
1508
3806
2972
5088
2257
1294
2719
259
3322
225
4122
1100
2056
2148
6139
6083
1513
4465
5902
2874
1165
5917
5464
2913
2488
1858
1122
5943
1927
4781
4453
1717
6649
4946
2119
396
836
2019
208
1399
3824
1791
5444
3051
1588
1104
380
1234
4907
4357
4267
4583
3602
325
682
4884
5225
5077
3416
3416
1172
4625
786
1740
6565
2967
6971
4708
3944
2153
1432
2595
3083
1560
1906
2655
2711
6846
3057
4939
1023
1332
3498
4867
4804
4546
877
218
3010
6381
4565
3400
4595
778
5108
6424
5502
5577
3795
2053
6452
3508
6731
5444
2151
3239
4539
1948
6575
5778
3926
5314
3233
4306
5816
513
726
1126
2893
271
2262
4708
902
6059
3576
6627
3489
987
3343
6228
4691
5793
3890
5018
2437
6869
5720
1424
4889
4998
189
777
1687
3258
4822
6443
4800
2606
5149
5189
6614
4335
1882
2623
4278
606
3006
4913
6315
4513
4564
5948
3600
5303
1143
1580
5562
4892
6746
2383
1760
906
1368
3719
5767
6448
5625
6131
4702
6428
1861
1836
1531
5181
4504
6387
2097
5500
522
472
3263
448
1378
5101
197
5848
2462
4584
4653
5291
249
1928
2116
6547
4322
895
5700
5144
6085
6630
2503
6385
2713
5166
2002
2358
3437
3970
4132
4417
1143
1651
2457
3706
1147
4139
5503
6650
900
5314
1420
1455
5554
1623
978
982
5016
4366
6401
6526
2888
3384
2999
4761
134
824
4166
4990
6286
3026
834
569
3875
6350
6349
1157
3405
578
4321
448
5829
3549
5650
2236
6464
1192
189
381
4182
6015
3041
6198
5358
5061
225
790
2808
2406
1018
1848
382
1021
5023
5385
5751
1494
2551
2603
3730
5558
4392
3942
6116
4590
362
3285
6399
3151
3714
6086
3623
135
249
5739
81
2905
2321
1574
5162
3315
3516
5114
313
753
5648
2708
4514
4591
2627
4488
584
3091
375
5688
150
4289
6314
2047
891
640
2620
2180
6296
1417
1942
146
5358
5224
2676
820
673
4260
1406
4646
4907
1728
1697
5895
190
4260
3132
162
1762
1541
4306
2571
5407
3040
3028
6934
3744
6999
3184
5732
4380
5474
5554
4135
5762
2023
2453
2501
1624
6956
6333
5225
6424
1744
4940
5668
5712
5849
4080
4451
5988
1681
2422
2730
4330
6082
2717
1806
3426
5912
3625
1776
1016
766
1906
5390
6224
2528
1160
3451
4684
231
5725
6079
1149
4220
4592
5209
5739
4780
6593
504
4187
3441
6454
4121
4644
5265
5137
5283
550
3463
723
390
3384
5352
6338
1506
1996
1736
6250
2348
4937
115
5195
4731
6020
1671
862
665
6997
1214
4229
3293
1297
3778
4814
5365
33
5969
6204
3064
5286
5872
6363
6322
5560
1052
6550
2105
1730
1107
2814
348
5491
6841
832
1603
2891
2407
1012
5953
687
166
598
6974
5364
2400
3323
6041
3252
1255
4266
4027
2744
4920
5604
4006
4195
839
4529
2061
6726
854
6441
5029
4781
6384
4259
1113
1765
1951
1246
5203
3184
1277
4009
670
4815
3144
2345
5977
3258
1743
1487
3382
1055
4457
5091
5552
2845
581
1297
3722
356
2491
3334
5189
5748
2417
4567
2002
5550
338
4686
573
4810
5634
5651
4706
5718
2212
3115
3818
1767
436
1759
5669
5423
3720
1227
3235
2012
3665
1753
5894
1305
6056
6705
2287
1763
4643
1184
985
6962
3310
2315
4163
2770
710
3086
6318
285
2530
4957
6694
6182
3682
6557
590
6405
6209
3688
4836
6770
3383
4916
2451
4392
3399
3447
3856
135
2136
6353
2092
2533
3334
6814
1943
2523
1888
871
4166
6888
4732
5027
4179
3956
6911
3735
3595
1035
889
6519
6782
4228
732
2919
1079
2044
2093
3651
3746
5716
6388
2760
6797
5660
2622
1901
95
1898
5514
6905
4158
83
2144
666
1581
6261
3020
4199
505
6431
5842
6987
5669
5869
3436
2279
3580
3467
4175
5002
5691
1214
6340
359
5097
1274
3106
4156
4758
2299
6472
1554
5649
4851
1392
5630
686
1204
4031
4179
588
107
1193
3249
2461
6370
6090
2086
2718
2217
735
1367
3814
4536
5027
2004
1124
2090
2646
1925
6433
761
5063
5429
436
4971
6138
449
4092
1894
1556
2189
3312
6197
355
1364
6842
4655
2603
4313
1931
3896
5355
5967
4752
6670
1702
5273
529
6946
6070
495
3554
6641
4978
365
2235
3895
5256
1858
3866
4807
118
418
2617
1312
4666
5656
3417
4423
5682
1092
861
3781
1790
2573
4260
6654
2033
4859
6302
4894
630
2027
1959
3207
5886
4120
5898
4939
192
5042
613
1002
6890
1222
1154
4137
1772
650
4709
2567
3268
5459
1881
917
4091
6453
2598
6538
4423
3342
1333
384
5698
2663
6988
4622
3575
4312
2468
2267
1004
1263
5927
6236
6499
4685
2640
3962
443
3181
2251
6059
4492
2130
971
5267
1280
4348
5994
5055
4004
3222
3731
3437
230
6687
6603
1259
3240
1442
6270
4899
2178
357
2030
1272
270
2995
4343
121
3381
1846
2581
3430
3103
6629
4695
2267
3672
5133
477
4080
5861
6215
5404
5322
4302
5070
4674
34
1742
635
6540
6624
4701
895
5310
6500
2167
2180
5514
5600
1516
6920
873
6725
3360
4151
5424
6913
1182
1108
6010
3570
5406
3820
1739
2274
6638
6272
620
5846
6652
5381
2794
5765
5977
993
5689
5449
2296
6603
4423
4149
1646
6911
5227
932
4636
190
2715
4305
4936
438
1773
1537
3914
5619
6149
2081
5154
2657
1998
3452
5918
4845
5036
557
3473
1607
5741
342
4232
4342
920
5323
454
3992
1997
5702
2711
4428
3748
2432
481
863
3450
664
3694
2655
3414
1523
5678
2983
5970
200
1378
3463
4941
142
5555
2238
901
2813
4537
447
1610
4782
1327
4303
2629
5200
6140
5511
1231
3000
1325
3153
126
3316
2469
323
3482
3044
502
4851
2366
1269
1769
2678
5346
2460
994
3882
2854
4371
2407
204
5200
2603
1215
4654
2574
70
2543
6025
4351
327
839
4251
1372
2017
5988
3756
3237
1152
1407
131
1621
3408
6770
1696
1415
5353
3018
6462
3074
6699
4871
4511
4272
60
5513
3531
2421
755
2965
6359
1786
3640
5949
438
5056
3730
310
823
6906
108
5219
1690
3900
1765
5006
1832
4592
282
1335
5198
3007
6731
2693
5781
708
4671
5049
6602
1460
6532
6634
5829
3290
6479
4370
3496
231
1372
5320
2806
790
1707
4383
5853
1806
2343
3204
177
4048
2652
805
5471
288
692
1820
4091
4249
1406
210
3934
2761
5725
665
2623
6164
2584
6634
4652
5204
6363
5045
5702
4037
2041
2527
6063
1271
4427
70
1625
2509
6282
624
5788
546
4221
4329
4547
3467
6519
594
6611
1271
5913
6351
609
3
1287
5777
4103
6931
5706
1778
6363
1275
5834
6744
2621
6795
4333
5680
5442
1681
4960
2268
193
8
3672
4063
3138
6510
3726
1612
3406
1595
1509
1855
5887
1693
4449
5755
5740
2185
1870
539
737
6163
754
4996
2145
1399
904
887
3209
4545
6434
2781
6483
5038
4274
4602
6755
5453
1221
6436
6554
2336
1212
5381
868
1372
4081
6116
4984
2672
5194
2691
1012
5283
2653
6705
3074
2926
1913
6166
2010
6416
3372
6047
4509
6776
5886
5760
4628
589
4537
5214
5291
5762
6468
4103
6678
5237
2442
5456
4638
598
4284
1606
2319
2293
3840
921
217
2876
2683
1378
6578
2868
2226
2942
6236
5003
4657
682
6280
6970
695
2846
1678
6909
1166
6670
672
3684
2490
2947
3794
1287
1502
6777
2768
1838
2869
5105
1653
3717
5731
2079
2858
4199
3009
2766
5051
5458
5527
4671
5730
5480
4433
440
5647
1374
5873
321
5517
3380
3021
2369
3593
357
2228
1680
2553
3481
3018
4254
3743
1542
5629
4336
5721
6046
84
3667
5551
5089
3683
3600
2576
6514
2797
2808
336
6416
5183
1673
674
6051
2573
2679
3070
6206
6979
6326
1344
1404
1090
682
2717
4202
5421
5506
5730
3428
4999
3937
3915
1460
2218
1412
1532
2190
1150
6698
600
5399
6013
2477
691
299
5751
4895
5230
5333
4399
1679
95
3409
1089
5811
2786
3678
1486
6456
873
6527
2742
5652
123
6920
4976
5557
5284
5622
2729
6178
6496
2783
3078
4879
4533
4201
3120
3246
4500
3622
4188
3408
2083
2341
1579
3548
5947
1332
2029
1398
1897
4361
4205
3185
4284
5392
3417
2159
5850
6159
1848
884
2846
4917
3024
2163
4074
417
6683
1152
2397
4046
717
1093
1721
4644
6965
5320
27
5754
589
4985
952
6439
848
1706
3097
5689
1856
431
667
6204
6184
3644
6645
508
5132
1718
3055
5886
5956
4466
5883
2984
1751
2881
5699
6793
1105
3877
879
4779
4363
6085
6536
3365
6684
5620
6318
1869
2481
1912
6427
2939
1006
6503
1426
2176
5113
835
423
5101
6495
3790
5517
5840
4869
6137
5398
5226
6149
3214
5410
1100
6195
6693
1463
4655
3403
5579
3232
6290
1690
3207
2094
5278
3589
5711
4424
2166
2761
23
4376
5090
1312
1409
1172
5275
1164
5240
5086
5025
4756
2326
2352
111
1545
5878
1367
2328
4235
6188
4603
291
6549
5840
5512
6138
177
4993
3100
6729
6217
6798
3789
5441
2043
56
5854
860
6288
3899
6678
5163
1834
6091
574
234
5312
4339
3877
5653
6943
5177
690
2037
4694
1718
300
6771
2830
1721
1761
3597
2636
171
49
4150
4709
525
4959
3687
5829
4629
3940
3315
3019
2080
4647
6233
1637
5465
2205
4498
91
976
5505
5827
1074
4309
1640
6628
1112
4140
1299
2254
4159
1027
6874
228
1225
5781
690
6528
6926
3323
3243
1247
612
4041
3032
1302
4611
1060
4411
3467
4507
1507
3316
5265
2461
2835
2046
1779
6612
1428
6919
6353
886
6897
986
5656
5154
5725
395
2132
3272
6576
230
641
4719
4554
572
5919
319
1046
4723
5068
5884
1975
5800
5011
5235
1705
980
2962
1580
6814
3976
5577
4668
1977
1967
6798
806
6279
759
5110
6054
4345
6114
262
6746
1926
3071
5583
3381
3014
4417
5776
6945
5121
5201
1925
6991
4741
148
1846
1014
2247
2867
6354
5391
6729
5723
2698
5145
5849
3505
2386
2469
1882
5100
1338
5680
211
3422
139
6936
3086
5936
6780
3861
5924
6913
1908
4590
2339
2995
1754
1077
5505
2083
665
472
6530
5131
5895
1765
205
5957
4477
809
182
6086
1032
6653
4940
6460
2397
6261
4706
3798
916
5998
1187
5951
6315
3340
3302
5422
1340
669
5186
2149
3401
5158
2218
5243
5475
5095
5873
1168
5665
1781
6769
3925
198
2077
4093
2782
2819
4752
4439
1325
3044
3735
5940
5364
3239
3364
4739
5263
3926
3170
348
539
6062
3787
973
4015
4632
2532
4872
1902
1676
222
3696
4701
4510
3756
4954
5879
1553
2724
5753
5819
6855
6492
5049
4662
4603
4475
5861
6779
6669
4497
6981
1724
5060
4443
3847
1659
2123
6167
85
6073
4410
4800
2063
3874
4125
3279
4919
1531
5585
174
931
3202
6122
6314
6432
5777
715
5637
4497
5310
1205
2572
2071
4593
3120
532
3826
6162
1879
620
694
2511
3877
6943
6273
264
6886
6088
6656
1391
5665
6578
4618
4751
2729
2003
2236
1320
3211
45
4027
995
834
113
5904
5016
6765
2248
597
4618
3210
463
934
468
5331
6166
2755
4899
295
1781
3921
2951
4404
4483
3841
5766
1960
2933
3616
1207
4879
6040
3213
608
4655
3475
554
6613
4663
6755
4650
5646
814
2988
6976
2395
168
2033
5600
942
1266
321
3023
6405
6375
2438
6964
6859
1939
2403
2786
698
3284
1873
5350
4744
1297
630
5723
2579
2411
5723
5869
4105
3032
1384
5674
5584
4262
4294
2948
1415
1932
2408
3588
4311
740
6527
417
3186
1549
5209
1653
2326
2381
2829
5576
4886
3244
1038
598
5270
3932
1562
3931
4608
2964
1085
1479
3256
1323
575
4365
1600
6249
190
3629
6377
2361
6889
5865
3759
5155
6411
4437
3831
359
3792
2991
1776
236
1295
1926
6723
686
2380
3176
4024
173
5353
339
5622
2490
1848
1068
6175
109
6536
4966
158
4841
329
5243
3182
3041
5589
5934
5928
692
2110
592
5648
4196
198
4953
4157
3421
470
2887
1371
1744
1559
3490
1751
4135
3639
2568
1726
3371
4352
5299
2130
3217
3131
5384
3338
6355
2372
1828
6141
2426
3962
1815
6131
2826
2765
2618
5600
3790
1028
2748
6822
5442
2403
5560
6294
5727
2110
5627
2474
3936
2412
1233
18
660
2906
3815
6985
3477
4746
4691
1875
3445
1673
3031
3661
3200
5386
2325
6849
820
3762
2764
6389
3276
6305
1049
4071
5541
1009
2745
2791
5328
2335
4242
3849
4990
3187
4849
6997
3242
869
102
733
191
3582
1581
3554
2962
4920
1213
3603
4939
859
3595
252
6901
1557
417
5631
3269
4621
2439
5385
6839
557
3467
4915
6555
809
3437
3339
4127
4192
5515
5839
5678
6102
6180
1598
4414
3867
2520
5587
5447
3716
4764
5295
4688
708
3660
2737
3939
2334
2752
2060
128
4570
5577
517
5696
802
5317
928
5456
1735
5293
2350
3773
6037
5920
413
6134
1664
2161
5436
5021
2209
3284
1873
2872
6705
5438
410
1492
5624
4385
252
6977
3554
454
2851
2856
952
4325
3046
5104
4438
3441
3726
6352
1438
1815
5403
3264
1521
1276
4627
832
6837
2630
2384
274
6623
2339
5837
6795
782
1462
1957
2196
6818
2832
5087
5167
6879
370
1938
1581
3490
5857
6489
2268
6430
3354
5699
3910
4155
3757
1931
3757
5061
4175
878
2250
6508
1807
6430
4428
3637
2450
3450
6342
1628
1577
5191
3625
1084
3680
2784
6065
3957
1282
4933
3124
457
3432
2051
1620
5707
4344
5040
30
5804
4986
17
2459
4684
1038
1810
6316
2201
5073
569
3050
2318
5167
3391
795
5315
5002
6260
361
4877
6472
1534
6036
2555
3978
6829
1632
6196
6745
3591
6993
1743
3436
6475
274
1641
5004
5820
254
5661
6488
3244
3654
6667
4092
3274
6456
5152
2260
74
1105
4053
2599
1255
2681
6455
95
6799
5068
1930
2620
539
1857
282
400
5689
188
6104
4037
6753
2102
6654
4339
2432
5476
6855
2582
3188
6021
1206
2051
4437
2348
4369
3051
4396
5790
4953
1473
3003
6437
5281
5365
3992
4339
1257
5043
2296
2026
1038
1893
4676
224
6935
4317
6834
3577
2863
6607
6026
6060
2186
227
4683
6991
2997
1104
4906
287
3759
1140
3766
6967
1878
2576
6451
905
751
1952
5666
2115
6870
2433
3377
185
2870
3291
1748
4193
3269
613
1903
4731
799
4095
2126
6590
286
5475
5772
1352
6363
1557
2292
182
811
2666
744
1521
5033
1564
1492
6426
6844
4019
3357
3692
5372
3896
35
5551
5615
5771
2336
1477
3890
5708
2412
2717
430
1910
6767
5350
1633
2791
3305
1133
6558
4509
6074
6487
2674
475
2409
10
2124
2296
2603
5501
1136
3752
5563
4032
5399
5124
3792
4279
3231
173
639
344
3827
14
3605
3219
6247
2823
3825
6817
6914
5430
4765
4365
6199
2152
3319
5792
3194
4277
5600
5921
1084
6129
3688
6481
4699
1334
5203
2955
3954
4055
1972
1722
3320
2704
2773
4790
5967
5153
6520
6486
2403
2033
5469
1473
2916
5239
801
1640
6658
1804
6823
2867
1925
4836
997
6195
6478
3180
1206
759
4414
2445
2327
5401
313
4894
5577
4848
1525
1072
4234
904
237
4018
5719
158
6869
6093
6522
21
1985
3442
2524
1223
6934
1744
3736
1389
6997
5610
2284
4631
1919
5476
3596
4975
186
5822
5981
431
1407
2945
6347
5851
5100
6030
1295
6177
5789
6374
3096
3533
2242
5868
3484
2513
6372
223
1604
602
2490
5251
5290
3557
3427
4743
2007
2624
335
3298
1741
3038
3823
4855
4534
2514
597
2767
6176
565
5760
4221
629
3434
536
5908
387
6006
4651
6805
1292
5877
3778
5
2219
767
4212
6635
2500
1202
5940
5951
1542
6897
705
3910
6657
778
6410
4498
4478
3606
4180
3727
911
689
3041
328
1475
1297
2023
4239
6174
5971
2146
2915
1419
3744
2343
1516
759
1639
6582
346
4380
2101
4370
6803
3990
1159
889
4652
1509
760
4427
47
2512
5310
6833
2794
706
2974
1259
472
5244
6360
4261
3417
3999
1485
4591
6405
6204
2556
5176
4382
3890
6421
6902
3194
3754
5877
6173
3623
4162
5519
4242
6458
357
3332
1906
168
6828
3353
1780
2317
4515
6647
15
6051
4962
6096
2497
5682
5582
5949
5110
6334
6924
6717
6489
4942
5761
279
2618
921
3185
872
5756
3699
6914
5968
305
1453
4844
3055
1549
338
3903
3998
532
2181
5361
1415
5705
4824
4227
6726
2588
6824
2534
5673
5438
5812
3119
4403
652
6268
4917
5214
3582
2023
6555
5278
2779
532
5278
6187
1179
2898
1436
2799
24
5547
5655
1374
6674
4867
6965
4210
4342
4126
6685
4814
3258
3431
4056
5587
4927
3526
1538
1350
4204
1121
5132
3130
4659
1107
1599
4834
2746
5953
3678
4759
6112
3993
6496
4791
4553
4198
5937
6015
792
6542
2133
5047
3993
556
3264
6819
3664
4513
6853
2051
2425
3350
240
4568
6805
3468
3906
5150
2869
5949
1049
5233
4766
5675
2833
3160
1666
4133
771
2415
2223
5331
3793
6120
1582
3519
843
5137
3714
5523
4289
6704
1234
6945
717
4819
5421
885
5371
3597
3209
4455
1953
1579
4704
2389
3213
6500
2032
4173
2016
1390
5814
1000
2053
902
3702
4699
6709
6863
1153
4214
1306
5412
4795
2591
1454
2768
2455
2713
6407
6298
2354
861
3985
2255
1825
3731
3633
1320
4632
2930
3930
3338
5632
2459
1501
2812
1276
3052
3881
2794
3073
5848
741
5280
6431
1811
2334
307
3000
524
3178
1186
2107
3859
879
1786
3805
1433
3416
2886
5518
6903
6181
1629
3483
3463
2671
1486
3709
5255
3365
2926
5142
2124
429
114
4035
2122
5378
2616
2626
1258
6966
1456
5945
6388
6357
1120
6904
2828
47
1956
4317
4057
5847
1549
4067
6280
6364
4184
2957
1903
6259
3127
5236
6134
1711
709
5355
6712
4935
6971
6947
3390
4634
6624
4816
1509
785
6901
6055
2430
5792
3925
2178
2763
3131
2835
5698
3170
4706
895
4448
3977
4873
1
2728
1273
3454
782
2818
4528
1095
3255
5534
774
999
2542
4683
1657
5965
660
1628
5060
6002
454
1457
6786
5573
3438
6933
153
4604
4774
5009
5361
2305
2399
4900
195
422
3503
477
3190
5791
4633
4359
2901
3259
2551
6599
5549
3846
1178
1077
1082
6174
3258
1197
2281
6440
929
1753
5408
5399
3225
1885
3738
5384
1830
4262
1623
3108
2782
5951
3016
4947
1757
5226
1487
498
461
3168
4044
4376
6155
3253
1125
6891
1853
4763
4949
2090
943
6353
557
1166
5316
407
6377
3538
6290
4041
2545
4204
3390
2974
5511
903
4839
1147
1720
2526
2511
6241
2899
4559
4531
1064
5327
3754
5595
6798
3034
1677
6821
6961
4275
21
1356
4516
6697
5203
3678
4929
2861
4944
5484
2451
4985
4471
5666
4415
3236
3061
4254
2655
662
2255
3005
5586
661
2417
3065
5396
4939
2246
5863
6981
550
913
636
5936
3431
2463
2064
5010
4294
4742
3379
3373
6682
2446
4963
1321
3759
5635
6320
4958
5792
1644
4599
3384
428
2803
3466
6646
3692
3833
5840
2921
6754
4822
5929
4438
2862
3449
3122
1233
1578
4338
5663
6878
1917
6994
3214
3516
5821
5251
2160
657
3997
4378
4611
172
1342
1061
482
5587
3266
930
3998
1577
1820
3502
6373
6707
3306
2047
409
5768
4788
6479
3916
6579
3799
5005
4423
4838
2442
6849
4474
2333
5090
4692
6549
4692
577
3474
6797
4749
2801
6205
4027
6666
4822
2823
5302
2571
6377
228
6529
6213
4008
3641
5527
5936
1355
4277
6986
5251
6186
850
4651
5157
1283
3320
1163
3386
6447
399
664
5881
6740
2526
1292
6415
5725
5109
808
4202
6133
1931
1837
3675
1090
925
3187
4696
3190
4252
6554
605
4586
1986
2101
5927
2539
192
624
716
462
4751
5950
683
4407
649
6381
236
6237
2427
4653
3851
666
5466
1915
5110
4558
2710
6412
5576
1435
1343
1900
5097
2644
6803
1615
1204
14
5762
2519
4502
2368
5686
3068
4526
6903
5154
1905
4021
1362
773
5411
2498
4277
3787
3997
4434
4384
5177
1038
3819
6695
4706
4644
556
4189
4627
5490
6683
6553
4056
1053
842
99
6313
1956
6319
3496
3748
4037
4278
6176
6200
5517
6981
2433
1259
528
2643
2429
3473
5926
6830
4990
3353
6758
4889
2177
838
4156
5894
5032
5295
2405
4605
5418
59
3260
5057
6925
1413
5070
3651
5892
2303
4439
3254
1915
3110
3543
5358
991
3226
6751
2445
4227
5776
1693
5124
2436
1846
5456
2250
4406
5411
5189
364
3224
1369
2191
6225
6851
2431
285
2225
3552
5247
6006
1801
4446
1128
3360
2614
2379
6985
61
36
786
443
3399
5441
3955
6338
2066
4027
3032
3904
767
1082
6507
294
530
6699
5973
6039
2745
1914
5017
3443
6661
3756
3807
3941
4685
2894
5941
833
3901
4734
2520
5454
326
3556
2016
779
1806
3324
4081
3714
4136
658
5894
2638
1143
2866
2128
2370
677
5476
5468
1823
6176
4161
1602
2241
1203
6652
409
4287
6922
4896
625
1237
1366
2449
2936
735
6097
729
2358
1893
4204
5819
6316
2126
2516
124
279
2826
3244
5122
5899
6008
5531
1076
5634
3184
5822
4364
6116
5718
1544
2037
6632
4235
2205
2093
2240
5634
5534
3144
6746
6364
2519
5558
459
3121
389
4530
3023
5476
1107
2456
2011
3233
1715
4755
588
6549
97
4888
6760
2114
1011
3122
4401
2454
3301
2115
1674
5207
1554
531
3986
3949
732
5752
3022
5835
6052
139
3931
2452
2117
6090
6105
5766
2987
1192
4243
2966
3265
6253
5402
3256
5608
1395
5457
4176
4292
3574
4244
1738
2455
3607
6322
6882
4233
1694
4937
1793
2703
1001
1224
4662
2808
2509
887
2916
6247
1639
6123
5837
6155
2040
1415
3635
2138
6027
6268
3598
75
2564
5504
2056
5035
863
5661
5193
6864
3306
1824
6503
2265
3512
2170
1989
3606
1851
3291
5807
1500
5070
2274
3560
113
6244
5953
4496
4901
5831
1757
1749
4025
6385
2988
1316
1466
5288
3479
6460
5629
4346
3511
4960
159
4366
515
5327
900
6242
3439
3578
6141
2134
6689
6921
591
2501
1277
6450
6766
4099
1225
1447
6657
487
5298
5010
1670
3958
4181
3008
5374
113
4850
2656
1595
2837
650
447
2590
445
4737
5353
3750
670
4118
5437
27
1271
3112
2085
2384
4730
795
1369
5702
235
6168
5119
2821
5085
3794
3961
3501
4963
5133
3420
3707
4162
5145
4888
3264
5248
3996
2336
875
6808
4757
2984
3911
5494
444
4038
2855
5545
3864
1799
5125
2546
2649
4895
5922
3824
6827
6083
616
3869
3564
2703
1723
824
3620
2447
3677
2399
5147
732
1745
5689
6074
2662
5048
966
1959
3056
6943
2660
4891
3429
594
6639
1152
4028
1457
6003
2516
2242
3496
2537
3035
6645
4509
6004
2753
4329
2915
1159
1180
6385
139
2965
6583
6251
4874
5204
3611
5232
6685
6214
377
1198
305
5430
91
1804
239
2964
3472
6602
6516
6285
4142
2459
5111
3458
1601
2656
3628
994
66
5890
5725
5551
6587
3955
5496
6714
2302
6225
6492
4164
1589
4296
2741
811
661
5099
1151
6389
2484
3735
5871
4947
2969
5476
5876
2909
5618
5425
941
1302
1320
75
6020
6044
2968
2385
1504
4942
3523
951
6464
4962
4476
4269
6011
2442
1409
3844
3909
3234
1363
165
956
1769
1056
3405
6705
3354
2440
2984
505
6974
4444
473
459
6271
2362
4427
196
5507
6805
2911
2030
4467
682
4875
599
5024
525
3747
6014
3185
6186
1535
1320
6514
4191
5065
4944
397
1710
5361
6222
6638
5641
6639
926
45
3222
1803
3177
3749
850
6092
5497
2988
3634
1740
3157
5079
3092
4533
2716
5444
2636
6507
1647
4259
274
332
3055
5737
6225
1840
38
282
2587
5113
5265
3570
4951
4471
6722
177
6453
2107
6749
1793
1848
3134
2008
2277
2010
4973
2773
927
1798
4219
3372
2110
1118
4507
5033
395
6812
2368
3782
5422
5254
6748
5545
1346
5051
3249
213
5553
465
4791
2390
381
5065
3771
6878
1093
403
5664
5973
2568
4755
1540
4333
2609
317
834
1491
3382
6348
6695
6889
6895
2950
4451
6193
6320
3275
4854
4340
5427
1444
6317
1681
2541
2265
4080
313
235
2579
3961
798
4889
2064
2994
2692
942
6596
3203
4792
4112
2044
1984
573
783
1358
3171
3293
6593
1749
3763
5028
2834
6441
4136
5569
3685
4203
4449
5054
947
1070
5588
2758
1582
2904
601
2198
4011
39
2068
2660
6659
1409
4326
4252
5436
4444
5479
810
2720
741
4898
5073
2482
4540
308
4330
1728
5011
2170
504
1369
6391
3238
6904
5949
2808
2101
3535
5195
683
1017
5731
6059
462
3862
2819
4857
4115
1099
1211
2514
6854
4544
1959
1959
6313
2606
5248
3619
6559
5182
2261
2594
2124
3250
3721
2208
1307
4962
4186
4618
6458
1077
5634
5701
6400
909
6886
890
2527
6444
668
2387
6237
6744
6577
2757
188
3481
4736
3393
4448
4811
575
5313
6657
4341
2852
4859
2046
3844
3692
4229
1682
4164
5252
6861
4163
3397
1921
6483
6780
6686
3121
1119
3925
1152
2884
320
793
4905
5069
3360
5557
6540
2283
569
5768
1890
6493
6915
5685
4959
2290
2966
1005
779
6629
4335
1322
6915
1831
2633
2326
427
3159
537
779
955
5220
5629
6988
2331
2044
5865
6263
3892
725
1992
950
853
272
4588
3619
4646
6069
1747
3857
3141
3705
5102
6649
3411
3917
5166
2642
1785
57
3437
610
3084
933
4199
801
5635
5711
1843
4685
1649
3720
242
1791
2011
2961
146
1564
3975
6988
6831
3640
5055
229
1255
6413
497
1735
4968
794
4308
4099
2009
2383
3601
6947
6578
3236
6699
628
1640
3672
3165
5242
4345
4687
6303
101
816
3477
3076
2689
5174
5240
6139
5076
2845
3762
6416
921
2706
3331
1431
1593
3607
5957
1556
5577
130
521
1001
2182
2277
5447
1621
2085
4674
3210
6502
1919
6083
3394
5395
66
588
2115
624
2227
2294
5131
262
5334
1392
121
6814
6576
1627
73
4498
1476
75
1972
113
6842
5878
6828
5189
2294
5978
3916
4915
2572
5399
6846
726
561
701
6167
6856
4092
2123
6925
5966
108
3574
992
4638
4803
1323
4358
5440
400
2185
3849
1150
2722
4806
1043
4073
5936
4756
6458
3482
6158
807
790
1114
1930
3430
2374
2543
3077
1315
1499
3019
3957
6657
2661
6482
894
5289
5041
5720
5233
2961
4052
5212
1781
4345
953
4005
521
172
6726
3440
2875
6688
6277
299
3507
1785
670
4377
4969
4872
5546
3787
3566
4371
6362
1463
710
6210
6926
3095
2890
165
1513
2808
268
2253
6793
1429
1987
1534
6301
4248
5887
245
176
965
5790
5604
290
1371
6917
3359
1077
6136
5474
2450
1164
1416
4358
1905
6128
1889
2536
6915
6316
3157
1684
6796
5928
4141
3059
1198
100
1679
5980
3875
4394
2428
3504
1962
1781
3817
1995
3651
6089
2367
5223
729
1760
5633
1418
3635
4723
3314
5271
3758
3866
4552
5066
4667
938
5913
4637
4576
1157
4648
1704
38
5744
5052
3261
807
5477
4789
1193
5065
4081
812
5335
6284
2936
3127
4983
2371
4804
4037
4891
2490
4133
2932
6585
3141
6898
3164
4309
1553
6909
135
3470
4490
365
6880
4985
2631
5397
5262
3859
3997
3650
1563
871
4295
6697
4373
5799
1367
3207
3680
5064
4260
1066
1109
2430
3183
4349
1380
2438
4075
4129
793
1899
3426
2734
4702
2071
3302
3673
181
4099
5235
4415
5504
3043
4406
6544
5767
1752
4225
3479
317
6465
166
5149
3040
4996
2541
326
3219
2077
5860
1243
1474
5481
2450
4230
5497
4349
1345
5461
2808
1647
6726
3909
3951
6750
3757
4103
6266
2686
213
2040
2098
2203
1798
5051
4208
6823
6395
6097
6430
1102
2031
4905
5964
3134
3584
1106
684
6733
379
2965
6187
3082
4834
4079
3484
4309
4513
6388
5738
267
6489
2360
1329
146
4910
2606
1114
1915
6516
2835
4642
5229
6169
1813
3885
5717
5558
3790
4684
5851
2655
2004
2169
1409
2757
2178
1314
3269
5005
2993
1202
789
1799
2952
2511
4722
636
6596
1409
28
4684
1640
5713
901
2236
565
201
331
4041
3404
1221
3421
1347
992
2462
1806
1385
3026
3031
4711
4133
2052
6966
5415
3563
3175
361
6142
1003
3559
3193
343
2153
6739
2080
1652
6677
5923
3779
5915
5316
5515
476
5181
6691
2804
5230
6623
5834
5066
2229
1354
3029
168
2466
4366
5026
2134
1369
5339
6224
349
2015
5583
5181
2857
5379
1740
1633
6005
1975
6233
6780
6901
2091
4880
5233
60
6294
5488
6086
982
818
3665
5217
6936
115
5196
6784
2916
1596
4325
6533
776
3918
5929
4748
1646
1285
4026
6323
2942
970
4033
3189
2855
734
522
6474
2948
898
2235
4695
1867
4264
3295
5149
226
165
3311
6385
1218
814
5968
2615
2534
4899
2248
6212
1228
988
1841
71
1217
663
648
6834
1636
3459
775
3131
5456
3597
2678
1026
1597
2276
665
590
3785
5803
2275
3600
5791
122
4544
6283
4081
2521
1191
783
274
1707
5023
6569
4852
4490
6897
1712
4376
2205
67
4975
1909
2715
1356
794
5055
3498
4675
3206
4976
377
1706
5586
5445
4326
6888
1460
3047
4773
4021
6433
3882
2605
2534
6893
4242
5984
6304
4323
5384
864
417
1242
5093
5753
74
6540
4326
5510
272
2827
901
4332
2626
5898
976
2669
5549
4054
4779
6194
1347
1440
5480
4104
6899
5816
5143
1365
3153
6814
2544
6191
4790
5896
1749
3290
66
6355
5677
492
5630
2552
2515
5919
2326
3694
3333
6738
6371
3429
1984
1540
199
758
3297
526
1169
2164
5678
1764
3561
1406
4467
2520
1942
237
6705
6618
2122
3893
1105
5488
5991
5825
3094
5678
2155
2655
4560
5435
2782
2189
3116
15
6116
815
5897
612
6110
1423
181
2241
6091
6159
2334
6669
1492
1309
1965
1038
6997
4628
133
4982
4368
4363
2330
6214
6715
3940
5804
4346
2625
1139
4026
801
2751
5657
4939
495
6028
6732
295
2080
683
3260
3004
5067
1270
1173
5854
2009
6768
460
118
4721
372
5448
66
1458
980
6847
117
1300
1122
2906
2885
6035
3610
3797
1891
6297
6544
3887
1744
2878
2478
2586
4298
3607
5454
4920
4406
4840
310
6107
3751
2023
5489
6918
6500
6583
3577
1621
784
157
6003
2165
5675
6267
1603
322
5374
311
6822
5332
532
4559
6543
1501
6196
6819
345
4441
2410
5822
4827
3586
2885
3746
5017
6032
2539
3976
175
1569
609
2593
1201
402
2471
2780
3021
3858
920
1629
3850
2447
4751
6421
1906
3336
1484
2140
2299
6110
2158
6200
691
560
3683
5216
737
3330
6867
993
2617
3552
1507
5772
1119
2916
1469
3907
5493
5034
5436
5462
2367
4829
1229
1399
2604
1928
5345
4973
1623
1395
3087
2641
5147
3943
5614
1867
2317
3856
2168
5479
2523
5014
4763
6010
3923
3664
4105
3163
390
3462
6311
6512
5195
6033
6322
6358
5399
4961
2141
68
770
6146
2535
1781
5918
5780
2658
6672
2201
1646
6462
5414
5809
4623
1588
4159
4183
2288
2151
3073
5484
2553
2812
6022
3912
2438
3250
1432
4449
6534
964
636
5248
5176
2636
4441
3624
6803
410
3811
1408
2064
5489
6328
80
4582
1923
5262
5008
2746
1611
3408
1355
4624
2312
4699
2530
4986
1041
5857
6230
1372
5163
3969
2125
5042
728
5392
3973
5135
4698
1008
3479
5459
3910
2851
1419
535
1851
4413
233
416
6353
4468
4936
4662
6438
6749
3687
5088
6499
6443
1704
4071
6438
4262
5901
4227
6905
4614
4482
6037
2447
5059
1258
666
3959
1019
2462
3976
6665
4526
4336
2456
2429
3538
2158
3497
4827
2582
9
2653
2188
1013
6109
3282
1512
697
3435
5887
5729
5344
6842
5496
6757
3896
5413
6480
569
4419
2334
1539
1824
6895
759
693
1835
6565
4497
330
2506
1051
653
1339
6201
584
2624
4178
1781
5204
4261
3234
326
5258
3762
4509
767
4266
1091
3036
4776
6639
4637
1677
1877
914
5315
2356
3719
481
2269
3160
3992
2136
4183
6520
5124
2362
2478
370
2539
1788
3396
3888
458
6614
3748
1560
1554
4823
3074
4031
2816
1660
4425
4585
4147
3980
704
2751
4805
2987
5303
781
4144
2321
3395
695
4554
1519
601
1183
4947
517
3567
2462
6331
2315
4070
6141
4457
3066
6892
334
5750
3957
926
6732
2031
1041
5402
5371
5785
2031
4402
5270
2903
778
3653
1628
2751
3842
3463
309
5931
1435
5921
6870
3156
4378
715
2655
2032
5230
6670
6030
5068
3679
4542
1290
5597
4317
5908
1357
3927
751
4090
238
5785
5127
3168
6755
4840
2831
3523
0
