6688
3834
6020
3331
1622
5465
4865
4588
8177
8589
7880
2257
7212
2036
8098
4363
8070
3745
735
5585
5506
5277
3259
776
7275
7241
7772
6497
4141
514
6207
3175
5863
5081
7578
7683
4388
7278
7292
5438
7888
4377
1857
258
7520
8996
5618
5101
2762
312
5921
5572
4132
8059
2961
5312
1848
3379
844
3967
6261
8754
4015
1377
2121
3957
4032
8741
914
1538
4920
1568
6684
2158
3267
6810
8332
1097
4707
8629
8851
1191
5413
1106
15
7291
8675
5042
8891
3210
4560
125
7023
681
4283
8547
4362
43
3323
5877
6459
5171
16
255
920
2347
5098
6484
701
503
2275
6886
4342
873
7191
2281
1200
8586
7548
2434
6137
8465
6980
7313
5032
4755
4823
6048
8791
7279
3190
1335
7373
316
7138
8518
7488
2866
739
2518
5823
4178
2005
1308
790
8603
8860
6275
3555
5058
6144
6605
4973
3773
5347
1733
36
5436
8863
3500
859
1556
3894
3911
8762
6169
2417
5257
4904
8016
4393
4362
3798
1847
7396
1828
6223
4401
7063
2637
6147
6217
347
1454
7771
362
3810
5191
6582
6008
256
2492
3970
2047
6782
3409
5775
4439
7129
6909
8909
5776
561
182
2934
2536
6526
689
2269
5270
7309
1491
3421
8618
5697
3898
455
4523
2948
8033
5188
4436
1740
4724
7137
5684
3475
48
4496
6408
3254
2181
2530
8824
4719
5876
4994
5155
5214
495
5373
5991
322
8961
3438
6209
6277
7316
4686
3477
8638
8592
2008
5091
2920
8998
7154
2430
6488
6778
7744
618
5556
2550
4363
7337
3822
4809
343
7818
2152
131
1922
6280
8153
6467
4927
3330
4797
7152
1171
924
3075
6072
6967
5457
3073
7648
2787
5186
4290
4889
6548
5632
2711
6299
7725
6706
8011
4305
3569
3563
2367
2081
2944
5700
8415
589
3047
7585
220
6491
2578
4883
4488
2989
741
7578
6777
8326
1304
1652
2276
4354
6928
238
7307
6857
5610
1893
8081
2960
7283
5289
4961
6747
236
2888
3975
8507
5833
3651
5182
3728
239
5407
2713
227
7605
2906
2029
1243
3484
8175
8827
4002
2536
2144
6132
5731
8825
6535
1269
610
3419
3073
3217
3823
760
655
1478
2841
4704
2787
4719
5755
5919
7803
5697
5366
4676
8357
8178
3651
1514
2688
3507
3467
1664
2938
7686
1445
6971
7051
1690
2763
1571
7373
4003
937
610
2151
8271
4346
4913
228
7723
4169
5485
2269
4220
794
3719
3768
986
4771
881
2498
3879
4986
4867
7600
4797
7964
5726
4302
8444
8910
6840
7131
3419
2772
702
3913
3271
3788
1560
5100
5303
6118
773
5439
8359
5034
4807
8445
171
3846
1674
8466
4355
8203
6790
3335
1645
8875
2748
5148
7081
8025
3198
8461
5029
2060
1734
636
5657
2017
8680
447
8093
7525
1468
1293
3238
7564
2395
5642
3879
5817
7603
1924
7828
6986
7365
4898
2482
8822
7580
4144
7075
2398
6984
8369
173
2030
128
3746
5786
7343
15
6487
7954
2418
7229
1628
2452
3194
8285
4010
3068
3191
5015
5444
3982
5203
6972
2245
4392
6418
5455
903
5206
1075
5243
5634
7791
445
2927
7120
3469
6048
6607
1993
2210
3466
8668
584
8613
8482
7363
7865
5340
2868
5082
3645
3332
4337
7807
2676
3115
8274
1123
8645
7175
7754
5468
6549
1159
3510
7680
7377
63
4553
3805
4482
7905
5432
3445
2149
2215
870
2231
6363
5277
6885
945
6740
7890
1586
4505
4411
3968
1571
6579
4709
1593
3160
6180
588
3193
6124
3934
8363
4739
262
6428
7989
2027
80
6341
2606
6483
3451
5957
3317
225
6869
2311
7988
1022
8496
5311
6438
2401
6928
3435
6740
7569
3417
1650
1876
8314
5187
4821
2391
5158
219
4706
5550
7397
8647
8263
8904
5335
7757
915
5569
4990
176
6720
8722
8921
1217
1757
4314
4619
7758
3280
2406
3723
649
5369
2882
3524
3072
7089
4500
3676
4452
897
5321
745
3224
1231
7190
7727
6168
6651
8069
7167
7571
8560
7690
6066
8807
111
6881
5115
1200
4317
8494
146
8180
6012
777
5052
3382
2927
7348
7896
1661
1038
2754
884
1896
2074
5397
4806
3168
42
4204
1840
7754
3508
1320
3970
5047
2392
8777
2147
4962
5222
6857
7146
5958
944
8045
2022
2177
697
236
4166
2649
5205
7301
5531
2490
194
3753
5169
7049
8012
3426
276
2616
4255
6543
5640
8717
4173
7133
6144
3097
7407
8123
5064
1691
6664
6034
6758
598
4302
8311
4011
6158
9
3991
6568
2194
3606
5990
1043
462
3813
7435
4169
6753
3477
5596
3029
1669
4394
8489
3455
1200
3557
735
1448
686
8618
292
8937
2897
7263
2650
7323
4030
3616
4475
4857
6677
551
3479
8857
1533
5000
4228
6282
409
1571
1786
8016
315
4979
3665
7258
2564
6979
6058
893
7221
4960
6144
8833
2517
3682
8937
8321
7191
7636
1188
2888
7014
859
5361
511
4816
379
4367
3755
8917
5444
4126
915
2075
1819
2194
7183
7440
5822
1328
7187
258
8208
3160
4731
3342
2802
3383
1922
1899
5954
7800
7043
8586
5069
4007
1144
653
7696
8290
5000
6329
5780
2228
3562
1073
7376
4006
6080
3680
5752
36
8528
5291
5307
1466
116
6769
1131
1937
1097
1463
6206
7011
1876
8188
881
4478
6664
8830
1083
5240
7957
6432
4783
6639
8538
4793
588
1035
6323
4841
6503
6499
5629
3938
7960
5993
3150
577
8490
1859
2770
4935
7467
8991
8121
4073
3843
4146
8492
2696
1530
2773
2645
8126
3322
2164
7006
8798
5292
6068
8626
1830
7046
1337
3321
1612
474
4161
8351
5754
4073
5937
4411
967
3486
8177
2068
7652
6768
8238
7455
3767
5335
4245
670
4311
1496
7383
6107
4710
8059
869
6971
6500
3410
3377
1621
8645
92
1862
7601
5473
1503
3886
6213
8891
5603
6758
2851
257
8867
7735
975
6952
1487
3628
4835
3952
3085
7971
5205
5019
5599
3146
2401
7190
7181
8400
5360
537
8523
2925
3490
833
4717
6758
6279
1367
4902
6401
2033
8045
4969
73
1749
2692
8078
8255
5193
7005
7998
8941
1927
1090
5410
6192
1287
864
3709
81
4683
796
3403
8824
7508
6479
841
2519
3083
2959
6475
2086
7113
699
3620
4479
8551
8658
5456
7424
7314
3649
1190
7257
6286
3647
1409
7721
6515
2311
1398
8242
2181
4178
1479
1581
8277
3022
1150
1163
7885
6759
1325
4529
6217
5703
3162
5247
1649
885
4897
6517
3347
3664
4769
3962
4125
4279
3920
4571
6904
2358
4826
6885
824
294
7693
7255
5111
5650
4640
6838
4082
7106
8274
3302
5396
8302
926
3986
5206
7465
7660
3801
3888
7535
2147
3925
8593
892
5467
3521
8257
3730
2727
3542
2520
4382
8959
4458
4728
2712
8643
2198
2253
4414
3724
1954
893
8252
5925
5639
2795
6393
4790
6800
989
8217
3209
558
7461
6130
7285
8047
4412
4862
8952
170
858
493
4738
5042
8643
6243
2932
4821
8803
2213
8263
8119
8658
1499
5257
184
2995
2907
8131
4062
982
4522
8526
1096
6949
1151
6507
1609
7388
6838
257
8237
3498
5678
249
5747
1300
544
6630
7223
8240
5420
7129
8283
8182
2714
4953
3033
6811
8385
326
320
2199
2815
758
7208
2103
8950
8081
3739
61
6919
4471
2067
5883
4766
2586
8802
5654
7978
7614
6401
8343
5527
7908
233
7109
5978
6526
6424
7654
6040
7613
8624
5989
2787
8230
4402
4484
1347
1587
7274
6179
7261
3957
8431
3601
1370
8063
5057
2375
6246
8774
6439
2084
8306
6757
2221
2171
3281
3437
614
2721
7172
8482
6356
1202
8083
1392
8929
3851
7041
7788
4776
5602
4394
2703
3637
3177
892
4117
2782
666
5751
2196
6877
7788
2385
7152
7595
2132
3098
7507
7722
4119
5802
4322
3319
1051
4058
2283
1730
366
398
5913
2531
8182
1844
1874
7219
7991
8657
5848
7356
779
3329
1476
2270
4875
7392
1153
5063
4764
7250
4172
6430
1037
36
6913
3301
7901
5389
1456
2464
7329
7172
3191
1430
6219
8799
3985
3227
1558
4501
1756
4255
1726
2369
6192
327
1308
4731
7963
3726
6183
7444
8106
3799
1070
8702
7914
3074
5538
4111
45
3049
4801
5264
6295
893
4557
2622
8136
7314
6011
1315
7716
2531
4974
2458
5470
1476
8276
4054
8835
5163
4977
8909
6395
2713
7239
8070
730
5562
4863
3916
6980
6871
8793
1654
5872
5164
1256
773
7403
8531
2401
633
4205
61
8825
2496
3689
6008
2574
3476
141
921
2710
8064
1010
5791
5868
6775
8717
6394
3761
5177
1468
566
2950
714
2204
3400
904
3921
6919
3451
8261
3586
7171
5567
4050
320
3749
5416
8519
1843
5269
190
6610
465
3427
1222
7688
597
5895
4676
386
2113
1510
7123
4852
7872
8497
1891
2857
6645
8647
7174
2170
7313
4690
4655
989
6861
6671
8191
5562
3733
7743
5037
3761
4197
3075
8354
6623
5091
2284
4102
8512
1616
2376
3786
102
8836
2640
5211
3063
8501
5735
1543
7693
3268
6622
5392
1262
172
8450
578
2548
4520
1982
4723
8423
6591
4396
3038
7686
4071
8519
4387
2949
1291
2077
4399
8393
8002
5368
3955
2574
5326
3915
548
5265
5981
810
7238
5161
4616
2658
29
7560
4702
5007
170
376
6340
3861
5959
1665
827
6798
2111
6255
5558
9
6549
8352
5870
3132
7759
6882
6844
3760
8446
7155
6954
579
5061
6026
3534
7835
724
299
7460
1006
4088
2577
2231
2231
6784
6811
20
5971
7287
5457
4139
6905
5745
4423
7603
7943
5507
4944
105
1001
4564
5374
1893
365
682
5470
6185
5850
5978
1737
3134
3551
320
8540
4741
4432
7878
7025
8662
5042
2637
6
5041
4128
4094
3363
2359
6422
7868
1490
2755
1707
808
607
5539
1995
783
3935
4797
6714
884
4964
6808
1989
70
334
2728
3323
8133
4150
8541
8521
8071
2572
1313
4266
777
3584
8164
5565
6964
4157
718
4152
5670
7850
8024
6275
5426
7346
8095
8999
7077
1731
3934
582
2838
3171
103
6124
1545
1191
3317
7338
1031
2182
3425
8675
2446
5817
4455
8480
1433
5126
5893
2974
8548
8602
7224
1639
390
2739
914
950
8386
1984
8356
6940
7636
6680
3347
5047
6965
4863
5298
6866
4003
375
7013
656
1640
3811
7981
4802
6910
1759
6204
6608
780
7883
3295
2284
1527
1854
8891
1730
959
5639
5613
5211
1972
6423
146
4873
1414
5659
5832
6741
5638
8653
3471
8708
3189
6401
8840
7528
1662
8053
1784
1291
4826
2858
4608
6606
3425
784
3477
4647
7976
3357
3871
1921
6411
5790
5336
5845
4751
542
1843
5543
348
1931
46
5827
8582
968
8061
5006
6432
253
3916
8825
404
7059
8057
2464
5488
7043
5196
2882
3896
486
8252
7848
8491
5791
3192
8048
3853
3213
6518
7043
746
5885
2811
8586
4378
7028
552
4880
4637
4161
1525
8857
3811
1033
4517
5520
4792
1756
7117
301
2363
645
1154
4678
7282
6584
2566
1268
2724
8595
199
2086
3898
4766
692
3788
1219
7687
5589
1122
2090
8623
550
428
814
2648
4735
3576
5486
8448
5507
5246
8631
7735
2131
2277
6051
7475
5839
711
8480
3653
4120
205
4562
3756
3965
6077
2254
3000
5087
3383
668
49
1739
6935
6767
2414
916
2813
6077
57
6875
4641
1174
807
892
2393
4403
4374
718
3589
7196
7079
3302
6161
1397
4970
2776
305
5750
1529
1948
2124
3486
8413
7921
1719
4651
2044
4841
1210
5913
5212
7728
1552
717
4122
7977
4280
6292
3187
7727
6928
4812
1252
7646
6529
6751
2468
8228
21
6456
7814
2055
2429
740
1101
8339
3639
294
7513
4216
1917
2254
4022
4718
2361
615
7787
1838
7252
507
8424
6559
7670
3902
6368
3466
4951
2836
7382
8170
7140
8400
996
3067
6302
8754
3719
7822
6460
1555
3582
2438
7272
2832
5121
5026
5967
2649
3159
3663
8602
8381
5519
5449
3090
1548
7656
2999
3920
3120
1004
8216
8314
5729
3039
4797
8578
7636
3102
8661
401
1943
8290
5711
904
6243
8059
6791
7199
7359
8065
5192
1614
205
8886
8490
1048
7795
3056
6585
6112
4000
1626
8634
8020
400
6818
8914
3278
7846
5797
7676
4850
7302
390
8335
2593
2052
2950
8362
4907
196
8790
6277
7580
639
6280
4725
917
4742
8819
3523
8827
4094
2692
3987
5693
609
698
6876
7798
7965
5834
7400
1059
3931
3513
3705
3207
6502
5808
3998
2025
7629
2529
1249
6807
7767
7536
4999
2332
1914
8741
7371
5284
640
6182
5495
1641
6311
2786
1664
8598
6723
7880
5924
4128
8963
6741
4075
7349
6756
7268
3111
8716
6654
7959
6754
2092
6905
3388
6899
5793
2091
6372
2332
729
6929
3013
7235
1540
3543
6918
4514
5210
2054
466
2981
30
1281
3270
4488
8488
1636
397
482
5209
3258
7388
1314
3423
8242
2183
4789
5104
3596
1273
2961
3628
8197
5779
1018
5227
5125
3972
1374
3797
8937
1014
4798
736
8810
5777
2603
4036
6994
257
3363
8299
294
3147
4311
612
284
2093
4178
1294
402
8434
3264
6258
4192
2573
1816
8905
4868
2253
8200
5796
1800
8031
1259
5163
5418
394
5570
77
880
8075
7444
6478
5653
3976
523
6990
6013
2578
7061
1502
2281
3843
3099
1806
7151
7103
3794
1706
1465
1984
3323
5403
8056
1297
1121
385
3357
8692
1727
6822
4891
7398
1123
1382
5557
5464
5659
1035
2448
4281
6363
8109
6700
5871
7631
5158
972
2333
1955
3723
992
5390
6365
7030
203
3280
3012
8968
6670
1443
3543
1477
1528
3344
5980
6808
5680
551
6579
4685
2201
4240
55
237
7192
8163
2977
3236
8805
4260
8456
2038
6516
6302
865
6072
4183
8536
2782
804
6082
7220
5606
4644
6266
3820
5794
5807
858
6312
5967
4553
7444
170
613
6628
7465
163
5467
5933
1125
5982
6940
3418
3250
5297
810
4999
6815
7693
7573
8823
8500
771
88
5567
5293
8366
185
1407
2041
2751
7347
2938
5693
7011
2210
405
4210
3794
298
5412
3280
4304
8484
4568
7045
6470
5885
7581
95
8067
2597
7575
2649
3699
1505
6732
6661
4098
7142
8485
8774
8058
4491
7550
3177
2607
3593
101
6376
7188
6738
519
7010
1407
6914
1246
971
575
559
3966
8267
7510
5097
6263
3781
6217
2413
8885
3158
3676
2764
5835
2392
3386
7523
2271
5259
8994
4591
8982
4599
5622
5182
5280
5711
6989
2389
1230
8805
3904
1242
6432
2935
890
4845
7355
2755
2736
2992
536
5189
4080
8951
3047
7561
5757
5118
3818
4798
120
4823
4990
8858
8331
5068
4980
1508
7008
7990
2015
7394
3606
8051
5029
6895
3859
2422
6008
5848
4701
7030
111
8668
8058
3956
8813
5662
15
4698
4667
1216
8173
5165
8809
830
8536
5871
6975
7420
1714
7052
3082
3436
557
934
4619
5528
3901
8127
649
2224
5795
218
1478
1689
6622
5231
6039
163
3011
6065
4517
5252
6046
8238
5065
8462
329
5778
5189
8634
3401
6272
6717
2616
496
1879
6684
4037
5964
2100
1490
4655
3799
3370
4411
5199
384
6378
459
2115
2206
97
1102
6671
5349
997
6260
5247
5377
339
8129
4636
7095
6728
5219
2337
4251
4121
3700
5009
6964
4370
440
5736
6580
3648
2944
1042
6828
3276
1388
6723
5324
5708
6512
1251
5215
4127
5821
6885
1957
8132
7048
1438
2498
2383
1664
7037
6043
5562
1417
3179
801
3389
8293
3647
2103
6793
7866
5718
6366
2422
6631
5958
4647
7983
3816
302
464
815
2945
6420
1968
7530
8678
4202
1740
266
2241
1453
7820
8181
2853
8500
5968
5103
4088
578
2555
1753
5917
1855
1906
1462
1071
3897
5262
8694
5969
8939
3092
1161
7098
8823
8054
6905
703
6029
8331
6724
8241
3128
2505
6237
3805
4377
6131
4558
8914
1339
8029
6621
2877
50
5572
7512
8632
8288
2875
4461
1537
7534
2424
5026
2070
8867
116
501
7751
4652
1402
6234
2404
4560
2911
2432
6717
7263
3311
3398
952
7422
6209
2087
197
2362
3400
8078
2814
6303
4402
7952
3762
3043
1046
453
7737
1219
3630
2698
1233
7362
364
6879
2678
2002
393
128
521
8992
4680
714
1023
121
2242
8667
466
5642
4946
6790
838
1761
3968
4651
6577
4094
2651
6647
2909
8997
3655
1828
4002
4554
6167
1607
7092
7633
6764
3426
2268
4610
1251
1206
4651
1142
6284
631
3048
7112
5759
588
4178
2
6425
4033
3186
1363
1012
1115
3608
8482
8412
8791
8094
4026
2846
935
225
1706
7411
3354
3307
7224
7242
5167
7350
6361
6748
7102
1571
1063
1409
5851
5713
768
7344
7776
7417
8303
2915
7309
1877
7305
5673
4575
1513
7422
2436
482
8553
6257
6675
6852
8490
7534
8747
5184
1910
2352
6574
5404
4407
7460
8093
3751
3140
8077
3065
2482
6353
7100
2477
8194
8152
6076
5184
6927
4526
6672
3535
4069
4041
4026
5079
3172
5869
320
1144
2782
2174
3229
7093
508
6703
5889
3495
6541
4369
5230
6978
5517
4143
4216
3175
2310
7638
192
3024
6821
3762
4110
5402
179
8548
6464
6356
4294
3480
83
4095
7964
6002
7220
3030
8444
1296
4132
6572
8656
8995
1342
1092
3523
3975
1222
787
1707
4882
1152
7107
5531
8577
6514
2937
7744
950
839
8198
3718
8262
1345
3818
3638
1679
3722
3980
2918
2582
6784
2430
4221
1870
7002
5021
2809
6045
6387
8231
1383
5656
8577
1037
7806
8407
7370
4384
1185
3907
4077
1632
1311
8532
3816
4247
929
6664
7019
5083
8367
213
424
6651
4255
4823
3630
8785
491
876
2857
6894
3342
7093
7559
875
2891
4744
3929
8203
2177
2456
3100
2294
5311
1310
5507
5984
5384
2625
3379
3233
7995
8864
7211
4349
1691
688
789
6611
8725
338
4181
3395
6339
2420
7246
7369
8044
3911
1963
3190
6733
7304
1913
6157
1376
6776
1414
2563
6832
5518
4221
1119
350
6013
3066
3810
683
8160
5148
3088
4995
2065
2892
2780
2074
1897
465
6626
3030
4001
1845
7189
8600
8727
1775
5209
8376
3173
3101
8266
6132
8116
8422
8652
3244
1246
7522
8788
86
6704
4319
2251
3265
3230
1665
5611
600
2168
7988
7602
1229
1906
1441
1980
6215
3690
7115
1701
6481
4490
8253
11
4688
5710
4522
434
1857
471
8528
2681
3621
8582
5825
2913
7227
7012
544
5150
2344
406
429
6806
3773
326
6805
4183
8548
8324
7945
6125
680
1939
1720
3033
689
4912
7532
853
1425
7422
1718
139
3814
3189
6247
6038
8188
6417
4797
2600
422
7702
3774
6746
3473
8408
379
7450
5990
2297
7068
8334
8489
2156
5540
1688
5810
2855
649
4530
6632
1053
3362
424
5325
1369
4901
5060
1650
4199
5780
7621
6847
1884
7907
8721
5199
6366
4889
2433
5766
4117
4217
7572
2024
665
556
6243
6168
317
3692
2132
4473
3722
951
2907
333
1814
5398
5738
1391
8027
1489
2912
4207
820
7418
3768
8154
5890
5746
2520
8570
4733
2204
298
5625
4949
3956
1952
3046
8553
6730
7792
1418
8238
1337
4791
1330
4505
5095
5106
7137
4569
713
7879
1184
1571
8445
410
6717
7320
899
8108
4206
7196
6000
4685
2248
5493
952
6466
4208
556
1319
6594
6853
480
1701
8042
17
2869
6844
3672
4674
4644
7575
4197
6129
4012
5816
5044
5613
3374
5550
991
1605
2974
6258
6904
705
7021
1132
3717
1819
4812
4519
3717
424
8171
357
3751
3197
759
6968
8497
1071
5361
7143
2814
179
3547
4057
481
2807
5086
1153
3294
3755
3496
7093
4976
8559
4521
8773
7845
6299
7948
5285
541
7653
7498
5567
1729
3242
2849
7672
7025
7124
3724
3445
3022
6852
8477
6554
7886
2077
7390
734
6109
4293
3580
7087
4576
7040
412
4005
3054
8546
1976
1582
1463
6457
1514
1070
8950
7037
4969
5672
7507
6717
8225
4533
5089
2352
1029
8895
8166
6564
7072
7147
6081
4174
1697
6546
181
5254
388
3130
5052
2878
5108
629
8023
8648
1351
2270
3433
4249
7091
3131
956
5766
6092
139
723
169
6175
6958
758
5992
6424
4003
1700
1842
808
802
5043
3255
4859
3767
7419
259
2141
5055
5096
4622
812
7203
8406
1491
5601
2782
2911
4555
5280
732
8096
8709
871
2809
5513
8917
6812
6826
6491
8238
8863
2956
8797
1573
8726
5984
2967
1132
5598
6648
2695
7335
3615
2153
7321
2694
4537
2036
2977
5176
7235
8810
1052
128
3082
6828
6628
6711
2222
5541
1259
8302
2408
6060
2439
605
3640
7209
3324
2493
4148
7307
2071
1279
6930
3404
6790
2431
4502
2523
2117
8008
5167
1307
4115
5805
7579
8532
6435
6401
8259
3174
630
8204
6330
5454
8750
4651
7111
3231
7510
7971
3185
1542
6301
4521
3706
3825
4433
4337
4196
92
5887
6249
6272
4634
2793
4368
6766
1317
3769
2657
8007
2011
2554
2598
6454
3429
1678
7323
8341
7980
4737
8089
8819
2570
708
267
7995
1107
5646
2704
2928
6126
613
717
6412
5611
4330
3590
688
1315
5962
6441
6926
2847
5497
6424
7410
2046
8522
2793
1799
5294
849
4299
5541
1918
3713
4775
8520
4429
873
4009
4085
4307
1441
7937
1429
8507
1642
1667
5764
1593
2467
2239
2491
398
3897
8845
6481
5796
4726
1169
3688
7864
4338
2142
4892
7020
687
5339
6143
3134
7150
3663
1591
4880
1271
5386
5473
476
7221
3649
2950
6748
3880
2709
4643
5052
6308
8689
5751
253
1527
3006
502
7926
3704
4766
1515
2264
123
2841
5506
111
5561
590
2266
1544
2692
6602
4825
2780
1352
6742
2682
4432
7116
4376
90
7293
568
6961
1673
3562
6153
3894
7547
3916
2336
5741
3910
4992
8808
7502
3750
8797
4910
6195
2043
4665
3731
6230
2924
5510
1109
3694
541
8808
44
4229
5532
7653
4136
5672
2330
2338
6527
8988
5540
383
8732
8721
4353
2038
3315
6318
2238
3165
6601
6450
8157
6228
1489
3570
6181
1317
1321
7979
5754
1761
2395
8406
1757
5745
4263
1339
7830
631
582
859
5709
8161
601
6150
8145
1886
7904
7037
4760
2329
438
3614
8309
4176
6770
6706
6215
1672
8256
8156
8069
3214
4246
6504
7992
6116
1347
4389
6225
1470
8777
3592
6202
4048
1003
4927
5209
7606
3034
1959
3798
2271
7746
6835
3797
5607
353
5553
319
4928
2975
5410
1059
4780
7480
2022
610
6482
6695
3994
3488
8314
8413
1192
8174
4550
3959
552
6317
2152
1181
5608
8869
338
7183
1269
3387
6230
6154
4373
7793
4634
56
1451
8903
1295
2414
7910
2791
2247
8478
1167
1790
6720
6261
1997
1015
7025
6807
7742
5777
1104
1430
2708
8929
8230
3698
1601
3330
4280
2786
5201
104
4187
5288
1315
1253
7978
6107
7715
7947
6231
7510
519
2303
3500
694
8764
2471
6245
4793
5116
2930
772
4961
5510
6493
2639
7175
6267
5415
3922
2301
7856
34
2885
2548
1973
7465
4467
6188
2536
6881
1558
5850
1991
2896
2161
5371
5585
5986
4348
3471
3063
1979
4318
4609
5524
3295
962
5459
8022
4748
5992
686
5872
7825
1582
4822
621
4024
4779
6604
7179
5398
825
126
8946
8700
3549
1073
8231
406
1987
1271
6618
1816
2018
6731
1256
481
1074
5888
494
8695
8349
8193
4827
3138
1969
5780
8360
3981
681
2704
6102
8014
8242
206
236
6335
8929
3612
2692
645
4039
4171
7281
2830
3598
2786
5064
112
5418
1339
1391
8604
4687
5420
70
8545
7978
8184
5737
588
6623
4780
8927
2173
1231
7062
1226
7133
6468
3254
4835
6212
2267
7369
8033
4760
2467
5522
6886
8495
1808
2649
1270
8629
5647
3568
1197
8585
4414
4208
1612
7594
1378
995
5384
7031
6651
7506
191
6891
8848
1158
4559
8807
4851
579
2101
1946
5272
1529
5511
8524
2055
836
959
4168
180
6116
4804
2367
2287
1887
1070
321
4605
4777
2878
3631
594
3302
4976
3508
8633
6254
7262
2418
6867
4919
5578
8808
3927
5441
2543
553
3443
3138
7909
3624
2184
3713
8167
7559
2091
3472
2003
2639
7757
8243
5845
8002
6041
5798
8024
6860
4373
1034
10
6496
7095
15
4619
127
1853
8278
8842
115
8033
2525
4708
4026
871
7622
4026
6261
8941
6633
2389
1136
7622
3141
1497
7644
8794
8806
5371
7560
1606
3848
2329
6927
5499
2865
6772
5962
7574
4157
3612
1990
5027
2515
3073
6792
2775
3069
5705
3229
5377
3085
3954
3590
4851
4714
3294
8641
6691
1130
5014
947
8392
8497
6229
1129
6260
4104
5314
3853
5749
6409
8129
109
399
5110
1167
2704
3410
7858
1983
3202
8851
1647
5870
8823
833
1198
8151
8108
7847
3398
6124
4913
5209
1299
5611
5954
5180
3080
7472
4829
1463
4967
4652
3470
40
7444
1514
5501
2404
3258
10
7937
6927
565
5428
7559
1380
4183
8746
3674
1770
4246
458
2718
2531
7386
7559
6664
8073
6748
2659
7637
5407
7394
2275
3059
466
1792
6367
2796
3875
304
8020
3822
2057
3842
8872
4776
6039
6598
4778
832
1808
7102
6555
7231
6634
3225
4357
1045
7038
3498
7294
8081
7083
4759
7769
8369
6641
1749
73
80
2561
4865
5523
8365
6070
2714
3679
4248
2647
6634
4738
8079
4869
674
1724
6215
4236
1333
5753
8966
4127
1373
3581
3637
3260
6874
6257
6868
3873
5081
7365
1117
210
6937
1513
2970
6049
4320
5572
5042
6264
6516
8120
2406
4477
5094
6984
2042
8883
2257
182
775
1921
5761
2525
5526
4393
3950
7832
5775
2367
3911
478
951
6131
6883
211
304
2758
3274
6116
450
6461
6275
8830
2223
2101
2599
8923
4989
2315
8642
8002
8724
6526
6426
4602
1599
2580
8751
2867
5247
7790
6755
4488
6891
4992
3427
7197
6940
7753
963
3506
517
4011
5720
1809
8976
3000
3679
5386
1826
4801
5027
8623
4241
2268
2468
7374
4500
610
6626
8156
6232
3609
3600
112
1164
4621
70
6051
5178
2374
6919
7530
5118
1966
354
797
4330
4513
6771
4552
832
6033
1321
5715
7985
4446
6979
3415
4586
6246
1387
6944
3734
798
6900
5682
2494
1277
7664
4521
3270
8977
8514
5433
641
4617
8251
542
8748
630
2360
8609
1256
1703
6008
1248
5993
8600
4402
5057
4411
3957
8253
2003
6269
7192
2242
8456
6350
2165
4524
4603
3699
8623
6904
6242
4626
4737
351
3088
8745
2307
1912
578
7992
5526
3730
5963
5957
4086
8816
4911
7742
6243
1813
6536
6856
4924
8822
4169
814
5657
8127
852
2270
114
3285
7354
4302
8330
7307
1223
68
5754
1640
1502
3514
8115
6614
1033
8648
4860
5558
5573
5956
6684
7990
437
4020
7916
8836
1326
7780
2220
564
8498
1619
7160
1117
8340
3432
3735
1618
2710
4922
4016
7093
5314
2077
4482
902
4436
6720
2166
2265
8928
1555
5195
2269
5957
6621
3046
6784
4029
8116
6115
3176
8600
3110
4516
5772
492
4356
5301
4513
5315
5511
1050
4217
6305
1362
1742
3334
3297
5055
7489
7181
507
6837
6988
6981
8547
5583
7364
1638
4025
8096
865
5478
8249
451
842
5206
407
4103
7519
396
4161
3575
7667
258
4328
2095
8620
8603
3115
8146
3112
1998
5690
6089
6925
4371
3469
4622
3692
3682
3687
3574
3371
899
1410
3581
5079
1536
544
6172
6323
7222
1219
4189
815
6362
6250
8223
3575
4193
4368
4669
8886
5032
6498
6752
6864
1090
8285
4109
3921
7104
5874
7593
501
6530
5616
4449
8701
7212
8292
4559
1787
3684
3726
5374
3426
6895
1435
5590
2252
2835
707
6435
7905
8743
7503
128
7282
583
6817
5289
6039
7260
4015
6966
2211
7040
5653
5891
2386
7935
1486
2508
3403
4897
8855
6206
5304
4940
184
2185
7735
3110
3527
3545
549
1255
5755
2044
4902
3013
2459
982
8459
2802
1537
8776
2088
7528
4886
3511
6961
4517
5250
7224
7760
6025
4296
5385
7230
5268
3844
5043
292
4717
8730
916
3212
7261
3949
8880
8521
6265
7200
8880
1175
662
292
5787
945
2615
8439
6312
61
1891
6941
4238
4734
8762
638
8250
342
7853
2940
3152
2110
8541
8902
3301
3875
8051
5942
5513
495
3247
7636
794
6825
1124
5613
1059
4017
3121
8660
6627
7429
2955
5650
5682
8497
5205
1837
5183
6262
7674
4915
5588
2578
5217
3289
7051
6351
582
5764
1890
603
6210
107
497
8572
1121
1431
2301
4973
7553
3040
4149
5202
386
8870
7809
4276
3841
57
7170
5377
3998
7837
3076
4611
8310
1293
2816
7019
779
2386
839
930
7022
5481
4993
7300
5135
1847
1315
1769
4723
8065
3607
7505
4525
3828
5470
4100
3911
7085
8816
8459
3791
535
3299
7766
3455
6823
7770
6243
3756
6917
1381
4696
8920
3225
6606
8525
6683
1816
2596
369
8004
3330
8856
4199
5166
4112
7437
1364
8190
527
2684
7968
3888
8228
3933
8103
2481
7835
4483
2571
5807
3032
1566
8120
6396
6073
1036
2019
3346
1654
8937
6368
6344
8718
7002
3990
138
6375
6498
5257
4256
2386
3156
6517
2765
3648
7671
481
1311
1757
887
967
1318
3600
1880
4703
1621
3156
934
6155
374
3702
3808
3962
402
8722
7186
236
654
7493
3338
4711
1113
2033
3546
4428
5370
8713
1428
6073
5254
3353
1676
2236
8086
1768
3407
7704
2360
6661
505
2255
4444
4987
1908
6453
447
1355
1116
4508
7108
1172
24
7985
8910
7314
8923
1459
5138
1864
5080
7027
6257
5891
7076
5420
6156
7132
1797
6649
5064
7737
1753
5669
153
7586
4889
6755
7186
1147
1540
4458
826
6946
2800
2245
7810
2511
6427
8965
7779
5379
2847
2683
6365
6790
8828
1989
883
8665
2992
772
4458
973
4442
904
8247
3798
5156
3673
1488
3671
5646
7955
3658
795
4542
2524
7154
6397
1214
526
3648
1101
2446
4716
30
3000
1352
458
1102
482
3515
917
3657
4939
15
7132
2196
3371
2823
2826
148
8459
5173
5177
6362
4154
1943
3229
8530
4312
5791
6962
1485
3379
1240
8778
1567
555
8132
4687
2411
2668
5763
4081
2074
5736
693
349
194
6430
7225
3875
1955
779
7214
6394
6645
5723
5582
3666
8837
6804
4459
5269
1742
7024
5513
4051
3396
2869
4163
376
6788
1994
8442
4164
4504
7768
3696
6664
5975
2562
7107
1568
5632
1883
3781
6161
7582
4083
1616
7575
8391
3469
4014
4891
567
2992
1742
6953
1146
8960
1323
8530
5503
3120
8190
2906
4816
6463
6012
6183
2237
6148
27
620
6488
8223
245
6274
1299
5925
591
7234
245
2591
7668
2561
2196
920
7986
3584
8301
1009
7574
471
8951
731
4395
5142
5653
5224
6165
8032
7826
6663
4196
476
350
4954
476
1129
6183
1093
5569
5605
6899
4630
8544
4770
2185
4491
7929
1030
7472
3796
4025
3717
71
6574
1435
485
3740
4089
2526
3726
2752
4463
874
252
5391
1314
564
7554
4661
3888
3329
8773
5596
8565
3263
1922
3403
4254
7391
629
6104
5869
8655
5863
7757
86
8300
8730
6960
5093
5108
8565
3797
193
4809
8503
4407
5785
3306
2513
5995
7122
8292
4013
8997
794
1269
8005
8676
4268
8433
2817
8152
6600
3301
4329
2188
86
153
2635
3798
5751
5771
2033
7956
2433
110
8586
4521
6213
3146
2691
2204
5086
6693
8202
25
7063
2910
1647
2273
17
2690
5936
3901
4377
2904
2359
4400
243
4871
4529
570
8717
6911
7030
8632
4857
4148
7729
1993
4592
351
6427
844
2848
5360
5512
3573
426
6078
6805
2262
226
1950
603
7050
3756
5474
3693
3485
8663
2216
8435
6239
5785
6987
1945
5695
159
4320
1455
8324
2791
2599
4997
8087
7124
337
442
7604
4581
4360
4961
591
6811
2202
4121
5644
7676
6511
8568
135
2609
7834
3475
3489
2968
4813
7020
7260
2143
7484
2129
6886
1670
8660
2893
4481
1351
8276
1437
5763
8773
5289
721
3161
5382
8736
8380
7918
3231
3197
7314
5002
4274
8512
8606
7693
4030
919
2509
8931
268
4078
1922
2610
1945
683
2095
2310
1333
6566
189
5861
7134
8861
7320
8446
1777
5855
4337
3581
7143
5846
1233
5105
4456
4967
6959
5711
1199
5518
1007
247
7610
4146
1480
612
5748
6983
4343
2970
1920
4523
8045
4743
4692
6688
4474
6171
3488
7200
980
2532
5802
3159
952
3114
5175
1730
1075
3234
3767
8581
1854
3110
8990
3394
5300
3761
4579
318
1754
6849
5847
5837
2362
5269
7011
6534
6739
2405
6342
6233
6520
3848
1594
3012
5467
1912
3882
261
2158
4907
7682
5770
8142
7707
4611
6876
2357
5885
6601
3778
6082
8447
6067
4162
2999
1266
847
186
7319
7014
7103
1516
362
909
372
6928
7374
7503
8741
572
2588
7693
5676
2351
7844
7122
6293
1227
5541
3923
1092
3576
2277
7464
8962
2821
2
882
7900
2249
6979
4124
2784
7888
4421
4142
3588
6097
7374
3148
3973
780
1032
613
7737
433
3250
1983
5865
403
1697
4128
8823
1172
494
6736
1512
7306
8253
4162
413
8975
5753
8281
8988
2694
2279
7263
4022
2121
7317
8017
7677
3592
2870
1542
2060
204
830
8494
8907
7161
4429
2743
8189
3569
2345
179
6455
2734
5596
4710
5280
3127
7231
4107
7800
7732
4794
781
6294
4853
1937
8603
3481
1652
7588
1917
7347
355
2803
7379
3597
5680
7436
6789
203
5789
8443
2117
1486
955
4300
113
8047
5423
7352
764
5758
5661
2738
996
5448
7833
7357
2702
2262
7412
5348
5149
3632
7219
4669
1578
8677
7044
7795
734
5893
6266
3694
5210
2646
4872
1209
5287
7320
1001
7944
6970
8141
6413
1300
5559
6727
8584
4637
1926
6280
3101
3947
2059
8464
6568
272
2671
4639
7809
3893
7804
2440
2781
5600
8878
2781
2694
3535
8917
5117
1938
8947
119
3807
8969
2492
1587
1833
5984
3749
1199
2793
1386
372
6666
6207
4998
8705
1110
8606
2484
4535
5598
2422
145
8780
7566
1655
3819
8521
1647
4683
7030
3686
2841
3464
3532
6414
1979
3848
1187
7753
2598
7800
3912
3372
3591
8394
2217
7098
3364
3334
1224
3181
1974
2988
7940
965
6612
6527
4594
6324
4552
2494
2856
4699
2779
4316
890
677
1939
6874
5814
8478
3005
7950
5401
6999
7166
7963
6452
3313
2035
2492
4018
5707
2304
7189
3952
1226
4853
2641
3103
7187
5237
3066
6638
4328
448
4440
4247
8909
1817
7513
212
7863
3817
5017
6283
328
3562
7382
4045
4457
8672
227
732
2116
6249
2591
6258
1836
5886
2169
8438
7651
2209
7315
18
8744
382
8120
1352
7772
2566
5066
6459
8863
7223
7764
4713
1212
7815
2065
1286
3005
6831
2496
8132
1308
7589
4101
5118
7016
7705
1125
5284
1704
5065
6773
4713
5143
2232
4670
6560
8940
2409
3745
8197
260
7009
6716
4528
7631
5442
2719
8795
5404
5956
5142
6221
7153
6639
6962
7752
8683
363
2022
8804
8262
4768
3243
2478
5033
4514
7593
7267
6418
2107
8962
7975
5786
2468
4868
6819
6412
3671
3996
1258
2559
3868
793
1556
8909
5611
5028
4339
823
6057
1162
731
3296
2979
8371
5959
6923
1423
2082
502
3593
1923
3921
4493
635
3125
1649
7398
2272
1137
6907
2877
4523
7177
286
5235
8773
670
2837
7196
5002
6005
1420
7107
3827
2477
351
4022
2271
773
6871
2180
3550
7171
5522
1978
4524
5742
526
3813
6279
3141
6058
8953
3829
3200
5072
7104
1308
876
331
8527
5319
8749
7137
3234
5194
7395
853
6624
1435
575
3668
7297
6605
3767
513
5659
1370
5029
7975
4548
8100
6198
5235
3530
2488
6206
4212
4391
6943
1472
8424
6592
370
7363
1092
5268
4562
7841
23
3345
2818
521
6332
7473
7097
5900
658
5957
7456
4156
8465
2256
8268
2193
4171
3756
5760
5397
1773
7498
1226
3119
8105
6562
680
5037
8409
667
2111
7162
114
5028
1072
2815
299
6561
1631
3798
7800
8585
633
2329
6487
5804
6170
8489
8366
3370
4937
8403
4743
4943
2976
2412
3394
1907
5467
6845
1197
1765
572
1826
898
5983
7857
7125
2685
8900
1883
6936
3705
2030
4364
4927
678
7781
5708
8051
560
7498
3135
6626
3239
3385
7902
5052
1935
1421
73
2609
3932
3309
4694
1294
5235
2820
2593
6551
2695
4046
2192
4790
7031
3759
6322
7529
5393
8686
7899
4986
901
5734
7862
7512
2816
1917
6464
6594
4748
772
6309
1708
7816
7535
3697
7930
7193
6376
3773
6289
4173
908
1499
7693
2087
383
4312
8333
6484
947
526
4931
2481
2667
8891
3487
895
5981
201
4315
908
8694
6283
4977
6479
7736
8712
1425
5080
2271
6727
2551
7770
129
8120
8937
6718
5747
4803
2390
1604
608
4591
2321
1384
8396
7609
949
4175
8903
7014
2083
6333
1814
4391
8974
8461
8667
4921
1856
6044
3028
2789
4829
5242
6345
5682
1557
1374
255
8485
6887
100
6025
2411
8449
8510
7063
5211
8684
6573
7214
2443
1860
1602
8247
7781
262
5333
1732
501
8066
1568
8060
6258
7823
8658
5152
1974
3734
5268
6646
2444
8958
6345
531
2470
4350
1334
8742
5839
1634
3388
15
2363
6221
1238
2294
8393
4309
4499
8248
8803
4107
5482
3339
226
5657
4917
4315
8768
4391
7356
1494
5531
118
6582
7569
7067
3293
8318
7350
6609
6090
1456
3597
683
5376
7214
966
5768
518
1740
6537
5565
5121
8340
4453
2449
1816
1295
7909
3963
2653
3105
6553
4942
4699
3264
6632
2919
1578
2488
6546
1011
1399
6773
8804
6639
625
727
8141
4965
8871
3083
8645
2007
6085
4900
2238
6668
7902
1597
2298
7892
7203
4689
8428
6874
7505
5273
3834
2253
8752
7082
7776
434
6127
3345
5544
610
4381
5083
1189
2828
5643
4421
7640
8791
4438
4148
3145
8493
4232
1330
2103
591
4558
4479
5666
8561
5700
7920
8829
1506
2139
5598
3842
6051
2941
8485
2446
6481
7792
5271
2419
5489
6494
1397
6236
6263
8670
4425
2891
8930
4658
5603
1590
8807
1073
6742
4889
4993
2791
6110
2765
3218
5265
8321
5549
7305
4013
5015
3017
8408
6997
4287
2923
4032
8820
6799
1255
3043
89
6159
7728
8222
4353
1467
358
8049
5793
2052
6699
3285
6680
5777
1580
1584
4811
551
2413
7528
1219
8666
4485
5298
2801
5495
3009
989
881
816
2804
4008
6028
1338
4868
7517
3231
1151
3248
1777
3401
4059
5205
800
506
3357
6592
2098
2071
4948
5142
3620
723
1251
5015
5532
7103
7339
3504
1885
3305
3147
4536
442
746
8006
5954
1379
6561
5850
8802
338
886
4648
3803
7993
5969
6405
8580
4841
6169
5996
5779
2393
2712
8061
3433
3209
3155
6142
5126
5186
552
5981
3445
7237
376
6327
5264
4060
1172
4424
2646
753
7660
439
1161
1097
6689
2677
8348
3340
5588
8171
6377
1571
3056
2901
5745
5287
2579
3318
8997
2842
6402
8177
7281
8428
7786
8081
376
4157
8362
3286
2955
185
461
3852
4042
1085
3743
2642
7141
6893
5365
2284
3980
4271
3110
3942
8803
1071
608
5845
4065
7816
3515
1371
1496
1668
5371
2839
95
7545
3881
7023
8658
8152
2760
5875
6107
8882
3237
2399
290
8577
1287
421
6024
7136
5966
7268
1353
1128
2697
7329
2264
8024
8015
5416
7564
1329
1599
1055
7488
6587
5675
5863
3433
3991
8655
7040
7312
5427
2120
440
7959
3731
5463
6568
3624
1842
3388
8540
3121
4244
1232
7860
5492
215
738
8611
1851
1302
523
1995
3953
7977
4878
2803
6979
6909
8039
103
341
2819
1860
466
8529
8112
1488
6083
6002
6905
2668
8993
1094
1528
7185
1219
1306
2135
4153
8625
3672
4432
1763
6185
5788
3254
7916
7887
7364
1276
6611
6100
4525
4144
6581
8745
3314
6364
743
4680
2608
3785
3914
1559
7493
6496
8065
5123
5822
3814
6350
4277
1128
6882
2346
8283
7462
3791
7635
8613
6833
969
2095
1770
2206
7486
3551
6415
4041
730
1824
5244
8095
4958
331
5379
7001
5287
7795
8510
5100
1422
6358
643
613
7842
1469
3230
8499
3622
6230
668
1621
4447
5073
7287
1466
6511
4887
3155
4479
679
5565
291
578
8805
5169
2081
7142
7001
5604
6345
4632
7845
229
7912
8861
5921
8719
886
6462
8337
560
605
7476
980
2250
6053
5534
1360
663
8614
5065
7
4149
7601
8391
5464
5305
8339
2288
1980
8136
1231
2701
5534
1632
2743
2068
8726
3332
3119
5805
3458
6039
8750
3298
7369
352
1530
37
806
8724
7390
1572
3909
1442
266
3832
2397
2911
6784
6388
3258
7034
4654
7808
2070
33
3013
4380
2635
2266
501
754
8999
3710
1682
3076
6549
5559
4056
2573
844
8363
2654
6644
8590
8480
90
466
5079
159
2601
8325
4448
8822
2385
77
4711
7389
1837
5235
7237
7299
5044
2642
7339
5864
4118
7293
2954
450
3292
944
5374
4046
7723
2555
8078
8780
7165
305
8938
6374
2548
7127
665
4833
6867
4487
3951
8017
5980
8292
5791
1659
1951
2640
1739
8299
861
2689
5709
502
1954
307
3720
3722
7824
7839
5984
1490
3854
5296
3075
918
2125
1030
6362
5079
2306
6980
4704
2263
8708
2852
1638
2511
8356
3810
2713
2882
3836
2437
7369
7495
2870
5578
5070
2244
7970
6315
473
77
6195
6293
36
68
7390
5575
5967
1595
3192
7790
7208
6829
7220
1773
2526
946
6069
202
1562
8593
3670
4964
3755
5416
1220
4208
5405
2702
4972
1099
1709
3506
4406
1378
5915
6029
894
7021
2540
4713
243
2898
4850
4885
2157
4509
5403
1801
6728
3053
8355
8268
8600
6954
5639
7333
6319
8115
2327
6366
3746
372
2383
5540
6413
5972
3794
4339
2590
4628
308
343
197
8467
8466
6917
2517
1231
8664
6551
487
2367
8247
6535
7092
643
6296
2355
829
4381
3290
7174
5393
6361
5612
1944
2234
5998
5095
7019
6044
5721
2091
1358
8603
8103
7109
8399
7888
5312
1570
6033
4279
3123
6074
5102
2441
5180
4435
4909
3633
4819
4945
3004
7284
1198
3799
2457
8090
8182
6285
8050
100
23
1495
3581
7465
5576
7685
3681
7721
5123
708
5723
2100
5359
5688
4461
1256
7096
8396
1464
6070
1136
6648
7267
1392
2175
7446
5724
4913
4294
2361
994
4537
3794
8506
6749
1355
2483
4720
8942
292
1908
2203
5768
7618
3797
5045
2368
7751
5787
4150
3272
2841
4130
6219
3150
1568
41
7459
1236
6331
6587
989
2665
2199
8574
4232
6789
6501
6188
5689
5817
4342
8791
5339
5652
2925
7594
1742
1259
8978
5698
2502
1848
2687
7019
2319
5675
1824
7991
8058
6230
2004
5641
5015
5521
514
1320
5271
2255
1394
8767
8716
3160
7810
2969
1687
133
1737
2873
8470
5034
2924
4976
3512
2421
2962
3680
262
205
2213
2181
4832
5709
7136
7876
1441
1760
1135
8275
3209
5943
7264
3647
1957
1998
1901
8461
2820
7748
7794
7896
1104
7313
6441
4425
3583
3522
639
7797
5382
3071
7538
1512
2145
8958
2690
5535
8257
6545
2098
7459
6890
6626
8826
3417
7992
278
1481
1807
6006
3255
7172
2201
4306
6636
5437
6577
8184
6899
34
909
3954
6599
1540
7171
49
2293
1376
391
3850
2575
1790
5188
4800
539
2787
4809
6441
5630
6813
1787
1136
8634
330
5033
8623
8375
8270
117
3063
8518
831
7366
6318
2296
3502
5746
971
7188
2741
7568
5320
3448
511
7155
573
6351
448
2499
3757
4793
4539
6974
2455
7016
6130
6556
4996
126
8029
72
7855
3468
8778
2370
2382
1742
3981
5209
3892
762
2036
2974
2920
2351
8602
8483
1445
586
6646
4603
831
1419
1615
7195
815
7246
5526
2294
6411
1686
6216
302
3485
3196
8158
7270
1558
6997
3603
4245
3479
8865
3082
7020
7388
8847
6106
4865
1478
5935
975
5932
8779
5248
1077
5350
563
8655
3883
3194
1666
1689
5658
1868
717
463
4569
8942
435
408
2455
5025
6361
5942
716
247
4234
110
6411
1503
7713
3154
3344
6371
6485
7596
154
2492
2888
6360
7541
7549
4275
2188
2872
8228
3682
5932
4598
781
471
2533
5714
3273
7358
1796
2180
5420
7149
479
4722
1843
1821
8016
8933
1292
841
4570
8586
7032
218
2644
7313
6259
2788
3355
501
5789
2321
5997
7568
4480
4248
6511
3178
4313
850
8711
8047
2044
8312
3470
8803
5217
8204
1493
2722
8091
7579
7656
863
4030
1244
6456
8049
7120
952
8251
125
5512
1150
2310
1428
4835
4033
6498
2611
518
5568
7004
6137
8958
5594
4111
5368
699
4411
8588
7003
1243
4040
1969
1976
7370
1355
3528
6361
7751
43
5294
6685
6883
4940
4844
8815
6154
8734
1018
5752
5443
8060
3759
669
924
5524
8190
7175
5871
1550
7106
8347
5241
514
7825
4366
553
115
1423
671
1846
122
1522
3753
3344
4208
8170
7555
641
691
2499
565
4901
5876
1051
7305
2820
8395
959
276
6504
6168
7826
3856
3401
7303
2093
5695
5910
1727
209
4982
4463
4319
713
4459
8030
3893
5469
4589
2267
5501
6897
6791
5478
6474
7061
7176
8312
6204
2861
6914
8914
8678
2745
7860
1903
2290
5855
7519
3774
8548
3651
2338
3183
760
7416
2346
7670
8440
6385
2849
5845
8566
8153
89
8996
4619
6968
4453
7828
826
4774
941
114
5187
1594
5317
4999
1751
100
1880
2843
8709
3673
8950
3473
4696
6564
4215
334
6141
4737
2979
8419
2148
8213
4896
7650
738
7977
558
3542
3800
1398
1874
3179
1397
2610
2245
6748
1979
1368
1953
8155
8664
4806
2303
6803
7331
5504
7376
4217
4624
5137
2294
1913
378
7282
8702
8317
8356
3347
6253
7656
772
8439
5060
3865
5437
8692
3265
1923
8264
4591
4995
4713
2134
8150
2282
4615
6565
271
4368
4147
3676
7407
3712
7451
2124
5540
7458
2912
5605
7387
2680
4935
1818
2726
7896
1568
130
7461
7829
8664
2980
6485
8884
3905
7822
910
5681
8810
18
575
8300
4145
1214
8060
6564
4172
7582
6255
3149
6023
8160
6805
6977
2831
5612
6519
801
7773
4238
8888
6086
3911
4201
7319
7568
4456
2738
1258
5985
1736
2790
2314
855
4990
6993
1430
7901
7185
196
184
4398
1526
4202
7372
3197
4556
7135
5806
1299
8419
3030
6050
5605
1867
5725
2695
6186
2937
6887
773
5230
4220
8982
1334
7854
2606
4226
8449
7929
2958
6123
2193
4638
4674
743
5948
1104
6233
216
1687
5747
5591
8597
2991
2689
1297
1795
826
838
1928
7464
4044
4188
635
6005
3430
1652
1453
7365
4456
5810
5790
2022
6175
2499
6150
6090
7522
1558
3811
8778
558
572
7771
4832
5410
6237
2813
3352
2301
8721
2090
1571
1306
3175
1594
7823
4109
981
568
5310
1224
4365
7191
984
1183
3992
1950
8272
2554
4547
2870
3353
4512
8162
8885
5755
8055
4085
8795
3454
2690
8374
5122
2329
8596
235
7618
6000
1665
1334
5186
6080
4172
4606
811
8495
4315
730
6
8709
4687
6394
3798
1409
6703
4858
7496
7498
7403
964
671
8875
7414
2833
1156
2577
3885
4708
8802
2660
8069
7490
1495
4503
2561
4937
2455
8822
8720
5660
1451
6324
3765
8377
2551
6350
2288
1704
3681
7048
986
6336
6828
6569
2742
303
1460
957
4322
4765
845
3087
8461
1422
4084
6889
2170
5010
591
3554
1291
6587
7328
8314
7273
8699
8612
8573
1159
2599
2690
945
895
8083
1759
4798
988
1267
3687
4122
1327
6980
3726
1830
2645
8621
1404
5728
6788
5781
8878
101
286
1042
6833
6171
8207
1635
3890
1488
4361
7155
7953
7331
2159
8842
668
8053
7966
6346
1896
267
6623
4451
8354
2019
5232
4523
5691
777
1411
7334
4722
7349
2247
5053
4763
8546
2706
8742
7221
1365
1360
5305
738
1760
3421
5322
8607
3114
5870
6775
2195
3549
2182
3191
1549
676
8684
3525
1957
5127
8138
1312
3205
5085
8128
5617
7729
7612
7191
1825
5697
3783
3538
3372
4447
261
2606
8533
6244
8618
7714
3574
29
4188
3753
901
6354
7228
1868
6094
919
6583
2429
841
2220
8464
1079
361
2991
3836
8257
3022
8009
554
585
80
2174
2157
2533
7552
2454
3919
8068
860
7024
7972
6595
5999
2687
5775
2348
5659
4756
5621
8465
3628
8442
3556
1847
3154
5113
3440
1005
8898
3266
4202
7123
7786
1346
6541
8463
4375
4970
5135
74
325
5082
520
2969
4810
4662
7218
6544
4463
6920
3892
8810
1556
8629
5973
123
6127
6308
7562
6734
3761
5825
2668
3634
4053
3520
8161
4351
3934
1188
5109
983
1619
3487
7820
7311
8186
7148
7015
6028
5030
6960
481
883
4998
1111
5933
3761
2420
1995
7982
2761
6631
1887
6274
1508
5230
1618
1844
6274
1632
1567
4445
1558
8669
8441
4766
3864
8154
4812
2628
5340
3709
8039
1184
624
318
669
7826
4684
2398
6362
1569
7377
7327
2235
50
8747
5240
374
4451
6675
6507
7433
8115
8197
604
3502
960
8409
4488
5340
8180
8533
1120
5641
60
2895
5744
6715
1214
6023
2049
6014
7559
4395
7671
8903
6831
141
4615
159
2770
1615
6849
6420
8835
6239
1262
2858
7878
3741
55
8734
5450
7233
7273
802
1546
3433
6952
980
6735
3544
3095
7914
6156
6427
3154
3808
7013
7804
1096
7722
4716
3066
4808
8789
1665
1720
2134
4319
3302
3545
6794
7255
2205
8365
5358
6639
3190
2964
8498
7518
7920
8698
1182
5306
147
8044
8851
1154
2440
6534
2174
6610
4294
6630
7746
3920
730
3371
289
2459
506
72
7255
683
1974
7293
1251
8995
2003
2436
7850
1131
797
561
5642
2450
8417
6194
6736
4249
5772
14
3446
3203
2212
1482
8637
6912
5105
3118
3042
7865
6206
8455
6144
7861
3346
8549
4171
5090
2734
7420
4252
5192
4051
1457
870
2871
4601
1570
6059
161
1918
2408
3723
8081
8553
5072
7915
6299
8642
6412
1486
4781
4376
1697
402
5683
1766
2042
8882
7937
1051
7761
1667
2945
2732
6813
5990
2420
3104
8456
7137
6501
6480
5343
2378
1945
1050
7189
3201
2931
5033
3881
4456
5404
4570
6371
106
4647
1260
1678
629
106
4109
4495
4205
4305
7126
5891
4126
7261
1850
1063
8318
3034
3104
7577
2726
8390
1466
3364
1947
7149
2386
1297
3260
7601
8664
7456
8650
3694
7498
8230
7671
6268
7513
2496
6676
7685
8091
4966
8612
5319
4099
699
7942
5948
5873
3569
4531
1956
3287
3809
5653
4828
2337
1968
1071
5360
7696
645
5599
8540
5883
2854
2908
4424
122
7515
934
4017
449
6922
6209
5532
4998
2537
8189
5246
8031
6163
8382
5608
6403
7817
3250
6134
3507
1394
1132
5901
1388
6269
1573
5524
1460
371
3993
7812
2550
4282
2749
5505
2380
7595
4459
1451
2144
6693
1751
8806
2295
1699
2818
7076
7922
1872
2760
5965
714
2107
2464
4741
7560
4101
2095
1092
4151
327
5586
6666
4855
7305
8710
2225
4678
7285
4205
4757
8988
8018
8024
4606
5523
117
7811
3230
1513
1577
5410
5926
8020
2663
6790
6067
3169
5537
8539
2470
89
6288
3153
185
4633
6981
1717
100
8676
3020
4780
7896
5439
6557
7956
2091
5705
3197
8350
8362
3276
5577
27
4117
1284
466
1722
4251
7155
7484
1620
5758
4351
2200
7212
3762
433
1610
846
8431
8315
229
7427
6039
6181
5305
6246
4961
4355
5847
7374
1498
6743
1251
8417
4093
8958
3672
3353
82
698
2098
2749
2514
4484
7581
1407
5075
3491
6803
7349
8742
1581
2514
2143
5334
4257
6395
5948
7483
5583
3415
3224
1748
1461
5220
1726
1172
1175
829
3102
5131
8337
8520
6772
5909
260
297
5381
2383
35
4668
7190
5533
5400
6008
2530
5257
5896
5174
1376
3239
5272
4513
7031
5387
3819
1031
4911
8028
3289
990
7846
7250
3261
6402
3131
626
8347
6594
6842
5434
204
1682
2069
5408
2479
955
539
3245
4654
711
8887
3639
522
5401
5272
2260
2172
8545
7600
3106
6666
6685
724
3091
8938
8955
2903
8686
1725
8938
3179
537
483
7817
4349
2402
1183
4871
2028
7317
8166
4194
7429
2679
266
1643
3022
1106
493
6558
4293
6729
4396
3375
3692
4459
8491
752
1260
2244
7263
7351
5987
7935
3619
3636
1164
1280
5138
4457
233
557
1557
1810
8031
2301
2138
7915
6021
257
5450
2473
1370
2743
4245
4576
5699
1037
141
1788
5614
1138
8331
4444
7431
7536
1833
184
8956
1494
6925
5323
7286
7306
6343
227
3935
7812
8120
2845
8274
5909
3471
1806
4675
7430
1360
4941
3716
1245
3315
5836
8729
8402
287
460
7458
1928
7977
6376
5090
56
3205
2658
1928
2671
6119
6978
6265
2903
599
6949
6328
1059
887
8794
1964
4611
6042
6480
6820
6176
1714
2187
6865
313
6102
973
6032
7060
2334
7113
715
1665
3221
931
6219
4216
1082
3427
2691
2747
3275
896
7444
126
4303
5185
4281
1554
7965
926
5406
2361
8582
4558
1538
1627
3988
2818
8038
4431
1502
7726
2337
5918
7393
1120
4849
6986
4516
2473
4264
908
7712
2272
5161
6074
4210
3022
6493
7174
239
3516
2991
5156
8563
5088
7128
6748
3637
4855
8551
6245
1594
4444
1897
7603
3101
5230
4048
1687
8240
6728
964
8629
2730
5978
3795
3443
8957
1485
7814
7701
8210
1628
441
3421
7484
5390
6638
5703
2157
4391
8264
5315
3849
1062
1663
2132
4685
2090
6140
