173
142
156
305
271
309
241
22
310
99
241
118
106
396
302
137
71
376
101
223
72
42
112
21
117
25
24
375
390
333
100
79
243
70
322
347
42
358
177
365
187
223
137
60
179
295
151
215
132
312
329
26
125
276
98
313
11
245
283
89
364
163
151
366
155
142
208
191
269
363
51
70
327
76
53
387
74
8
177
96
28
346
287
351
100
260
210
272
370
308
398
95
41
383
387
106
169
266
379
208
381
360
220
340
254
190
299
209
210
274
78
232
245
129
75
260
242
223
82
319
286
42
259
333
161
327
78
86
177
302
262
385
221
162
128
92
164
392
46
217
207
313
82
322
49
386
177
284
26
217
311
153
2
250
368
391
328
383
106
327
231
350
373
56
82
156
115
130
380
15
162
270
6
82
339
290
214
241
22
379
0
292
148
67
244
89
88
50
196
346
107
224
111
141
284
24
47
106
56
280
12
391
395
230
11
47
211
157
278
114
12
149
89
230
142
256
86
107
384
32
390
171
247
214
349
288
159
197
72
224
116
165
38
164
381
164
16
246
182
246
311
105
41
93
360
274
73
133
30
51
330
310
180
249
144
220
325
363
98
51
178
355
298
187
351
217
253
11
123
107
17
194
267
89
96
73
338
268
248
181
286
167
156
296
1
165
378
135
202
18
137
262
273
390
335
175
204
12
29
321
160
384
216
389
391
7
181
44
250
185
224
69
395
345
312
314
34
149
299
234
82
232
313
34
231
317
391
260
239
319
211
345
2
139
239
322
303
7
156
122
4
188
372
152
361
366
164
241
74
300
132
202
63
179
21
266
282
77
358
78
365
391
290
295
21
224
233
254
247
76
154
199
165
201
170
179
380
90
323
175
46
14
316
10
103
21
305
180
270
393
95
66
154
375
382
127
94
289
107
252
