1461
4686
5140
1048
1474
4644
2830
503
4080
4855
5719
5644
1138
1984
2211
4950
4221
5375
3833
980
448
3627
5499
4523
317
4528
1873
276
4537
3703
465
5005
4396
339
2573
271
4420
2295
5962
4255
1885
2854
1352
4030
645
370
5874
4827
111
5062
308
3001
5383
2735
3348
75
844
181
4351
5339
5359
1063
1297
5818
5559
5236
2640
5681
606
1910
1173
438
5867
4889
5512
1035
3517
986
1415
5361
4272
2682
898
5370
5535
5506
4550
2427
4039
4624
821
320
4980
2575
3294
5961
858
5093
1822
1090
114
725
5955
2529
1919
2549
3497
4248
3516
3643
3475
2875
2100
2784
5655
4187
5917
1126
1606
5137
977
198
1478
2518
1147
3570
4975
5967
5163
5337
5982
934
998
5224
217
1235
4429
3022
320
793
5207
4504
2972
5869
5406
5387
1783
5314
244
2625
4983
3840
1119
2762
968
4083
4584
883
149
1023
3244
1204
4819
5376
1597
3684
1626
4512
1432
3047
5585
4530
1971
407
4629
812
131
4784
2325
1233
1527
2869
1693
1564
1861
4369
1662
3753
2559
2536
2022
4381
2834
5996
4769
1110
2667
2731
3979
4332
3861
2709
96
1815
867
2539
3987
4970
2246
4947
5031
2877
76
5960
1085
3017
166
4222
5691
3965
5733
4148
2277
1549
4304
3202
5819
5178
1252
2786
1823
2412
3528
4203
3297
3515
283
4216
2185
5646
3565
3703
3920
1978
1223
2525
4635
1548
5831
4934
964
4882
2364
1067
1895
2020
2939
2668
5703
5200
4716
4333
4811
4339
3076
2446
3848
515
4207
5297
1163
1625
681
4816
4675
732
5290
2775
5081
2728
3644
3549
990
3310
2154
1824
3423
1669
5591
1566
4119
2638
1927
16
5953
4885
1982
545
2328
2547
2691
2716
990
3393
2049
5187
629
5175
4458
3228
5197
4258
5432
2902
5979
5475
5794
5305
3346
4932
2631
1403
2224
1846
138
1455
664
4199
5450
5113
5671
5567
1644
4108
3717
729
311
2548
4443
1854
220
3407
971
5788
5456
2229
816
1286
3448
3241
4835
2822
4416
1848
4262
1598
2424
703
5937
3179
1707
905
4888
1866
813
2261
4197
597
1120
3686
1911
582
4211
3524
3478
124
3816
703
5249
1515
2704
68
4838
1198
2326
1177
1758
4744
2820
1362
83
1143
5622
5542
5470
1674
2745
2315
1185
1017
1679
1277
3822
1891
1747
3422
3282
1045
3091
328
3186
2214
4286
1278
1904
2048
3500
705
5738
2456
372
1293
4479
3023
3294
2259
1566
2193
4534
2722
350
2394
4601
4559
1940
4088
2848
2979
1412
2396
5574
3411
1495
3242
4407
1147
2340
4672
1447
324
3982
5204
172
5093
4347
2389
2153
5333
2461
2724
55
366
2622
1067
1602
3997
5036
1035
4094
230
3327
4852
4917
4101
4627
2733
3470
3535
4055
4003
3754
487
2304
302
1550
5100
3786
1535
3544
4239
4605
5686
2417
2035
3160
1617
5214
4637
4460
94
4434
2603
2887
3953
3075
1329
860
3665
4359
5358
3436
2460
2027
5885
2147
4203
3247
2072
4881
4209
3906
1302
771
5853
2422
5349
1773
2558
5168
3683
5639
806
2414
3062
5537
4519
1909
3692
3060
5546
1893
428
4967
3071
3515
1339
1163
5007
5988
4251
19
3757
4889
798
4291
59
892
3672
308
2216
5260
3570
1472
1159
776
3227
5489
1275
5950
5977
3313
2574
1055
669
4829
5537
5329
5621
3515
1118
960
5403
2629
1801
882
5066
3473
661
4885
736
5502
5858
3240
4223
13
5156
4467
350
4249
4560
4067
5981
2181
63
4486
3238
177
1909
2095
78
5513
1771
3703
2314
3242
3976
5857
4783
3456
1358
4247
4770
2561
3953
1414
1854
2848
4691
5555
803
5024
842
72
3915
3365
3826
3007
2537
5224
1695
4682
475
1559
891
4381
4302
342
4190
777
2720
4598
748
5589
4800
3376
2520
3339
129
1791
5782
380
590
5047
1725
5617
808
1461
3483
1407
1435
533
4323
246
5055
2842
1042
3334
665
286
1728
5743
5889
1590
2257
1059
5535
2288
1291
4170
351
2492
1938
4546
2611
148
5166
5809
4552
5002
5998
2409
3504
3116
5286
4166
1470
2230
2948
3607
2737
1669
2977
4934
4247
2051
1922
5846
5939
5092
5278
5912
3994
1772
5994
4154
951
4538
16
61
4238
357
1743
3697
3741
914
5051
2127
4158
2719
1349
4402
4345
5583
2357
5475
710
1971
2307
3296
4977
4753
4614
4809
4502
4595
852
518
4028
3422
2775
472
4734
3869
3729
3579
548
3146
3638
5620
2352
1625
2536
4461
4868
4321
5056
2730
1969
2504
5448
1111
811
1770
2966
5392
264
4629
5858
4188
2551
4467
3896
2743
957
133
3129
1003
4090
921
1868
4298
314
4792
578
2123
2600
559
2487
5054
4157
5495
4404
1870
2006
211
3298
1026
5316
4806
1737
1391
5260
3054
2774
2862
1791
2033
2555
4213
1668
658
4144
4213
4896
5728
3463
720
5512
396
5789
3812
2829
2372
76
985
3943
2497
558
3699
4989
4649
3645
1075
3951
2962
4533
80
1479
3652
218
4462
4164
3066
5318
5273
1558
2165
1339
1136
3160
876
2054
2480
2038
691
3924
5564
2288
5271
3343
422
1751
5716
5105
3549
645
3427
3834
4723
5241
3748
2428
4601
5759
1283
1330
4921
5134
3306
1617
5343
1163
4307
4951
5494
76
296
4176
2363
278
5674
2152
4064
711
1802
4442
4543
2848
4582
2135
3704
602
2563
1795
3193
2122
2932
521
3866
2703
4277
526
1090
2711
2710
3363
185
3954
423
3012
4874
110
5869
4029
3604
5537
4206
5501
4879
5797
430
2098
2870
3774
4279
724
1396
5863
5326
830
975
491
3480
4230
5580
3935
4585
5134
2221
3260
884
291
1502
2970
1156
371
1416
1336
4117
2028
4367
3497
3280
2959
4815
4088
2322
2722
2062
4364
5896
4021
4333
5942
2344
3693
1009
1239
2879
3532
2376
2399
675
3778
3706
4464
4452
77
2558
5489
756
3771
5909
142
2047
1648
3527
3965
4553
291
2313
1675
3171
5683
1112
5125
2090
5111
4261
5107
5388
1058
2204
5150
5127
37
4402
803
3536
5743
4970
255
1933
1056
660
234
32
1579
3092
1760
5664
3689
1642
2090
5813
10
2899
1996
4768
3143
1644
4791
3173
5731
3646
430
5782
528
5274
3094
5485
3661
3809
4983
5317
365
4321
1887
677
1763
5224
4838
859
4873
3126
2972
1137
2016
2195
3598
1087
1602
842
5831
2125
4259
4945
5203
5858
2134
3046
2751
462
4524
4791
4684
3984
5111
1438
1315
2917
1724
5335
4594
4286
4903
160
180
156
5817
4012
2879
3803
940
1907
2583
1720
855
3786
2704
4336
3132
5146
5345
2103
511
4032
211
3394
4242
3313
3672
2385
3675
2247
1465
2860
4391
428
4888
5417
2343
5345
2388
487
2473
1468
4155
2683
818
397
2058
2692
5591
3259
4287
3741
3434
2671
1263
878
1665
5788
2020
2223
3667
5850
4942
4139
1660
2926
1339
5229
192
1399
5233
3033
2364
5272
4535
4553
824
2925
612
1650
3672
5212
1791
3443
2450
1737
181
4794
234
4885
1834
451
4360
5828
646
1581
187
218
3168
1163
3895
5682
1033
2772
4458
1595
4719
39
573
1375
2722
126
2502
2176
2116
3134
3882
402
3273
2425
5007
2671
1613
3168
527
795
2853
2456
1864
1157
3741
1591
625
150
5265
3627
2391
505
2311
1976
3846
4871
3738
2188
1395
189
5154
3825
2614
1997
3390
3182
5781
30
1763
202
1355
4017
334
5598
2839
481
5973
5430
4561
2982
2172
1828
679
5766
3844
3904
1382
5832
3949
80
2708
1815
1244
5632
1706
127
4760
5519
5728
503
975
4710
3600
1210
1765
5461
5180
4884
3004
635
5211
4294
3903
1281
142
5654
328
5364
4241
5719
2930
3742
4829
5184
5160
3904
3115
4667
700
1710
3523
4892
4644
1927
130
1036
3727
2143
1818
4545
2358
1258
2339
3244
861
4823
3247
5470
3288
807
2156
5447
2650
3338
2418
125
601
2484
3932
198
1822
1296
67
3539
1032
1393
1078
5193
416
2753
262
3596
3063
1480
2734
2009
2507
1595
367
1313
264
1822
3417
3374
876
5095
1863
5667
4691
4033
1841
3284
897
2393
2804
4191
3454
3993
5327
1685
2395
4767
532
5593
2499
681
4047
5172
444
159
5618
147
5389
28
2590
2782
5338
858
4447
4741
1338
538
95
1704
1609
4253
5930
3523
1274
450
1905
2981
4244
1421
4440
28
4910
5840
5066
1375
4309
1656
5132
3720
2601
5638
2575
2923
4648
1432
5087
2503
2002
532
1592
1704
1980
160
3145
2390
5168
1825
64
2525
433
2974
4165
4442
5292
3329
3763
2271
281
1386
3969
2404
882
2687
4030
5930
4123
5043
3963
5149
2159
2145
5650
3797
2491
4166
3108
5657
3299
5113
673
4721
4771
3784
2528
5926
5649
4384
3071
4456
3245
2072
5236
4203
3306
2523
3265
3743
3510
1712
2646
4107
3397
3576
2001
2230
4892
4163
1920
4001
5769
4255
1943
100
2704
4062
5133
579
5569
674
5841
4445
1557
1928
2426
258
3750
1967
4428
5614
2574
5923
2198
5317
1800
1034
648
2637
2883
2795
2769
2067
3157
838
3303
3371
700
5331
3632
3655
816
3083
4829
531
1460
1437
3847
5755
491
1246
4161
5754
2583
1312
5517
0
1740
4702
4602
5839
4051
1649
4955
1042
3451
2674
5827
5593
3883
1277
3565
3766
1410
4702
696
4974
1886
5418
3567
5580
1451
28
3622
4600
5300
1547
5072
991
2293
3333
2606
1359
4177
5867
210
2897
2127
5848
3761
1940
4655
4046
2727
3202
5499
3039
3365
4945
1480
5349
4213
5352
3276
990
2494
5179
1529
280
2771
5734
5543
4757
2117
3666
5841
2043
4025
5046
4149
4155
5780
286
863
3131
2467
1952
1183
5026
3528
1585
4486
5296
2526
3107
5120
5592
5533
969
924
2699
5673
841
4215
5969
3253
1788
2101
1014
405
4309
4177
1423
3569
923
3405
3112
3397
3253
2482
3004
4101
273
3083
5184
3822
353
3325
1868
3352
3443
2638
4391
2679
2732
4247
5934
3809
1056
2020
1696
682
4352
1400
2185
2267
2976
5981
681
4737
1652
2793
3745
289
5606
1660
4377
617
4359
4918
897
5970
1120
5493
2402
2817
3235
4124
5871
285
1523
1824
4638
3052
1389
2572
1677
1398
1713
2884
3122
1834
4257
1302
5156
3007
4644
2348
5647
5938
1703
1886
2456
831
2402
2741
878
1211
5283
4890
4601
238
41
5341
3090
1582
3694
2866
2558
262
2673
3845
4071
3205
2384
5134
2377
1043
3215
2848
4518
319
3527
5579
2647
4179
398
4689
576
5593
622
1286
783
1335
5589
3488
144
3237
5385
798
2720
48
4806
5893
2844
4806
2501
3158
2613
2930
26
1755
5826
178
1338
3040
3426
2675
711
2174
3773
3550
5498
3570
453
5740
3100
5485
5518
4725
4961
2612
5927
4630
1489
2840
3285
417
1572
5520
539
5534
5706
5586
3415
720
868
2417
4795
4946
4034
1647
551
5152
3418
1284
1456
849
3938
551
1567
5954
330
2169
3912
1871
2089
1537
421
426
2290
5793
5503
4622
1778
952
457
5276
377
1729
3849
2788
1939
57
5459
529
1298
3934
2227
59
1466
5202
4711
2368
4264
2863
4935
412
96
3428
4514
5556
3762
4958
1414
243
679
5730
2795
2924
1470
5750
5773
670
1246
1695
1061
3077
1511
325
179
1885
1625
3971
1513
3650
3856
3403
3095
3219
283
4151
3854
1700
2439
4585
3955
1731
4061
2083
4563
1842
5
4723
2877
51
4054
5190
673
562
5787
5758
5619
300
3763
5022
987
3437
2164
3746
2236
2375
909
5723
4142
398
3095
1160
3547
1425
376
3536
2931
2131
2468
492
2989
471
3647
1058
2826
5946
2084
4571
439
4106
3195
1190
3199
2565
5994
2054
1770
3804
4939
1622
2727
4070
4390
4301
4929
5521
859
733
5137
4243
4078
1525
5055
3822
2063
1158
1750
962
2004
5266
5524
3085
486
4272
458
5214
1973
5820
1446
4775
3609
3020
5531
1008
2950
4238
842
823
5034
2765
1119
3813
1879
5346
2234
3261
2232
358
5320
1630
1537
2966
5389
3160
4567
3791
1744
5403
4761
137
1220
5210
2410
4032
3919
5135
3820
1309
2440
2984
4971
3428
4306
1295
291
4567
2767
359
1326
5047
1747
1698
2238
3290
4487
1984
4116
3608
5013
3569
2506
1407
295
1084
3555
2599
5175
216
4941
5184
4882
1463
4464
5639
2958
2563
806
2216
1412
2320
4903
205
5388
625
5839
5796
4981
3559
4062
302
1917
2196
189
804
5043
2430
5080
260
1046
4719
4588
810
2218
4328
2510
5002
2951
1510
2853
4777
3245
2957
2021
2027
104
5473
2249
5414
59
1139
1420
5862
5932
2584
452
1643
1501
278
4780
5676
4370
1255
5789
206
2404
3424
168
3664
4065
556
4338
526
5421
4081
5980
2165
1977
1236
3326
5350
5902
3064
4352
4036
5606
2561
5029
2967
4856
1959
3156
5395
110
5366
4868
5570
4804
1970
1011
1678
4879
4664
3827
3467
2376
544
626
5297
2996
3422
4404
3847
833
4632
95
746
5103
5202
2355
1518
5048
3333
5524
5436
1901
5598
2741
3513
383
994
2147
3463
5767
2463
5579
5620
4051
5694
265
4176
1981
5317
1470
893
537
793
717
5359
442
272
3314
3090
1010
5396
2319
4811
5701
2340
4565
4743
3576
5141
2459
4607
2028
5925
5390
2317
5889
240
4565
1080
1528
4667
1024
4203
5161
5230
4893
1173
3517
5375
2102
2169
5833
2745
1866
693
3064
4060
2614
2991
4148
2845
2144
1532
2993
5150
832
2794
4342
233
5308
3101
2553
2342
910
1847
3077
491
820
2064
1098
5347
2883
582
114
5127
745
3165
5531
185
3630
1959
134
112
3926
4079
2811
3950
294
4384
4743
1885
3520
3106
1555
3479
5100
5796
1474
1813
4085
5541
1847
2543
5790
1500
224
1203
271
2216
2643
4337
3744
2114
179
2898
5920
1087
1551
4408
290
2465
1607
2081
4357
5500
1020
4725
1343
358
1715
815
4677
5816
1734
5257
5769
2225
4871
3039
2577
3242
4818
4310
4704
5028
2142
3333
67
525
4095
2721
3594
5314
1083
2663
1889
4831
998
2659
3113
5649
1181
3117
5064
2476
3228
5251
4442
776
124
2817
4803
4918
109
1469
5202
3329
1803
319
1379
1104
5136
1421
3153
4247
3126
5365
4805
1773
2071
5604
80
3593
4819
3364
5186
5638
3709
722
900
1989
483
4972
1480
2177
3224
1017
3498
2317
2191
1011
1587
5962
3126
2880
2939
181
749
2511
2984
2685
2545
5229
2519
1906
5642
871
4742
4233
2013
5209
1883
4940
3358
4789
5493
2478
5014
4496
925
5308
765
918
3016
5583
1733
5790
3900
2430
1827
1767
3548
1457
2441
1986
3762
4368
356
2090
40
4889
1024
2750
660
2577
4307
783
4877
4370
1533
1508
3262
2402
5114
3835
1910
3524
4977
3738
3176
4168
5516
3971
3910
2829
3140
1286
5206
3319
1464
5473
5566
780
1914
3331
337
3272
3318
5054
1381
5584
5072
3562
4992
2755
1097
614
2224
1468
5149
3705
5364
4933
157
887
5018
1190
388
2815
3093
4443
1895
673
4090
3635
798
5421
3416
2821
4794
4502
5681
589
306
198
2153
739
1374
491
2171
268
3599
1135
1170
635
3673
2613
4635
816
862
2927
4340
3888
3192
5197
3393
2917
1746
2319
235
5884
5059
5772
709
972
1721
635
5693
422
2270
415
3802
4088
649
3855
3992
4716
4404
3763
5070
5726
3142
2891
2728
1914
796
4937
5302
4387
776
2879
5904
1409
3206
3523
3172
818
2135
543
4366
2544
1612
2340
1714
643
2145
223
4825
2222
4787
1876
3398
2628
831
215
4
4173
425
3097
4382
772
694
2879
2234
552
1590
4207
2835
4786
1681
1492
2977
3206
77
5952
2551
4194
3257
833
3097
2451
3930
476
1080
4535
5151
2406
1484
1630
3554
5458
3069
298
798
52
2637
5637
3192
692
5973
4369
3771
1775
2379
5178
1748
5575
3149
872
5142
1146
2781
4737
1867
2256
5608
4171
25
1230
4676
3055
1388
391
1750
4617
5765
2834
846
1388
31
631
3552
5202
5049
4259
3647
5633
2773
1340
903
2281
2509
1102
1831
2106
3068
4547
1066
4995
4528
5041
4753
4165
3594
5805
1406
5430
3071
877
2351
2481
2927
4971
2981
3962
4207
1606
2369
3199
405
67
186
379
4752
1760
909
2900
2785
3977
17
4372
4298
1619
2581
1924
2817
2134
3433
1780
5104
3400
5686
200
3725
1732
475
2909
3025
2874
4629
4377
375
2880
3337
3103
4340
5286
4369
4498
5485
1302
3250
1
1945
2378
3126
3009
3252
4968
138
2536
4764
5081
4998
2117
2508
1351
1108
4014
3331
1140
3823
2689
1600
1943
4762
4812
1356
82
4537
1591
1780
1999
4496
3551
674
121
2295
2270
5111
1830
2662
1526
2103
4242
3171
1581
4689
5399
5589
849
73
152
339
2028
5331
2045
3838
2163
1070
3609
2360
3753
3899
5751
64
4145
665
1475
5452
4064
4095
2133
5217
5633
5157
2935
721
2114
3679
984
625
1243
2774
1402
422
15
581
4725
3996
1995
941
2126
2179
2123
2949
866
1446
5756
5602
3581
5081
2636
5695
4231
158
605
2297
3918
3700
5145
5082
4303
2461
5344
2992
5421
2491
5324
3641
2420
5190
4054
2892
1063
2284
2577
1319
533
4837
2803
321
2746
4226
4660
2620
1522
1730
5120
4409
2217
5617
1478
2583
5982
253
1379
857
1718
4645
3385
2931
2556
2305
5368
1969
886
4408
2367
3924
5299
4930
4251
362
656
1915
4846
1289
4826
4881
4315
5655
4301
2474
4798
4889
4043
612
1545
4086
5065
5274
152
296
4147
256
3830
5902
1376
1724
3945
592
4912
1617
4376
2065
3713
1769
1932
154
1457
1102
5828
4889
4782
181
675
4133
5370
4455
997
3148
3834
4718
495
2459
4333
5016
115
3529
4105
587
850
2592
2752
4022
621
3497
3714
591
2324
5444
5405
2046
1055
3889
2016
2501
1851
5566
5021
3850
2731
1469
2684
5347
5008
3392
3996
1341
3412
4708
5540
3849
2544
759
5848
3092
4366
1464
2119
497
248
4378
4673
1572
5503
2356
4054
1950
5608
1176
5354
1872
5105
638
2709
686
1793
3308
2406
2067
5485
4388
5319
2858
1302
3546
2187
5759
4544
48
3652
675
5550
5105
1490
2054
3673
4326
4326
5940
1648
3192
3460
5871
3000
755
1463
1780
1013
1282
5038
461
1249
877
4068
914
5944
5132
333
4829
4983
535
4445
5273
2121
3756
5443
5222
5840
1579
3074
235
293
2097
1103
1384
5639
3423
2806
4952
3359
3671
2776
495
2740
4611
4752
1638
682
626
563
1968
3318
2863
5269
2087
556
4447
1960
1624
553
2695
287
584
5677
4648
992
66
976
4136
1096
4926
5653
158
4889
3119
1483
5130
5342
920
2912
1230
5712
2780
4097
1869
4849
1506
4509
3471
1829
2625
2792
5934
512
14
1130
2400
2602
3663
2391
1761
3423
5466
698
2188
2436
5855
2250
5494
5940
254
5903
1895
2024
39
3805
4949
2021
3181
3855
2079
5006
3253
1727
819
3626
81
258
1533
5857
5299
2081
1309
801
1248
2273
3140
4157
51
2740
3258
3700
4235
1001
1518
3359
5939
4430
5675
1268
4971
1558
388
280
1704
1669
2844
1842
1301
5400
836
4842
3171
4977
5922
2800
2437
4384
4074
5976
3345
3726
4300
2211
3795
1571
1769
2570
2276
2839
4611
3460
4194
3109
4705
646
1581
1788
3932
3962
4830
2479
632
2072
3891
5724
5666
5952
2603
1290
5331
506
2587
3579
142
549
5723
2449
1980
2828
1424
5165
897
1367
4790
3666
2570
3005
1609
2680
2966
5174
2272
2301
2926
1855
135
3830
18
2327
1000
1443
3698
3110
2933
672
1078
4910
1333
4295
2650
3417
857
3939
681
4514
217
240
2388
4735
1263
2174
1487
3852
1792
3525
1897
4451
1810
338
3399
1975
655
1263
2027
5745
453
1696
4550
3329
3302
5242
3975
886
2259
2830
2670
5976
5664
4755
2658
3554
1284
4210
44
2718
352
1386
3742
137
2361
4452
739
2021
452
114
1827
3101
3373
2560
5571
3571
2595
956
984
1845
4291
945
5126
2159
352
5567
2505
4474
2812
4967
1711
1249
2854
4562
4384
2548
4944
5793
1515
3157
2571
5471
1950
1248
4721
5555
5921
5864
5199
2834
3344
1004
5581
4273
1267
1817
3500
3272
2860
5801
4939
5474
5325
5977
1861
5312
67
392
2794
2125
4995
1723
5096
1996
2143
1517
2551
3102
452
4916
606
2129
4131
4735
3621
5506
1755
4411
3912
3442
3776
2133
4404
4998
5178
1322
2113
5064
5580
3498
412
3675
1470
1306
3264
3276
5626
2169
145
3765
1344
4090
564
3035
5382
816
702
4423
1136
3353
2056
2113
1912
4513
1484
5031
5833
87
334
3854
2654
1948
4106
800
1186
984
2006
403
3955
1430
1219
843
3465
4496
4998
3829
1437
181
3997
1236
1703
1287
2112
921
744
1681
5190
411
3888
5429
3121
3222
3645
1540
4663
351
5714
5207
429
3462
2207
5258
3106
532
3922
5528
5718
3908
1770
5426
3030
5438
3556
152
4980
1214
2245
4506
3015
2563
18
5896
2588
836
4446
214
2424
4221
5969
795
5579
1031
2786
3993
2226
5365
481
2567
2714
522
1027
2969
1996
2792
2667
1857
1385
3108
5634
2207
5523
4006
2674
4772
5637
4924
3621
2340
2608
2237
1381
4282
5092
3771
5215
1029
4599
3570
1465
3888
4245
1533
5484
3040
3364
295
5616
3158
5106
5055
659
4932
2541
3557
4550
2716
1919
1266
1124
2564
452
4292
3344
2950
1242
726
3018
1220
3828
3006
2173
5561
3498
5983
1416
602
1489
687
807
1147
1603
5171
3949
5550
554
5271
800
5542
1998
2458
3249
3625
1544
5285
4071
3284
2466
2188
2583
457
3998
5021
2434
2132
2944
5974
1787
2459
2344
4115
5635
3171
304
1317
3427
2015
1342
2910
4742
3988
4342
2088
1856
4792
2320
3781
302
648
2529
3041
1707
281
2985
5236
5837
486
2184
5428
2362
5304
1373
5000
4858
3252
861
1047
1914
3197
2524
5550
1546
4043
2507
2368
5012
2036
1519
1128
777
4838
1498
4778
4938
374
5512
5543
464
2435
3863
2623
2024
2532
5812
1217
3023
1760
4846
3854
4789
3868
5353
1788
3169
3150
914
4198
4849
4705
3578
3104
2092
625
5201
2825
3543
566
496
1497
4240
1406
3538
1610
2410
5523
5968
2019
5509
1468
3880
5982
5193
4910
5593
5307
4223
371
5166
2222
5308
4643
5316
2036
3019
1247
490
3603
758
2589
3076
1055
721
829
428
4344
5027
169
837
625
3521
4507
493
2940
1529
2345
1519
3408
1672
780
850
2669
4040
2751
3874
262
1338
2642
2505
1244
588
4397
233
3164
3383
3538
4841
3119
2167
1867
217
1664
2743
1939
4019
1178
505
4977
1952
1007
2640
4062
3940
645
2426
3863
3112
4186
3357
4159
5762
2041
5180
5564
2035
1349
5061
289
2237
5586
5899
1276
4910
2355
540
1990
2381
2413
1646
5336
1648
75
42
45
3672
5291
1877
4498
2073
1094
775
4137
170
3260
1178
269
341
1501
4705
5904
2204
3253
2722
5024
2969
3119
3986
1145
2095
634
523
5364
5778
4665
2700
4188
1376
5667
5309
2913
5227
4315
4350
1958
3460
4875
2283
2548
4213
3961
814
5906
2426
5404
3841
4588
5437
2983
4926
1664
2877
3635
2757
3496
4827
4076
3257
2257
1441
4274
1015
1322
3455
1391
2900
1784
1491
2120
322
5142
5348
5101
431
3386
1916
5546
3099
4115
4591
5728
3267
894
5868
5486
5903
1912
4223
3848
228
590
2576
1178
2534
1840
2252
5526
5598
1956
2381
729
1476
5190
4361
1307
5050
2845
1236
2693
2996
777
3459
4461
1063
2665
2350
3277
1293
2713
1921
5602
2690
3560
5792
256
687
5879
3716
2627
2880
4781
3798
1712
3828
2696
5542
5418
3601
719
3992
1760
4145
4306
4540
1635
4957
1523
3145
2918
4820
4845
5542
4702
152
3442
805
3449
1957
4452
3979
1643
1471
2441
1376
1043
2551
5489
464
3436
1657
3587
4955
2799
5621
4819
623
3270
2936
1761
848
43
375
2667
2754
3471
5768
1954
3043
4887
1276
857
1639
593
2029
3770
2064
5828
5936
1316
1258
5925
182
4015
2049
3942
5813
4527
1392
2377
1694
118
1687
3970
5771
1844
1208
4826
503
3258
5534
5168
1273
5581
410
842
4318
2213
5531
4681
4595
4181
953
1578
2380
2421
5551
4809
5348
570
1075
3296
2641
5736
3634
3934
1187
3710
3373
4514
409
4751
2938
5366
5807
3921
569
1305
1240
4062
2500
3989
213
5352
4673
2287
5743
3882
919
4588
5574
5609
5883
5936
3942
489
1782
3442
931
3436
2564
5068
3666
3093
3868
383
1731
3131
1207
2067
2142
2105
1151
5323
521
5330
597
3079
1011
609
4847
3395
3824
3663
4956
5517
2978
1166
3861
2196
5376
66
4226
476
1445
2239
1350
1789
5288
46
2201
3467
1588
5321
3744
5345
5363
1286
26
3927
2572
4528
5753
1122
1877
528
3580
4458
455
971
2789
1303
4077
4837
3467
2341
3368
4259
1822
5654
3571
3870
67
2950
2813
227
1771
10
4152
424
3780
2530
365
953
1035
989
5210
4496
3420
2700
1434
2275
3113
3711
5199
3479
4787
4283
4302
2851
4487
1517
5782
5935
4696
1144
3583
5323
2869
4218
3596
3628
4182
1324
4284
3889
4169
697
4386
372
579
1942
5999
3164
2373
1935
3529
2223
3357
5827
5642
2708
3221
3637
1560
4246
4813
4292
28
2837
4960
1652
3281
4439
2325
2763
539
1724
4565
632
2290
2719
3011
1021
4601
3240
605
5469
4447
5534
3902
2416
1586
2058
4125
4452
2634
1830
885
4862
2649
4517
1106
2526
4013
2444
3381
1520
4064
2430
2468
383
557
53
465
964
3294
5212
4629
5020
246
3098
1481
5975
4344
5976
2801
4653
4611
4468
886
1563
4298
4942
1806
5755
4228
5871
3897
5218
3469
1274
1531
3138
87
5099
1793
128
1393
1867
4370
432
4529
2886
3059
1948
1537
5715
1639
1124
4900
1746
5858
5999
564
2197
4728
5855
3401
4485
2326
531
3799
5685
1612
4854
2405
4803
1126
3956
3269
1531
2902
3197
1189
3926
1440
2882
2289
5743
578
2092
1843
5382
3853
157
4137
1694
948
2398
3072
2977
2592
759
306
627
1149
4717
2858
3715
2613
2933
928
5374
4055
4535
3701
5998
3396
2494
2796
2672
358
1547
4803
4868
2396
3353
45
1597
4838
2652
1790
3479
1002
1731
4498
1128
3617
1804
2314
2063
2242
102
4116
2393
2568
4530
4294
3139
5586
163
4950
4490
1831
5220
3913
4382
1891
1065
1814
1285
1539
3485
1094
5515
4329
1866
155
2263
3212
5608
2938
3657
1056
4316
4518
944
3453
4018
3787
312
4191
1429
2083
3456
1529
2427
3752
3498
4390
1582
4023
587
3838
4581
829
5202
4049
3985
3841
5702
1107
643
221
4391
1220
1387
4074
5591
5786
5643
4008
2946
334
2810
5767
1640
2000
3940
5365
219
712
5006
4020
2643
4042
552
3366
223
453
2924
5624
3351
3736
2930
1096
4205
3121
4278
3141
2977
5476
609
3234
1043
1460
259
4086
4947
5681
4195
2803
2037
686
3725
160
2241
2093
5434
5765
2534
3050
4318
531
5807
4721
4554
1598
349
1565
721
3721
3843
5517
2360
5740
2049
501
2775
2963
3096
3439
5292
2838
5325
1516
3582
608
4617
3483
4191
479
1788
355
587
4680
2833
5649
4445
2612
237
3465
3521
3594
5473
5691
2084
2250
3231
1812
5415
4612
4538
5230
2739
963
2166
2085
3110
5481
5358
3414
3659
5639
5652
2326
3864
4025
3955
4956
657
3517
768
2284
2522
4462
4287
3281
4665
2273
4690
3734
5226
3035
156
130
1580
1725
2804
4446
873
269
1845
4659
2035
3666
4738
309
4361
2492
2951
5910
4281
2861
4890
2552
4431
40
512
3587
4812
4148
1421
4623
3394
1357
2739
3663
5563
3480
123
4074
4281
4129
3906
4007
5209
5795
1722
2452
2257
243
578
5747
2488
3753
1808
786
2197
411
58
5109
5167
4984
2244
3970
4787
2798
2515
1321
1396
1721
1280
4718
5821
3097
4713
2869
3650
942
3889
1096
4917
4643
5208
4968
756
5460
5605
1661
1183
2093
703
1932
4599
544
3067
4068
4082
1235
3760
565
747
5508
4182
478
5559
4521
1373
3425
2482
3304
106
2933
568
5232
620
1671
799
5379
3869
111
1361
352
1252
3130
5880
2433
5383
1097
674
3998
413
4773
4981
2251
3713
2253
4603
3253
5747
1407
4702
4053
2169
3135
5311
1854
3603
1110
4399
2377
2140
3273
4897
5482
5244
213
2359
3582
3563
420
4776
259
287
5679
1876
4789
3158
3537
2142
577
3327
4995
648
5543
339
1785
5757
2465
113
3224
3751
2042
1303
4242
4448
1437
1389
1696
278
5867
1147
1882
3112
472
3466
454
2253
5139
1720
3275
836
1248
101
2353
1317
5492
891
280
1479
1725
5130
801
891
4955
5153
5196
2165
2318
3849
5119
2426
957
3707
2607
1925
3760
5298
110
4820
331
4891
2674
5552
5400
1593
4350
4522
496
805
5791
4496
4805
3186
5029
590
4975
2558
4332
3042
5329
1493
4438
3784
4471
3280
870
292
5647
1931
5724
5870
4321
4916
120
2230
75
5422
5549
4185
1630
4581
4419
5869
1279
5884
4744
198
5499
3443
1829
5435
4874
1573
5801
2866
318
1853
2628
3672
5032
4904
4914
4605
4919
1397
994
4556
4575
4393
5921
1304
4802
784
4504
3089
5741
334
5295
2726
1266
3123
2076
4421
4077
1436
3164
350
453
4534
3021
2021
4929
766
2150
5318
3876
5412
3011
3811
1078
3806
2720
2985
3905
2953
1697
5521
885
5386
1805
1106
1416
4354
2469
67
4142
1728
3236
1390
2112
2016
3348
129
76
3745
3658
3902
3369
5765
336
2433
3781
1649
5646
2338
4942
116
436
2176
585
85
1717
5470
2226
4084
1763
1610
3136
4787
3908
5592
820
2478
5486
4397
4910
3317
5812
5447
4380
986
1693
154
5904
5605
2061
3957
365
4854
3042
2467
270
514
2189
2766
387
4382
5931
5486
4025
4074
4016
654
1460
4436
5791
95
4539
1309
3063
1479
5809
5833
5837
2081
971
944
3394
616
5459
5665
178
5774
1416
2502
185
694
1840
3251
5233
3858
4955
5032
2588
3318
3237
4566
3130
3979
4999
4958
1112
5792
651
693
3029
5131
202
388
1698
3325
3747
5947
918
2340
5915
4950
2955
1162
1628
3623
4904
5114
1964
5555
476
3059
4586
105
3236
101
4758
1148
1273
168
1166
1618
217
1099
641
4998
2096
1770
3858
456
1714
1097
5163
1732
264
3694
2715
2943
1285
155
3230
3309
3124
5304
1383
1536
5776
751
4444
603
1023
2577
4622
1269
5868
2918
1988
5033
688
3874
2595
602
5212
1299
4300
2692
1957
4726
530
3742
5932
649
3878
779
5961
1051
5105
1375
1860
4000
5933
5375
4559
433
3216
5057
2515
16
999
5107
1638
456
171
5719
5126
243
4130
5564
5141
22
4004
5880
4928
5783
3016
3985
1037
5647
5227
1595
1905
4362
4493
1115
1548
4570
2328
4922
2
3916
5277
3574
2310
1250
349
4802
2629
3407
5120
2622
3772
978
806
4241
3942
2874
1096
5874
1238
3511
986
2791
2302
4193
3103
5348
5290
4274
4601
2069
4092
14
1356
1495
5221
2003
4861
448
3612
5371
4380
3919
926
3934
2123
5150
5666
5525
2810
5380
2087
2601
4913
3287
5021
5850
1833
5342
493
3148
5895
5797
3670
2283
3926
3242
3349
1775
5104
5748
2992
2442
2008
3843
991
4430
1655
2722
3463
2109
3826
3737
3828
2936
308
1279
1075
1048
2685
1757
4106
1211
4343
5422
708
2518
64
3282
1084
1786
2329
2322
3541
4321
4314
4477
659
2231
3551
3921
2698
3573
2484
5414
4290
3928
3560
1972
579
5584
4689
5413
2931
3141
4700
4404
1641
1684
2142
2004
5341
1160
1469
2238
5518
5091
3924
2771
2559
2235
2679
864
3215
5090
963
3711
2595
237
3456
5161
3011
886
1031
5369
2894
2365
5450
3212
5290
1449
4196
4901
5036
1052
991
5789
832
1621
4763
3095
854
2639
2433
641
4553
2567
2485
4503
5437
4795
3921
2050
3124
5293
1380
238
973
2967
4134
3801
187
3352
5686
2438
1549
2492
5443
5266
2591
1290
2051
5598
2188
2968
2163
5210
1965
2057
4684
1475
4307
1750
2702
4756
4845
986
5436
4344
4902
2614
4852
1311
5727
2038
1896
5294
4596
1307
5790
1057
1534
5111
4688
1260
3077
2184
4145
1871
4815
1083
301
439
2585
4946
764
321
4096
1936
4835
5930
1644
944
2694
547
2395
598
5022
624
4982
2189
2563
4814
5858
4544
662
964
1925
2564
5342
3683
4834
2050
541
791
2995
4323
5166
2736
1490
100
877
458
3652
3912
2466
1671
4626
5501
1884
1807
3462
4774
326
4110
4382
1352
3321
4219
3856
2929
2718
953
2411
1442
2542
2055
453
5133
3000
5442
5846
3561
1550
4538
1536
1714
572
1169
506
3406
1989
2656
4487
1098
1548
4868
2888
3379
2541
838
3691
113
1686
2536
5325
878
709
3210
2339
2740
2927
5037
4737
5875
1193
5887
3702
5506
135
2597
228
5086
687
4263
767
3310
1081
3524
3906
5958
3109
4726
4792
2042
5289
3729
3629
2426
3574
5925
3330
460
1542
1699
2455
3944
3348
2285
1800
1916
4807
3781
2567
3824
3020
311
5650
1924
1216
5203
384
5013
4375
2418
4781
318
3692
1994
5567
2827
965
700
5317
3577
2513
4091
2411
2490
2241
3367
4444
4132
1345
871
1637
569
3970
4678
5378
5873
3717
548
2807
2131
2149
4284
4045
4547
3346
326
1287
5157
1670
5619
1760
1343
3253
4998
4738
1437
3926
1778
1333
4542
3464
3774
4835
4972
803
86
5060
2857
4061
4107
5371
1812
4949
3434
4764
875
1759
3737
2408
1867
5868
478
3239
5266
1189
1674
1248
3414
421
1747
4456
2062
5041
4207
4612
5422
5940
2108
3677
5728
1835
556
1488
5630
3305
3774
5566
2268
2648
4456
4807
2097
2173
2816
5214
1623
5334
3162
2184
5912
1843
5723
5943
4792
1663
1021
1310
5666
1209
3979
1040
1530
995
4348
2585
2434
710
1628
1160
5704
1040
5062
1479
4237
2859
510
3689
4016
2859
3258
3871
4760
2484
209
1703
1825
1638
3548
4866
1485
3798
3945
4033
1388
4394
3550
1419
662
464
5818
3004
5813
1355
4919
1213
5344
5580
4380
3197
5698
5801
4335
4377
5546
4540
2712
3005
1787
4763
2928
2903
5251
191
3416
2676
472
1699
534
5721
1982
491
3882
32
854
1198
4783
5581
1713
4210
1470
684
4050
1939
3276
3497
1169
2591
5171
5132
1723
5489
2990
5791
1719
1320
1181
3357
5987
1699
1785
4024
797
5131
4529
3927
2879
1069
1187
5499
5105
3122
119
908
3170
1341
3573
5572
4289
2801
407
1160
5061
3388
3576
5503
5693
4180
2556
832
4530
2237
5737
2172
3800
3604
115
917
3203
3083
4630
2458
1079
3648
1468
3136
1463
5436
4702
2382
2143
1110
5975
3637
2381
4833
4965
2634
3642
185
1288
2802
2407
5941
445
2937
1266
2505
1812
5790
4872
3132
2028
1327
980
320
4513
2764
2502
2563
5660
