3731
3722
565
1046
2531
3351
3566
3200
612
3501
828
3998
2872
1211
3410
2477
1628
2835
982
17
2722
157
2030
1401
1069
2472
3879
1439
1607
1371
418
1839
2818
1546
3484
1087
1993
3716
1272
1469
1186
393
3690
263
2212
217
1091
3410
2063
2792
3476
1358
3371
1229
673
65
2080
826
2660
272
2383
3333
347
3869
1325
3429
2095
3081
2746
1945
2882
2618
353
2466
3412
824
1614
688
209
306
3046
2234
3962
3166
3816
3015
1359
3133
1695
458
919
1500
2656
2347
1835
2135
2407
959
3941
856
936
2457
768
1917
884
2330
1932
376
491
1540
2064
1935
696
2189
2460
388
1389
1615
651
1231
2459
3644
3825
264
846
14
1895
929
196
61
2704
943
424
3305
3366
1897
1487
151
2374
3400
1902
2809
3445
1231
438
3078
3501
2725
1134
2441
3753
1853
3083
469
2313
2647
3149
1205
3841
2847
3897
2081
2468
274
3375
429
3177
1
3591
2108
1879
2799
1677
819
2867
1972
2838
1480
1058
2724
1406
1400
1501
3210
3456
1399
1969
493
2897
2115
1807
2293
2265
3698
3063
615
3919
169
2267
1515
240
910
1267
1295
1403
597
3230
1156
1068
2519
175
6
1587
3137
1531
2874
1776
2953
989
3567
942
2139
3172
2407
1465
3825
2907
15
1661
2209
3090
3018
2588
48
78
1324
1132
2884
1546
866
2891
3576
3719
3055
3359
2024
1560
3728
398
2828
1347
1217
1367
1122
2516
3929
1996
3588
2244
2064
365
2200
2561
2530
2881
1638
1979
2763
83
1092
619
2065
2407
205
2559
673
1624
2097
2950
242
2735
134
661
3142
3874
3484
1011
2191
2886
3406
1416
2638
18
3283
636
1942
2547
948
2255
3600
1989
985
1205
599
1973
1501
491
1603
2864
448
635
1571
3366
1914
1991
2851
2305
3724
982
3469
1788
2323
3736
3020
1378
1398
2616
3916
1829
1439
1661
574
2327
3590
3772
759
1512
2953
3422
1783
3740
2968
3914
3815
1064
3692
1039
3867
1865
1624
3087
2744
3618
1271
2955
1711
112
2565
1479
1287
1963
3914
3418
2873
1723
369
2389
1173
948
1111
2605
3682
1008
30
2535
514
328
1857
1855
3795
3054
2
1012
3890
1930
3167
2611
251
847
2531
63
2475
1114
2777
3514
2854
1478
2204
1619
3796
622
681
1644
551
2144
2038
3078
2648
3130
3004
2667
2671
1701
3343
2680
96
3082
590
2789
2194
2581
3926
915
2460
1093
145
3089
3945
3148
3116
3786
1818
233
486
622
1450
0
2212
3675
2413
3763
2529
2569
113
2431
2755
2959
3175
1110
2409
3957
347
1748
128
2583
702
896
2613
594
2501
1185
2628
3246
650
1658
1263
232
272
2628
1483
3739
133
358
884
1962
992
3059
609
2541
2409
1761
114
3254
1144
3137
1702
1343
2389
3616
3401
273
2975
1753
490
787
3848
756
3402
2670
1405
671
1328
25
3556
2568
26
3173
2366
2164
1870
3975
875
1951
623
3869
941
2928
3435
2303
869
1112
1617
1124
794
2600
1120
3982
2584
3052
2746
1363
1748
1575
471
2408
3214
2284
470
2572
943
3478
3694
79
2706
3301
1731
2621
1919
3222
3701
3947
3762
1693
914
2173
3259
993
651
3665
1694
1237
1731
1580
3258
2415
1060
1182
1223
2502
3596
404
3224
1709
421
3419
2304
2054
2035
3116
18
1989
1126
1464
2016
866
3599
2833
3685
3066
3439
3314
1982
67
970
2924
1490
2602
1179
1230
2163
2763
673
593
157
2092
1431
1213
155
950
1154
156
361
3569
1475
3993
3475
860
3916
1683
3677
389
2831
2660
1692
971
2386
2952
193
1101
2719
1261
3030
1326
312
2838
3777
808
3559
939
805
3242
1716
897
1896
3184
1840
3586
208
1790
1837
2328
3238
440
112
1147
3292
3808
1503
3028
1674
3629
885
3085
3156
2148
2293
1048
1064
886
1563
1977
1924
3382
3757
2096
1876
1749
3856
2919
3993
2908
1783
2868
1477
997
1814
3979
130
2934
2710
4
2034
3196
929
1732
1202
1664
2876
2410
3672
2376
1141
2521
1883
1485
2770
3389
369
595
1064
1660
1459
3723
685
3610
2685
193
1797
1896
1586
2658
601
3435
765
2159
1703
421
1522
2486
1298
2338
1682
1203
825
3136
173
2595
2277
3483
738
3904
1052
2165
1730
2846
3796
991
307
384
2401
711
1968
1688
1134
2974
3918
2906
1386
3428
3737
1371
1178
1681
892
395
3501
2627
2944
76
301
3328
3916
2446
2096
199
651
2249
78
3735
1451
374
3309
3867
33
875
1913
3888
1993
529
143
1589
2603
2818
760
1486
1306
3876
3123
437
663
2621
1643
2429
3346
467
1416
2852
3184
65
2049
3221
3176
2167
3599
2999
1415
2767
2044
630
3283
711
2362
620
621
3520
1105
3531
2671
2866
3440
73
3957
2922
2533
1321
1017
97
2855
2786
3094
90
1904
1742
1678
1719
3625
2577
1223
3384
3261
2660
2160
2194
2543
1501
833
1736
3016
765
1824
3209
2728
2934
1696
1605
382
2358
2756
1613
307
3668
2082
774
2336
1078
898
2218
319
3836
357
59
2719
1613
483
3397
2642
3549
1996
1999
1441
2007
2960
1533
3231
109
315
2597
2842
2073
1432
299
1966
3118
1270
220
1395
1792
3080
1603
1623
1613
3174
3020
2823
710
2288
1267
3526
1790
659
1320
1312
3823
3236
577
2392
3171
906
2683
1982
1157
1656
1967
2684
3076
152
1581
2639
961
1347
1080
2451
1302
1228
1854
2615
2819
3484
753
1552
1622
1368
263
1098
3382
2944
1707
3129
1645
2609
509
461
3055
393
1549
3747
1323
3754
3791
728
621
3991
571
3320
1069
1180
2437
789
2872
2603
2036
2772
2936
2497
3520
258
3075
3495
1293
612
637
3539
831
3179
2187
2127
1177
2853
1141
1041
213
2192
887
2314
2946
3914
3237
2555
2261
3781
1752
2304
3086
3318
3769
2544
2409
2188
936
797
1468
2557
2217
2838
83
1628
1964
3469
1926
1767
120
1650
20
477
1556
989
1055
3789
3985
235
3171
3721
1015
2304
2452
1658
3659
3243
2515
588
122
3495
1676
970
708
253
976
2789
2663
3847
330
525
39
208
927
386
728
2935
839
2020
1064
946
1091
423
843
3054
90
1027
3107
3957
3860
2727
780
3433
3666
2093
1506
844
743
2121
3920
2818
1975
2011
726
1582
1579
100
3094
1529
2542
3157
1563
1522
1384
2978
2118
719
2996
3734
2166
1937
1023
2496
3795
1094
96
523
2392
1223
2318
172
2490
1218
579
2740
2169
2066
3883
709
771
2026
936
354
1471
2225
2278
3039
3036
1382
534
1399
1239
1893
265
2236
3523
2914
587
1768
952
1746
1273
3283
634
234
960
958
485
1247
3124
3211
2034
331
1417
3760
2121
2193
2738
2304
2307
3960
339
3305
1722
2804
3429
2109
2863
1922
3270
1672
1688
1521
2619
128
1764
2206
2915
1403
1548
3704
600
3482
3896
1443
3813
3842
171
184
1695
2507
3117
1993
3905
338
1683
1825
1896
1673
972
842
1543
2639
2506
904
1032
26
2955
2275
1920
2927
1540
2691
398
3892
1993
2548
2896
3262
2139
1096
1025
2084
3342
3195
3571
3380
1366
146
2981
3459
2606
3581
1025
3072
2564
1052
341
706
1188
1533
3915
2784
1984
1155
807
3967
3609
834
829
2982
460
2599
3405
1453
3228
1077
732
116
344
1930
1776
752
808
1888
1607
2560
3481
1775
3381
2686
3747
431
3864
2928
404
284
2937
2142
2011
2322
3746
2687
2098
1432
3222
44
3305
3833
3441
2070
715
2509
3326
3731
527
630
3119
275
734
3046
1116
2513
3643
2046
155
1124
2996
3985
2552
342
2276
3880
1425
1324
2338
3806
1649
3108
3081
1547
647
3101
69
1534
2370
752
3927
4
3723
2876
3717
1509
3775
3199
3905
1837
2888
2528
2100
3112
759
1065
1127
3431
3103
1363
1230
3839
177
2041
3730
1264
3824
3663
505
3747
944
1995
3923
2605
1936
3873
1156
880
1361
1292
1833
2433
1074
2664
873
100
746
2813
3449
1459
1217
822
1004
3134
3626
496
2134
940
769
1230
3995
2815
1661
9
2232
2838
2675
3428
3309
172
3367
2781
3878
1149
2543
3936
1445
649
774
2742
3982
721
905
1722
1647
1343
3249
1644
233
1282
2318
1663
3455
3958
1565
1805
3066
834
678
202
694
1691
1620
1525
2381
774
1809
2827
3710
2395
2046
1174
3930
773
3116
195
1451
2117
3898
529
3136
3639
3467
741
1337
1772
483
3963
2508
2710
3262
3062
2898
866
3629
633
1394
2848
2190
1934
2887
2750
710
3939
1456
1170
990
3477
1268
2262
1527
3684
175
3534
1292
1222
3102
485
2307
2935
1539
629
3983
2478
3797
2662
357
1419
1896
2670
3640
1261
1940
790
2515
2208
1445
1149
3251
2803
2782
405
1343
2311
2730
3787
1156
2180
449
1989
2769
358
1331
3908
3852
3060
628
2889
16
3441
1156
2932
3428
1547
2201
1607
56
3569
2092
905
3006
2242
1309
2278
2883
1313
1348
1876
3017
1060
1781
3024
34
2507
3599
2279
3947
3213
1217
3633
3715
334
1241
375
646
3310
3659
117
1386
3195
410
59
3669
3782
3686
3981
1145
2707
1522
394
2477
1418
1136
2602
2250
170
3116
3137
383
3933
1554
1920
177
3911
157
3994
3090
3096
2748
2276
3804
705
323
86
2635
1891
3500
1870
2420
3843
1223
2356
1126
2425
1637
3991
2268
1960
93
2358
3515
3528
570
2748
1838
3711
1537
2754
2684
2286
162
3512
1251
1255
3674
1919
3379
1500
2819
2413
1225
2227
153
3475
1382
1015
3657
3420
748
3336
2264
3691
2677
2321
77
999
143
3386
1436
851
2680
1332
1104
1046
1458
434
660
1049
1666
2999
3391
206
299
2570
1818
2222
2626
3782
3726
1563
2414
238
239
2660
1375
445
1343
2183
2568
2556
2848
3184
1753
2541
1562
1888
2589
2084
3397
3337
173
1110
3860
2901
2639
3017
3902
1223
783
2475
42
473
1175
1502
566
324
1678
3504
1284
1950
2603
2314
2626
734
1653
2430
1140
2491
3769
3587
3744
1010
3462
3966
694
2054
1416
3382
58
1954
1887
1353
2256
218
155
1405
3714
3568
1174
1326
3408
786
3470
550
1653
1792
3262
3084
3443
3851
2137
1011
1082
1625
898
178
2778
2886
650
1620
930
1732
2759
3782
3028
3906
1421
1934
2695
1003
3595
3291
3800
1830
677
3639
238
2395
3978
3192
777
373
2161
1718
2119
1794
3445
1752
3122
2903
3050
3815
1417
336
3066
932
1514
3606
2497
3541
3673
3162
2593
2394
2671
221
67
766
1473
18
2571
3177
300
1595
2294
2610
2522
2224
403
530
244
1086
2491
1492
3301
939
2734
776
3558
760
1868
2679
971
1248
2604
1648
3305
2877
2012
1089
1922
2122
886
2209
943
1218
1884
2410
1992
7
2736
1061
2899
1343
3666
542
2919
3609
2038
246
2876
206
3745
1238
2898
1826
32
289
2106
3433
741
1891
2404
550
3615
966
2725
3695
2965
3939
1413
2092
3039
181
835
2878
1666
2185
1862
2877
2213
3921
833
2330
52
57
1729
3011
817
1009
1206
1381
977
1448
2332
779
666
3354
2149
228
3128
2080
1892
1187
3286
1957
1720
1664
1439
3193
596
476
1937
2943
1671
3073
2266
321
1101
2120
914
419
2769
2612
85
2069
2621
1244
443
3361
320
3174
1494
1381
2714
2607
2024
1467
3271
3751
2238
2739
2630
2489
3372
98
2340
424
1414
3060
1322
948
569
188
3392
860
2692
1965
1916
2238
182
2305
2571
2906
1541
1110
2715
1205
3112
3929
2147
760
530
2618
3855
24
3500
3135
2603
625
2637
2164
2795
268
1144
1632
2774
544
3634
3412
2093
2292
255
2844
1051
130
1273
1240
794
3832
523
2212
3679
3320
2256
1042
1604
2655
2083
602
2321
2306
2018
3496
3845
1012
452
1459
2022
3812
1396
3150
259
1891
2602
215
1507
324
3876
1773
684
3292
422
1215
3089
201
491
2400
2521
1263
1606
1558
3144
3613
1050
2001
3116
3855
882
1913
3174
44
93
256
1555
1615
2762
3766
343
3267
1853
1820
1317
2535
139
2160
3532
2609
919
3399
2625
2479
3273
1112
2437
2312
3944
2325
1076
2305
2132
1941
3754
604
546
3661
3985
3963
3925
1821
3627
1282
1973
2950
1336
218
3023
2457
2917
3666
3305
1771
785
160
32
3237
2429
2086
3520
3895
336
1135
287
1708
1604
3832
3894
1145
752
3851
2461
2031
2963
3399
3490
3601
1210
3932
2406
3135
270
2130
2420
656
605
2953
2719
2110
3011
1082
3127
2331
724
1853
1607
610
2057
1156
2062
3977
2629
900
2647
1874
3907
2804
3992
2464
2654
1135
516
198
3580
3891
973
1307
3256
2411
1465
874
587
3018
3712
390
3990
3854
3360
155
3502
1092
1244
671
2884
3338
1111
1224
176
815
1321
2327
1081
3287
2621
594
356
987
2695
1359
23
2253
2340
427
1513
3001
111
3227
2440
1222
1501
1402
3622
956
1655
2754
3776
2752
818
2134
2060
1659
1868
3035
2175
3929
932
3302
2489
3820
1782
2832
846
305
1139
1991
3345
2026
2137
254
2623
3435
212
2693
869
816
1456
2931
3726
107
3834
3167
3213
252
3730
3118
900
2424
111
1255
2543
3948
2735
1347
3280
987
1817
3840
920
195
1938
1556
590
1118
2039
3454
3551
2212
2141
2328
1698
142
2467
2920
934
1493
2609
439
3355
1657
752
2393
1754
3134
2661
1418
3346
2256
2667
1082
3536
359
1804
1247
3146
1733
1084
298
3912
3357
2930
2484
847
206
1763
1174
3307
3724
2461
87
697
1504
125
1888
3694
614
1517
1676
1256
3668
2654
2683
3791
1210
605
1861
3495
3940
2325
2732
3476
157
3298
3243
906
3470
1197
2283
3825
1124
41
1876
3441
2608
424
2687
352
1927
1978
1930
325
906
2212
2693
2344
2080
2073
1450
56
1183
3736
330
3736
425
2657
1985
1255
3763
3381
3371
1578
1089
3049
2161
2425
2413
390
59
3875
1607
2785
1802
2302
726
2674
381
2799
3773
787
880
1682
1496
1143
2694
2343
3205
3460
283
2489
1248
78
2780
2700
3847
3922
2418
2018
3612
2091
2201
3082
2953
1365
3790
3047
125
380
3399
1464
2997
3295
1149
2856
182
3047
997
756
1878
1566
1084
1493
2426
878
2592
2186
698
2167
1339
3075
1313
1771
2746
1995
1681
1450
3677
3923
1219
2966
1831
3223
2348
1874
3828
3888
1627
1244
3850
3989
2846
3331
1065
79
2052
1767
2364
1336
3902
460
849
3054
1343
1050
1925
313
3235
1749
2648
2135
1291
1972
3648
289
966
3551
3290
2268
1067
3882
2267
2270
2946
1960
1764
3354
3715
366
468
2506
727
2822
2583
3064
2203
1708
3260
3433
3970
3017
1349
2182
3962
1033
3159
713
2727
1755
1010
544
907
3845
2490
3169
679
225
2707
1899
3867
2231
748
1364
1257
3256
530
2324
1336
2005
805
2061
2836
1946
487
2261
819
3115
3568
834
1939
1945
3296
1714
2974
3808
3212
339
2031
3392
3769
2261
2287
886
2791
106
2008
2583
2244
1527
1051
2345
386
2203
3036
1341
3586
376
1819
140
879
194
110
2093
1096
2307
41
977
3125
1545
1664
2043
251
3725
451
3743
810
3233
2600
2806
819
2933
871
1531
1975
3557
542
166
1243
99
853
2370
2744
508
1148
3276
2286
2058
3632
138
3097
3542
1276
1574
476
3399
3996
1862
2137
2284
2237
3306
1186
3233
3425
2145
778
993
2590
3879
2709
1801
3846
1823
3822
2277
2817
1929
3095
3961
1334
3457
3739
3182
1801
2292
1632
759
1086
1023
2680
2782
1947
3398
3414
3504
3468
1325
29
2914
1856
886
852
3423
2737
2744
438
2511
3329
3865
3078
3269
3104
3528
192
1381
1129
1017
3787
272
748
2750
3050
2381
2631
3774
338
3702
2797
1492
629
3868
2248
1735
2333
1656
219
1057
1876
2576
3488
1135
864
1826
721
820
1356
3183
2498
1290
2498
3943
299
406
2133
2029
3811
903
1594
582
295
491
374
2052
3803
781
2098
2890
2119
1327
1548
667
1027
639
2280
2275
3053
2138
3043
97
631
826
3591
1359
1086
2077
3195
1040
3604
1364
3986
1237
2111
836
836
3884
603
28
3321
2342
2554
2355
1985
2883
3788
3838
1602
3133
250
2764
169
3597
3019
1246
1601
477
2025
2277
385
268
1982
2201
1439
55
1785
148
3970
650
2157
713
374
2371
952
1828
3705
2463
3104
192
2002
2211
3257
2463
3809
3017
1668
1865
17
2501
1106
99
10
1395
1958
1099
804
3871
3448
815
3541
209
2741
7
2411
1075
196
3701
2710
3488
1668
2999
3132
2666
401
3846
1872
2824
2789
3407
733
3963
2682
3244
316
1627
3118
2686
3845
3970
1568
3656
1921
3253
1367
3947
702
203
2178
634
348
3707
3354
2393
1893
3398
1507
2615
3354
894
2033
2725
2120
3730
40
722
1689
503
3676
3492
2374
1332
1174
469
2890
3210
440
1352
1394
2174
1175
3174
2513
1349
839
2362
2928
1611
2038
869
323
3103
2606
254
2646
2974
94
1450
902
699
2162
1268
268
3784
2270
809
1684
228
3258
562
3788
993
391
1871
1655
3280
2000
1165
1730
1356
2891
1571
654
3616
3743
3311
3020
2421
2176
328
359
1659
693
479
986
403
1787
2711
578
3160
2210
3166
1454
392
1269
7
2036
2354
1975
614
861
958
3497
3047
3808
3507
1128
3179
2221
3145
2035
2688
1151
972
1994
411
1268
2761
1618
3061
2777
216
1589
191
2750
3398
1510
3044
138
1022
3074
3674
1159
2068
466
1443
3581
2478
2029
390
61
2063
3674
1285
883
1408
115
28
2687
3069
2182
2837
3133
794
3669
1994
3232
784
2429
792
3613
1672
2707
1404
3811
3235
2122
1101
361
1380
2962
501
800
1210
282
1421
360
1229
2678
2260
1374
1988
2651
2252
1874
209
1063
2258
54
2106
2207
1112
2099
773
1744
1984
470
1471
3062
1847
2024
73
3835
299
3067
2175
1367
491
3871
1926
3510
2362
2901
754
23
1231
2107
1489
464
43
390
2807
2127
2008
3022
3367
891
27
835
795
826
2422
2909
1969
3564
1917
3185
562
3444
1074
927
159
1398
2495
1800
250
3419
1776
3390
1710
178
2538
2771
381
3762
3116
2355
1860
1626
320
270
428
249
2238
3437
2032
1577
670
326
1254
3637
1399
651
1612
2652
3929
2012
881
1486
516
3069
349
2707
322
3394
2365
3499
1000
2822
2095
432
2916
1947
2310
3095
2339
3580
1690
1270
802
255
3120
127
2639
2790
2338
714
284
1844
330
1714
3358
988
1808
53
1576
2869
3630
1311
671
1163
3132
768
1242
3375
1564
1497
921
2606
36
2519
1310
3486
516
3158
748
2101
3891
3942
154
2452
347
2507
212
3969
2205
2782
2447
658
2786
2513
1031
3685
3135
3536
1911
877
3587
2435
1939
1158
3233
1904
2373
618
117
541
1027
1116
2197
435
2666
3777
597
830
1113
1998
3159
753
1420
2525
1773
3174
2066
2873
1324
1251
494
2553
3599
3672
1095
2314
2437
357
3756
900
1368
185
3464
3806
3739
3381
1341
2110
1903
1646
1825
1960
3826
1009
2546
856
1988
2401
1494
1099
1207
3901
2515
1207
243
2493
328
2972
1700
2394
1222
2578
2145
3245
1615
3393
1945
47
2089
1359
3483
1184
2495
851
418
644
565
1769
3931
39
3045
1279
693
1697
891
3404
1764
725
1801
224
146
2419
328
695
3683
2174
3212
1415
1603
3399
2786
2296
1102
3512
2728
2995
2203
1517
3241
1779
2694
892
789
632
1145
437
3289
2715
3286
677
1567
2172
132
1909
709
1847
1299
2575
1010
117
1357
2656
3099
2558
3355
1305
3473
3564
2514
1839
3108
2330
2616
355
2264
92
2487
2940
1698
1577
3612
1360
1439
434
1676
2722
209
3702
3685
1605
663
206
2348
2718
616
1924
2264
2855
972
2465
1177
80
439
579
2950
3169
1891
109
3363
3450
1448
2392
3723
3867
59
1096
2880
1183
1857
633
1516
3811
1422
56
466
997
862
1294
2358
1863
366
55
902
83
568
1809
4
2041
2954
1520
1585
3411
802
654
2903
201
1128
2528
1555
400
3272
3299
2397
718
1386
2037
2517
3705
3376
705
780
61
3339
2866
492
284
1018
456
2981
3631
577
3048
1173
3371
2210
846
915
3391
122
830
953
2650
1274
345
3243
1833
64
298
1640
3902
626
1631
812
3788
2487
3157
607
1071
3922
1229
190
2760
3611
219
2148
38
3452
3069
2644
929
869
1544
2598
2943
3980
157
3116
2105
3589
27
287
3352
985
2094
2667
121
2086
2726
3411
1424
2259
2018
1187
3976
3758
2315
3024
520
324
2205
654
2321
3677
3584
3566
773
3985
2037
1489
3522
2539
1804
2926
2731
2776
2642
3932
935
1804
999
61
2755
1842
1262
2695
3698
429
1693
1839
2645
2255
404
2100
3382
2261
619
3334
334
1502
1316
977
2087
71
3680
2314
2459
3556
3725
2100
3003
476
2685
1135
3084
3010
850
2463
779
1771
437
3988
17
657
3046
155
626
2115
429
256
2111
2118
1647
2430
2476
2765
572
773
716
112
1829
2407
3320
108
300
2559
2542
311
788
1246
118
510
2070
3891
3488
2557
1781
1655
2409
602
1834
1618
3869
3326
3353
1549
2774
1905
1156
2805
3490
177
2174
3624
2691
878
1655
0
2736
2822
342
25
3160
760
2022
2881
1958
2727
1063
795
3233
3213
3013
367
1483
1209
2022
2226
3593
3942
2780
2253
1217
378
1818
588
2911
1208
3876
3334
2131
1282
3295
1348
1204
1422
679
3856
1832
1795
3039
348
2555
1073
2211
2475
3180
2251
2682
1984
1512
802
3047
545
1582
3199
3807
1383
785
3996
725
3717
1084
2111
3088
1907
1135
1620
606
1814
3560
1927
3234
3981
413
955
1960
3578
2790
1417
218
2860
3959
3256
2955
2085
2539
3125
3248
1837
2684
3215
3406
2834
2415
818
3023
2649
205
2942
1999
3494
843
2116
1298
1859
2731
669
3448
2833
2171
2182
1256
2729
2172
379
938
1197
3869
495
1489
689
773
677
85
1343
2672
2415
2943
3307
1105
3616
2301
3251
213
3536
309
178
1672
140
759
1571
3121
2007
2059
3724
1016
2657
2345
2798
1416
1249
935
3943
1648
3506
3117
2562
2019
2632
3780
1628
3391
1486
2765
52
1163
254
1615
334
2617
2204
3848
3
811
591
3876
1801
2770
348
1707
3099
2321
2624
2549
133
640
1322
1817
750
3628
2612
835
2209
1084
444
1059
2330
2991
3
3042
138
1601
3329
2800
135
1644
386
3609
3987
811
801
3734
391
1658
2848
703
413
1369
3649
3070
2647
2512
1700
3263
846
1324
2974
2339
1626
1862
562
660
1723
1733
2414
3763
3426
2650
485
1229
2784
1642
3492
2508
1032
3944
2323
9
3683
2720
3275
992
2065
3985
3470
3004
3318
2962
3079
849
3145
341
1599
2376
3156
3944
217
277
552
3288
2763
3908
705
2096
3897
3410
1394
2048
2224
3608
1836
473
3483
1026
2096
3220
3270
3454
1103
2450
2733
1392
3321
542
3775
1666
3786
495
149
409
2734
2794
