5080
2567
5184
2422
3724
50
553
3140
2038
1209
5432
7485
221
3762
397
3370
681
7278
5957
623
2363
3014
1629
7085
6887
7757
4862
4616
2383
5860
169
5506
5277
493
127
4614
5276
3224
1262
6529
1780
6041
7348
107
1792
6650
1425
1060
4622
1868
1741
3577
2162
6137
6435
3397
6983
7285
5705
2996
7555
2259
5213
4259
3574
372
2221
2211
6175
7578
5283
7965
3947
5466
75
4303
7179
5616
579
4596
2544
2220
6142
514
1190
4875
3700
7245
1290
6113
7850
1481
1322
2161
3481
1069
7159
2335
2366
6642
3113
2172
4606
1722
688
4801
2995
5070
1426
6103
1495
1728
38
2003
6347
3887
4779
1983
3717
1961
5317
4499
6741
5803
7062
7683
6482
2691
7221
3506
741
1815
1742
4292
3505
1982
7638
4241
4958
5068
2856
437
6657
6251
2113
6084
6185
2404
2197
1435
1225
637
1548
4946
3261
7293
1756
5325
4987
2891
4931
306
7319
1205
7586
5300
7346
7692
1649
6094
5952
7915
3171
204
3765
5145
6231
7747
6924
4740
3767
4321
6580
494
5553
5599
4375
5540
4688
2835
2823
5800
1270
33
4231
7536
888
6738
3636
5063
1046
5117
591
3090
1813
225
5992
7149
6075
6101
4711
884
2727
2134
442
478
3786
4608
2391
5315
1350
1496
2156
6334
2849
261
5675
3949
3814
1311
4203
5269
6808
5984
4541
7395
3028
4984
3340
1997
2946
7740
2351
343
3639
7742
2255
2994
1323
2296
3376
5823
4114
865
6686
6769
1689
5986
1076
7055
3710
7778
1036
7065
4044
4925
3262
2498
498
404
5655
2972
3903
126
2776
3986
957
3869
2599
398
6695
1931
1367
1147
3399
5874
6799
6372
6640
6459
153
4667
7893
4126
2889
1206
4869
5784
2504
3284
900
7035
508
1534
5639
3103
4629
4744
7435
1142
5111
7382
914
1021
1023
5852
7611
2959
5940
4605
2301
5780
3468
6229
5440
6294
152
7314
6040
3060
1805
7677
5982
815
367
6679
7341
3425
475
1950
5750
4238
4146
5423
3585
5907
7966
2245
6976
6331
578
2911
5329
4593
642
6976
2385
143
7531
5008
1752
6100
4353
1632
1556
309
2660
5195
6469
842
6302
1591
5970
2537
7308
763
3911
7120
6374
91
6636
5627
5740
7022
6019
4822
3118
5985
157
6605
760
7956
6617
1087
5145
7138
314
336
2639
4414
2212
3421
2705
5496
6707
1227
313
1631
1848
2041
1803
7873
6801
2516
1446
2190
3748
6344
3653
1243
4600
3603
3954
3842
2032
630
201
7142
7908
198
1957
3860
4573
4895
1961
4677
3053
6327
1773
3712
2985
5840
7618
7324
4165
4807
3876
6243
2506
4810
699
2834
1526
4583
7694
2430
2608
6591
901
6544
1318
3353
1241
2097
4549
5843
7834
5121
5140
5811
4316
2368
7789
1499
4863
3151
5914
4699
7450
1681
5832
2593
1284
5036
618
4619
3518
1068
237
7325
4096
2950
5907
1102
4830
6009
1583
893
4439
6928
7612
7233
6331
1477
6361
3165
6710
1215
3109
6162
572
6652
6643
4047
1491
5706
7274
7492
5496
5232
6204
148
5807
1705
3585
5609
7402
6096
1519
1057
5397
4951
5944
166
7932
5489
6016
347
4570
5776
4666
5298
4287
968
6366
2138
2844
4819
5513
1174
7982
2158
5296
1769
5509
4128
7298
5741
4529
794
7130
7491
4488
2426
6622
7845
2261
1386
1783
5336
4896
7781
237
4413
22
4890
4958
4677
4885
872
6106
5444
2326
5514
7966
3807
5432
6476
7339
5088
3813
5755
1027
744
4131
2460
3456
2564
1465
2578
2449
3224
955
4707
3217
3895
5877
3412
2693
2389
2352
5744
4722
7572
2467
104
2713
762
7609
6228
3281
3844
2683
7319
1023
2963
6555
5217
115
6981
7196
2575
1506
3039
928
1773
5244
5222
3536
5915
618
5773
2210
13
5414
8
5258
4780
54
831
3135
6170
1606
6046
3816
6483
6113
1353
5603
4846
6092
7533
7794
4483
3775
2290
6979
1895
5057
1996
2907
7315
1695
6961
1630
4003
456
4261
6845
4218
6600
5872
1980
6018
2847
5041
31
5649
445
4941
4528
5863
989
704
2096
7572
3387
6163
2776
4791
3315
4590
3018
1632
5688
1797
1113
2967
6253
4078
6129
7606
3299
3411
1957
5041
304
5123
2004
6454
7784
2595
6774
2223
5435
3393
4872
6245
7339
5193
5394
1854
2024
4816
2770
4007
969
1486
7623
3852
5353
4457
2523
5252
2268
2604
5549
5258
3917
918
507
6502
2549
4239
3689
7019
6778
1909
5488
793
2402
6869
5542
1378
4018
1974
4645
5130
3943
4111
4507
6567
1936
5720
1134
456
134
5181
5641
4466
5129
5551
5704
4230
1593
5077
4988
2878
5998
2593
1947
5270
7476
3133
2183
6023
2598
5859
633
6830
2342
2444
2378
1548
5302
3200
4958
487
4086
12
3949
3853
5498
5842
495
7736
4423
6074
3684
3213
3050
7174
4861
3007
2614
7108
6058
6608
3928
92
2753
6776
1304
5961
5832
2270
3886
6565
6495
5635
4671
6044
1869
5310
6643
6275
805
1634
5236
7681
5524
3579
836
363
1290
3383
2171
4654
3843
290
6748
293
5553
458
2515
5387
1480
1730
2574
4042
2021
321
949
50
5916
746
647
5189
3101
7974
1618
6767
5249
3309
2895
6163
4023
4004
4760
4224
1093
2465
4870
5634
2749
6282
6827
3925
5119
3867
4649
3125
229
6277
6509
4624
6287
4276
2508
1501
5898
489
1656
5958
2655
3719
2078
6529
1078
1065
6624
5885
3110
1648
2858
5943
2778
7002
3699
3947
5857
7885
6226
2984
7633
2484
4666
1468
7065
7360
7508
4943
3810
208
5943
4428
4066
5291
5895
5946
6077
2538
4391
4649
1303
5491
7196
6535
122
32
5311
5906
6433
2237
2974
7016
3295
1072
3697
5626
5679
692
2164
6943
6745
382
6822
4036
6077
4736
1180
7746
1407
4491
4674
2504
655
7183
5231
6839
4627
1150
548
6349
3444
6671
6946
2744
5954
5151
7845
4172
581
1265
3392
3152
3297
2902
406
4083
7652
2664
4146
3292
5552
5872
7748
2271
3264
2407
3257
1803
6232
6618
7413
160
4813
2534
1008
4446
3182
4131
6954
7288
2766
5150
6540
7784
3887
4862
6301
3548
7437
6791
3165
3726
2052
3837
4546
1457
5342
6560
2956
1095
5565
3158
6855
5071
6114
7143
4445
7004
3543
3682
6101
1
2111
1436
1644
3945
3960
3416
4942
2051
938
2114
1649
6106
5551
2134
2319
5122
3359
6878
1214
3438
4790
6936
4781
5471
484
5813
1085
6263
1586
1534
4217
1388
5900
6354
2548
1559
943
1034
2622
4652
5296
6717
4354
4357
4902
6495
5503
151
2805
6596
6881
2629
1720
7107
5371
1299
4810
1845
2020
4019
7025
5213
939
4667
5928
801
952
4216
200
5047
3776
1372
4498
6683
7204
4242
1115
7804
5479
50
6932
5303
4682
4560
3125
954
2694
5295
4678
6987
7206
5267
3466
673
6334
1460
4744
2992
971
1487
5687
4994
4265
5142
5125
7105
7595
4807
5188
5905
2714
2586
3762
3802
653
5459
6371
419
7970
1464
5709
5978
7766
5981
1072
6512
262
1307
4704
5921
6275
1823
1840
2513
1676
4126
189
6546
3626
1126
5140
4482
45
2640
7297
4817
1662
2322
3893
6689
673
4465
7315
4742
714
1491
7959
1325
3672
4978
3683
3352
434
7277
872
5127
1789
3640
6445
1843
7351
2356
5503
1651
6323
730
7477
2434
1521
3600
3999
1944
3993
1054
2827
308
2132
1402
1651
4155
1544
2239
6790
5818
2798
444
7761
6472
6545
4329
7562
5767
2468
6389
5561
905
6273
6523
2820
6798
6010
6802
5461
7979
2590
5507
1002
3911
778
7574
6200
576
808
453
5437
4779
5577
1938
3489
3832
6875
884
5704
1971
3463
2732
503
4006
7657
6583
5664
2972
4845
7644
2891
0
2243
1445
3299
6052
1086
2410
6427
6559
1806
1992
1467
3022
920
5489
5963
4346
2095
2078
7322
6554
3762
1311
2155
239
7938
7954
701
6093
4893
5042
7798
6458
156
7879
6891
2863
7301
1979
6414
6203
2254
6029
5941
2055
2031
3358
5059
2292
7458
745
3125
801
1466
7120
4043
5256
2717
1617
5648
1992
1184
5079
776
2877
4797
2477
4278
779
307
5197
1479
570
1915
6295
5214
7035
3682
4893
5373
6793
4616
3675
973
2539
563
5636
842
7574
273
5303
2125
3759
2440
6225
3383
2797
4860
3996
503
2397
4636
7140
1209
5887
4265
170
492
5390
5125
1394
1069
7325
3891
2039
6229
7837
6065
5375
6172
6779
2095
3017
808
1766
3115
1634
1846
110
234
1814
1572
2056
7828
900
344
1326
4141
7627
1617
1443
3692
608
7624
4820
1466
3842
2690
3802
4168
132
1717
3036
7053
3913
4436
6354
2075
2127
7865
36
925
3105
7406
369
1263
4144
600
3819
7450
4668
7041
6623
2795
813
2497
2322
4718
3966
5447
775
1740
3097
3273
7838
510
3645
4614
7958
6957
1179
5620
563
2216
2049
5772
827
5697
5165
2094
6426
1220
1924
2865
4261
7317
3355
1739
2427
7781
1073
794
328
7185
1344
2125
7459
4823
360
1650
855
5173
5772
5852
7231
4128
7736
7920
1354
7326
7167
76
5279
4992
7268
7573
3034
704
3374
604
627
307
5151
3117
6656
3690
5373
6643
2129
6443
463
6539
1401
5767
5604
5091
7660
4888
5772
1423
3588
793
2858
552
4318
5154
7713
4193
4513
6142
1452
7144
2142
5034
1674
6964
3667
7277
4566
7217
2378
1103
437
7750
1183
6391
3816
447
1438
3877
7745
1564
4747
4488
5874
6389
4475
3196
4736
6280
6431
3684
6487
2401
2657
6689
3960
4324
5926
6508
2381
7162
1460
1494
7966
278
2669
3481
3483
5411
6458
3993
7321
3916
7939
5373
5210
2663
7834
7269
1349
2495
759
2631
7988
1468
1246
3561
940
3313
3997
2301
424
7554
7409
4436
6286
4784
7881
5440
7619
7107
1186
203
4698
5587
2001
3405
7079
5554
3295
3182
4722
6649
7374
2681
2759
6318
6394
2776
5611
3023
7771
4466
7657
4990
6119
1246
4426
5128
1684
2434
4130
1619
1403
6797
1671
1892
1880
653
1885
1419
2158
5421
4557
1643
5255
7759
532
5738
2073
2
5367
7537
4421
5984
2132
5728
1593
5831
916
3986
2228
7538
7805
6408
1449
1075
228
3700
4797
4239
6272
2468
4971
7605
2649
521
3847
5661
350
4324
3744
1082
1366
7052
2110
3547
815
4062
6026
3043
7859
4033
7053
739
792
5396
7121
5265
246
3255
2595
7528
2771
5811
5242
3419
2202
3527
5490
1207
5419
5648
3825
2708
12
6867
4907
4535
380
6954
7424
4167
4456
7690
5634
6058
7863
7021
2133
7100
1408
672
6575
1708
3803
5675
3008
3122
341
1112
2603
3440
125
2594
3441
3941
1819
2428
2991
3912
3648
4666
5630
2439
1145
544
2552
7515
1821
2374
4698
5576
6342
100
5573
2094
2460
5824
7135
6991
717
2353
7574
6110
3289
2574
4933
5248
7817
3640
303
2146
4287
5057
487
7926
1193
4280
1682
4811
4879
2067
6981
4423
6220
183
7112
5188
6938
1510
316
5637
3206
7429
2712
6420
4290
5449
2639
3577
5913
3838
6414
7512
1021
7412
6881
2088
3708
1990
2293
4556
4753
7304
56
7119
6871
204
157
321
3865
1617
3387
552
2628
2697
5717
4133
6014
2438
5748
5989
3855
128
4209
7424
3645
7941
6607
7473
5303
4285
644
7219
4263
857
5529
7604
3114
7704
3879
3128
3164
5749
3969
1997
7628
177
1328
3878
79
4088
3289
2391
4400
6515
5307
1324
7493
7273
7957
2022
3869
850
5732
6675
1301
4602
5002
1481
4553
6479
1546
3967
5928
7751
2800
3591
4577
4336
5326
3692
4538
7125
2144
5540
4479
1930
6353
370
4759
2453
599
7451
6066
441
3705
3010
2654
2720
7729
1634
5945
6180
7852
2024
769
2874
7213
363
6919
4347
7762
7945
450
7761
1903
6495
6336
4090
4822
7140
2039
444
4409
7779
5754
6565
7014
3795
903
5694
5424
2324
1725
5580
4526
968
1067
1730
6301
204
259
3526
1953
4498
5037
1886
4265
2397
7736
1335
5807
3799
4267
978
7711
3346
3770
3724
5647
5337
1876
328
7597
3698
7705
1914
7991
2420
7273
7187
6754
5375
6296
2948
1182
1307
3005
3377
817
2288
4714
756
6784
2975
501
907
2413
4733
5365
3679
5337
2282
7305
6322
1226
785
1874
2596
1640
830
7296
3809
2274
2710
3914
3306
1390
1016
695
1279
3949
1263
7642
1127
1132
272
3291
7771
6791
55
751
7829
7848
6232
4265
2992
6957
1604
1642
5948
5224
5243
884
5664
831
2344
7709
3180
756
7357
863
2747
1663
6059
5836
2945
2456
7038
7774
7351
4689
6164
365
416
3999
3448
5113
2422
3641
6943
5863
7478
1688
6590
905
7365
2207
3718
2966
957
5973
4478
3577
985
2125
7227
5829
5881
6951
2749
2949
81
1903
5225
177
7732
6306
7199
1149
4409
2449
7479
4812
711
2399
3037
7811
195
5028
710
184
1170
4468
1486
7048
5773
4218
3440
4423
7553
4221
1313
5139
2271
2629
9
1730
3463
1175
2015
1017
1963
5339
3040
6942
6499
3487
3691
3813
4878
6196
4860
6407
3423
1206
515
6929
395
3242
5792
2585
6541
2495
7806
3275
2068
6263
7049
1505
1291
2591
2957
6705
1538
6266
4972
6432
5118
5500
1532
1780
3546
5938
5947
584
87
7551
5999
3544
1160
2752
4126
1404
5203
4881
7591
626
3876
4393
4156
6548
6964
5728
3837
4520
2993
4626
1713
5142
267
7131
5411
3252
4123
5121
3031
3133
943
5297
3944
3937
5430
6946
1343
7734
1541
3542
1650
3148
5635
3199
4022
6494
7736
3454
4098
4259
5932
6278
2179
6788
3263
3424
7285
7529
837
1735
4837
1069
3995
6771
7232
7856
3083
947
3862
3658
6999
1395
3697
4764
2790
4509
6668
2307
4424
3932
6898
3814
1896
3964
2101
1519
3597
5934
7559
7766
7628
7975
4600
3801
5710
7847
7628
3144
3066
6935
3000
4796
5311
779
4217
7144
6527
1448
2322
3783
6043
2655
2656
4917
4567
2839
2907
1882
874
5609
7787
3905
3685
965
612
4743
7549
3634
4640
3182
1719
3122
2744
2577
559
5059
990
5234
2244
5442
6554
111
1635
4395
7455
915
7023
1403
6602
2377
7114
4918
1846
7660
7043
5508
7230
6521
6620
6967
4496
1382
1974
5160
4202
7692
4059
7679
6069
7295
4392
1232
7738
1790
2197
1698
2693
5446
7459
6604
2837
7809
7841
1401
7868
476
794
2698
1113
2230
2270
7194
2800
564
4203
2973
2211
6577
6585
3425
655
5971
4255
3127
4870
6201
6053
6955
7204
6544
4071
3630
6096
1221
5538
1173
5585
468
5470
442
6154
767
1400
1792
7060
667
4171
1205
6390
132
1274
6224
3843
3761
349
7257
6417
6754
902
6888
1233
1078
431
6341
7312
2521
1537
7151
6089
6106
2627
1848
932
5146
414
3789
1615
1824
1225
5332
2232
650
2837
3950
7140
6110
1047
603
3311
7935
493
5437
7712
6139
239
5813
2536
6913
6516
4522
7352
2992
5310
4584
7932
4426
6595
2020
1719
5063
4888
2910
5820
4742
3324
7071
6854
7006
7231
1442
6133
5459
7501
5071
7142
3109
2331
1634
7917
1794
237
3051
7921
4443
5121
5038
5861
6611
4124
6378
6495
7892
750
4727
3286
5884
7716
200
2621
4917
1291
3728
1142
3491
92
2370
245
1270
4136
6832
2098
4511
1441
1813
6858
2591
3714
2158
1139
5882
6812
706
2458
1995
638
4739
6363
6385
321
4045
7900
2407
621
6795
5446
6514
3276
1337
6817
691
3145
5571
204
1052
2499
4173
7957
7615
5940
2444
5563
1730
2424
337
7677
7919
3261
614
1502
6248
1222
5457
504
439
4763
2741
3258
3076
6417
5912
832
4768
1650
3648
782
7485
1992
950
7976
1280
4363
6508
7952
3247
2532
4218
2269
7877
669
1412
7796
997
360
4472
3686
2603
3273
3380
3750
7133
4832
1284
1253
6144
6679
5513
3980
6919
3108
4661
5269
6950
955
3250
1030
390
6548
3682
6348
5777
4244
6466
5872
2988
4954
7912
6776
3077
6761
7339
3997
3394
4013
7457
867
664
492
6467
795
381
2186
1709
3249
2613
632
5250
3122
5321
5883
3565
1375
6423
149
4802
6182
6146
7506
6914
2627
521
6320
4605
7411
5301
5931
82
6608
2924
5093
5714
1678
4516
751
3
144
7793
6327
5312
1896
5566
4750
4798
3434
7002
7956
1769
4971
1834
4545
5740
2139
7357
4819
7824
1020
7741
4688
7676
7294
1152
3191
7771
4089
7678
6151
411
390
6301
6955
1745
571
297
3328
6521
3073
2335
1797
795
6930
744
2206
6858
3220
4963
4229
3015
3533
1435
7053
322
3331
7576
1876
1920
6705
6481
7557
2456
2919
1343
6919
6679
63
2188
1222
5315
5431
6762
2332
1405
240
6273
1243
7423
4610
2624
4473
4357
954
533
7065
7241
6897
4343
754
7654
458
160
3294
3742
3911
6809
4161
3127
1352
6189
3156
6784
3298
1791
2893
4017
3352
7672
45
2736
2489
2392
422
6512
277
7662
2342
6900
5021
4003
6084
3698
7638
7152
2822
3026
7482
7407
5388
6485
3435
7375
2973
1427
2197
34
1037
4060
3935
6929
7815
2752
5005
7343
637
4523
2741
42
6569
4456
3739
5406
190
198
6892
1603
7792
7960
4499
263
2909
4310
3260
6071
1750
1568
5475
662
3790
3811
3544
720
4447
3092
529
7752
2163
1626
7147
7310
7701
4104
3967
1708
7252
6024
157
1759
2961
2131
1448
4067
6886
7004
3726
6183
563
6348
1185
3040
7494
4136
6231
7610
550
1808
2651
7017
3645
161
6157
1693
7391
3449
3741
5203
699
2522
6911
6024
3101
3239
5771
4872
1309
4428
4725
4325
1256
7291
612
7172
7336
5137
4528
5394
5843
6423
4669
788
7309
1443
6191
2011
5563
2207
2889
3541
3109
4385
7653
1024
711
5754
6674
6138
5621
7307
1413
4149
6568
2640
4478
198
4649
5632
1593
5916
3096
7309
1996
909
1049
7110
5347
268
4892
1629
2646
5495
3720
1922
100
7245
3268
7405
4879
253
5473
1723
4947
4057
4967
48
5380
2538
6971
5083
6851
6620
7850
6167
2652
4570
3604
813
4352
2421
3511
727
5594
1405
7255
7136
5455
5234
1608
1575
3607
2772
7384
898
1971
727
6491
4606
6730
4787
1043
3525
164
5463
4988
2009
962
2493
2546
6460
6103
4441
7616
50
4071
5163
838
5214
2555
564
1158
4105
3326
3077
4619
4866
2808
5170
2230
7711
6628
3558
2918
6881
7599
784
6723
4726
6864
5755
4776
6807
3902
4796
3818
3666
2899
7236
7753
6882
4091
2069
1715
5306
88
2450
1583
5793
54
2607
4588
4086
4134
5127
3943
1941
7609
5964
499
3218
2203
3992
1000
6818
1929
3747
5290
4698
5296
4878
3413
3343
6244
6491
7938
4251
4217
4224
1785
961
6338
4304
3187
4584
7395
729
1162
4356
1877
909
5247
3922
2038
6232
1192
3393
267
2832
5300
2478
6867
1483
5340
5256
1800
1098
1576
3347
3765
6994
2651
4680
6255
5211
3069
3033
3249
4258
4291
7953
5272
921
156
4378
5047
7359
4378
792
6552
5642
7483
3379
784
1855
5012
6195
2686
3300
1945
5892
7136
5902
4171
344
4049
1684
1022
2731
7139
1252
7814
3298
4949
3571
6718
5901
5425
2256
3188
2316
6981
2770
2676
781
443
6256
2544
6835
2327
5423
5065
3538
717
7094
7548
1175
3709
3709
6444
1477
3916
1700
7304
7578
544
1888
6360
7056
3639
2640
4713
4031
1701
4654
1427
3423
7208
6944
3812
5036
7081
238
4587
7714
7570
6031
5922
6760
1286
3932
3129
3401
7681
4134
4155
5149
3534
2147
4063
6470
4447
4867
1198
4054
7692
1057
2251
5966
6571
1044
5604
6081
6792
1766
1972
1752
2049
2140
50
2158
321
1524
4441
3227
6487
4717
7253
4686
5554
3392
6023
1748
2939
7724
7861
2229
1551
5615
2385
509
7384
2960
3556
1496
7815
7897
1623
6039
2671
3427
6046
5391
7617
5449
2114
7584
2912
6207
1993
7955
480
4603
6595
2653
5856
1553
2548
1472
2241
7388
6041
1617
1410
280
4825
6740
122
4877
5513
2115
2801
3686
4316
558
2010
4576
7590
2364
7153
5086
1291
1999
6061
665
6472
646
99
2996
989
3996
5623
5933
5526
6189
7231
304
6133
4889
6518
1606
3710
7553
7449
5418
4319
2159
417
7996
313
210
5150
1167
2063
1062
3885
2333
2954
2674
4630
3546
3174
6955
836
5029
4093
5302
2465
3227
7022
6603
4046
1798
2858
4021
3196
5939
1115
1397
1706
7969
304
7111
6651
1237
5705
60
563
6283
7804
4614
3342
3846
7106
5330
5757
5705
2946
5136
830
6302
6007
6670
3990
6675
4800
4482
110
4613
1028
1574
199
596
7103
6526
7132
3062
4974
1653
1235
359
3091
4389
2719
7550
4837
2230
1013
2139
6680
222
5736
7485
4996
4486
291
6448
7157
2637
3139
1507
7566
869
1359
7703
7002
5211
7060
3316
6513
7349
4065
1590
6019
1780
4700
4100
6724
5369
128
161
2420
1540
4852
6523
969
2519
5384
1505
7804
1145
6670
1170
4461
3862
147
2353
7348
580
5497
2452
3077
7968
3762
7995
6335
4631
3291
3677
5713
3329
6579
5918
6089
6119
7670
1886
4859
4709
3162
1707
4490
683
6693
2070
726
5853
169
483
5250
3162
797
2330
3296
2842
666
1402
7548
6449
6831
461
3266
4336
6753
1495
2253
3242
1090
5480
5452
2388
2412
2769
1171
2246
1179
2803
2364
6046
6436
1715
887
260
4950
1481
885
967
2412
2872
1901
870
7659
536
3786
4588
3102
6351
5105
1458
4140
286
5682
3656
1619
1239
4426
7471
2883
5484
1619
2109
2777
4067
7817
227
7478
2791
4921
7244
1852
6904
1160
5403
6629
2113
5853
6167
383
5002
4908
4899
7176
6468
2400
3110
7650
7746
484
2313
498
6983
1359
3486
1947
6522
106
414
2514
7158
6878
7371
7902
5182
1023
6388
879
4749
4911
5079
88
2636
7216
3104
2921
3933
7242
4432
6509
6228
5845
7097
573
2502
5348
5029
959
4793
1294
4439
383
5691
3546
4777
6311
1934
70
6292
4702
7232
2292
1230
6075
6618
2738
2638
3877
558
2404
5803
1865
5459
4752
3810
1654
4654
7174
1846
1944
3558
3946
5362
2575
4601
4576
202
2987
2477
2450
6816
966
7518
7328
546
6526
3702
6565
80
2382
4028
7843
539
1289
899
266
6121
4978
2882
1194
1654
7290
3396
4914
788
5015
1910
5924
6482
5245
5598
2263
5627
1979
3819
5224
6774
3317
6183
5566
3403
2234
392
2105
4421
2497
4006
4535
4402
3141
968
5890
1159
1722
7255
4953
6432
5418
3444
1690
7654
5745
6437
5705
4426
2321
1962
1663
493
7603
814
1393
2722
5307
4377
3996
11
3078
3074
906
1824
1667
642
5252
2190
1131
4580
1109
5755
2462
3832
1718
3240
2460
5191
7131
7472
3356
4384
1049
5229
5772
1617
4466
4730
7846
2161
4095
2386
2220
218
5112
5591
448
5877
4451
4207
3170
6126
6871
6409
3526
5958
1964
7102
3793
7494
7938
146
6064
209
1258
4761
2773
4499
6516
5558
1999
3670
5717
4671
1797
1651
3125
60
655
6693
7763
4558
946
3385
6742
3565
4597
1761
7793
7946
1508
1577
7729
2323
1313
3905
1894
2133
7585
952
812
6971
3722
1226
7957
7092
3240
2000
7732
5107
5894
3285
7624
7824
6127
6345
7748
6540
3457
4687
2743
7089
6570
4017
3229
5080
1986
1267
5889
1732
645
2501
6477
7340
4523
5713
7920
7382
1510
1205
2602
3103
7288
7563
6519
1495
2926
4451
7254
2057
5372
4178
6708
7896
2550
7588
2426
4676
553
5740
7664
5196
7892
4925
716
6894
1094
2161
6235
586
3925
6630
2955
3365
568
1225
7635
5448
5826
10
7359
456
4668
5935
7451
5281
5725
1924
2811
4348
4008
176
38
6736
5474
420
7965
4452
3503
6828
6347
4786
7625
5288
3722
2856
5339
1620
4367
4808
2432
1154
308
3951
1619
2218
3425
3250
4018
280
2389
2084
2388
707
1238
5108
2948
7294
6835
435
4794
2311
947
6836
4692
1277
2076
4492
4342
2479
1761
3193
7483
2192
2601
3359
406
3334
7928
4973
7114
993
4540
1375
7362
3113
6774
7836
4685
5840
1731
3711
314
262
6087
6835
3469
748
7925
631
7835
1504
4796
7361
1031
695
465
5951
1689
7752
5973
4536
6712
4453
5412
1489
6852
2469
3642
1132
2578
2909
4161
4715
2949
3309
6779
2834
5509
4662
5000
1098
95
233
3797
1282
4857
4667
3681
4464
4464
5749
6381
3702
3472
1831
4352
1311
2223
7420
7508
2888
3430
3497
6240
1947
173
5759
6275
183
2258
3553
1802
2540
3030
4879
3614
2914
2340
6816
5709
4185
7023
2510
5043
5642
4583
4139
1924
4461
663
1842
7417
7380
478
4793
4949
7668
7367
4098
5779
1796
7496
3504
4078
7231
7444
7574
5708
4995
7261
5611
6280
1307
6249
7130
603
2394
2832
5174
7206
94
16
4427
4638
2676
1228
527
3412
6042
3559
4856
1248
2015
2553
6695
7977
4391
237
4098
6356
2763
311
4255
6535
2781
3316
3163
4121
2441
1247
2891
5592
1110
4461
10
1270
4236
5319
4146
6800
944
3170
7334
7324
5739
6012
5067
3567
5321
5492
2262
2921
1820
2054
6336
3326
6721
4067
6487
3745
4154
1129
5038
3663
6395
4164
117
5941
384
7520
1571
3390
923
5962
6159
4605
4556
3106
7838
1844
3848
5503
6423
1791
220
2655
1043
7712
1835
7561
2384
5608
659
5762
5796
1854
686
1895
654
3023
6452
7341
7848
6354
3006
4403
1528
5686
5797
6081
1319
5291
4617
5088
2761
970
3630
4885
6810
6626
1664
7547
3914
6304
7479
6332
7023
7706
5205
7980
6362
2936
4557
6018
5380
2111
4478
5235
4582
5947
7772
6381
1639
5449
6320
6445
1520
5502
5430
2365
7132
6840
6756
4686
7051
6079
330
1197
6293
1751
5780
1381
7580
4324
5101
690
635
7546
4798
7389
1627
2177
2388
249
356
1217
6304
696
6479
4496
2711
4138
90
5525
7674
6868
149
4536
4272
5225
1754
7144
911
3944
2714
6152
7801
4433
3857
951
5731
7877
91
762
5361
7929
5217
3465
5181
7510
6443
7923
5559
1905
2522
6638
3814
2530
4781
4927
4429
2243
1664
1474
5096
775
1494
7191
5845
5364
5835
5481
3728
5566
5676
3484
6295
642
1442
4946
3756
5531
1033
5722
3065
165
6494
4599
461
5708
7959
2504
7237
1231
2061
7256
3398
1303
7573
6020
166
6062
4140
7173
4522
798
2768
282
5866
2791
3115
7251
2193
3931
5418
2683
7553
7258
5357
7331
3667
4198
1367
1799
7612
2658
964
4832
6667
1900
6746
5829
4366
5843
3961
7807
4564
4663
1228
3752
5006
3836
3905
3518
5839
1258
7253
4681
6259
4261
6216
1895
6299
3588
7984
5617
6422
1743
7786
4428
4251
3290
2155
910
5426
4280
1460
5642
1971
1182
6436
3898
4007
1046
4839
7240
5899
3868
3596
5881
3442
5593
6581
7350
970
2617
4775
2361
4215
3051
3394
4624
7963
7285
522
1361
2103
1457
675
1819
5483
2663
4188
6980
6681
6856
7650
7076
2280
6597
4629
2109
548
1610
1079
4101
6147
2651
5952
7314
323
4937
5840
5154
6446
5840
5372
899
7231
5008
3401
5093
7519
1382
1079
3194
1864
2279
2932
6343
7755
7481
1010
5195
7980
1485
6802
8
4779
3068
767
6962
1630
7805
6168
2227
2233
385
7877
1817
5616
2475
2859
2013
5491
4207
5626
337
6552
5510
4579
741
3607
1547
1191
7957
1262
1846
3915
6259
6693
178
4584
6668
4716
5980
3294
314
4960
986
1385
1286
2860
5974
588
6135
972
4246
3817
5244
621
3066
7858
6641
2225
7953
4858
2385
1422
1111
7589
377
5398
1807
6718
1877
5073
6329
4839
6441
3974
2033
2987
1982
6745
1124
3696
4903
5710
2735
2568
2030
3179
3158
4582
5856
5180
1821
3373
2354
5744
6406
3556
2511
1121
1896
1094
1599
5233
3561
6454
4597
3344
5400
4304
1589
2009
2409
5467
4640
5724
3598
90
349
7095
1262
7682
2726
29
4740
2821
3884
4280
6295
397
4968
1195
7825
4356
1792
7728
1215
1808
4306
4961
4836
3420
7327
3794
7738
6674
5207
1563
7302
2981
1149
5619
6039
2186
2038
3063
4187
1478
2292
4619
3741
2978
2938
6679
2911
7868
4299
2611
5327
4472
5299
157
7018
275
7473
615
4138
3415
3455
2862
4333
107
1280
5188
7908
7938
3269
7599
3956
5044
1468
3339
3820
2985
2550
3978
4707
5169
6867
7452
6254
4466
5773
1194
4156
1913
2269
4219
3598
7793
141
5177
7957
625
6300
7502
7401
6959
5191
233
5540
5010
5818
1501
729
5414
5075
5160
1652
3433
1679
5904
944
4354
4627
425
1647
4945
3929
756
6393
161
437
2082
5075
1146
4483
4598
2747
1492
2671
3912
959
6565
4321
229
6007
4635
2115
340
4453
614
3760
2740
1831
7532
4346
641
5974
1056
280
3637
3967
4333
2027
6218
1084
6924
5035
1438
5358
1397
7730
2864
3608
1265
7845
5383
3355
5838
1979
3698
4874
1068
2859
2154
7593
2293
4214
5779
5767
4074
78
4065
2485
600
6690
6104
98
297
6087
4204
660
4822
1028
7878
1861
5370
2234
2920
7256
7682
5294
5799
4214
1345
4149
5847
5706
4320
2875
5062
4757
6899
1967
94
4398
998
1806
5998
6490
1750
2315
1154
1540
444
7832
1774
5849
2244
5460
2986
66
4092
977
2135
3775
551
1792
7072
2269
1906
3708
5499
5779
1534
5232
6159
2687
3100
6309
112
1208
2583
3755
3781
4303
2410
547
2891
6887
3346
2792
818
686
5502
2264
1381
5239
1252
4290
2343
7286
301
1070
985
4439
3920
4419
4440
2299
3453
3481
835
336
7599
7644
3482
4427
7908
7129
2882
6789
361
1320
4261
2863
6542
2742
2230
1524
2234
686
6290
7210
87
2052
5890
2163
5037
4702
1757
1782
141
4447
458
4085
4707
400
7331
4364
4847
4525
1334
2757
4621
6154
2085
5914
3632
3744
1581
5192
5805
5368
2051
4940
1843
4531
2650
2813
1049
3700
1474
709
2640
2154
106
4157
1016
2877
3974
6884
1806
5076
6475
636
4482
6785
2455
1538
7846
4682
1903
2504
963
1749
6816
4144
5318
2607
3974
199
5016
3449
3051
5179
3147
47
4871
5051
175
4566
614
7082
4101
3458
2471
575
4235
65
6560
2811
3574
7911
4063
6216
4734
2871
6667
3627
2899
3627
5162
5286
3757
3425
252
7341
7553
7586
3908
7746
1295
5071
1062
6959
1304
3882
2795
5152
7918
6782
4258
2586
7267
4781
5922
7068
99
3732
4458
16
2398
4252
1513
2414
1821
5472
2649
4526
950
4918
1925
5223
4507
1372
300
3977
1100
3137
3966
628
1005
5293
5251
1458
5042
5389
155
4376
4086
1119
1696
1204
6379
2102
551
5555
364
7082
5542
2642
5615
1120
5743
5759
214
818
5146
6540
1188
7290
2178
5134
4172
768
37
5272
2021
2814
2671
6607
443
6796
2512
106
7039
4332
4873
1481
2782
5172
4359
6702
5038
404
4838
4764
1477
963
982
4490
6820
7179
7003
5508
721
2093
2734
7839
4290
2226
3073
2007
5429
4815
1184
7175
1501
5427
2867
7427
2550
3377
1824
2197
6330
5
13
1235
1132
3973
4931
7386
4625
5797
4462
4713
1470
1063
5697
2012
6477
3421
1014
3074
6889
6044
3251
6174
4553
4287
7112
3319
2874
1621
6421
3612
660
5224
2761
6264
6862
4331
3205
4941
7342
4351
2334
7441
1432
5602
3521
802
2888
2356
3889
870
795
2343
7725
2115
1095
7939
301
376
5484
5780
1162
3670
3842
497
6525
159
1137
2409
4095
7609
5567
3147
6608
2063
6435
5394
4500
5317
1209
1387
7831
6933
1423
5861
1841
4107
5084
5364
6725
5337
656
98
4003
1944
4487
2323
6990
6108
855
6643
1943
4402
520
5630
3112
1464
1635
6827
4637
5337
3171
2870
1228
5029
7944
5257
421
7305
5131
3718
2805
3183
3564
52
3973
7733
2407
6467
6751
6914
2565
6973
2992
7179
4878
779
3337
3169
2332
1058
6399
2356
138
5000
115
2856
652
4103
3308
3538
4121
1836
1312
4303
66
7484
5074
897
5542
1589
7253
3687
1278
3836
4462
664
6164
4648
4631
348
913
681
6752
3367
2483
534
817
5235
1949
4691
6122
5624
7496
1435
1451
4619
3672
1264
3183
6481
1481
3868
3923
6430
2376
4066
1845
2926
670
6854
3511
7422
2567
2230
4387
3016
5409
5396
4329
1498
3328
3425
3331
722
6494
2183
1337
56
5232
1027
3904
3768
6099
7469
1278
7290
6181
1765
2025
992
3825
220
7821
1947
6658
4924
5292
1194
920
6645
5247
6577
5816
7973
3803
1714
990
3875
4463
3370
2382
2793
5418
7242
5961
7515
761
1232
2202
6072
2734
3522
1551
412
5308
6151
1221
3951
351
4642
3293
2798
2328
3723
7947
5652
5974
2924
2829
4132
7729
6965
440
1558
1231
6684
7021
5276
1257
1141
5931
2383
3112
2025
2558
379
2217
4886
1238
1539
96
5763
7282
5619
4760
7038
1659
6624
6680
340
2285
3198
7457
4077
7152
7870
6037
1409
1797
2785
690
4347
4252
6110
1211
7016
3138
5740
3127
2396
2615
3373
5139
2978
1950
6391
546
3741
5261
7871
3013
6527
5252
612
4518
5349
1019
6678
6878
7886
7892
865
7351
759
2224
5658
2123
7892
3485
2020
3979
6444
2541
4447
7644
2642
6050
4719
475
7675
3845
5732
7361
385
150
1931
6242
4851
1949
5456
143
7126
6175
2574
5852
3709
4716
2997
5052
1280
3477
3543
7176
7964
6012
2511
7646
5671
1156
270
5734
7022
7590
6979
2544
1837
7077
2727
7097
4522
1242
4258
5389
5230
6185
6173
6214
7585
7060
5221
1010
6401
4078
4408
7635
62
5671
2352
5952
6454
454
3529
6056
5000
5878
7185
3190
5143
1527
5227
6993
7133
1909
6207
2747
1001
5430
5762
5337
1590
5612
1821
1809
4074
5738
188
1615
1384
3124
6966
3171
5394
5295
4308
1028
6558
2807
5248
376
2067
5391
4236
3851
737
2675
2395
2940
6235
6154
1072
3384
402
631
5521
510
4623
2895
3351
3681
108
4261
5333
7212
3279
6336
5155
415
1924
6190
7110
280
7671
5234
509
7821
331
2904
5226
6646
1561
5162
348
5127
840
6715
373
3035
1669
6752
2109
6316
7135
5118
7554
4799
4930
447
5225
2461
7438
3935
3158
571
7380
5154
3891
2939
1005
7912
33
6923
822
2648
4025
4332
491
6010
7997
2893
95
1697
7585
7445
5205
2693
4463
6272
1727
1391
6811
5793
4432
3085
6691
1157
3264
2917
610
7480
7260
615
563
4769
6791
91
444
6856
2833
5817
7902
5304
5681
6231
5815
4480
1314
5821
850
6995
2712
7316
1516
5903
1502
3901
4324
3611
4878
3967
4798
4585
2860
7448
851
2907
1183
1012
4121
6914
1932
3323
7947
6081
7504
4357
1717
2512
7066
3945
3038
6044
6692
3443
5201
4748
4940
6707
3786
7199
3795
5874
7354
4401
1201
6976
375
1884
4114
3177
7939
1467
3889
1542
6071
5322
2576
6191
2829
6569
3857
5134
647
4928
7732
143
2814
2108
686
6963
7562
1462
5282
3396
1035
501
1406
6179
1362
6282
693
125
6960
5658
6932
1564
3928
4920
195
3737
435
6704
6107
3632
7553
3809
2014
2924
7398
4418
5143
1217
153
5637
1551
888
6052
3224
5865
6725
4312
2056
2459
5300
2257
3904
5641
3074
4834
6064
1024
4232
2460
7753
971
1362
4672
5412
3958
1102
4287
66
3037
1632
5993
3566
751
6866
378
7295
2565
1513
1214
698
3609
7891
7453
7444
548
1532
1863
660
7384
895
6332
3799
2103
3321
760
1261
2766
7674
2874
5217
5906
6933
4656
6167
4693
7575
3969
717
2981
3668
5558
7236
4418
1373
7494
248
3385
4557
6268
5706
6881
5251
4679
1663
3185
6570
3870
5473
3069
1395
2766
1283
7051
2980
225
6434
5270
458
4397
423
2526
7690
7222
1994
1450
3286
833
208
4188
635
7798
7924
7599
3670
2288
6628
6223
6758
933
1122
5268
189
5613
4683
6877
6225
2672
3893
2437
1583
3697
5425
5381
463
1329
3247
5670
6082
3521
7873
864
6536
5928
3704
3668
2430
7660
363
5603
6964
7297
5462
6697
1821
2379
4254
7514
1631
338
4402
759
5323
1217
5070
1644
3367
795
7641
4873
3430
3387
6446
2267
6841
646
248
1255
1470
2415
1911
6914
3351
38
5471
4368
598
6430
3999
663
532
3001
7295
7871
929
7443
3170
168
1301
40
2795
488
1477
3427
5820
2911
1233
3204
1434
6777
4187
6828
2285
832
5842
5576
1443
988
44
856
1971
2600
5298
1243
6463
7281
1717
7577
7570
5709
6110
3788
4617
7638
867
1644
6095
3778
6358
5718
5825
4384
5335
2264
7536
3761
2922
3419
1476
225
7139
1390
5309
3808
894
3563
4053
1314
1611
7176
770
1519
2566
3388
2327
1575
7941
3147
7370
1238
5578
4144
6800
1776
6392
1638
1317
361
1443
4564
3432
1715
4288
979
3170
2837
6651
1437
4839
5925
1832
7763
2581
6498
1809
810
4665
5488
6701
5172
1618
3824
4466
4935
1325
4923
194
5004
7919
3900
320
3558
1905
4007
7558
60
5829
2906
7279
3429
600
5070
6479
3439
5360
1082
1346
2636
7572
3396
546
4250
1290
7012
5842
1293
5755
88
1975
1276
563
6014
3719
388
3013
1617
3833
1309
3659
3202
5276
887
587
3890
7300
1360
2806
1098
2398
2197
1994
4408
1701
2290
4951
6662
3373
5240
4766
728
3805
1450
1812
7938
3642
5924
2439
6020
1758
809
2520
3043
2695
6343
4006
2149
3019
2729
4043
4008
4265
2873
4224
1247
3964
5872
6940
6122
2249
7739
377
7825
2487
1483
6071
798
1310
2938
5402
1684
7479
3221
207
4495
6068
6666
4108
3193
5609
4847
213
166
39
4844
2010
6029
7018
4103
1469
6116
3112
6282
2802
983
137
659
6080
6308
3126
4216
4836
1814
5131
6420
6484
6683
3750
4339
7713
3652
289
726
5045
6362
1820
6179
3900
1943
5235
1324
4640
5576
3791
2778
2924
2941
4120
6326
6546
6889
2248
19
5832
2077
923
860
4172
5852
7010
7606
1161
3930
1783
4817
2770
5078
1611
7952
1547
7249
411
1682
2406
6441
6274
3357
6475
983
5543
5543
7441
6658
3094
7680
2537
7677
2925
3679
4763
2404
6125
3911
5352
3214
3696
5845
1421
3439
3385
3945
6761
7885
5799
7023
950
3997
1604
3081
2675
2938
2746
1435
4066
3009
6053
7026
1197
1483
7044
7185
7332
7112
456
3162
3553
5748
7567
3862
6541
4473
4586
6497
123
1569
5146
6517
7346
6454
6490
913
7624
7481
3606
1285
2665
379
6073
2525
3063
1499
100
5159
204
4188
6714
6627
3482
2913
4696
5703
7092
1352
674
2924
933
1569
6905
216
510
6090
3016
6889
6510
6440
7166
6170
6921
6468
1558
1973
7915
6207
1105
3157
6390
5043
6022
7191
2742
3752
6223
4317
3302
6768
2533
6334
4236
544
390
3981
2815
2091
4882
5317
5513
2588
7734
3726
487
3824
1855
6830
3565
909
6928
527
838
2339
3631
5480
7705
6942
697
139
7432
6469
5622
5131
2962
306
6407
7624
6552
4014
6396
3353
4285
488
4674
468
1446
2834
2233
637
3041
5465
868
3016
162
2239
2042
6284
5288
1686
2713
4807
1406
3931
6810
200
7261
236
7231
3261
6254
6247
6473
7833
4718
2593
3943
7009
4331
5248
1800
20
2923
3382
913
1909
3819
602
7467
4854
1221
996
3635
451
1131
5765
725
1960
2703
2081
947
6751
7269
6378
1022
6202
3584
7578
5672
3881
5145
4045
1136
7657
1007
184
4316
4234
6728
2570
645
6426
3221
2013
204
4275
4275
2521
4010
6750
6158
2598
5606
7587
7136
1867
1055
4271
3927
4392
7625
6495
405
3020
181
3951
7121
6900
4680
5370
26
6305
7117
813
6652
7060
6055
4940
6843
553
991
7904
2300
6094
2332
6460
6980
1438
3760
1963
215
2782
1166
3769
5890
4946
1114
5722
7861
1533
1241
2618
1032
1204
5384
2209
5086
2334
776
5058
4391
7882
3126
2273
6847
1645
7193
7392
7348
3959
1781
4836
3301
7888
7100
3176
6597
4980
6436
4318
3647
5416
3604
5757
3828
7895
3575
6892
6303
974
6451
2441
6042
657
7156
5910
7609
2328
1186
2240
5844
6505
2161
398
6435
3667
6614
7587
6273
644
7575
6383
7827
5192
5499
440
2562
1182
3425
7553
5540
5881
4461
980
4664
6416
6109
1905
144
3362
5817
3667
2249
5450
1257
795
7798
1082
6561
4060
987
4119
7159
7106
4565
7217
2580
4703
3863
4317
5577
3155
6991
6449
2937
2520
5735
2204
1460
2920
4647
3679
5861
5771
503
3436
4257
5952
1730
2777
5727
71
4983
2753
3463
3657
1129
56
419
4773
3478
5608
5362
153
3397
5517
2715
8
5896
3593
511
2925
4961
3108
3111
3997
7233
3492
3612
3314
5420
2053
3798
2522
1976
1174
7820
2874
3443
2096
3242
6592
5924
19
865
2628
3178
6110
4056
6938
2434
5739
4096
694
4836
2757
6853
1660
204
5511
7136
1316
1110
6546
3657
5703
3330
3626
906
1480
7320
1389
4527
3681
4709
6514
5338
1673
6819
58
5043
5823
2678
4053
6332
3446
6419
6293
1794
3037
3195
5031
1711
2890
6949
339
381
3458
7674
4368
1285
7143
1082
5188
7733
4735
6268
3800
7072
413
1042
4277
3568
5678
2571
2077
694
1890
6930
7016
2594
5428
6323
5337
5262
1048
4414
1244
3572
5249
7748
7134
3777
780
4926
3593
3137
140
4366
4763
4921
4018
6237
2338
5587
2649
7971
3798
4724
2476
3460
658
6570
5429
5272
1393
7745
962
2371
1217
7092
5110
4099
999
6657
4393
1673
783
3861
4925
1022
2701
4455
4542
1318
533
2849
5173
418
7059
6712
1994
5839
3496
2397
1235
6668
5314
5579
6013
2074
5015
6017
2517
6492
3070
2698
4404
5309
4586
5303
1349
1200
1091
2351
5108
2899
3811
6877
5941
3885
7402
71
1134
5846
6782
5823
4098
3190
1570
1330
2683
7141
6322
6045
3795
7090
5240
7264
2271
6463
5871
7403
2969
4618
2322
7893
2440
6598
5151
6091
270
5735
3821
4389
1934
7677
487
7956
2872
6584
7012
5304
6130
3658
3300
6606
3428
3370
6698
4487
4960
6132
1457
7475
2477
3309
7244
5404
6511
7141
3741
6000
2100
7733
4145
1109
5597
1704
3127
2337
295
4534
1691
4514
3541
4779
5508
4887
1212
2087
6502
5442
7530
5630
132
7317
3828
6079
7942
2505
1243
7058
2610
5582
7578
1979
5962
7901
6543
59
322
5289
6723
5205
157
499
3928
5102
3747
2621
2126
6862
3329
5334
6386
7747
3261
1684
2851
4708
1428
4000
5506
2291
6577
5227
5686
4636
5644
2943
5784
6234
3422
6576
4418
7161
1532
1457
303
4022
1879
1795
5583
2114
6223
5639
5354
3173
367
3637
6382
576
3849
5477
5271
4523
6959
6731
2553
956
1867
960
2285
5673
988
7355
7638
3909
782
3102
1231
2726
2868
876
4339
2024
3812
7129
904
3786
4847
5370
7176
7157
6331
1948
2190
5469
4479
4144
7898
448
3099
932
4481
6732
1298
3468
6580
1694
1701
2559
5226
1124
1485
1151
3245
6435
6292
1616
3710
5908
7952
2153
870
234
4157
3848
5339
4015
3510
7520
7371
3212
7824
5678
6599
7463
979
6058
655
4391
3094
5912
3830
6995
310
4029
3314
7192
818
7407
2306
3369
1830
6342
3900
321
3106
4079
3954
3780
999
7966
3968
195
1917
6179
5493
7582
7028
5270
7260
2116
4085
1965
6118
7191
1923
364
565
362
4372
3835
5319
3244
6150
1427
3709
7518
3840
1810
2055
704
2022
5359
7599
1674
632
1991
7102
6614
4488
2454
6350
1179
150
3905
1646
5651
5449
7439
6891
5950
3212
1848
3905
5632
3651
534
3550
1062
2857
1464
527
5062
5192
1494
522
1412
6675
7710
599
49
7395
4525
987
5389
6157
3161
3074
3117
6108
427
5000
7736
3440
4138
421
5643
7986
3410
2643
7869
7026
5028
2493
1276
4576
2007
133
4694
548
108
4402
1556
794
1631
501
2945
4845
2937
4630
1416
1487
2242
6080
6715
6866
5460
933
5296
5670
331
4687
6726
1392
5081
6277
6725
5827
438
86
4515
1917
6964
581
5091
960
6640
1872
5976
7244
1125
1311
6984
5750
5146
6598
1259
7047
3900
1271
6227
4084
1222
5383
1957
3381
2460
4827
4357
7876
1656
47
2576
4659
2107
5826
2947
4458
2981
4194
3897
764
7584
7695
2833
806
631
4303
878
1443
2084
5966
2775
2287
262
5359
959
3350
3441
371
1376
3319
7072
3332
3968
7642
4613
3999
982
5995
3137
5468
2117
2067
7279
2076
2823
6002
3995
4174
4453
1274
5585
733
6818
1771
3599
4346
3448
5991
6748
3777
58
6001
626
2699
2904
1414
6806
7119
6977
7704
5961
3317
5155
3939
5078
4793
1550
7598
7564
1336
4918
5152
3270
1499
279
381
3494
2525
5875
315
7840
6906
5367
5061
1266
2357
6716
6283
7474
6406
5353
4740
5695
2719
2997
6721
5465
7770
2890
5359
3405
4993
517
3817
3785
249
2202
5688
4494
2059
4373
744
7618
3664
4923
2184
677
6521
3727
765
1180
6585
1584
2435
7593
5199
1375
7042
1916
4723
991
4808
7522
2140
6261
4649
5852
4844
3983
5552
5003
2745
4993
6529
7814
2297
6954
2829
6670
5449
3637
4016
1497
5530
7931
2346
522
2105
1542
4856
5890
4217
1201
2830
4496
3710
7403
1524
1540
6953
7514
6714
3105
5723
1884
1689
6448
4136
6952
6440
3121
5786
7763
7223
5869
2015
47
3980
3943
4624
4302
4856
2672
6686
6756
4820
3226
3675
5322
7261
644
3939
3359
2921
2837
2725
1225
7174
6212
529
5721
750
3923
1952
1805
6504
1563
2427
6062
3069
1283
4361
4250
2069
3402
664
3036
1071
3844
5991
1911
3898
6498
525
7618
6162
1897
7498
6637
5530
6789
5993
2721
3762
5367
4622
7878
4181
5609
2658
1502
5394
2146
535
6158
2533
3732
2266
2173
6578
787
149
7893
7773
4192
413
3879
4360
4516
1471
5995
6506
824
2722
6565
777
7009
2393
7650
4500
1241
7432
4321
6687
5640
1391
1679
1211
3730
2584
5355
5617
1737
921
3529
3867
7875
7431
1266
4768
4807
887
424
5514
6753
2738
583
7686
5205
6772
1350
1143
1264
2209
477
3382
1466
5637
3137
3819
5575
7750
3467
1153
7788
4713
6903
2121
6351
1469
3463
6765
1880
1128
4103
7374
7876
3852
3884
4477
5592
2581
7510
2003
5810
4897
4213
2158
1658
4685
2695
5768
3576
88
959
3253
768
1399
5057
3705
328
3829
5002
1411
6490
6851
7789
4106
1124
2339
3256
5251
6125
2861
4469
2108
1954
3773
6284
5720
2447
1978
6854
5607
2793
5699
7596
6689
967
3831
3790
704
3505
6177
2655
3703
145
6847
6910
1170
7943
1902
3856
5739
600
5555
264
4038
7494
2856
5256
3274
1466
5825
5729
2525
5982
5370
3895
2714
7559
4127
6976
7026
848
4215
4203
988
6594
4366
5021
5050
2159
5790
5206
4042
4126
89
2034
1797
928
1622
4620
2648
4737
5205
6013
5052
4442
3440
7490
7796
2115
2913
5627
3554
2919
7530
5008
3975
4336
5093
5486
1878
6560
5352
4335
627
4033
916
3352
3341
3253
4987
7804
6740
3943
1195
5309
7833
2594
1179
7090
