5762
5810
4147
1726
728
6622
5738
5639
4458
669
6647
5419
2369
6538
2912
4849
4182
1490
5558
4340
5947
2488
4852
6863
758
4395
6090
3386
4811
3849
2573
3387
3582
6005
148
6400
74
6851
1633
1593
2976
2645
5699
5402
3647
2406
68
6526
188
3427
220
4791
3310
5873
3865
2338
5481
1018
5648
5240
4957
6066
4341
6070
3875
3669
298
3886
2852
6835
2696
1486
6365
5507
6040
2199
6634
6293
1884
5952
5974
3628
2304
2680
4388
440
5310
4731
382
2554
1594
796
791
3424
1794
352
6263
2496
1321
4467
5163
5762
4826
1972
22
1846
499
3
3248
6540
6541
4451
5496
4594
6678
27
4697
184
1169
366
2343
3151
3763
242
1565
3704
3963
6918
6453
818
4277
604
2507
59
3346
6038
5774
3367
6272
3381
371
5798
5058
1012
2607
456
6692
6659
2145
1076
5853
5999
2555
342
3848
6599
6715
1230
4833
1922
714
1461
4945
6540
3912
2707
862
4327
4041
5684
2170
6718
6224
4505
430
1277
1639
4122
4508
708
736
2729
4262
6835
2659
4290
765
1375
5221
70
449
2457
4553
215
1154
256
1677
3710
1385
4773
3132
2312
5727
2597
6699
5951
1615
2051
346
4460
1930
6995
3986
6651
1744
804
13
551
6829
6509
2070
5156
5304
4032
2262
1427
2027
6627
3912
3888
1983
5459
1682
2927
3624
1595
2528
1037
1721
1155
5151
2883
6243
6196
4394
5749
6935
2767
4997
3617
3782
4557
4764
3347
776
5129
1670
5029
4049
2522
4516
4956
4757
2373
6472
4726
1748
3479
6347
5455
6158
3791
5567
4562
835
2954
94
3020
2799
4752
3077
5325
4673
4220
2865
2840
6223
2026
5756
4050
6880
1512
1772
1223
5909
2055
2609
1912
445
3467
2776
2776
1115
3381
4048
3342
2726
3666
552
5597
197
5100
6636
5342
2605
6870
2186
1983
1704
6741
5477
1789
2988
5170
2445
5149
1165
4061
5385
2769
5408
6067
6691
2214
6413
2031
3310
929
1455
5263
5342
2569
1708
6125
2723
6520
6972
550
4540
2436
4767
6304
2396
4482
5144
6460
1260
538
448
2322
6981
5213
3880
1164
327
5875
2847
3587
2715
2953
4355
374
722
471
872
2745
3456
2272
4970
1793
3713
6034
6817
3981
5230
6390
4032
2753
6051
1114
258
4748
4656
745
3722
6313
3762
3100
6917
5075
2854
481
6126
1426
4585
2994
6149
3562
1991
3921
3797
4962
6846
6055
2240
5994
5310
1076
4018
957
3303
784
1255
5702
5143
5360
4506
5831
6630
1052
5283
269
56
3702
6723
2240
3215
2957
2295
4326
6907
6727
567
5894
4311
4181
474
2786
5032
1184
5672
5973
5300
3177
5483
6796
2117
6678
2707
2258
5225
3873
661
2644
3687
2234
4623
931
5464
1757
586
3495
344
422
1525
5528
2823
113
6714
776
2153
982
2519
4485
14
6809
5267
4378
1574
2920
1394
5853
2421
6141
5799
5155
5151
6731
6805
2696
2928
3230
739
1771
3306
6587
6434
5541
2708
6878
2028
1378
956
755
3242
4152
1905
1044
1689
1684
3639
6152
2363
6117
799
365
4542
2176
4666
1981
6931
3682
6115
5291
1565
1548
4550
3129
6683
1744
1505
954
6764
4379
5565
3090
3590
3251
3569
4517
4339
2815
6163
5149
6545
5453
779
5965
6268
5374
935
5890
2363
6390
4389
2882
4099
1872
5344
3492
3444
1470
3969
4031
2598
2110
3241
5183
5319
6065
481
5761
100
5653
1279
5824
1793
986
4061
4632
831
5217
5455
3456
6441
4623
3609
4389
1619
314
2163
5953
4544
4851
4122
3666
1638
6873
948
5982
720
2022
3999
6644
4800
3091
5278
3495
175
3743
5617
5596
3458
2476
1384
1946
3306
1858
4013
3193
329
757
2963
6250
3932
1378
6038
4263
3113
5383
6888
6700
6078
3640
6565
3954
5203
5901
2740
4325
5886
6936
4803
3259
1857
6541
5750
4196
6378
6163
3379
4873
2159
4463
3333
4238
4555
1879
6282
177
818
3996
2683
812
2637
6392
1953
5503
1266
3911
6862
4886
5435
3147
6911
4578
289
3839
5260
1715
3573
2349
2680
3483
3298
4571
3220
1214
5299
255
6195
3285
5853
6252
329
2074
3864
6269
469
6318
3439
2942
6400
1246
2145
4713
3544
1037
2540
6014
4358
1122
878
5860
1833
2705
5903
1348
948
1296
4462
150
1707
248
3006
27
5797
5083
2804
2432
4606
3524
72
3820
5740
4594
6526
3681
4548
6951
112
2566
1929
6637
3370
4781
1520
5560
5817
1768
3402
2919
6464
5807
2071
5475
1129
1876
1955
3146
5613
4976
656
3085
5672
30
6832
685
4548
2301
4477
5853
3360
1947
5896
3737
5292
2324
5714
6996
1420
1994
2146
4391
1390
1439
1523
6149
3922
877
6704
6995
1182
2431
1951
5645
563
5032
6480
1348
423
4089
5553
6539
3496
1713
3527
1785
2521
1340
195
5545
2316
4326
6766
5636
2996
6017
2930
6529
6598
6009
1151
6922
2004
3609
6479
1640
5701
4751
15
4993
6252
4682
1450
5677
1956
780
283
2721
3685
2482
4783
4234
3909
5520
6508
2803
1670
409
6122
5370
359
6092
933
2348
4658
4779
4236
5857
3290
5773
521
186
5335
1707
3757
5967
6568
2608
6607
1669
6539
2849
1681
2196
1932
1212
1424
6487
447
1277
510
2453
3707
155
3053
1108
2062
6185
6786
805
503
3216
3139
5738
6524
5401
6382
2732
5976
2209
376
1010
424
1654
351
1067
6155
4662
4757
4396
36
5790
5449
6878
6205
3168
5867
3878
1226
830
5668
1824
1239
986
4272
4582
5254
1832
3033
6009
3385
4955
1881
5667
2848
6004
2324
4915
2480
66
3607
2111
2193
6299
3473
6752
6241
6048
4108
319
74
494
4664
2637
4269
2417
877
1393
3082
683
4130
1362
3206
5746
6231
5564
5038
4536
2843
3000
3134
4964
5475
3747
513
4093
1272
1944
2676
2783
4827
1818
235
4310
1144
3666
2495
3903
5
6527
1067
4239
1605
3139
2154
3386
3877
6649
4976
5869
673
4133
4953
6496
6380
4308
4705
2307
3427
3707
3296
5881
3253
1379
4425
34
41
2889
4232
362
2372
116
3791
3223
6726
4272
6475
2376
5559
4623
5391
5560
2155
5815
4549
6178
215
1591
5556
6615
4534
6938
3811
482
1693
6814
2512
5
1312
231
4541
116
5831
4477
807
5839
3456
3756
261
334
4026
5345
2954
1228
3539
1546
5374
3990
2375
5590
6863
5069
1909
3860
2944
3903
5760
712
635
2731
1847
2328
6768
2603
3681
5564
2074
5132
4361
1620
3082
3529
6577
3652
6363
1646
5982
5394
2209
5280
1864
2183
2406
2274
6268
972
178
1786
6512
372
1727
1642
3235
3927
6615
6322
3070
5264
6530
730
1411
3092
6831
405
1736
6386
5334
1314
2944
2738
4472
4628
3735
4942
3996
4321
519
1181
1032
4632
2532
4222
3367
6107
3136
322
5044
788
587
5202
1004
5260
2507
5383
169
679
2228
4009
5201
5387
6117
5495
1385
6342
5111
4461
3407
6791
5122
1516
4603
6101
541
3779
4929
101
4986
2707
3013
5383
4052
6568
683
911
366
1435
6883
1785
2601
4196
2174
6277
6297
6829
951
6579
2324
5250
1832
1624
4729
2541
5080
1526
1665
3158
4998
2417
5076
6631
6117
2718
2980
4637
1668
5902
4782
330
6209
1784
3506
4184
969
2085
1543
3272
5310
6429
6747
1576
4830
3703
5983
4227
5988
2605
844
4243
1853
5126
2316
1017
4633
4789
6063
1005
4219
5214
6896
4505
6303
2433
5107
511
6760
391
1525
1276
1451
4225
4144
188
3251
2665
6546
2180
2793
4664
5385
6406
1800
5638
3901
1223
179
5127
6321
5997
492
6355
3424
2500
4025
4598
2256
5231
837
2950
4558
5468
5584
644
1606
344
5724
4417
2388
2090
4925
5329
6692
5180
1628
2709
3538
75
4553
5482
2863
4664
5730
2903
4721
1742
3284
1605
3854
6444
4124
2807
5125
2693
5587
3840
3065
5410
3412
3179
1850
5418
243
942
6130
3592
6924
6600
4769
4242
3645
1513
1965
554
4185
97
97
1765
3690
4456
5921
2832
2938
3365
2095
5699
1566
4442
5982
5550
6560
4645
6081
1008
5639
2217
1638
2582
1797
5978
2076
4288
1941
3664
1166
2831
4143
1723
1731
4619
2369
3693
5499
881
1003
1821
6769
3130
5031
3351
1720
5430
4796
840
4179
1703
4854
3992
852
1251
3467
3280
3136
1296
6932
2683
2446
3572
1430
3817
2898
6021
3724
3998
1571
4554
2195
3258
5269
941
6777
3913
4099
3160
3203
1986
6429
3476
3066
2037
5201
5129
6961
6054
6761
2944
3870
5686
4433
5300
3978
3968
5916
2694
1119
5457
5202
376
1117
6105
3824
6825
2137
2614
468
4583
5986
943
3883
6387
6353
3494
4040
3990
685
6167
2499
5194
6847
1925
4973
3699
6113
2476
6571
5980
5870
3081
5118
6494
3350
2549
574
2578
5761
5616
3414
1864
2493
5243
272
4408
1382
1318
118
2326
1680
6759
4450
3219
2396
4972
6371
2214
5165
6064
981
5809
6334
337
3987
607
4714
259
1491
5900
4191
877
3054
669
5647
1528
4146
3599
2045
4216
3838
251
6825
1483
1346
815
4416
6623
4897
1695
6779
6801
5692
6594
3065
6135
4828
4954
3612
3638
5955
11
2957
4927
5199
108
5333
3469
3460
4219
1554
6378
4741
5899
2122
4711
71
985
494
2498
3954
1309
6526
6514
4101
6667
1133
3622
4013
208
4561
4459
2201
6234
2401
5820
3397
2153
4835
6540
2561
602
3769
2855
4486
2585
1815
5270
1908
2022
1036
6545
2619
6649
691
2231
4116
6504
5093
5738
2106
3263
5220
3733
4131
4342
4446
1167
4317
6166
5340
6409
6815
2477
1990
6035
5109
5354
1254
1797
6951
3698
1725
2537
4447
1825
4773
5950
5301
1740
1765
3878
6168
2106
722
2481
4523
6091
496
4435
1186
2273
1037
65
376
3491
462
2953
6375
3241
4977
6079
5346
6657
3022
2340
1642
5936
3162
832
4988
5156
3377
5960
1083
6334
6503
3867
3487
4701
2588
2358
3041
1293
3626
5136
257
5223
6620
5271
3047
2842
2612
1441
875
4327
2585
1255
2201
2330
5468
5148
1092
1436
1509
4299
5814
3005
3079
4286
4385
4119
4772
4707
677
4478
4774
1785
5543
3916
2292
3568
1666
3377
885
5342
5084
2271
4804
1350
3655
3147
2439
2819
5899
4672
4110
3003
1629
893
3381
3582
1574
5399
998
534
4299
2265
5454
2544
6244
6791
5770
3712
2243
1355
22
3963
1514
6414
993
4694
5257
5752
4129
4420
6027
3235
5254
2604
2197
3722
2870
6105
4858
3799
5869
6962
2926
601
2702
5922
6493
4820
1226
4251
3054
4307
3203
6891
5353
6352
1126
3641
2706
636
2803
888
538
4378
6571
6370
3409
6334
2837
592
2585
5244
2308
1373
4962
1178
6553
579
6358
1199
2312
6117
6112
2605
3890
1611
2549
6241
5582
2132
3911
4028
132
3990
162
1569
2632
6561
3373
4431
6151
5257
6503
2617
5050
618
708
2817
4388
1222
3658
5171
2217
2706
2972
6349
2780
1039
6114
3477
2133
4524
4403
5562
3390
3328
4024
4668
785
3141
2782
360
6360
1640
5920
2060
6376
5277
6975
4993
1410
2256
4927
4549
6071
5678
4927
6096
4936
5802
2108
3599
3600
2891
2138
3660
238
4618
1433
2487
418
2066
1095
3181
3347
64
1736
399
2691
2410
1871
6406
1352
4780
368
5937
1832
6485
6236
4897
6600
4328
127
764
4793
2814
1081
2317
5056
1169
919
5597
3256
2508
917
955
6477
3518
483
1231
400
589
5817
212
4482
303
1496
2947
3495
1043
4039
5588
5889
4974
5638
6184
374
5634
1395
250
2311
4857
6591
6763
3141
4895
611
2021
2994
3429
4236
3895
2146
74
1840
6480
3908
3788
2301
2287
1560
4820
2957
4686
2999
200
3935
2206
2402
241
3012
102
5376
6717
1492
5917
4207
2223
982
3671
374
6866
833
2341
5476
4733
5697
5012
5241
656
1561
2616
5888
2788
2777
4530
6869
6305
60
6604
745
1585
161
3765
6134
2329
1812
631
4713
4848
4729
2574
3468
6336
5196
6643
2108
6938
4031
5863
2374
1950
153
1387
6969
6904
6776
3092
904
6453
2819
3484
6239
4116
806
3355
686
3578
4210
5557
6439
2014
5376
2012
1656
3716
5250
246
782
2669
1303
5634
2150
35
3513
3452
4609
210
5365
512
5963
1793
1758
4835
2648
4656
3565
2949
6492
1684
402
2178
3749
3974
5680
6399
144
4962
3960
82
196
4186
3996
699
799
1994
3621
895
4595
191
1948
2227
3468
1441
5714
6693
488
6032
3141
2677
6908
426
6879
771
2743
4562
2044
4843
2798
4060
768
6243
5596
1557
5762
2741
2074
264
3609
6855
4074
4027
6530
3064
1548
4392
1315
5757
780
6895
5807
4882
2569
3289
1278
140
5138
351
4472
5746
358
4177
6927
4588
544
2922
846
916
6646
913
3537
5706
4517
6747
3994
5763
3130
5059
2173
6169
1831
6187
585
4381
5112
796
4604
2801
2937
6682
4937
3706
6670
4571
5705
5907
1126
334
3923
3341
6301
3912
1737
1866
2781
1353
3841
985
3168
3973
4980
1787
1653
2087
255
44
3796
2008
859
1533
2535
6733
5875
2734
5688
302
5889
2362
5561
907
5334
1547
3692
1705
5381
5787
1071
5130
2722
4444
2835
115
2812
6336
834
3727
1915
4474
3114
3968
5000
197
6450
2477
4097
3003
2512
5991
6877
2493
6189
5494
6138
5562
958
5249
6856
3171
2944
1515
1009
2371
6142
5632
5224
587
674
1262
6988
5755
5486
6073
1015
1565
4998
5855
1535
2284
140
786
6352
4690
4702
3852
1803
1014
5184
3036
1536
1348
10
6326
4995
4791
3807
1497
910
2522
1961
538
5403
6204
3275
406
4492
657
4485
2053
4697
6133
1350
4090
5253
1547
4617
1903
6366
1452
270
3957
5591
4604
883
5497
1587
1662
3679
2778
3384
2879
3548
3998
1830
3528
3854
5684
3075
1093
1412
197
1956
4714
1202
4964
4634
3661
6992
3628
3278
3391
915
5209
3386
1196
6926
4286
6230
6195
1701
5253
6516
4575
1197
1710
4961
755
1563
2999
592
3468
5480
137
1252
4904
6374
5819
3393
6532
1169
456
5784
5931
4148
3555
4845
6843
1487
5699
6503
1602
3195
17
3396
2622
5714
6638
5662
1513
6366
4466
3014
4819
4252
119
3627
1609
3859
3788
5127
3196
1327
2685
3111
453
4613
2000
989
5436
3995
5794
339
6631
5502
6400
6629
6799
6286
6562
1252
2671
3882
1729
6315
4926
91
5673
5776
1148
2296
1442
1632
1264
2006
3304
2767
5768
5218
4395
1628
5626
1884
497
5581
1759
1249
3366
2555
296
4573
4710
6924
5440
5043
4425
5985
4409
6532
6557
3876
5594
2223
3242
6577
1694
5930
486
6133
1464
2430
6401
1695
5242
5280
1538
1457
6341
849
3528
5834
6747
2716
5222
364
6432
255
6742
5806
4551
1136
6566
1277
6249
5853
3871
6236
2960
5424
5642
1268
3001
3637
2565
6081
624
322
2419
2788
6957
5450
2554
486
6021
4565
5790
512
1884
5640
3643
6276
621
684
4927
4231
5612
4022
3358
5045
1778
1314
47
73
1704
2509
6980
704
6144
838
39
5361
3420
1759
5919
955
33
4894
6834
1747
3238
1682
5188
4408
3975
2797
6742
285
1935
3221
3674
3162
2954
966
2267
6383
3744
2304
5297
2135
4181
3016
1345
1804
3973
4565
6164
2669
3549
6402
5334
2697
6677
4067
814
4014
2601
693
6942
3043
5879
4647
6400
4134
4586
3671
5256
2699
5725
1354
4505
2753
1212
956
1655
6554
1564
6480
5140
6456
3955
3308
5958
4351
5226
2501
2117
466
2095
986
5186
6565
5742
4215
2827
3396
168
169
5732
3495
780
3793
6695
4116
721
5502
4748
335
4494
5843
2468
6991
968
6379
2662
256
3059
1092
596
1304
1484
6199
5448
3672
5099
2874
6000
1770
6926
4360
4234
6650
519
575
2072
2602
5984
1731
3284
4437
4245
5035
5335
6680
3776
5768
5010
2800
6723
3710
3144
6740
4077
5432
2067
4888
6167
420
6899
1482
0
1904
4381
5965
3893
6032
2488
6520
1548
718
4771
739
5639
2004
4690
3397
6519
840
727
6156
206
245
3492
106
2510
2402
6311
3992
2776
4145
6039
1842
5684
70
3067
1702
431
5313
4554
2842
6011
6131
2541
50
4576
3849
3240
75
1224
2440
5727
4599
4584
5509
5869
4509
2227
3567
6240
3804
1361
5860
5737
5436
28
3356
6135
1265
3643
2182
1410
6101
2839
1878
3997
1040
1042
2031
6254
3854
3712
6202
1567
4622
5910
3683
3910
3195
6103
5989
1130
5041
5014
994
28
2981
6629
4480
2461
6537
4908
227
4662
915
957
3099
6337
4416
5307
3874
3999
906
1547
5676
484
1236
979
451
6668
6518
40
4679
2313
3938
5515
4062
3012
2753
1667
2725
2296
3674
3110
3075
4487
6216
616
2214
596
919
1246
2045
984
1995
6141
1649
3144
6534
5932
6985
579
4572
920
3272
353
2707
6709
3861
5982
2908
3178
951
2238
6713
6237
6851
2163
1330
4086
444
538
5872
4632
6389
3356
6005
3833
2470
2640
4214
3195
6560
2990
6071
4131
1439
5918
2649
5919
6795
6846
5738
3341
4435
5754
3353
1254
2567
2702
3636
5217
1551
1319
1896
6668
4270
5232
4500
5253
333
1137
2723
1854
781
185
540
6695
1885
5708
1207
2358
6107
4279
4335
4777
3659
1168
726
180
4234
5363
5626
5478
4413
1007
5178
190
2195
3000
2252
2355
6099
1629
1871
2304
6844
4969
1279
710
1471
4951
5738
5572
6715
3822
1150
3730
6421
6372
6453
6779
1209
1583
1119
3385
2457
3526
6610
6706
3321
6087
5208
4448
6541
6490
4902
3206
1776
2154
644
3062
3442
2547
4293
887
2236
3646
5597
2148
2811
3642
1458
3824
4183
5957
4056
933
5759
2737
725
4101
5699
5521
6262
1951
2822
2474
44
5795
1998
3199
5743
3793
3352
372
5341
6826
1573
1732
2246
2410
2403
6070
3775
22
4425
2514
2450
1968
588
4306
1310
2937
3759
2139
6384
6678
6778
5683
5670
4307
6801
868
1572
683
1415
2750
6501
6290
1440
5603
6087
4842
6960
1620
4939
1985
5483
4633
3671
2772
5194
534
2362
908
3527
5641
636
4903
3229
3111
367
58
1094
870
2326
5850
1410
3917
809
4714
3337
4824
6658
3574
1998
6280
6999
2342
1249
5847
5436
3542
1183
6617
1772
5106
3439
2110
300
5311
2699
6564
4788
5045
6713
3273
2915
5544
4974
3302
6590
5870
4294
4519
4540
6955
3634
5246
2497
4703
2262
3048
237
6969
3517
863
6297
4326
428
5695
4765
5786
4929
5620
6408
142
406
368
661
4738
4197
2371
3375
3410
1577
2723
5961
2196
3574
2259
6461
74
6487
5927
1766
5171
4770
1645
4667
1436
6058
2143
435
6259
2665
4389
1248
4660
2032
6976
1602
3148
4972
4313
5321
3755
6183
6632
4757
3215
4584
5209
885
4707
1679
8
5083
1966
1065
5357
5985
1648
533
5627
1722
1519
3321
3482
727
6472
3324
884
1044
6282
6464
1157
6614
204
107
1387
6268
4878
4427
4309
6727
1156
3227
728
184
3263
3135
764
6140
2390
1568
4014
2718
1723
668
2775
4313
6344
6141
3561
1128
95
6972
5721
2901
4321
4170
2583
6418
3222
6891
3827
1599
6435
3823
4163
6904
4386
4198
4591
1746
6435
560
2301
6131
5808
1102
4631
307
3423
600
1946
3410
2672
2812
2138
6528
6022
1847
2674
435
3243
4572
2679
2624
2307
423
1172
3929
4155
2956
16
2463
6922
5488
83
3956
5085
2595
6320
528
1089
2569
4276
2871
4401
1108
5541
459
3232
1840
909
866
6952
6330
1350
1238
4033
3222
2471
781
21
5923
661
5702
752
6357
6077
1175
2901
2863
3485
6085
4867
3795
3394
3872
3526
2136
1332
6530
4522
2999
3414
1421
2251
3394
3258
150
3367
6328
3769
2978
493
2953
3656
6435
6407
6315
1438
2719
539
1279
5330
3637
1336
1067
873
84
6251
2581
5741
5906
1984
3400
4449
6862
3582
4358
4808
6299
3843
4211
1366
4754
5375
2321
487
5507
3261
1237
3891
5815
908
4830
2579
5500
4220
1397
3141
3406
5867
6749
3122
1119
5255
3721
3449
971
126
6556
2589
6978
3713
4265
1169
10
1591
591
5748
3865
6606
6248
431
68
3804
399
316
2951
2771
1604
6712
3746
787
998
6617
6180
3770
6700
2315
430
1758
3599
2491
6006
2875
31
3639
3422
6472
2584
4621
2297
3052
4040
6007
5450
3446
3928
8
5553
2866
6741
3673
6563
6543
4411
3316
6869
6821
1077
6882
4204
6732
2123
6448
492
4767
1824
5035
2178
6688
6398
5484
5440
6533
4073
6479
6030
3520
597
5541
3151
5212
3620
3130
3727
3395
4744
5193
4038
4844
4801
4475
2545
1658
2060
2974
3278
5528
5313
3538
5290
1577
5615
6319
4418
204
6350
5978
2018
1372
296
3598
828
5325
2309
639
5096
2202
3921
4779
36
1508
4
5993
1065
5437
111
2683
3515
5187
1806
5599
250
2480
1958
3064
5385
4245
411
4533
4851
1255
6254
6647
4533
2690
3603
2774
6459
313
6499
4069
3075
328
4826
3545
2456
4729
446
5713
2796
826
1594
3479
6894
824
5247
4469
187
1381
2270
5163
6236
4300
580
277
6076
2557
410
2120
4381
4068
6624
3605
438
3436
2374
2262
4794
1665
5671
2966
5711
6307
1954
885
5498
6855
1998
2433
6564
6831
3785
56
2235
665
5085
2130
5632
637
3112
6091
2640
1095
1022
2350
3745
637
3701
4549
4787
1163
6493
3660
4032
1378
2442
6206
3321
1119
4015
5600
343
2039
3873
2865
6067
3872
5973
3251
2770
6955
2719
91
4865
1502
3120
5987
4408
502
3674
3810
4550
2825
468
2105
5362
4393
1365
6678
6609
1245
5094
1389
1552
2425
393
5970
5839
5974
736
5324
2296
6261
1531
435
1012
5396
906
2314
1145
107
3883
5536
4793
6984
5104
5976
4545
2726
2088
3792
4460
236
2200
6630
1444
2730
3150
6382
2949
1391
4634
4265
158
6414
1833
576
780
4302
5408
3510
5973
3808
5065
1299
6
4148
3741
3620
3122
1668
1454
512
623
1890
3456
2742
1622
3973
5292
5802
5623
1959
5903
4822
5727
1554
2677
6133
6951
5200
534
4227
1570
714
1875
4160
6234
4880
3272
6115
4840
3487
6973
915
6454
6249
2426
945
3435
2191
3638
6665
5322
5617
2196
2712
5935
4909
3523
3527
2360
1630
3017
893
5571
1788
2587
91
5146
5033
5155
5640
4919
4332
4135
1933
6501
1366
2394
3947
2582
5066
2001
6752
2875
4362
1820
6281
6835
6788
1206
769
4314
3547
6307
5720
4117
6706
6126
4887
2216
4467
1628
1423
780
4526
1312
6985
5960
2157
5228
784
4171
1820
6488
3787
4988
5822
6715
2246
2830
2394
4171
1856
19
1949
6210
3112
5403
2345
2519
3432
2737
4066
4390
6892
3706
3417
1902
5604
2883
970
1820
4196
2695
5640
2857
1428
5034
1001
2781
2956
6108
5756
862
3376
1661
2470
129
6537
1065
6611
4075
6931
1473
5354
3893
1043
5382
618
1818
3705
2538
3080
4479
3675
6861
4539
3974
482
5913
2222
54
6133
1858
844
2898
5491
4453
6419
4868
4263
3684
5614
5582
3084
2900
5238
3109
1775
3067
5444
6003
6036
6649
773
3711
6065
6642
1583
3851
3031
892
6243
2106
4742
3036
1032
3060
6184
4927
1007
751
3094
2712
1638
3228
3046
37
4524
6307
5686
3294
2803
6331
5203
1843
3771
2722
6410
121
2906
2734
3495
5417
5802
4662
6388
4620
5627
6535
5881
4295
5608
3647
3914
1815
230
4416
4982
1458
6437
1137
6883
5498
2579
6535
231
1686
6182
1075
4538
1910
3904
4400
4911
5651
4104
1956
3129
5256
1746
1201
5754
3009
264
5790
1639
6815
1209
5670
1991
1758
5280
1493
2962
4467
817
3419
4887
1268
5628
6886
3357
4478
1339
2992
187
1693
6216
5666
1539
1788
3080
403
520
6681
3116
4034
6089
3460
4846
3252
1982
5684
6144
434
543
542
935
1842
5876
2979
3527
832
3127
6932
5161
1064
3934
3477
5088
59
1468
5403
5721
1132
6143
4667
4543
6246
4396
1017
4542
3268
6030
1785
5048
6772
3430
814
3324
3593
1045
2125
6684
3035
5444
4661
3757
2797
460
1573
6146
3939
58
4929
5105
4278
5042
4843
3111
1206
5444
2890
4343
6979
4164
5418
2797
4967
6571
5191
6145
1843
4868
607
5679
13
6017
3300
1572
787
6859
2498
3571
3350
3103
4723
5309
2694
5854
748
6638
1638
494
5404
6300
4116
4748
569
5547
199
1403
1998
5172
3973
173
869
148
3256
168
1685
2032
1357
2492
6576
1023
3369
5481
5356
5463
695
6510
1740
2073
5330
1484
6482
6769
4580
1641
43
4614
753
232
2551
6536
2091
1333
659
871
3818
2118
2541
4559
1088
1581
4891
113
5526
5411
617
5766
2303
3943
45
3436
3463
635
4457
403
207
3903
1812
2769
56
5415
325
857
5977
4455
5533
1563
1590
6231
3503
4405
6399
3538
2799
4206
1395
4424
5293
6307
2927
3036
829
5563
3712
4503
2051
4421
672
2331
728
4833
3495
1164
4468
4588
4794
5920
5647
3901
585
632
936
6572
5295
3342
288
3202
1915
1454
508
6964
2206
5034
1454
2681
2744
6557
1439
3747
6652
4777
4051
2922
4948
259
944
3140
1266
5156
2644
5825
2093
4139
6619
5106
4684
3782
2490
2593
1346
1936
1787
2940
222
3900
2925
2083
1677
2039
119
4961
175
356
2632
712
5619
1577
2206
2469
1287
4054
650
2962
2072
4982
4580
1626
1690
6381
1041
3615
3444
5906
2669
3127
4468
2247
3062
4813
4610
6819
6815
6004
2580
4552
4381
2287
5294
632
3682
6091
2211
5387
1187
4222
4940
3419
4616
4360
1244
5320
352
615
614
5816
3407
4770
1659
3990
4445
3027
1084
6523
307
2623
5320
282
6917
5186
6970
6293
6663
1427
3179
2750
4965
5079
2255
2495
6435
4945
23
6027
1861
6519
6394
3821
2620
1536
1584
4446
318
553
3133
1789
5520
55
4126
4134
6211
2686
1836
1341
6657
4944
4658
4323
4530
5866
5260
2815
2599
5720
14
5889
1410
3561
5166
959
4976
3709
2103
98
4388
6418
4027
1019
2250
1854
5148
4343
2124
1447
1679
770
6324
3502
3349
4639
2903
3458
1439
5222
4098
569
6782
4934
1556
5362
5893
5033
5072
2677
4235
2047
2405
4099
5025
4259
1852
2258
3916
5410
4165
5817
1895
6073
5989
3498
3920
5686
3968
6965
5821
4263
4248
5889
3251
4559
3136
2269
6083
1503
2095
6189
3641
2537
6460
5920
2986
3055
5754
4694
42
2154
2368
6727
4032
4671
6440
1743
1326
6259
4433
1461
4872
728
1740
4227
2592
4240
6088
3855
2084
213
154
3720
3245
6275
2884
2765
4948
6253
1208
6175
4227
5540
2714
6486
526
6078
6896
4553
5316
2243
4478
4783
6686
795
4970
5403
3042
4460
4673
5165
4004
287
6460
5442
3010
4609
2875
6517
2603
423
235
6895
3051
1163
239
5402
5917
2708
1265
6980
2406
3010
99
663
978
3798
2047
6117
1005
4975
1591
5281
5208
1921
233
6008
4045
1256
5243
2942
41
4523
1919
1604
3486
6044
795
2175
1834
4867
4568
1141
1095
466
1140
5977
968
3284
246
814
492
3238
3254
4127
138
4823
5038
4340
1210
6996
6657
5994
644
540
3007
3178
4543
1138
170
953
1471
393
4056
687
5852
2858
3781
4112
2260
6760
5035
4553
260
3101
6905
701
1184
957
5262
6893
460
2104
1009
1389
6750
2070
6399
5779
771
5858
6375
1507
6658
4369
4445
4134
745
396
3657
4137
6770
4040
4603
1138
1113
4199
2950
4349
941
287
5382
6500
2752
2457
5271
6733
1365
2476
6236
469
2757
496
3408
1186
1934
2646
3140
4223
1841
180
1846
4864
1302
1191
2362
677
366
2745
719
6796
5981
2586
6777
5055
2458
4074
2775
5956
6588
4980
4745
2283
2075
2767
6599
5522
120
1342
5272
1596
3089
6583
5310
4305
413
6865
2730
3679
4776
4406
1154
5438
1836
6016
6628
1945
6453
5040
5685
1079
4895
441
5114
2633
3934
963
4962
2375
4586
2484
1086
756
6485
2993
3382
2952
6090
4586
4418
5523
4331
355
4273
2142
263
950
6122
3974
3590
2342
6892
6578
2035
2663
6236
2420
6933
2817
1363
4325
4665
5227
5841
4272
6072
3133
2650
1928
3145
1525
331
5653
4042
235
5562
1098
128
2264
6871
6738
4209
1961
1346
1961
6122
6986
4882
2999
6042
1325
4399
6359
130
4745
1893
446
1359
2151
1174
4614
646
1184
6171
6258
714
4467
5383
3924
2581
3291
1512
1258
6385
4820
1618
6120
4762
4510
1641
2198
6266
1226
802
4994
3200
1921
5167
113
1086
5412
870
1606
3301
5446
1062
3373
6175
1302
2773
4593
6249
2881
752
4473
6499
6932
6551
6778
253
959
2932
1150
3728
3316
6672
5154
4343
1255
5043
6541
2296
576
3110
5684
1826
2411
5270
770
5444
5385
2264
5445
2608
5015
3899
4700
1611
2460
4630
3012
2529
2065
2191
6338
2777
784
6933
3538
363
4447
4227
5534
4226
3974
4842
5227
5082
3843
3562
4157
4702
2247
1860
3123
6438
1650
1302
6429
5508
4569
1004
4090
4882
3592
4247
2926
521
4898
1981
2880
1984
5429
4510
4977
3735
6571
6686
3584
375
282
4875
331
6433
5069
5029
904
2447
5500
4452
1074
3027
1655
5059
6103
5770
5400
6528
6726
3028
4773
3668
3446
4018
373
4141
177
2093
3682
1493
1479
943
4940
2511
5935
960
2431
4382
4001
4928
1730
2058
1478
339
5897
3064
3441
5662
629
388
2503
1013
3974
5478
2545
678
2554
3342
4354
5989
1464
3829
5596
597
1261
5178
4117
568
6400
4501
5495
1043
1041
3187
2374
6697
307
5063
938
11
1219
2681
1788
6897
5952
3630
6461
5471
490
6492
6633
926
5568
2024
1571
4197
5746
894
738
1661
5244
3780
6905
2982
2771
324
1773
1665
1930
4372
6575
611
4126
163
2161
5179
5376
4306
445
649
4928
1796
1417
1882
3215
4692
87
2940
6253
1410
641
2562
3424
665
4593
1908
1126
4736
1839
2751
4058
4146
6316
692
4650
3605
6634
2592
945
5348
2846
3424
5817
3281
2030
6174
1784
923
3861
876
627
1879
6422
6484
2336
4678
3237
4665
2637
1571
4288
470
3950
1383
4620
553
219
4915
2780
5388
5576
2129
2181
3664
6015
1032
6741
5429
2176
1890
1193
6491
2928
1947
4797
5414
4207
2416
4791
3874
4451
154
4197
4219
939
1862
4156
7
230
4034
2146
5586
705
1190
6155
3021
2447
3828
6936
2861
5226
485
4703
2859
3560
5850
3283
1005
4042
3635
1435
5057
1638
6472
464
3817
5316
6706
2944
2944
4397
893
1953
5599
2791
2405
3527
4060
1997
241
6149
6599
6819
4416
1226
1682
3136
5975
1123
1085
1308
1244
5503
1532
1480
4402
2984
2325
2661
6241
2588
1945
2869
25
5947
3391
3182
5027
2907
5279
1677
6844
824
5626
3719
6823
1007
6267
5346
870
2769
2466
434
2685
325
3493
2087
6123
6334
5771
4620
3165
4052
4903
5386
3305
838
2197
4107
3620
869
5156
6763
56
4283
1224
4377
3870
6938
4667
2219
6931
6666
1783
3991
1338
3178
4458
1638
4383
664
151
3098
5379
1467
2909
6313
3809
773
1782
1802
6163
6183
3006
2036
5106
2740
6270
2405
5856
4207
1356
5976
4835
6697
6633
4336
3609
1850
958
6001
6251
2449
6044
510
4423
375
5695
3308
2806
1805
1958
878
3094
357
6401
2042
2797
3318
1287
3448
5435
3938
548
4787
3946
2418
5867
4640
4917
3489
5590
579
5602
605
4151
4914
749
514
6985
1633
3451
3456
6936
5715
3712
4829
4762
3578
5869
5598
3264
1110
6329
6590
1381
1265
411
9
6226
2436
1897
4186
4148
1882
1913
2313
6739
1130
5353
3992
6047
1330
3788
2516
6761
2614
2156
5169
963
3560
1223
3879
2309
1354
4232
4592
2821
3615
6698
2715
4850
87
43
2547
157
5025
3379
3840
6829
643
1199
5599
5326
4101
6174
581
6293
1451
2992
879
1546
97
3846
2077
6529
4665
202
2548
1135
6807
3764
5059
2775
2182
605
2470
1390
2252
1988
2246
65
2768
3
5841
5808
5700
1989
4637
4791
3205
4358
728
1753
3895
4791
876
6402
1678
3524
3270
4839
5887
4196
2085
2180
2205
3181
1087
706
6743
1977
567
2194
3966
737
4243
4011
3677
196
6586
1108
4289
4787
283
2582
4296
1909
1680
1009
4334
2730
5330
2874
3074
5270
3134
4509
3423
5725
5268
4829
6494
1885
2992
2069
4121
6028
2313
330
4634
1303
2151
1311
4690
123
6195
1844
2214
4284
5894
533
3092
4600
2955
5482
3867
4351
5584
3880
5408
2842
5455
4091
3317
1997
6924
4662
4964
5170
3599
2193
3889
2874
2545
86
5437
1275
1803
3240
4711
1185
1873
3384
6965
1978
4814
5029
6192
1075
3785
4639
6421
984
4189
520
1024
6620
6407
5064
6411
3485
344
1116
1356
4922
947
5042
4949
5549
3216
6260
2653
4599
558
1814
6020
1804
5775
4982
3131
5876
6765
2991
6426
2611
4610
6025
1547
5974
774
1224
1099
6954
2066
6432
3257
5427
1553
2274
231
749
4862
286
1766
291
5607
765
998
2778
3089
2313
2930
2376
2958
5827
4026
6687
5586
1496
2258
5696
2539
1242
4480
4197
5135
6567
4627
5568
6847
5872
950
5521
6240
624
6124
1200
4034
2183
4398
4479
2442
3826
6952
3147
130
384
273
2727
3937
2603
97
5
5
2233
1765
10
1635
6479
2294
5845
2921
6113
6543
380
4020
2280
2629
4250
6931
3528
3681
2065
700
253
1889
5408
3604
1586
4157
873
6874
37
3900
1954
4437
274
6487
1613
2060
1155
1901
1503
4428
3889
1318
5289
4036
1777
1979
4670
5692
1862
1698
5234
5252
4166
352
3219
4041
1788
2199
824
6130
6266
2071
1818
5033
5393
5441
3098
2500
4271
3750
3841
4691
6043
4342
6110
6005
6711
3628
1496
1043
2651
2014
4368
158
5178
2067
5545
6636
4635
501
2855
1469
2094
3735
1681
4868
49
5416
349
6921
1751
6332
295
4931
4788
3755
1109
1530
3247
3235
4402
5259
6923
2977
2173
5645
1436
4021
517
1937
5779
3835
1979
6126
1262
5134
6164
5682
4071
6599
754
1868
6647
5147
3590
5406
5247
6034
3236
249
2155
4692
5426
5376
2195
5734
1966
3255
5168
6882
5220
6660
3415
6829
4497
6283
6908
2849
6287
2895
4559
5307
2277
6324
516
1455
305
3786
1321
2031
1453
1916
5337
2762
3084
4415
2871
5073
2815
4086
226
6246
5673
714
6572
6965
4803
6518
2078
2260
5180
216
764
1151
5545
1340
3168
1196
5741
4803
2326
2557
1189
800
6995
3587
5771
883
4939
80
500
1047
3270
1149
6744
5166
6622
1858
4462
3188
3495
2252
233
1368
4939
1936
1539
463
2809
4366
6269
3467
769
5688
3608
3553
1183
3690
1283
6184
730
668
2153
2149
5248
3299
5742
1180
840
5502
4198
3305
675
331
842
1932
935
6881
5536
2602
5658
6505
3445
6056
6216
2782
5530
6739
2056
427
25
3531
3329
11
5658
1158
4981
5684
4806
4080
6247
1693
5431
1224
5790
5398
1834
6726
4646
6871
4410
4321
255
1233
5962
5541
4028
6448
3823
5249
6555
6714
2336
4535
6748
1121
1619
2228
6279
4492
517
5255
5734
2132
1565
6134
5149
1114
3853
5124
1602
6550
2606
5631
196
1714
4544
6534
1388
1836
6259
6912
3090
5251
3748
2472
4934
3449
6311
1772
2172
463
3414
6372
4235
630
5875
3703
2314
3561
3416
5961
6079
624
3592
6922
5718
3944
4609
2584
4610
1038
5785
1748
6843
6730
5346
2410
4068
5056
92
90
6479
3793
6917
1843
5824
416
3503
6935
3139
1977
982
858
5698
20
3148
3916
3783
191
3659
3742
6187
4337
1743
2121
1640
243
3014
4770
1929
4905
3676
3521
2860
4286
3567
3841
401
3950
3044
1834
1435
6068
5940
5306
1415
6940
4790
1770
3949
3499
5426
3060
5090
1586
2479
4427
1335
1618
898
98
850
2561
2749
4351
4792
4650
6479
2321
3939
2611
1837
4219
3613
2696
4365
2053
4898
2133
6914
2424
915
4288
3913
6783
5964
181
743
6733
4707
2843
3581
2225
3259
2363
977
4950
5957
5225
4786
2599
266
6660
911
4352
616
791
1637
5015
2462
66
4892
5217
4445
1778
796
5169
4285
2164
657
6604
2329
5994
288
5032
6176
60
5357
5675
2217
2488
3571
5879
6994
2236
1735
4355
2453
5695
777
1077
5984
2599
3479
59
6959
806
1600
776
2240
4710
4810
1340
1435
2139
1225
4093
820
5328
725
873
1046
1409
4790
2630
4390
463
1343
5320
5097
379
1156
4473
371
4866
3121
6024
3157
3814
1344
5552
1690
5357
702
2824
3630
4282
2947
1147
4284
2282
1133
1070
4738
4705
4760
6727
6355
1483
5612
3581
113
1382
2354
4010
1660
108
4324
5452
2372
6831
6673
3259
607
4517
953
1254
1543
4099
5091
4382
5683
4526
1857
4428
4536
4588
6612
2742
3436
1217
1922
5532
3672
3398
968
6209
319
5323
2581
5013
2527
5381
2990
2551
5370
2331
1335
1936
1145
1826
4964
4747
950
4305
6565
5744
4533
3999
4095
3424
5375
6904
485
4514
5330
454
5042
4412
5344
6395
5713
6838
3545
5325
2539
2016
6064
547
1452
1691
5896
3252
2435
4637
6049
6543
6004
4846
5795
5156
3804
5007
2037
3593
5176
1595
891
4153
3803
1230
986
2368
1642
3698
2424
2393
1733
96
6221
5936
4356
6547
3848
2843
275
5392
2368
2763
2908
2394
3608
1480
3055
2202
3645
3587
3641
1283
6903
1165
1191
467
1441
1172
5357
2126
4679
2783
127
3061
2508
718
6346
6627
4165
2276
6856
4224
3758
5881
1287
3031
2830
6832
6373
4298
5625
487
6291
1749
2018
4061
1466
752
2467
6662
6358
5814
4011
6017
2997
6898
2034
1538
4116
4633
6604
5820
2711
6530
879
5950
2019
4234
3243
526
5954
6717
6462
5428
4113
4262
3041
1109
6777
2520
3138
616
5121
6901
5030
1052
2508
1483
3779
3152
780
4919
5463
4213
3275
6185
1657
3238
2170
3863
6602
6912
1112
3030
6175
3620
912
5778
2950
5473
5400
63
2875
3254
3217
2064
6446
6949
1888
6749
5346
1595
3144
3762
4260
1420
5665
2617
686
4260
5729
3058
1807
3128
6117
657
1793
6131
2581
333
5207
2605
2586
1689
5977
1229
3748
3620
1197
5711
6084
5123
5436
3080
1962
1333
6590
2638
2876
2695
6347
1685
428
598
5471
1724
709
5338
2808
230
4930
4651
6863
2341
6139
6187
3129
1784
3260
890
5921
3301
5300
193
5916
2834
3031
1990
6937
525
3664
6982
1219
1764
5559
6441
5668
3455
1059
206
6919
3657
1372
3439
4938
4709
3895
5696
2231
1508
6855
4185
3493
5165
6732
6827
6576
4726
35
4495
1377
4991
3314
6738
4667
4414
3774
3589
2148
2348
955
6000
2764
5927
4103
2718
789
1569
931
6756
5734
661
5831
1388
6662
3753
6409
5758
2698
2127
3698
797
1059
1958
3213
655
5911
174
2157
4622
2130
1137
1834
6293
1984
5988
1135
2076
1626
2077
5731
4540
4011
574
834
566
1462
4855
3175
5197
2374
3154
216
5036
2577
2224
3838
3802
6266
41
6408
3970
1506
2713
2331
2671
3882
5021
424
5717
5847
333
2674
2314
930
6148
226
2788
5667
858
6313
5044
5009
6554
993
6160
2001
6999
1136
4414
4337
4602
2650
243
1280
2303
3091
2468
5108
6110
4366
6916
454
5445
3836
1501
4758
3658
204
3250
15
5125
6243
4184
3543
2676
6137
5068
5326
3953
5320
671
5616
4342
5409
1151
4112
4673
36
1743
4938
6314
6868
3143
4349
4129
4814
254
1516
1364
2380
5667
4184
2478
6578
2131
3108
564
2131
5069
5764
5937
3649
3490
5682
233
6503
3696
2398
3634
5197
1277
5650
1302
5552
3880
1303
6725
5099
1995
1880
968
806
1037
2833
896
4121
252
2291
117
3805
5511
3447
6690
3143
5593
3108
5918
3170
5378
1511
6638
3400
5704
3358
1677
3228
244
1097
5509
1351
6351
717
6143
2878
898
6742
3863
1468
548
297
395
5233
4726
5387
6106
5174
2491
3186
3777
5988
2795
6574
3328
4817
5719
1962
6996
286
2230
3213
2605
943
3806
6768
1648
3975
6967
1676
6175
6144
801
953
1803
4828
2741
6557
2412
5876
3953
839
4807
4202
997
2583
6230
1788
1115
2428
1886
392
6348
4121
6954
2918
2524
477
2612
2223
1975
6037
5556
1616
2798
5728
6769
3123
2530
2687
2268
6946
529
896
6564
328
789
3638
2283
6918
4441
4182
4080
471
3824
4167
3822
929
5710
5855
6114
3504
6288
4903
4442
4161
4799
5482
5600
1144
1743
79
2317
4222
6262
528
2331
5562
2839
2999
2627
3787
6606
5132
5325
55
4143
6989
4430
3715
4495
1203
2524
3024
4556
2492
5052
4774
6152
4931
188
2504
3800
2072
5117
3291
4612
6589
3000
4588
319
2662
4178
2765
1029
4340
3746
5316
2676
734
5879
377
5180
5156
1894
4049
208
2666
688
3747
5790
5550
3427
5119
4523
286
5575
4166
5007
3944
3473
3018
5768
2408
4804
1691
2867
6895
1179
6122
3181
486
4499
2598
3127
4240
1309
4680
1848
5324
425
661
764
3783
1750
3825
2650
1933
3247
