5088
5095
962
1337
5753
5086
5703
4118
2379
418
1097
5877
6267
1314
2127
351
5366
226
6399
4497
4886
1632
5007
3986
2144
2526
3082
3440
6422
1614
6806
2779
5180
4532
2494
4209
1129
3004
3209
6441
4004
4429
1550
195
3864
4118
825
5436
3894
1548
3767
2823
3734
5925
6362
607
1553
5695
49
6969
4221
6730
1192
4750
6094
6684
6695
271
4262
507
3689
3433
3385
3437
403
1879
6071
1355
5879
2703
2214
6220
2021
2317
668
6494
6013
1787
3230
6103
5523
3330
6856
3505
4711
1506
362
1732
6631
6669
3658
2670
3516
4826
6420
622
3574
4390
4227
5814
2573
5397
6314
1478
2205
5765
3636
1444
6485
3267
2948
129
1860
527
730
6632
608
3299
6883
5224
3860
1737
3308
6225
902
1946
2602
2171
4202
2194
1280
6705
3654
1121
6742
853
5524
565
5619
4941
2493
1475
768
5315
2920
2124
448
4106
1751
6028
4135
2276
1313
2030
4685
16
1274
6554
319
617
2460
4777
2251
2354
6559
1088
862
1622
1540
2880
2084
1404
6778
5702
4268
1615
187
4093
533
4499
1127
961
920
2851
6795
2303
4531
6920
5789
4409
1927
6652
6190
1389
3376
1917
1052
1821
6270
4373
3547
5649
4012
1013
4632
208
740
5754
5562
4686
405
2232
613
3655
4675
4835
6500
1010
162
6332
2562
5777
3822
3712
5093
1892
3841
3605
6568
1861
1898
205
3108
4030
5718
1933
6354
1838
4182
6328
4735
6827
2621
3964
61
2842
3596
2350
4570
5842
3733
1416
3278
4606
4392
6281
6150
2225
6924
6646
6160
5827
6518
6996
2419
1498
5951
3503
405
28
3133
1172
1368
1752
1129
6283
2602
3813
1264
3648
4479
3146
96
5329
1165
4773
4616
1610
3236
4783
2293
3916
6256
5172
3581
644
5196
680
2138
2023
1837
5565
6965
2187
240
593
3899
6513
2217
1605
4921
2303
3113
6336
2719
794
4811
3217
844
6512
2867
4668
5247
1491
5315
587
4221
1146
4972
5502
6499
4210
661
1798
3425
2609
979
5027
2817
3987
5686
2901
4771
4133
2915
4223
31
655
4883
1567
4271
3215
5711
1130
1830
6760
3542
5821
5768
3890
29
5407
4663
4130
2666
5538
4039
6146
4357
5808
4239
1508
5580
6682
1524
807
1537
6883
5884
4596
42
947
188
5995
4301
1767
5935
4678
2661
4430
6899
127
4045
4191
4257
4869
1000
5062
945
26
35
3429
4920
688
5808
2367
2247
2401
1456
4320
5553
4614
1163
864
2048
5167
4623
5926
517
586
3043
6937
1354
4615
6367
6322
5190
4615
666
6677
5540
3332
2055
2550
6856
2404
3493
1449
2232
4335
4082
2785
2634
5472
347
1154
5184
5913
4323
5843
452
6886
5085
4354
5001
4244
6887
5108
2961
2882
3677
756
5189
1365
4495
368
5492
1674
3353
3931
6114
5693
957
1716
4996
1206
6590
6486
2046
1403
4611
5769
6321
568
3399
6039
3404
2379
6425
2704
3718
6164
1525
5502
2102
6753
6622
4941
6247
3000
5814
1666
5299
1086
5619
2916
2274
4261
1592
4216
2863
6705
365
6238
4719
6587
956
5497
87
1591
1890
5492
5938
3008
13
3888
6052
3364
1336
1866
4005
4770
4928
5425
5045
1959
6322
6709
664
4376
5932
3083
6943
4865
6948
2725
3851
5460
6585
2718
1374
4342
4300
955
3496
5115
890
509
4066
1081
3993
5020
3979
3546
4676
1773
4453
3620
1421
43
1019
2051
6919
6276
1914
1238
1093
2986
1944
2110
1529
3266
6205
2762
3701
2449
4181
1680
4120
3778
3326
1382
4398
2661
3829
5654
3062
5010
3223
6120
5553
1746
2830
3170
1916
2206
5555
2299
4266
6201
6651
4997
4954
304
3655
4552
5360
5291
3372
1699
6674
3923
4323
5477
233
2946
509
6994
6714
5803
2551
5273
192
4014
3166
794
6640
4486
3512
933
3465
4382
2031
205
862
6221
602
5404
2841
1451
5329
1816
2485
619
1053
6091
6256
3744
1321
2280
6459
4484
3097
3641
2000
6420
6366
1166
343
6135
2059
2727
124
2165
4352
6275
4073
6828
328
4537
5140
4334
1353
4483
2564
6950
5879
3083
1333
1873
6149
6038
1758
3850
6553
5485
251
1966
115
4538
5852
3230
3234
287
2585
6826
1531
2530
96
6034
871
6693
3341
6920
271
3665
6525
834
5135
427
5246
4043
5436
1607
3518
1865
2171
1793
4295
1369
6976
3154
2444
6374
6479
5775
5731
2257
5795
3798
3055
5570
881
66
1561
6933
3136
4205
2970
2416
2575
5845
4223
6449
58
4255
3473
4220
4947
2632
5503
1625
2417
3867
6499
4132
4360
2716
5943
2518
2284
2387
3794
4249
2891
533
5186
1321
1487
1740
1695
5110
1332
4806
5106
846
6284
1603
6120
1039
3468
2463
1191
1506
1947
744
116
6411
2327
5970
2463
237
3115
6510
5756
1331
1785
505
2462
2169
4952
5921
3001
4784
4482
1122
2388
3216
5629
2854
3586
1664
5956
6771
6444
5993
1681
2013
4812
272
961
485
6080
4234
6844
3090
6098
6363
3391
148
3072
6215
4640
5832
3164
641
3293
2956
2930
4841
2210
6396
2265
1408
2021
6597
200
6688
1559
2463
2047
2335
6618
5240
1871
2458
6634
3779
631
725
2745
928
3476
2456
1810
3125
780
5910
2441
2978
1007
4815
3414
2041
6754
4701
6732
404
193
172
6682
713
2608
907
3790
4249
1367
2791
2585
3822
2296
3462
2123
4346
726
5816
2043
1532
4452
5626
5666
6846
1582
1477
3645
2506
6384
1011
2990
1474
258
3522
1366
3943
292
3416
4689
3690
6028
302
709
1606
5521
3114
2744
6478
3795
6676
518
4322
5409
4058
6988
3621
150
2279
4332
3010
3800
3390
5741
5053
5087
6932
262
2198
1791
6859
6430
6047
6786
1939
3011
6175
5349
76
1246
5455
3141
4934
1663
5962
5574
5041
67
1154
776
1472
5598
5877
1862
456
2382
2327
4
5807
3718
6200
1412
5256
1035
1974
653
5667
4271
6669
5217
4072
2767
5707
3626
44
1155
1377
6400
4012
6362
571
737
4222
6960
4664
1574
6760
5533
5788
3237
2304
3146
3283
5528
6770
4659
2321
3290
1472
4339
2189
4385
5747
977
2596
6773
6352
3230
1521
563
1670
6607
4322
118
2652
4277
2822
4115
4816
6406
5090
2511
2521
3575
1235
1279
3838
5305
6549
691
983
2734
4178
4481
2313
430
711
5674
1528
4514
6200
5770
3620
4964
6276
5809
5318
4433
4187
6305
2172
6492
5035
1188
5672
5969
5018
932
6311
4882
2782
4302
2125
3625
1416
5348
6597
2851
3848
3597
3590
4653
793
3435
586
4446
3085
1256
1392
3921
6227
3582
5321
549
2956
3034
6487
5210
2894
2684
554
4907
168
1910
1284
3706
276
134
6460
5468
4402
6826
6488
3507
2929
47
2139
5482
4992
1414
1550
6152
5595
588
3818
5548
5281
3412
4548
81
3466
59
5610
1974
1310
3655
3914
2933
5433
5669
2777
1493
5754
3374
760
6607
6123
3829
115
2386
4163
1751
5812
3435
6438
6391
844
4220
6190
1974
3018
5839
595
1972
1028
288
5118
3301
3177
2493
2827
2203
1201
4194
6413
5403
4860
3373
4195
6783
6543
6579
3744
2056
3622
3157
4128
613
251
34
2998
6084
5780
1986
3419
2820
5291
4069
3834
2269
2623
118
3022
3796
3967
4055
500
5639
4855
3530
3285
1209
3851
3001
2564
1099
2104
2746
1638
3176
122
947
3151
6155
3984
5798
4656
6934
3020
2609
3670
3801
1606
2509
2999
3830
4296
5160
4894
2781
5436
4857
366
1441
5346
4791
2914
646
6334
4303
3035
2973
526
4289
6827
1701
3561
4982
2654
3640
74
4447
1216
5559
4500
3693
1921
4987
4487
2216
3757
4849
3129
974
5353
1273
6977
3707
4800
2075
3956
3727
5387
1503
946
4841
1399
1200
4874
406
311
5747
4426
253
5962
6626
595
3018
2112
1943
849
493
3543
2407
3817
5406
6642
382
5843
5744
384
2888
2462
6279
2970
4723
738
4983
4726
5495
5753
6706
1577
5358
3639
4342
4610
4238
2977
6673
825
3304
2730
2689
1222
4084
3160
6141
1429
675
5916
1665
2959
2288
1000
5858
4645
1220
2324
4327
1485
6638
4521
5559
5047
3507
1302
5973
617
2463
3425
5077
5807
4352
789
4090
5278
4898
2809
413
2935
1629
4050
1924
5353
1352
2367
1493
4127
6656
1697
6189
5337
6409
1430
3073
1198
63
3347
992
4054
5305
4246
1915
4958
2643
1150
1394
3045
3071
4458
1045
43
3968
3486
1187
858
4698
3413
2138
1836
2769
792
1076
6180
6564
4260
4475
1904
5637
2393
3817
1340
3225
4366
2390
658
6231
666
6606
1797
5638
910
3238
3382
5327
6719
3667
3597
676
6343
1912
6697
1299
4690
5242
1250
5340
1670
4937
6059
1059
2036
5445
3174
1969
1044
2602
256
6205
2709
2898
491
2715
1353
2582
114
6151
6902
945
3527
936
5777
3224
2288
2292
2102
2266
1545
1811
6370
3456
6939
4194
3977
4320
4825
5471
1276
1724
2931
2988
3962
5994
4611
6994
2583
1328
285
3980
2506
6055
6764
5172
6352
5241
1175
1253
1630
631
5547
3103
2275
1091
4330
6577
1220
1566
5489
2462
2106
4888
2703
2990
4150
2066
1545
1352
668
6465
3410
5729
2573
2610
3544
5003
1326
5052
2474
3829
5710
3982
877
4083
653
3518
5638
3562
3928
4387
5474
4394
4449
5352
2368
3744
764
614
5944
2391
2860
364
2326
4139
4515
886
510
6857
1600
2767
3355
6662
3643
1444
5891
3387
444
574
2802
4218
4946
6123
1343
1191
2831
4314
451
3150
672
1506
2797
5045
5595
6518
6043
789
929
998
6748
4523
4923
965
4976
5253
1232
2307
4312
6115
1564
5167
6674
3820
3325
6066
1829
1602
4095
2234
251
203
840
4537
6836
2053
4149
6962
4511
1413
3586
992
324
579
2449
1827
3101
4894
1986
912
4946
3840
905
491
6323
597
5926
2916
280
1973
1213
3395
3629
6604
3517
3913
3769
3315
2438
6436
5158
4236
2987
367
5987
5503
5720
5812
4556
6580
5813
1599
1995
1820
448
1304
3384
2321
6800
5660
5708
3686
1421
3337
4939
5956
1494
5948
2920
6955
1306
2529
6618
4329
4312
2926
6372
6762
2762
6125
571
1668
1276
4500
2944
5365
4123
34
861
1851
5576
1448
1612
64
2267
689
6227
1977
2924
1992
5380
3369
13
2853
3193
4398
2708
4843
3717
2416
77
4785
2645
6785
6755
2402
6805
622
2199
6892
6047
5528
5513
3514
2574
4183
3819
5294
1344
1052
3518
511
4290
985
620
5906
1022
6224
3204
968
2672
4525
6987
6316
3710
3616
168
3919
6221
6515
4008
1882
6056
6108
1560
4823
1916
5863
193
4909
4791
2276
3598
3806
3742
248
4569
30
2750
4379
2083
6250
6274
6597
5986
1451
6179
4645
1068
3206
1998
5888
3138
865
3838
418
6728
2115
5787
1909
1185
3489
4835
4307
3168
3593
4164
1425
57
5693
3907
6930
3237
6285
3591
3900
3741
1857
6111
2588
653
3042
1370
4369
6490
2108
4277
927
6414
2483
310
179
3336
5934
1832
5710
4025
1044
3863
6232
6304
5697
5083
4138
5264
549
3242
1279
927
5474
1326
1320
4215
169
1462
5331
4682
6784
2695
6903
4966
5945
3451
6855
6984
5001
6402
2640
644
5219
5277
5985
1723
657
4218
1782
2141
5598
6952
6665
5654
2467
5212
4086
6437
6389
1893
1512
6511
935
6882
6189
3211
6498
2652
3996
3758
741
3990
5542
6878
1842
6152
3864
1876
5918
5626
3427
6883
1300
4198
4334
4301
6008
3494
3369
3484
4115
5589
3262
389
3816
2681
3350
5049
6809
6894
2238
4574
4519
6982
6084
2187
2820
3956
57
336
4998
449
1133
411
683
3365
4490
1487
4100
2399
694
6591
6919
1832
2272
5369
1637
401
4654
4005
2964
1173
4321
788
1778
4921
3030
510
463
2055
4777
684
6045
4882
3640
2356
2279
4364
5425
4218
4347
1067
2921
2971
4973
891
6930
5629
6914
381
6720
1491
2518
636
625
3325
5698
6800
2183
6140
4141
2811
5635
1458
5230
2481
3943
480
4211
6798
599
5153
521
2375
989
4108
2049
2650
6929
2183
6059
3433
841
2382
1826
905
778
4363
5476
6633
3563
3120
5300
3982
1299
552
3229
3659
3271
3915
4653
5182
465
112
6147
3814
1399
2772
4759
2808
6839
5929
5325
793
1781
5603
4630
4398
217
3947
4547
3455
120
3814
6742
1514
677
792
1855
5083
5467
5554
263
4785
3098
1299
6869
2380
6843
786
5747
4034
3130
169
5292
1946
2951
21
3500
4144
4577
4746
3564
958
2264
6132
4488
4523
3805
1488
6087
5733
1944
5608
887
1619
5869
2646
5554
333
573
5088
4432
1501
260
3577
1243
1846
1660
5113
4065
5186
5686
5138
3130
5203
3000
2731
3262
2015
1615
994
2481
5918
2154
4314
3455
4423
744
6157
1702
6798
5160
906
3356
6850
2571
3879
4422
5892
5976
5122
2817
642
4980
753
5585
1952
5763
481
6676
4200
6984
2652
5034
3721
700
4340
684
4731
207
5852
5886
2586
2160
2589
649
4368
5138
3149
3841
5821
1182
3101
2976
2186
631
793
4958
3220
4206
4306
2454
4915
5138
3744
3438
1282
4731
873
626
6513
3108
359
4381
4733
5059
941
4645
5170
2238
4945
1377
6551
3795
6093
2474
6655
6395
4944
2444
1544
2565
5226
112
2748
235
4476
183
4157
2139
4693
5717
502
5148
1514
4999
3628
6355
5053
906
6539
3665
3526
1994
4333
5354
791
5235
6669
3709
1120
2872
3890
5747
323
5974
2095
5518
6027
187
5343
6871
5997
4385
6613
2628
6905
2649
6666
2268
6754
3453
2752
1313
1551
4215
507
4353
150
3447
1311
1376
2319
749
517
1005
4244
6939
6151
6295
2512
1854
5898
2292
6965
1801
4468
3943
6832
4150
2555
4900
1903
706
1693
6416
6410
2300
638
3418
1959
3370
3355
5799
1384
71
413
143
1039
181
609
2330
4785
2531
181
3286
192
379
125
481
3451
779
6035
709
6192
4733
3845
540
3946
2669
4408
4393
1533
375
4723
4585
4038
6883
5870
844
3136
2462
49
2812
433
1238
4673
3537
347
5042
4381
6374
6630
4419
4711
1083
1611
1642
4486
3400
299
568
2087
2915
2253
6988
5852
4663
4431
5652
6509
6649
3180
5868
4443
3495
3324
6900
1668
3144
5801
5665
5760
6762
4157
34
4074
1948
2649
557
250
2960
1793
2382
4695
1700
2283
3099
3290
3566
5646
527
6093
5586
4991
2265
6242
3257
5294
1088
1657
1639
6487
941
6417
633
4196
4509
3216
3106
2472
4922
4902
6721
1639
261
5259
1568
5426
6538
896
1986
2022
871
4851
1210
3580
4122
4636
933
5083
679
2980
1524
4968
1691
4502
2696
4800
1696
2326
201
1940
3684
5533
6741
6859
1272
1015
3418
2870
5459
283
184
205
2441
585
4006
399
2003
1331
1863
6766
1612
6610
2552
2201
1613
1017
586
3315
293
6702
838
1833
5329
6093
394
5032
916
6287
814
4420
5795
3503
3515
6534
5912
5645
1025
5293
3936
2564
4723
3677
6675
654
2954
4453
1656
2903
5234
1146
5586
1838
77
6985
1155
2272
1850
5138
5884
5423
2058
6560
2766
2920
6327
6813
3624
1514
3001
4626
293
4338
2414
2579
6281
5108
2932
2857
2768
1804
4926
3578
3139
498
906
627
4336
3611
6947
2341
412
4060
2568
6597
6912
6794
2568
1350
2918
5189
4808
6169
894
6779
5234
2684
1265
4216
4507
3825
4969
3163
5330
1133
5627
1268
2400
4217
4218
2850
3656
6821
4641
2089
6997
5864
429
5880
114
6444
4629
713
3530
5519
1031
5473
357
4516
1200
1319
3051
6560
5455
362
1216
2944
574
4354
4492
1543
2830
2721
3654
2238
4863
3843
3172
3180
1377
6967
698
853
585
3682
5932
1271
6659
5873
2458
6911
4745
3124
5047
5506
3021
1067
3877
4176
2649
2600
4074
5082
3152
5115
6367
3428
368
3908
1658
1022
6543
2499
1722
4052
6671
3596
4994
966
2512
5039
4125
3034
6792
5763
5196
60
6817
330
6862
1287
2143
808
1837
38
3348
1509
5305
3435
3354
2586
2739
3657
2829
6952
5680
6589
5723
4548
5632
3143
6432
2494
1722
4063
890
3921
6206
6330
3173
1365
5702
4171
604
2720
1026
3222
3486
6355
4622
2368
3313
4736
834
4338
693
6410
6231
2532
2991
6757
4353
6687
1168
3964
309
4195
3346
6097
2464
4823
4711
1599
6089
2662
6597
4915
5756
558
1386
6025
2676
3349
72
5323
3932
1164
1605
5908
51
2077
6017
4723
6746
5353
2909
683
5090
3778
1485
3887
159
6167
761
2003
4323
6926
3966
557
2360
2259
6068
482
5294
1943
195
534
2101
4836
3071
963
5808
2293
5437
3594
30
2402
6513
1184
622
1000
2470
4159
2222
5647
2936
3278
4632
1734
1874
3307
3482
3497
2103
5156
5664
2266
3511
3765
6073
6598
3320
5995
1626
5558
3366
3911
6962
5117
2025
5359
3956
473
1169
486
1722
3363
1849
6379
1581
4689
3813
5592
4070
5043
4977
3833
3959
6330
111
716
2555
2012
3452
2400
790
2565
4128
2677
1154
2911
1457
347
3192
202
4515
5583
2135
2318
5734
1424
2940
2221
6163
2640
2951
4294
5108
5350
6445
4724
3072
3760
2503
1229
1295
1405
6399
5110
3928
4992
986
5540
6685
3889
3262
557
1383
4838
3305
429
1764
1231
4411
1053
5593
815
1010
3317
421
1174
576
1818
6701
772
4051
6723
1085
1983
4744
869
1145
2069
3933
383
2376
6725
6882
5455
1266
5664
99
3403
5134
2133
2341
204
1955
1474
4410
6397
6689
5967
3971
1257
4154
772
1465
3642
1610
6602
4695
4502
6520
103
4896
300
5624
1051
4920
501
1631
936
6530
6005
3026
3238
6350
5064
555
3364
6492
6785
6010
1683
1026
3846
3228
6196
3173
1815
4898
1458
207
670
552
1346
1182
3552
5904
2799
5989
4313
4018
442
4793
1374
2987
2142
4066
1340
96
2305
644
4006
773
4767
4305
899
870
6865
4637
3526
3000
2883
2493
967
4493
3866
5252
3423
6019
6364
3564
2417
64
1586
5661
6787
6652
3320
6542
2492
4571
6006
2677
6959
4990
3775
3372
2886
2220
2934
354
434
1210
304
5147
6014
556
5156
414
4892
5575
5231
2569
6903
6261
5397
1442
6232
5779
5042
2652
4635
5898
5862
5996
801
2632
1550
0
1105
1019
6599
1243
3728
5554
3790
3807
872
5064
4947
3223
6436
6174
3692
5432
2065
4515
6974
404
3255
5018
1422
4010
6223
2041
4949
749
1400
1881
5962
4223
5898
1135
1081
146
1827
1710
1961
3060
903
3118
2411
6596
986
5685
4983
661
5393
2576
4761
6542
4447
4191
4056
4731
1603
2322
5071
6179
1863
5668
5061
3255
483
3627
3599
6660
5984
912
3853
125
3081
257
6569
865
5963
5712
5643
5300
6605
256
5258
796
426
876
1982
4843
4355
2596
449
5779
6274
3596
1100
6467
1034
2763
501
5685
2826
2749
5725
5553
4568
4877
24
1361
2170
2467
166
4146
4439
5334
3038
1740
820
6038
3082
958
3451
4720
1774
4417
3926
3695
1154
2119
785
6035
567
1752
6334
4897
766
3977
1097
4111
5780
1073
4116
4274
6994
3193
3021
854
5016
3600
5458
4857
1898
4640
3303
1180
2202
3025
1999
2303
773
6807
326
2016
762
2786
1239
5792
5684
4490
1553
994
2569
2293
3436
6177
2276
6143
1938
5989
6381
4741
1544
409
5047
982
2115
788
2106
670
2720
3442
4823
6415
6868
1974
4329
3359
434
5246
2307
5537
955
2155
5500
3040
4207
5940
967
3543
5105
4110
4719
5606
3937
6906
464
522
587
6283
721
2724
6805
2610
5421
5676
5806
6624
4872
5770
2690
6887
4847
3824
874
5493
144
6663
5896
4390
2929
3989
1592
3781
4396
1768
4882
3376
6368
6786
4923
4077
3611
2121
6211
6068
5947
3289
5506
3882
1780
3344
2148
4358
5099
1373
4716
6677
2017
30
6316
5157
484
6261
410
439
295
5847
6190
4902
6162
3753
3248
4079
5548
2463
150
1308
1196
3946
4427
6977
6040
5900
1595
3585
4900
2675
4035
5629
4316
4840
4806
1211
4213
4812
2082
6864
997
5886
3058
5954
2427
5947
452
4828
6985
2114
601
5190
6086
6435
3477
3040
5696
5315
2980
2499
6350
526
6709
2132
6396
1418
3475
1286
3264
3540
3942
4579
1433
842
1153
4382
5831
572
3564
6248
2165
5199
4329
2734
6619
1960
4652
5059
6640
4625
6827
1535
2461
3803
141
1819
5045
3200
5263
4504
1600
2387
4625
2636
271
1287
6519
4400
5025
1449
4068
1064
1956
4170
1505
2167
5760
5877
4955
5423
5805
3498
3251
6778
5980
2076
3799
6945
5963
2181
2117
5998
5602
2044
5407
495
1019
520
2218
2226
5223
3700
5704
4943
6379
3103
1542
3335
6145
126
5552
5767
4690
5433
2160
5041
1065
3583
1550
5423
5219
2062
3697
868
2475
6835
4500
5881
1674
194
6188
6529
3867
6355
4205
2490
2964
3097
3771
1008
1417
6136
2014
64
1827
4979
6240
2534
294
6807
1736
1219
1136
4463
2081
6646
5596
1828
6724
4974
4975
5401
4217
1609
2058
585
4749
2724
5053
405
1037
4856
1461
2774
3225
4309
4397
83
1172
4070
3536
6824
2576
2144
6990
723
5750
6344
1572
4356
6843
6688
6614
2568
2358
6302
6240
4858
2893
6058
6570
5127
784
3129
2129
6364
4901
1618
5722
3758
5946
4021
3690
6782
370
939
6729
591
3534
4598
742
5765
1333
1646
6699
5580
3446
3164
1696
6138
3034
6407
5677
1114
3759
5432
5881
5214
1414
6756
3864
5584
4750
2935
5154
4917
90
47
2134
2918
1237
620
2629
4989
3702
4113
4467
3537
3366
1967
4087
4181
4694
2799
5844
3259
5510
4434
3201
392
1416
2367
851
1764
5355
5079
994
705
2356
1097
6016
3822
3158
3669
5446
1583
5002
5047
2249
5498
2418
2050
3721
4456
239
5823
1211
5285
906
1897
6052
1479
5343
4861
3653
5487
5574
5883
6551
1719
4156
2131
676
4737
4254
1855
2997
2639
5245
2812
3097
1628
669
4411
4698
3285
5111
2866
2364
4870
279
3602
6927
2749
3551
2196
6748
6077
1074
4005
4453
4210
1302
604
2452
2883
4944
3340
285
3169
1547
234
2904
1450
3875
405
5790
2026
4908
4844
5181
2319
1112
4048
2230
6856
1981
6544
1772
6450
6452
1603
2055
1638
5574
6766
6014
6793
1561
6473
6115
2305
2344
2344
585
2321
3737
3187
1656
4762
5160
3482
6129
6583
4649
2289
85
5475
4507
3076
5463
473
3775
2927
3890
39
6656
765
1261
6431
6444
4307
1452
731
5520
1255
5408
4365
1259
1474
334
4737
417
4968
1116
4408
527
544
5464
450
2582
2476
5355
1758
4272
6231
3650
6281
1168
4197
5614
5081
6214
5052
4713
2524
6016
6573
2977
4810
3500
5983
4114
2364
1385
3864
5267
2295
310
3297
3162
6313
3098
2621
5099
6879
3251
2317
6771
5568
2618
5307
6396
530
5507
2929
6889
4279
1402
5998
4825
955
1193
5892
4992
3445
4262
4457
1945
4543
1769
5231
6448
3244
5835
1394
5131
3958
6163
4438
6905
369
1914
3755
6771
967
4534
2230
6991
4536
1771
3797
2547
725
6581
3230
1214
4906
6771
4292
1242
5630
1885
2535
6318
4408
3246
392
6736
631
5788
78
6991
6054
3204
6271
3535
4931
5347
6903
2454
307
1463
6134
251
2315
2885
1745
2086
3861
5555
6807
474
5901
1885
6862
4775
135
581
5858
6685
4496
3323
1617
2163
1261
3460
182
1477
3867
743
1295
2699
2196
2587
1965
3958
3371
3748
6345
6781
3844
1876
6557
4382
4139
5950
6782
4905
5319
3669
2524
5446
6459
5939
1291
63
4849
5391
3625
1223
379
4350
1236
4634
4455
2841
3735
1142
1198
87
6913
4519
2946
4545
2771
3153
378
2123
1716
22
6171
4723
739
1039
3988
6954
5735
3183
5046
6263
3774
1900
662
1875
161
1910
6561
3727
1344
6402
6627
4441
3159
3976
6539
5222
5564
5799
2471
1017
3412
787
4135
2385
5610
6685
969
537
2827
2321
4600
5297
5625
2805
6361
5778
6393
4181
5613
463
4859
203
1788
5615
4374
835
1676
1470
3885
5429
2037
2427
6026
4820
4760
2589
4565
3395
4692
6670
6402
159
4188
6450
372
2128
5008
640
1009
6105
2791
239
5612
2999
5006
6636
4393
6158
711
2951
1601
3854
2209
1966
6626
2388
424
5985
5209
3189
6457
1229
1863
750
5349
6100
4254
6216
943
289
4446
6655
3155
3057
6928
241
4500
3837
6006
5891
258
4020
2076
6686
5879
325
1480
2361
2085
4555
18
536
3773
2553
6191
2642
1438
4316
2784
3529
169
2992
3914
3523
2445
899
5586
4645
139
2901
4855
4662
6528
1337
355
5305
3514
6965
1175
2653
4521
5661
3091
1487
4460
911
5375
6903
6069
3855
464
4208
5986
4874
1098
6232
521
199
734
6823
3879
3665
665
141
21
6066
3666
76
759
4250
3173
3461
5138
3229
3152
6502
1778
1682
1889
5329
3365
1719
5010
6671
152
1634
2954
1835
5212
2291
2905
1292
4843
3141
1440
2898
3885
5731
123
3434
378
3431
3244
6044
1491
6253
6381
970
2794
4903
5066
955
1722
1178
2032
6373
1221
253
4902
2128
2632
5089
5407
367
5277
1924
5984
82
5156
2776
1740
983
2038
5656
1234
3776
4905
6307
6479
61
6017
4121
1342
6106
4089
6506
1025
5747
5125
4054
5658
507
5139
5871
2170
3676
894
67
5509
6593
5023
3725
3649
2184
1848
1659
1057
4147
5758
3506
2930
3285
5395
4853
2857
4450
5324
1485
2734
3319
5582
4530
5570
6176
4640
6944
1640
3616
2221
5221
6507
2363
4080
1990
3444
4976
1972
2465
1246
5394
6327
4581
4961
2614
155
870
5174
5422
6337
4269
6829
4428
6266
3100
4241
1050
131
6519
861
3366
3916
2822
5358
3308
629
391
6748
5347
2405
2664
4693
3137
4537
3178
6520
1530
3958
4329
4819
3828
3283
3664
6970
2038
4045
2169
6253
5422
4760
4778
1380
850
6623
2675
4257
3807
3057
3860
1122
2557
1128
5708
3810
4228
2319
6972
1612
4783
4831
1378
467
2102
4894
713
6872
3761
109
6061
1576
4264
5652
2132
2001
4369
5924
280
1770
1969
2280
969
1732
883
2713
3344
5705
6854
2533
5591
3576
4112
1419
3603
3249
6049
1590
5675
707
4554
5612
6771
3088
4236
313
6625
4225
3949
1269
5672
3515
5590
5382
4939
4430
3424
1067
3089
3438
2428
791
4654
5968
2793
5718
5667
3291
3592
3591
876
2864
5444
6166
4191
2015
4502
2453
3645
199
300
1150
1192
2370
561
3016
6468
1507
3744
523
3194
4517
858
1601
6855
2441
5879
476
1124
779
1945
6222
455
3450
60
6553
2630
6594
1377
3675
6659
5344
3666
4549
2523
4153
1200
832
49
4007
4208
2173
5456
5473
2308
5952
3917
814
645
6672
6027
4622
1254
2638
6567
3621
4356
5511
380
365
2898
5047
2913
4431
225
3596
4958
2589
4373
2660
5342
5815
6794
5844
2182
1920
6157
2975
3188
4204
6399
1423
2419
864
6612
6618
4394
3894
5146
4220
1932
4100
3629
2085
4370
3056
1919
5831
2284
5234
4733
5671
2552
2358
6204
2861
1001
5036
5226
401
5520
1286
4962
1204
1608
3701
3783
5672
4579
1521
1953
1805
5258
3651
6462
1962
4394
6960
6295
4844
250
4900
4563
3869
6457
1216
6330
724
1700
6891
1311
4044
2077
2320
6913
5908
1039
2481
347
2907
1310
1016
4006
1822
3428
6966
5992
4536
2973
1162
2894
1909
1244
4879
6973
3570
4686
5810
5534
6588
6740
6303
688
6363
375
4663
3992
3219
588
5304
3323
2272
2239
1401
4572
3123
2523
320
3368
6149
1255
355
6007
6086
2661
3663
1997
3682
5700
5752
6062
5594
2909
6613
6521
115
4362
1391
4491
2004
5346
5086
156
449
2802
4720
5599
3407
4326
2127
1250
2052
108
6406
5510
2652
6025
2632
568
5202
1717
3460
5862
529
3890
6273
3349
6198
3674
946
4927
2309
5350
6095
6714
6884
4747
904
5699
1151
1334
3662
6226
5545
2992
3823
3479
2707
3853
5773
3874
4989
5415
2797
168
3582
3623
4471
5257
10
3579
5718
815
1727
4979
2838
1169
2347
1398
6637
973
758
1626
3200
1876
6344
2616
2331
1990
583
733
2260
1287
4574
44
660
2210
2413
985
339
5697
3161
2801
2583
5431
4609
3766
1073
188
4156
1255
5844
3104
1722
3811
5594
1363
2413
2550
1053
3480
131
6276
6335
738
1547
786
3607
2151
5626
6020
1897
4233
2001
1625
4320
2859
1229
6058
4978
1137
2762
5090
3952
1608
1964
6184
6849
2772
4324
5223
1514
3160
2348
5342
1540
5368
4855
3227
4489
1915
1080
6619
764
1533
1797
637
461
5136
3327
3852
4638
3978
2345
5675
430
1633
715
203
2023
6747
5434
6871
133
1179
3989
1545
5245
5397
1095
3909
943
6603
4956
755
1834
5448
1185
1754
1195
737
5549
1536
633
3796
894
598
377
4208
1377
4984
6713
3468
4234
2386
6650
3244
468
3022
5935
2549
5829
2219
12
26
5489
3735
1485
2119
2762
5180
4517
5643
4369
929
568
594
3523
287
757
1872
299
612
635
6802
6520
1845
6102
5047
4091
2035
4334
6940
431
184
4085
4356
6740
2196
523
1742
3346
888
1568
4616
4983
4219
2373
4306
5934
490
1503
573
708
1970
3601
275
5384
4154
2908
1280
5286
6940
4854
1997
3895
4618
1685
1669
5049
2301
6710
3193
151
2200
2847
2246
3389
4803
3660
2966
1458
1428
6202
5300
4601
935
5486
3617
5726
2622
4161
1731
4410
2332
2667
2181
6347
5972
5040
3362
1396
1607
4675
5315
4804
3137
2334
4496
2013
5
6371
4435
2707
3511
5658
568
2926
6143
6648
248
4646
4590
2544
1397
3947
168
4153
2104
54
1729
1323
4926
4152
1021
3950
6881
5741
568
3546
4651
1299
6644
5837
6837
1293
1864
3444
589
2943
117
3330
470
6893
5796
5342
3841
3940
5051
971
1618
597
863
6089
4021
2458
1724
3492
1751
694
3119
5070
785
3085
668
310
4527
6852
6227
4268
3111
711
1918
5575
6637
5838
4349
77
460
6819
1258
3623
1950
3026
3585
1447
3428
1325
183
5390
5649
2899
4436
5646
984
2037
4746
5905
727
5605
4605
629
6883
4571
5909
316
6219
2733
5190
4836
2992
4449
5465
815
993
643
3403
5944
6534
6550
1243
2955
4363
4457
6769
6007
2956
4775
6274
6308
6863
5402
3944
5347
6380
3934
3342
3726
961
1326
5689
3380
5459
5237
6323
4617
6567
6114
5529
4016
6407
6649
547
4742
4688
1946
4748
1317
2631
4705
639
3241
156
2017
4913
3674
1919
4773
6
855
1702
2349
6564
899
6712
4857
4740
5343
2668
5805
239
6396
2403
2601
4332
6083
4149
5124
5479
2331
55
4396
5846
5293
4689
5621
3765
6336
270
3236
2041
2908
1581
5534
4866
1437
636
4218
6841
2006
4636
4799
3473
1303
711
379
18
549
278
1538
2592
6493
15
111
1858
2676
5484
5914
182
6446
2479
1734
282
137
2305
1094
6230
5
5962
1523
4501
3794
6770
780
3019
5190
6670
2283
2000
394
2855
1096
3441
6455
1076
2332
1544
466
815
1220
4978
2362
717
6680
902
3794
6711
2783
4262
6495
4510
3561
510
3631
4867
6425
5601
6156
1788
4188
6058
812
5115
5906
1184
3198
2424
1032
1691
4299
663
6344
2123
2351
4340
1526
1041
2819
2131
3263
1876
3864
972
6744
6541
713
4091
2720
6015
6733
3534
2587
4965
1816
6159
1604
1144
4558
6697
1767
3568
787
4872
1616
2759
6658
1393
4563
3733
6935
3705
561
1670
355
9
203
6872
3252
174
5319
2689
4934
3119
2612
2189
3059
1791
715
6044
2242
3155
2332
4370
4278
3494
5610
4169
334
3607
3084
4129
3724
1092
5481
5711
109
2536
6567
851
4532
6303
5816
6603
4667
59
1610
6965
2911
3855
6850
2002
3494
2832
5252
1454
4320
4324
4673
1564
3295
5850
485
3647
1157
4297
1299
243
3104
5029
5736
2401
5949
5284
1657
4505
6414
5726
5114
2874
1905
3595
2180
3269
5119
510
346
1696
1780
1847
3481
5486
1186
1071
81
5075
3405
6316
3220
3165
6547
6668
2465
807
1066
5087
1613
2895
3637
5381
1896
503
5133
1918
1807
6737
2280
1136
2612
3155
4896
1555
6190
6065
4778
3337
3685
426
4577
1769
3710
5243
2472
5498
231
2248
4009
5677
3353
193
3140
6491
1119
3841
4598
3925
1047
657
6829
6179
1531
3051
2918
3268
5476
4203
3236
6428
3077
2912
6910
299
7
4160
1203
4130
6326
1785
1220
1873
4471
2212
6694
3532
3988
3811
2530
4860
1726
6659
6947
5785
518
1509
1284
2757
4712
6071
1843
4820
1940
3384
886
3256
2090
5528
3736
6353
6049
149
6208
785
3205
3090
6799
1077
5139
2258
6700
3511
2529
3626
5365
5408
319
5501
900
6852
1492
6953
2020
166
6103
1542
5574
2194
2123
3983
1860
6449
6541
2817
953
743
2533
6128
4236
3120
5711
1593
295
1921
813
3690
3256
3756
1795
1502
1675
6491
3542
5580
6393
5277
6777
15
890
6494
5534
4825
2315
2720
3726
3352
6411
3344
6797
5154
3808
1475
1685
6357
1857
592
2173
1567
647
4447
2237
4980
4093
3374
6913
6862
6089
3901
1160
1503
5966
3135
6336
2674
3575
3137
1879
5975
4866
5343
888
5421
5583
2682
5840
4809
820
2302
4965
3173
6262
183
650
2908
974
803
3729
1938
1014
2594
4142
3977
5558
4603
3659
6334
1791
5833
3605
1753
6138
770
1234
6739
6862
1759
6574
4250
6957
3479
3561
4768
5426
5951
2054
922
762
812
3114
5684
2732
6793
4863
282
2501
4356
5661
6489
988
6722
5508
5963
3287
723
4600
2106
2104
2240
2153
780
1536
65
2869
3900
4559
2115
2565
3617
4869
2207
313
4952
727
4981
3488
4157
4857
3599
1049
5127
5324
2386
3255
2537
1229
6447
916
4604
4938
5745
2661
6378
6729
2102
4110
4005
6863
4304
6610
6974
5194
4126
2696
1906
732
1355
5117
2719
2508
3688
5387
3108
6715
6845
4227
566
2383
2554
3692
686
5311
5076
1439
2664
3388
6068
3558
5215
5776
6289
697
5268
4943
1621
3021
4982
2798
1341
2922
5179
1804
4762
3503
1036
2563
3813
3387
4894
2995
760
5395
1917
3780
3623
5971
3443
365
1093
2843
5286
4198
1794
6432
1984
966
10
1811
3704
6026
393
2234
6854
4427
3499
6601
3867
6595
6872
4021
6822
5131
3308
1117
6075
4404
5165
4213
1927
1200
2925
6096
6215
4188
6816
5137
3989
2461
1935
1398
4828
1851
2266
170
6467
238
5029
549
1173
1820
5929
6227
6194
1709
5371
6270
4686
5315
4450
1904
4039
2409
1266
4065
2028
1446
1757
4912
5712
3246
6209
1978
6934
6286
2349
5837
6095
642
317
3392
143
6740
6653
4521
1949
3491
3601
98
1129
3894
771
2897
5992
379
3710
898
1970
3793
4431
3707
1805
3822
2068
2436
3994
3902
6533
1136
4053
3049
2718
6277
1883
1567
1030
2012
4412
5818
3730
2277
1583
1320
955
2947
4405
6036
1014
3663
4213
1656
634
1932
583
1585
2444
3182
2500
1343
3598
1159
1834
5152
5350
5256
6814
6664
6122
1328
5634
5254
1786
2684
1982
3382
710
875
642
5294
2854
4597
4202
4744
2360
3224
6362
3763
4356
3358
6457
1654
4916
6758
1522
3066
6159
2965
1956
3027
1013
2657
2884
5723
1060
6658
6257
419
2496
4653
3637
5231
6074
3846
2339
76
5231
4210
5219
3400
2137
807
6283
2062
2484
3360
608
693
1286
3360
5122
2909
825
4650
5541
6453
4581
6267
6355
651
4174
4341
4039
5617
4669
4888
3733
1552
4682
4775
54
580
5143
5893
6343
356
2216
6138
3400
2764
1295
5093
6242
6553
940
3552
6970
2112
1153
1419
1682
4811
2051
1822
1159
6593
1500
6734
5565
6881
5014
4867
5374
1827
5578
2668
2273
6179
4335
2351
2775
2826
174
2889
3249
2947
6049
854
726
3919
4084
3550
5473
862
6707
1516
5758
171
1019
5516
2989
5746
4726
617
4919
3264
2638
4472
5638
3215
546
3412
2169
1085
6374
1559
5092
1040
1692
6161
518
4264
1185
232
540
6153
1699
1709
6163
4875
1446
6863
75
4872
6486
6542
6934
1137
1174
1069
32
1997
6671
2645
4505
527
4860
3779
4061
2043
3818
3173
4613
1277
6277
358
1895
6879
2262
3795
6520
4749
3721
3001
2569
845
6610
5165
1351
5200
3679
32
3924
3488
2529
2469
884
558
4844
1041
5498
129
118
4709
6000
1156
5684
4114
6501
3812
1080
2091
2257
4724
2311
952
1701
5024
5951
6724
3085
3419
1381
1660
4591
6757
5452
4409
3389
3156
6994
6477
509
6509
6852
3135
3939
2679
1514
4722
1852
3397
4405
5376
3107
2838
3389
6742
921
1251
4463
4125
6709
3124
3124
3445
675
2719
3765
5341
5009
5950
5809
3451
1364
5795
2689
3188
4321
1291
1763
4257
3375
6517
6706
6831
6378
102
2159
6233
4163
2010
4129
2804
1490
408
1487
2015
4198
4210
998
4620
5435
4224
2287
1672
3250
6504
5088
6795
2310
3564
2202
2403
258
2225
3442
6524
5681
6503
2313
4684
3149
689
3494
6950
2257
995
6028
30
2114
5947
5206
2691
864
3670
1046
2830
762
2080
4589
4222
1663
3335
612
2125
2569
3788
4241
826
612
5383
2582
4100
5869
5630
3036
4935
813
2457
3717
5262
1989
1053
174
5462
4675
5188
4691
6411
3410
5821
2108
4993
2512
4925
1461
1321
3976
3050
3796
4142
5000
5696
6123
5075
2806
3578
6678
3451
6011
6726
318
572
329
1829
1740
6736
2225
3077
3041
3914
5381
1446
3842
2898
5772
469
6969
4813
5467
1168
1398
6156
2937
1007
6644
3550
3275
4747
3480
4093
1542
6430
2781
4251
2500
734
3483
1950
6517
3335
5190
1711
4846
4804
2250
411
3239
3594
5987
3196
5191
3249
3363
4151
434
664
1901
4122
5170
5348
3951
5186
6387
2284
1396
4598
6720
4668
5447
3612
5412
2173
2484
910
5715
5685
6224
6569
383
1448
729
4378
662
2722
5983
2444
1216
3463
1922
3666
3214
2602
709
6221
3982
4902
3272
2643
6923
6060
6020
5749
641
5458
5744
556
1383
6956
392
239
2693
4330
3125
4747
3261
3014
3367
5535
3598
6032
1966
5522
5923
5928
6481
1780
6578
2007
5981
2686
1120
10
4007
1710
2305
1379
4125
6835
4878
918
327
2098
5975
2126
3939
907
3800
5498
1918
6187
6817
4407
2622
582
76
330
6788
5120
6491
882
3983
2209
4442
3128
5099
3379
4120
1269
1257
921
5187
2334
4352
5878
5433
3582
3665
6510
3915
5800
6536
4301
6484
5735
6750
6938
895
3597
1332
3552
5782
2356
2946
2449
6583
196
133
6279
4201
2058
446
5521
3668
5801
3423
5078
3974
5095
2537
5785
2698
3495
2866
1993
4028
6118
5098
5491
1671
2284
2068
4766
2823
4426
2713
6795
2018
5458
1671
4151
1488
3839
6809
3359
4244
2442
2441
6079
2035
2045
6745
2975
3930
5576
2078
6946
3740
2223
6877
4116
1920
5348
208
7
3001
6470
6521
5026
575
6141
5447
3527
5170
5816
3638
2423
2911
405
5225
2773
3084
2285
1515
531
1069
6250
5074
6677
1497
3093
1493
5736
2526
784
1740
614
4664
2997
5286
4794
1433
2449
4832
2258
4043
5897
5281
4789
89
631
2035
5707
4236
2713
1115
5107
2144
38
4442
2533
806
2325
804
6013
6757
6453
2349
5584
1442
3147
4419
5999
4230
3003
6039
6453
2222
4790
1205
6806
2054
1011
1163
1342
663
173
4831
5243
2696
5442
2128
4384
5584
3788
431
6934
2273
6317
3430
505
2560
1499
5662
3293
3073
6638
4775
5124
32
2386
2872
4261
1330
2934
3662
3465
4058
6495
3161
6373
2967
1793
5466
3503
2426
524
777
3264
3118
1111
5340
6325
2192
4163
217
2241
830
4542
332
6130
948
4891
6012
1670
5569
5163
5679
5018
1480
218
110
5366
4747
4544
2964
5857
6625
2274
2728
1357
6480
4764
5977
3791
3686
1814
537
3253
6329
4328
5002
2780
5535
6643
845
4972
3391
6342
5042
6186
726
6394
3402
4787
622
5698
1504
816
6313
6346
5542
427
3011
5435
4235
6851
3045
3495
4890
2775
3774
1216
1998
3245
212
1800
1761
4166
3488
1468
1972
4208
1320
2778
1081
2447
3422
844
1500
3329
3645
4808
3072
6172
1803
2069
3853
2655
2130
1300
1335
650
4961
672
867
2930
3776
780
6874
3101
2561
6648
56
5326
4729
816
4038
1758
2421
3161
6211
3528
5186
3511
2233
1566
6757
1976
1900
6453
2105
343
6078
5442
6934
2351
3005
727
158
5444
2221
5350
220
5943
2114
4329
1854
886
2278
3244
4385
437
4777
376
4907
5365
2151
2596
995
1991
363
2586
308
1566
1225
6771
1033
4830
4312
1560
827
1332
5366
702
614
660
3494
3077
5794
5049
2813
4557
6484
5765
5491
6518
3796
5805
6908
5330
4690
4239
4254
3593
4082
5939
6445
2177
4862
3827
5761
4352
3835
5873
1529
1368
3315
395
2385
5309
2481
3941
2479
1894
1644
724
412
3221
3154
4738
6157
3365
5286
6603
4993
3351
1661
4795
6693
3481
2634
1929
1883
3524
2097
4820
4466
120
984
5865
3022
1446
889
