3949
2990
4203
208
157
4500
4517
3458
4308
39
1306
3070
1338
335
1685
3847
1044
3059
3921
4201
4474
3542
2240
533
3550
4529
3437
2318
151
2543
3397
979
4843
3720
1727
257
2275
2606
293
445
1216
1238
538
611
4499
4963
1851
2213
3402
3173
4907
1779
4359
2952
3063
1028
1282
4277
3864
3599
2407
1818
2262
4136
4362
1142
3897
4346
4391
2517
1523
3789
2126
732
378
2333
1491
4130
2914
3967
1460
2356
3598
928
4859
1227
814
3099
2651
1923
2685
4943
3736
4555
4570
2003
2247
1628
3534
2327
4996
1175
4205
3208
3227
4256
3077
1263
4502
1697
988
2992
2981
172
2582
1170
2179
4817
4795
4391
3685
2896
1143
345
1669
4340
2611
1759
3109
2669
4362
3867
4672
2799
1686
4770
3266
2924
4984
1991
4567
2203
910
4644
4161
4467
710
1766
2427
4120
689
1891
4546
296
4723
4491
692
3867
4423
4025
2824
981
4927
3804
3205
994
2185
1486
911
4124
750
4760
4676
2068
2692
4840
1884
4795
675
1448
383
4003
3844
1196
4392
4815
1100
3928
255
1243
4073
4667
4533
2729
700
2724
1000
3498
460
288
3782
46
356
1413
1135
3424
562
1991
403
4016
1080
1876
4002
2766
999
3069
4906
3616
3455
3707
4267
4440
4092
1316
3623
3637
3867
1929
4301
877
3418
1805
3428
3244
2405
2308
2580
2683
724
2133
361
1912
3482
1638
409
541
1728
1954
3245
1352
1912
3738
356
3279
3486
2621
26
1221
4016
1453
2943
3669
2175
2592
212
386
3757
2495
4953
1865
2646
551
1834
3716
812
4505
4384
3420
1970
840
3251
4194
1410
1007
1549
3066
994
876
3146
1372
4224
1245
3684
2664
1711
38
1034
3446
1914
4692
3168
71
4477
3480
1882
2571
4827
2163
4819
672
2561
907
1082
1947
3521
2055
1915
1311
3932
1437
4100
1247
3967
557
4702
2097
1966
3370
1299
826
902
4221
2815
2176
1987
4013
3414
943
2106
375
4485
4035
2817
2933
1397
1823
3347
2670
434
4736
2823
1851
4643
154
1496
4801
682
2325
184
2872
1322
2418
2749
3575
3136
3744
293
249
2337
3261
1094
4624
2771
3755
3574
2956
2833
3818
2241
2704
2886
3427
129
1034
4891
264
2632
4269
2307
1902
4161
4669
4155
2708
1924
4358
4223
1683
3696
73
4416
1169
3914
1899
4969
3043
2860
2108
1057
175
1849
129
4395
3923
1653
4911
3008
1806
370
4245
2151
2249
4165
1956
2315
4154
3062
1958
3890
3413
2758
880
1077
806
1523
4245
2235
4279
2631
1928
4625
1858
4503
1437
1212
2149
3399
4397
1111
784
4427
1701
3216
3483
4688
4914
1052
1864
1384
3138
3059
1778
1804
4858
3038
3249
2285
216
4453
3643
715
4396
1533
4521
1814
1280
4102
2179
2459
1201
4899
1993
2262
4608
227
1071
4998
2602
940
1251
3438
8
2599
4823
1895
3532
4638
3861
1179
3233
530
1540
3820
141
4642
3774
451
878
1909
2955
1997
4205
1265
3342
4911
2020
2628
4601
2635
3944
4703
2791
4307
19
2730
4550
2329
1377
3826
88
137
3116
1727
4284
4934
2310
1315
4958
161
1354
3077
831
4857
840
1107
2226
4708
4467
1806
2781
4763
4345
655
840
1499
990
2520
2309
3576
4109
3669
4636
3068
4645
2824
4697
2605
1731
3820
452
4517
4618
4114
4669
3843
2268
1887
2674
1583
2835
3959
3255
3538
448
4042
2665
2059
4055
1012
455
1430
3469
2755
4805
1192
4303
4433
718
557
2737
3001
949
3498
3760
191
3112
343
453
2144
618
2076
2550
2713
540
2316
1474
2683
2351
2839
2976
3571
3344
3545
4253
3472
856
1584
3920
4094
2111
4187
404
823
4269
2725
2633
801
4813
33
271
2235
2510
984
2193
1985
4182
61
586
1871
989
4274
318
3377
3252
2596
671
529
521
1160
859
3106
2896
4689
4678
4553
23
3714
1018
2140
4086
1797
1735
146
3953
838
2424
1706
2747
4834
4468
3168
1617
4745
2949
3546
2920
58
4425
3705
668
1446
4979
794
3222
476
926
508
3584
3612
3021
3604
4512
3447
4153
3940
3976
1195
143
138
4910
3053
2653
164
29
1143
210
1418
4374
681
1695
3140
644
2555
1206
4378
4667
2168
1133
4154
1844
4351
127
68
1488
1067
4863
1690
2430
4403
2690
3235
4491
1619
2760
3534
3581
4897
878
100
3028
4324
1436
4798
1421
2021
3582
1406
3229
282
3705
2889
3686
4240
1124
2057
4737
974
1264
633
2216
3065
2557
2770
3134
1217
362
3595
742
3922
3344
829
3869
918
2468
1988
4533
0
2512
497
2087
2028
1085
3284
2787
3842
3031
2919
4647
2186
4293
4758
3154
2505
1323
2451
444
1529
3534
1222
108
1791
4163
4601
4405
4021
3348
2185
1806
1744
4840
1408
573
4868
3518
4376
2295
2947
798
1186
1270
1108
4268
4428
4863
4112
3162
2385
3247
2232
2440
3963
3282
2291
1987
3420
4704
3428
4143
1673
1373
2271
3186
703
2643
3636
4031
3408
1429
2356
3812
886
2682
3480
4529
3384
349
978
3508
602
2725
4955
4013
518
3166
4443
827
1481
2299
4623
178
1841
701
2900
1106
4578
3309
4553
2797
1800
442
3939
2124
2982
2768
1243
3782
1957
3589
1994
2303
3320
129
4252
4497
948
2457
1146
577
3677
4184
401
256
2884
1843
1729
340
2573
4039
2272
547
868
3594
3740
1380
583
1602
3967
858
2255
134
1612
4157
520
87
369
1550
1064
3922
3693
383
3908
981
1624
1981
1334
4243
3282
772
323
1654
1099
3941
2232
2096
106
3678
3517
3374
3442
4502
3082
754
1582
2683
4854
1019
2900
3274
1606
459
4375
4819
842
2373
143
4262
4715
4224
2236
1813
625
245
1560
1472
4457
1833
10
2679
1676
1495
934
4648
66
1749
4697
3101
2077
841
3539
4625
4971
49
85
607
3483
4988
3154
3670
4896
3391
2394
3517
1395
4832
2890
4431
4250
1865
255
4235
1783
2193
2608
4668
1468
4669
2956
1303
4010
3022
1888
4806
2001
3743
2123
3440
3650
2094
1077
3522
1680
3300
2713
2223
4085
2507
2756
2063
4432
539
1470
1671
1171
4224
2213
2796
955
916
3408
3901
314
2925
4545
1109
2686
290
644
1170
564
1271
3620
2629
3055
2282
1685
2286
1570
1258
2380
3667
2814
4148
634
3756
4444
1377
3679
4551
4708
3887
3548
3787
3198
1801
3601
2787
286
1638
3557
865
581
124
4907
2308
3258
174
4177
47
959
873
3060
4351
1904
1839
4504
705
3630
3262
4236
254
1434
1937
4930
3565
2309
2296
2467
1499
3699
4942
1281
353
3497
2799
846
4409
4660
1268
4874
2118
3832
45
4866
3144
58
4017
347
969
3797
2421
1079
1263
768
1583
662
1790
2537
2669
4773
4905
3395
3695
2436
389
1835
366
4209
3019
433
3815
931
4559
737
2032
4433
4473
1032
2406
1096
4576
932
3617
4779
358
941
2477
4909
2364
1192
3885
4226
4946
1930
4949
4043
1443
224
2532
1953
4467
1853
332
2712
3542
4062
176
4109
3231
3351
4546
1459
4289
4344
1486
974
2718
354
3966
4906
1449
1620
2994
254
2098
4250
1475
3466
974
996
3221
2008
3311
1253
935
1319
1087
1642
3600
1025
501
4298
4008
3039
3178
2549
4968
1899
1475
605
3839
1754
2547
3481
458
4204
3371
4201
4206
1756
2217
3523
1957
2851
4331
276
4771
2433
3638
3210
2076
4811
3816
4262
1397
3120
5
1639
1571
261
3850
713
539
73
3964
1365
4575
1322
4940
2442
4074
94
3057
3833
4641
246
4138
6
3005
2501
3415
2042
1897
1174
2538
165
252
1515
1976
657
588
4850
2806
3323
272
4674
2273
866
391
3155
2966
161
1426
1683
2627
2553
539
413
4216
47
2729
2036
4901
4166
4961
3182
1554
3437
498
4316
1245
3921
2493
1997
3755
1581
2984
2449
4926
1253
173
459
4191
2851
1731
2280
1769
4896
1913
1189
2754
2308
3778
2621
870
4937
4410
711
4545
1122
2611
3006
545
473
3244
2146
1910
2989
127
1683
2095
2890
1070
4646
1483
4875
1025
4697
696
2210
2022
2440
1019
4960
3645
2914
1780
2233
639
3941
45
3694
403
3053
2576
3190
4348
2556
498
3518
4002
3876
1728
709
4060
1488
900
4101
887
2472
508
35
4950
4067
1231
2992
14
111
1605
3896
2636
2724
850
335
2637
1230
3510
3131
2297
2001
2332
1405
229
2583
3829
3385
4420
3901
2913
3677
3162
4820
2441
2855
2461
1243
459
1230
1672
961
2715
2746
2277
944
3907
4832
22
4581
4447
4078
3367
244
3719
269
2212
1529
658
3156
2667
1985
531
4816
1910
199
1795
225
1191
3306
2235
720
4880
3091
2859
3013
1774
397
4388
2997
217
2173
3207
1369
4131
865
248
1090
2914
2437
2098
1744
252
4312
248
4833
2398
4813
533
542
649
1254
3785
3513
2705
82
257
267
435
71
2122
4491
2275
4571
17
4985
1391
3868
858
680
3628
4560
2891
577
1963
2542
4892
4436
31
275
2269
1314
3717
641
1523
4462
4153
2794
4305
1026
2689
4946
856
2917
856
1370
963
1114
3369
2041
2025
3604
4926
2317
4495
2525
3204
2159
4689
270
908
2949
101
465
3913
377
261
3186
1513
662
4527
2612
2307
2082
2586
2087
1355
4695
2367
3775
716
1284
4698
185
2027
3945
2059
3046
739
4239
1734
4410
4491
166
1715
3862
4736
1928
1090
2225
2792
730
3247
389
2893
283
1069
1094
1569
3997
1715
1285
4188
1449
936
1483
2224
2719
484
3145
3317
4003
2524
4116
1670
1770
4217
1174
2534
1716
2582
1183
592
4356
2453
1739
2275
4218
2693
4605
3734
2633
2209
201
2685
3444
3712
3190
3200
2300
4364
4162
1700
141
4857
832
4409
4071
1236
2821
2816
2975
2542
297
3374
701
2084
3624
865
481
2884
4672
525
1279
222
1676
4300
2665
596
4199
2464
3427
144
4773
3046
3762
4273
3499
4849
4934
3817
4439
1960
4455
2541
402
3581
3443
2514
145
2571
3933
2585
1003
2659
1234
4622
309
1251
3412
1427
3145
1196
4609
2020
1997
3870
1350
535
2056
1106
3053
458
4199
4140
4935
3416
1918
4083
4138
3041
4218
2918
4498
2141
451
2876
4158
3861
3222
4848
858
3503
2864
3927
2402
308
1432
1416
2750
4335
2963
3760
1312
1772
2235
4990
2818
26
4825
537
4333
398
2223
2420
1789
3382
3074
2747
344
479
3397
1910
4941
2652
1345
2103
3921
195
3120
1320
2220
3493
3561
4982
1362
1170
1565
4676
3310
1031
4288
318
1233
3806
4795
2043
1288
1407
1607
3165
1532
4312
2300
3513
1410
2646
1663
4821
170
1607
1778
3267
869
198
3445
2537
2840
2874
4242
2577
4718
2396
638
1820
3737
979
4643
3222
4840
3205
2491
3190
1445
4468
4999
733
4253
3314
4230
760
4434
1339
3065
3347
2286
2462
2387
3180
4733
1359
2237
1905
173
2388
415
2216
4458
2322
4435
3897
3642
3691
3436
4337
1687
4878
932
4878
1219
3228
730
4034
541
1306
970
3062
4417
2432
1215
4452
1798
549
4900
537
2537
2068
2176
1949
4816
3087
79
1408
2704
4518
3485
3227
2247
4692
1205
4312
4910
2159
1312
16
2134
2178
4074
3671
3300
4328
2886
2885
423
1079
3857
3403
1885
2679
2004
3080
1517
1422
3131
584
4712
2065
546
3728
65
4944
2503
768
2251
687
2115
1317
874
1765
3331
426
4921
4363
979
474
3595
546
1785
1765
2661
1361
2031
317
2064
4258
762
2211
1292
3736
4552
1235
2616
352
1582
4137
2359
112
1999
3318
4700
2984
2793
2435
4342
1508
2570
2161
854
3307
920
3506
3005
1879
4069
2783
2043
2329
3633
2647
1794
2904
4018
3081
1985
3582
1902
4735
1020
1407
4481
3511
561
2391
3738
774
653
783
287
3867
3165
836
4489
3422
4025
964
3011
3755
1986
4501
3492
695
3532
4044
2828
262
1935
3039
315
2006
216
3808
348
1739
1260
4638
4840
3992
4732
633
2391
71
2363
4882
1002
3717
4077
4677
60
4909
74
2468
567
1439
1968
4633
1234
3533
2359
1367
1296
4218
1261
3110
3188
1551
826
3041
3056
4971
4998
3510
2573
703
1878
2529
4821
4491
3933
3493
1420
4888
3863
1104
1501
4643
2633
474
2617
2995
3204
2594
4602
415
3809
3125
1005
2855
886
1476
4734
4373
4206
3096
766
695
671
941
3527
3493
1013
1184
2888
1441
3932
255
4915
3344
1762
4139
3516
691
4707
2572
2101
4970
2526
1434
1284
2574
3677
3739
414
841
2490
3669
4332
1157
4812
2538
3860
2621
2617
3243
3955
172
485
1523
1157
120
441
2249
2127
2235
4935
353
1268
1022
1522
1944
3900
129
1058
1529
3227
4139
1709
153
3381
1835
4561
1740
927
3825
3757
449
2281
2676
3760
3913
3607
857
4209
47
1015
1852
3101
2453
3397
4223
2799
4859
593
4692
290
2604
4098
4648
362
2735
2276
2382
841
3086
1277
2564
2637
1575
102
1014
2918
2181
3893
1182
366
4690
1935
1869
4369
347
1042
2793
2867
1696
4304
1730
4745
2142
7
3490
95
2051
2694
2329
4121
4446
714
2554
3845
288
1287
1438
1333
3499
3122
4043
739
3253
2579
200
838
2617
3960
3696
265
4058
2644
3624
26
1045
4718
3079
2351
1226
4102
4329
4028
4430
2330
247
2026
4433
455
399
3593
3719
3379
4964
1614
2029
2191
3226
4840
729
4690
536
3004
3406
1641
2682
4745
3387
2315
1529
4454
2663
3208
1106
2191
1252
4281
4776
3542
2621
3154
1166
4429
4244
1716
4789
3714
3372
2880
1142
2724
544
4798
4997
1930
399
4283
651
3339
3509
1569
4254
1120
623
4760
263
4589
250
3594
2631
4694
904
1748
4071
1542
2968
1041
4163
2995
1545
617
3282
2582
3683
1422
284
3582
4418
1375
1856
4484
1855
4469
3609
1873
2325
499
3621
243
4341
2146
3626
1574
535
2362
2901
3048
405
2685
2384
2845
1509
990
1855
2465
964
3415
3640
3036
1713
2320
2421
735
3557
859
2886
244
1597
1755
4535
2116
2601
4485
4012
3107
1621
1591
2093
3541
4489
2350
4354
1684
3206
1531
132
4969
3136
4141
53
3544
4147
1458
2709
3232
1307
4254
2010
4287
2404
1023
2323
2597
4066
2823
3865
447
38
3864
1955
3716
1374
1118
3652
3196
1768
1093
3627
827
307
4932
4375
205
4385
17
3021
3980
1789
3772
407
2109
4101
944
739
4305
3316
4820
3645
3623
1847
2623
4154
1295
3553
514
3298
2089
1574
1615
3025
627
2441
2783
698
2737
4802
2930
3984
4135
4231
2919
1459
1834
2261
260
731
3717
739
3943
2189
1296
299
402
367
3890
463
4797
4000
4783
3956
1534
1873
3908
3965
4651
2443
4567
1887
1672
4667
1756
3332
1108
1009
771
4719
542
4953
117
2947
4509
2931
4644
2239
3532
653
2106
4914
4597
1027
498
3615
3876
3304
3963
3909
2340
4036
4139
2198
3192
1330
4496
2962
2847
1101
2114
639
4346
1670
1420
3151
3354
341
4785
3982
2634
401
2267
1079
1020
4381
1454
2866
3703
1122
3659
3516
3174
2619
785
2338
1876
2953
4582
707
1411
2243
1268
3578
1861
1665
3974
1285
2945
3509
665
1869
39
2127
1408
4370
3679
4084
4823
2841
2531
4378
1153
1021
724
395
101
4656
2482
235
1035
2124
326
3727
4421
1211
4505
2764
4232
1375
1664
4137
2378
1607
3807
3419
2173
4094
2969
1867
2849
97
1562
501
3792
4445
3084
936
4707
4683
1101
301
3643
2730
1898
590
3369
1231
1493
3308
342
2722
4169
1677
3062
1216
1918
2160
2679
1249
3560
2030
4313
302
1090
4079
2445
2489
3616
3150
3695
4696
3978
1354
3352
2927
2340
922
3132
4033
1986
2309
75
4811
161
4219
4467
1005
4409
3715
3706
4494
1062
2489
921
3682
3702
2435
2132
4259
1829
1369
4221
3610
3419
2096
2945
4200
4760
1177
4467
1445
4814
3946
4212
1708
3892
4248
3268
1201
1627
1743
3969
4504
2744
2561
1934
1076
4474
2806
1320
3584
4150
398
4082
701
2503
3384
3304
2425
4273
470
2816
3320
132
240
1260
866
3293
137
2116
1209
3136
161
2185
2860
2906
4176
68
1861
2803
3068
1581
3380
4697
328
80
254
391
4665
2265
2446
4508
2877
4328
3149
400
1578
2096
2225
1618
2097
2673
1112
852
901
989
4719
3800
3484
1448
2907
276
4064
912
2027
4592
3074
84
4496
632
1157
1641
3290
3117
82
3439
1673
2494
1365
531
773
4357
635
662
82
2956
3759
1170
611
4709
3176
1020
1697
4649
2783
4709
1025
4112
3810
4522
4352
1959
4177
3836
4371
1512
258
1578
1807
4947
1765
2042
481
3955
6
742
812
2851
282
2347
3381
3742
1015
2021
4524
3638
4429
3111
193
549
4395
3327
1185
2343
3040
565
4900
649
4871
1899
83
2266
1678
4240
2795
2095
4971
983
4089
4845
4210
853
4249
359
576
3608
4271
2928
2101
594
2393
3490
2778
2037
2711
2981
4151
3056
1176
3459
3743
2976
4538
1272
1755
2802
4454
3967
1215
4980
3734
2583
4605
283
4011
4516
2636
2535
687
3050
4964
2747
3772
3525
209
2689
2199
4996
4914
1242
3037
4275
2901
2571
2632
3031
4353
1027
277
2269
3255
2633
46
3788
4709
3434
3775
1825
4736
2064
119
3720
4430
830
3253
4304
4430
752
892
1072
3884
1063
2637
3421
2037
4018
3855
53
523
4320
1102
4142
4509
4922
373
3168
1079
4614
2313
3033
449
853
1387
4751
1662
3518
3905
4792
1204
3324
1963
3045
2634
4130
3341
1629
2595
3495
4669
1374
2886
4653
1267
134
1359
1931
1304
2983
3574
4690
1468
4649
1394
2324
4360
4418
673
3192
1661
4464
4398
2314
2151
3479
2376
3616
945
4494
1275
40
4478
1956
2838
2781
3145
4736
3288
3928
402
4606
1023
3402
4126
3349
2623
3471
1425
1701
4627
1703
3619
990
4139
2119
1820
2259
3242
1964
949
4182
1058
511
4341
1341
2566
2612
684
3426
380
157
3496
1672
4510
4283
3473
3825
2916
3204
2203
2740
3271
280
1128
2620
2964
4573
1351
404
4395
4547
2221
1983
1162
2698
4430
1196
3419
1567
4048
3158
424
4054
2989
297
1462
4673
4699
824
3573
3910
3729
4404
2098
1614
1376
3063
3174
706
4467
3903
2895
1368
4413
1774
1953
4324
294
1581
4489
4442
1641
4369
4718
639
2133
3462
4532
3751
2702
168
1582
2416
4951
4776
3575
4198
4703
4307
3662
2872
325
583
4468
2008
4065
1622
946
1544
2736
1245
2419
4080
1619
1838
2268
2908
3029
290
2220
257
1167
715
876
2424
4810
756
1460
731
4200
980
630
45
1056
2127
1668
4559
3108
1701
1057
1996
969
1095
206
4861
914
2595
660
4713
176
441
641
1340
2242
1661
2017
4033
981
2581
2714
2426
3073
1717
3620
3612
1312
3598
3419
1855
652
3181
1843
2331
1395
1167
4926
983
2929
2146
3164
754
2755
3679
688
3388
4059
4972
3627
3391
2205
4102
2384
2383
4949
3955
4195
4848
1914
1333
3839
4535
1091
1011
1906
3009
1837
1434
4863
1199
1142
4104
751
2523
1513
2921
925
4524
4142
4362
2237
1325
3573
4987
3904
677
4119
3434
2103
1959
906
530
4593
721
2519
1859
372
4465
441
1794
1508
3491
2979
3673
1154
3248
4382
4626
747
3961
1191
4548
2531
2377
402
3144
1423
2704
1845
238
4101
3508
4658
4032
3976
2257
2274
1880
2227
1761
3275
4277
1369
4711
3534
4529
1495
1085
2647
1318
759
4902
3698
1510
3314
4294
4118
1082
2969
4237
545
3322
4023
346
4496
796
4918
2572
3609
4119
309
732
255
1999
1835
2038
1441
1731
3900
1311
2192
4689
3413
2008
2346
4372
3732
3464
3624
884
3865
3792
1096
4156
4859
2175
2144
1384
3648
4606
1512
3029
4117
4918
1514
4514
4014
2533
1889
3564
3731
2984
4355
1240
3032
650
597
722
3599
3387
1777
1490
4643
1708
4902
734
2196
302
1509
3674
250
906
1811
3211
3255
627
1696
1284
166
440
4906
4408
4458
685
3758
1206
2581
3841
1349
4235
4782
435
2359
4057
3261
1541
1903
3540
1966
3275
3755
589
2031
141
4846
2456
1888
3439
2395
3288
4870
826
1720
3299
1092
723
1549
24
223
4601
1792
4516
4805
4668
398
972
2217
4113
3639
276
3085
1418
3023
3862
4204
2130
3365
4119
3762
3662
234
587
1731
439
47
0
1605
3636
4803
3208
740
4645
1624
2889
296
4570
3377
4839
3756
2921
3730
488
1813
1407
1124
3600
1205
237
4171
3259
3123
932
3198
4256
169
4900
3803
285
2738
2653
3108
404
1454
3105
3522
3925
3459
4137
812
3286
249
4515
4764
2494
3586
1765
2070
639
1141
4044
3870
1721
4966
3709
605
339
2747
1348
4448
1428
3909
3443
4949
4327
4649
1034
2386
4406
690
4421
1596
2518
85
3339
1657
2904
4809
3682
4762
4575
2769
320
2953
3725
1999
621
2811
3456
1238
1484
937
1634
932
1984
4921
2934
1386
2291
604
718
2866
538
3228
2914
1852
308
3716
866
3597
1929
3492
2541
2356
232
1279
402
3242
888
4130
3499
2278
3712
3884
2250
4586
2514
2101
132
3285
3994
3324
1802
2774
1372
704
2966
3081
739
1827
2898
1170
158
382
4884
1723
1062
13
4973
275
1874
1737
1449
1350
3379
3451
2562
2771
1699
188
4717
1398
1864
2982
1070
3273
2855
2293
2150
2825
1948
1096
2554
4620
2653
1055
4296
1706
4830
3728
2147
127
3144
2889
3685
1771
3474
924
612
4155
2353
970
3261
3176
1499
3429
1573
4897
4888
3615
2543
552
1145
512
1103
3975
995
1816
1029
317
1309
1538
990
2976
348
3552
956
2536
1248
4545
661
1470
4039
636
4057
4768
2775
487
556
3770
3185
1720
1540
2114
3417
4416
1277
1455
698
3191
2376
4567
3334
3000
3378
2980
4139
3458
3136
3746
169
3495
321
4416
2552
629
4884
4929
4223
1686
4143
3430
1655
1663
3041
1906
3230
4090
4192
4617
4655
4567
2420
637
2998
1278
4973
262
3633
3626
2167
4261
99
730
2027
4918
1834
945
1018
2912
1496
4328
4114
1571
518
4821
555
468
1844
355
2587
1687
606
2885
2813
2170
1897
2832
4065
4138
4771
4260
2669
4509
623
310
2432
1579
2992
269
2063
2153
2149
2191
225
2027
1307
2424
1061
4502
4736
3039
4123
4439
3651
4740
1528
4339
4554
1673
1603
1692
523
1045
3972
709
3843
887
4245
547
1573
4901
1192
1047
4923
1912
151
4388
4088
3659
1203
2322
2086
4689
868
1900
498
3881
4520
2260
4013
3255
1791
1105
590
1944
4706
3306
2203
1793
2339
1114
191
876
1984
1288
2637
2608
1738
1689
4682
2499
2482
4564
2521
3335
730
1066
3216
1175
777
2472
3439
3997
216
1811
4297
3625
1626
4927
1715
4879
1097
300
3857
2582
2139
2061
1472
1513
1924
1950
862
3707
124
737
869
2316
4137
3989
255
1858
279
253
2588
726
796
3472
4734
4741
1817
4569
1045
3143
1290
5
3095
4159
2494
4925
1975
2463
3105
95
430
3504
15
3189
3095
4571
3196
2810
3868
1607
1287
3916
2863
4943
2949
291
3403
3959
4265
3348
4240
2139
2377
4090
4637
4692
3036
2242
2807
264
639
193
2880
1173
1191
3404
3203
1706
4216
1444
2780
4353
948
3196
3852
1997
704
4400
3930
668
4272
252
3894
3441
1651
2486
1246
4705
857
1297
1211
4783
888
3894
94
2622
854
1249
1252
3987
4465
4526
969
3517
1178
3791
3321
1842
1625
2043
217
4487
345
4460
2835
3459
12
3884
2904
2929
2529
621
4056
1064
1897
1900
3870
2184
906
2649
1991
4459
3363
1942
2121
4166
4214
3569
3143
4307
1851
4896
2842
1228
1353
4832
444
3366
3903
2754
1046
2080
2473
3475
3178
1206
2310
2566
186
4478
1990
3168
2431
4654
489
1143
4646
1168
2491
72
4773
4588
4483
2836
3955
2536
1979
3390
4365
2750
4162
4931
3348
722
3860
1935
476
4687
1971
1776
1648
997
3647
1777
3969
1585
3561
4109
2502
3808
4677
4126
1460
1897
4485
2121
958
4271
2083
4888
249
2351
4671
2540
2510
212
3750
3796
962
4501
3067
4422
4507
1216
95
945
464
1333
925
749
1043
3690
2664
4768
2307
3214
1653
285
2201
4515
1661
2811
2148
4309
2115
3839
864
3954
356
495
1378
3101
2420
1205
3726
1539
1180
1500
2497
3521
377
4233
971
1272
785
4457
1716
2615
919
4011
111
1275
3766
922
1755
1364
2297
2402
1942
2271
353
12
4589
100
4976
3111
335
2139
18
2869
3119
3184
3443
2239
2312
824
2339
1414
139
2055
182
3183
3755
1016
1265
1642
2346
48
1207
3512
4092
4055
617
4566
377
4228
1843
1498
2481
4203
3379
4041
1671
2302
2733
250
4200
2118
4978
3603
357
3548
4256
1294
1835
2032
82
3759
1572
1885
4407
3949
4167
1863
3248
1410
2130
2194
4659
1385
3519
3320
1077
2603
1669
1854
308
4286
1981
4597
2307
3075
1805
2792
4446
2426
226
2294
2349
1836
2198
3990
1302
1701
2161
1898
3131
4764
2499
1666
434
3592
4879
4621
1323
3152
3236
4342
3580
3935
3365
3417
3265
2907
2200
1625
607
3529
3068
3351
911
4550
1683
3217
3544
2836
2431
2444
1077
439
4153
3039
3966
371
3660
4063
2794
1484
3664
608
3161
3457
2179
1887
4080
1662
2746
441
3414
2573
4349
3846
1035
4313
528
2272
3721
878
581
1778
1802
2960
839
335
1792
2302
2178
2817
3076
2747
3870
2130
551
2657
475
906
836
1394
4286
253
3166
1468
1681
4080
1309
288
944
4640
1964
4696
2871
343
4782
1186
3954
3581
3591
982
613
2391
2063
3080
274
1534
473
3658
2176
1566
4074
4113
1504
1329
2468
4729
571
1008
4730
4048
2808
4869
6
4965
3874
4832
3870
2507
3605
3972
654
3253
529
3269
374
1976
279
601
756
1503
4664
2456
357
1799
3069
4449
428
864
353
1170
3693
1045
1419
3195
2747
4016
424
48
2749
1349
4645
4578
3560
2305
1090
633
1246
958
881
3663
1452
3774
3790
2955
3705
1234
2249
2393
4794
3446
3438
411
4234
3650
246
2422
383
4263
990
1732
4024
3964
2197
3001
4234
4365
3444
484
3522
3391
3710
1188
1908
1858
3054
1108
3866
4123
1455
117
2497
1245
2582
1526
4990
956
1701
1306
3173
3246
1873
3647
4553
2125
3098
406
4080
1725
1451
28
278
71
359
244
1674
1648
4988
2078
1341
297
1444
3144
838
2779
2293
56
4587
4327
1266
731
2587
4015
3819
4685
902
4444
2776
2501
429
4197
3283
4932
4902
4313
1458
4075
704
4946
220
1718
2893
2134
2683
3832
3837
1955
4727
3004
3759
4582
1420
4501
491
383
2642
1995
90
1605
3858
2418
1495
2306
1128
3953
639
1754
1027
2332
163
2190
1578
591
1927
2471
3545
1791
1114
553
1897
1646
3998
1822
1069
1163
1202
619
376
2364
866
1923
2516
4609
1392
1614
1894
446
4756
4646
1861
4477
3063
1286
1282
4053
2181
4152
1609
3003
2345
1809
3845
2675
4170
530
3153
451
635
3838
3555
3684
4337
1355
723
3750
2317
2031
481
2592
3473
3289
3509
1944
1847
472
4936
1973
3461
2236
3144
3622
1133
4351
304
3430
977
2319
1694
215
1020
660
4725
4264
2139
56
4355
2901
850
2304
2165
3337
3811
1830
2087
4019
2985
1471
1440
4378
2570
4616
1233
2885
1627
608
614
2356
3182
2473
237
3517
1767
4265
3916
2628
2356
3520
1671
2618
2354
2605
3214
1632
1196
257
3221
176
3223
4783
2814
4576
1689
2583
193
709
1439
1254
1307
712
2926
3852
2052
1207
4145
2193
514
1514
401
4316
1420
3376
1803
674
4953
3911
1290
888
3190
3836
22
4333
886
4020
4253
4806
4451
3568
4605
1559
3587
1398
1755
1355
1719
1018
2110
3009
1037
609
3997
1531
4021
3005
3511
1331
1592
522
4737
3749
3588
2179
3113
1131
4300
586
4218
1665
3028
1707
312
4710
4139
3627
499
4971
2521
1610
585
3707
2312
3466
1644
3631
3191
4723
2426
2789
1104
1461
3963
388
3787
2777
3606
4951
628
2781
4588
3532
1056
3401
1262
3671
2053
3634
209
4991
239
3251
719
229
142
339
3554
789
1181
728
2850
4979
3382
1637
4262
4539
2872
3994
3679
4476
3802
1297
4327
1170
954
144
3737
2038
1382
3664
2482
1093
36
217
828
3178
3261
3976
2700
3344
3516
2606
594
3736
3860
3966
2325
3780
583
34
3289
3702
2467
4322
1424
1023
3070
515
4069
1000
3051
3752
1257
3582
4749
2528
3500
294
2480
3483
2109
3901
3287
1890
4869
1186
655
362
1357
1707
2459
2869
1648
1817
129
4253
154
737
3553
4693
1816
3127
1854
1375
3458
4993
2621
1699
1907
4261
3
763
1329
2736
4947
1624
4840
1853
2700
847
937
1230
216
166
3007
4329
4345
2758
1386
3746
3167
4828
3916
3625
4709
1063
3537
4656
3737
4480
388
2548
3937
945
4957
1429
4827
236
3327
3211
1797
1081
1165
2703
1860
4155
4388
787
2296
351
1139
4511
99
1578
975
1521
746
2423
