7787
7255
4342
3465
6633
7501
3671
2835
4868
696
30
4214
1816
901
7631
7410
2013
279
4215
3880
3464
968
2013
5605
6353
7357
600
655
6736
5796
5306
4138
6977
3853
6442
6728
3302
3554
5200
1355
4236
2500
7017
2712
7525
6916
6458
2970
724
1467
7777
6064
1160
5831
5894
1332
6912
4514
6193
4265
4076
5984
7030
2240
2804
2821
7755
3335
2386
1856
2426
1647
3994
3784
1841
1848
5914
7250
4343
2299
1052
2220
3705
2836
776
7161
2
7081
5926
5065
1098
2076
6530
3733
7717
6281
6888
2516
4188
2620
1487
6076
7897
690
1234
4120
2747
6346
2777
3010
6538
3721
6998
3326
5124
1862
1195
5555
7190
2296
6953
7111
5862
282
372
1493
2509
3640
5186
718
6306
4122
2050
7529
4018
5322
4697
6024
4555
6402
3783
3049
1783
1719
809
7237
967
508
1239
7113
3077
5141
3821
2542
3595
729
3623
3191
7537
4226
6694
134
3553
5333
2639
1116
5447
3624
4691
4524
3941
5397
6793
6554
1923
6458
3830
725
5763
4521
2671
1293
3091
6515
5206
403
1595
1100
3648
4429
5078
5211
2743
6546
6365
1441
7835
1320
3295
1795
6243
1239
2765
2549
3713
6505
177
69
7588
2625
2239
705
1623
918
1860
6215
3462
3914
315
4135
737
6827
1343
1782
2841
3077
5402
5618
3528
545
6459
1357
6957
3743
1286
5976
3156
2987
6022
1741
2900
6495
3710
2105
1202
6005
7965
3076
612
1447
7567
3934
7280
4645
6960
1032
5233
2866
1627
380
6651
3740
2657
4091
3990
1430
7893
2929
2983
6772
1668
4038
2989
4353
7043
1283
3814
6464
4448
2207
1874
574
4410
3046
4559
5904
2093
7749
4707
3631
5733
4660
5657
7724
4820
2496
5954
4561
5886
6900
5404
2646
5745
7907
3793
6397
1427
7061
7830
1803
5396
5836
5876
4899
2882
2993
4196
3200
2362
4512
1234
6990
2876
5005
1668
1382
6360
1489
6420
2981
2437
853
3865
4775
337
2329
3684
1445
3826
5346
5158
3560
4858
5374
4783
7017
809
1013
4049
2184
3292
4878
4451
5668
3364
2619
1441
93
1458
5282
3057
6948
3182
5320
1536
4987
870
4188
5579
7246
3171
2590
3514
4654
7256
42
6374
5670
5172
2213
7228
2108
854
6979
6265
2054
4640
2994
2645
5733
1380
1382
4476
4835
7932
6978
887
7205
5366
5600
2090
1036
5483
4413
4406
5678
3313
4932
7934
7020
2086
181
4615
4016
2413
2802
2361
7110
2165
5734
6594
2323
4661
7890
6490
4214
6964
7029
3681
5625
5124
1816
1892
6195
3727
6259
5246
702
3337
7167
2331
6609
3333
1497
6744
6777
4836
592
5126
4281
1127
267
4366
6074
4006
858
6062
4528
3482
4887
4769
2700
4180
6712
5021
6103
2833
7093
694
498
5220
1040
7776
3303
787
6918
6482
3115
2879
2576
2885
114
4218
1046
2011
1903
3773
945
6685
5031
4657
4379
4189
2737
5611
7670
3386
6796
3573
2549
3074
3613
135
7467
5554
1219
5653
814
472
2649
7682
7463
1497
7751
7538
2042
6095
7877
2173
4492
3914
2542
2495
5237
5752
1660
7436
4740
4319
934
6657
1833
966
1939
3765
3715
948
1529
4879
3655
6096
7767
1073
2377
2855
3723
5394
6378
1741
2001
7338
1887
1498
7064
2566
6298
7126
7682
6779
151
5231
1401
4151
2180
7334
4713
1011
2637
2378
2461
964
3076
7069
505
7505
42
3859
5970
6751
796
5240
5413
2824
4701
4977
7803
4683
7868
4762
23
6333
3746
6607
1624
1948
6714
3719
7474
1283
1341
90
6851
7546
5529
4323
1429
4389
573
640
5167
221
2180
7990
7576
2268
2363
3506
4457
5330
6033
4778
2061
4372
3354
2210
3289
500
4351
5259
5698
2795
4550
2693
2815
4595
762
2117
7292
1714
5111
7506
3511
5648
340
874
3387
1833
5357
6337
5623
30
715
2921
3835
7430
7667
6925
5838
6594
1672
599
7982
4271
7517
4914
677
3764
6747
3433
7172
4410
651
1838
3391
2236
3329
1975
4772
2164
3366
1283
7290
2293
4512
1083
2738
1815
6176
2867
1356
3404
3079
271
713
7185
6326
7298
2440
3457
2865
7410
6784
7299
238
3000
5529
7268
2304
4035
7015
3775
1371
2780
3972
2969
1155
772
7560
137
5270
313
7719
4628
5874
88
3944
4119
4932
1372
3390
2269
110
5252
7045
6545
4948
7315
4890
1485
6212
4401
3095
656
6207
5231
3946
6543
744
4904
1553
7394
4552
5250
6772
799
316
7828
3934
1412
6652
2402
7769
3469
4040
2179
6694
5926
6065
356
406
123
1793
613
2184
4139
7432
7008
2879
4058
1092
75
4831
1701
2156
7027
2181
7793
5657
4456
64
2524
3793
312
6703
5013
4146
2195
5047
3976
568
5070
353
945
5291
7427
3791
1554
1832
3733
6745
5696
1353
337
521
1175
7092
5232
7022
2445
2813
1593
3361
4516
3385
6915
5842
2361
1376
7960
1869
4986
7518
2613
1551
1717
5942
5231
63
459
7059
559
7947
451
4717
4510
3872
2874
2836
539
5637
4025
7836
681
4693
7583
3878
230
4439
5309
6214
7478
1020
1472
2582
4095
1972
5961
6359
140
2093
6361
5502
1045
6377
7464
3619
1110
7482
1300
4546
6555
157
7863
4011
7581
3633
3601
1228
70
4370
5732
7129
2833
1814
1567
3221
2317
6819
6386
4800
2304
5675
5056
4573
1960
4870
5747
4831
2589
5483
6377
3375
4690
2122
3787
5469
4282
1928
1727
2080
583
7767
7347
2763
333
5681
6810
719
6662
6962
1076
1639
6126
5776
6597
6052
1743
5112
4967
3669
2711
4421
6971
914
7908
7711
4475
1189
5090
6702
7467
2326
5836
5306
4974
5906
6222
7713
629
55
2443
6835
7698
63
7994
1390
1515
326
2411
4177
522
2425
6184
3231
6032
4829
5751
7602
7433
7929
6651
1208
3995
290
4473
1807
3929
7201
2745
6457
1461
2498
6467
5756
593
1212
6280
3225
438
7096
1379
6822
7070
4160
4724
4234
7147
2629
4332
661
1723
5068
552
6714
5395
2359
7412
6377
7160
5228
3312
2829
6556
868
7760
3295
7414
722
3901
5669
6314
2733
3417
4171
1064
1180
1375
5020
4113
1470
4457
3805
4307
5203
6476
2886
6741
7818
6494
3038
6158
2087
2136
1394
6193
3280
2390
5233
2050
5237
1851
5223
7564
3994
4401
148
7275
3587
3022
1577
2884
3003
466
4638
3029
3840
4877
1906
1063
2958
1117
3776
2784
7942
2965
763
2805
1915
4282
4998
4412
6682
3431
2035
1951
2739
1808
2197
429
5224
3747
1347
5002
4401
5898
5420
2631
5193
781
5650
6540
3448
4181
2085
2994
4478
2636
7293
5229
2393
5407
7794
1191
5555
5669
2139
680
300
6041
5154
6832
383
2627
1217
5159
4179
6838
2651
5739
2592
4658
7673
2697
2684
6121
4575
6536
3906
3615
7563
7518
3805
810
5385
1478
6582
3673
5046
2153
376
625
463
7353
2044
1299
1396
2013
2198
1721
4095
3846
2427
4639
3323
4961
3342
4030
5891
7013
7941
179
2617
972
892
3583
6879
7262
790
5479
7189
4776
4300
3708
3375
6156
3220
7733
7538
434
3054
1528
5420
7964
1165
3576
877
3864
2913
7095
3238
1806
4925
3117
156
2169
6762
5505
5448
3699
2183
1588
5326
3304
347
2781
2072
428
185
7438
1231
7465
4111
5846
5814
4913
1547
2976
2466
242
7849
3129
4442
2951
1374
3119
6151
5739
218
6100
343
5576
2366
6882
4149
7534
4122
3641
7837
2463
6817
4739
5534
7366
7404
2744
6384
1288
5159
6717
1199
500
988
1768
7860
4692
5914
1054
7694
6885
2689
1246
738
482
6125
4054
6428
2300
5117
1523
3025
4839
4927
310
3251
4494
5114
2497
5424
2471
1239
5170
6183
1760
6060
6054
5703
6584
1894
5279
2566
6315
7891
7488
6267
7814
1546
245
5146
5464
4919
1647
4681
5257
5127
3149
4835
7492
7980
2902
4808
4496
7501
2275
222
3773
1230
6810
7209
1977
5303
2772
515
7618
3907
1440
5048
4725
6727
3297
5440
1798
4669
4050
4185
1417
2861
4202
3969
492
695
5147
3725
3079
6143
6324
5417
1420
7029
3622
3821
985
7488
3555
2072
4461
2118
418
5803
7222
4570
5824
4196
1672
1091
64
1366
1898
1317
7027
3361
6347
4111
7027
6612
6802
5984
6985
603
5395
22
6510
2086
7901
2485
4207
7193
3056
3856
6505
1001
1356
4278
2996
858
4132
2364
2972
6290
4849
7396
1163
3288
1444
6439
4610
2287
7795
2020
6982
3529
4885
1445
6551
2346
392
3018
91
3802
335
7892
2458
4806
7098
1168
738
7412
285
3997
75
1761
7267
1372
7125
698
1147
7732
5357
5299
944
4415
7887
6982
2902
1941
837
7243
7136
2291
1741
2736
3151
1543
2200
854
4677
5658
4591
777
5560
7578
1393
1497
7617
451
5175
345
6356
3818
3224
2356
7882
4774
1992
6951
2906
795
859
1438
3239
100
4648
7535
3187
4956
7048
3565
7345
5514
4030
3178
6391
3303
1904
7821
1042
716
5459
6859
5620
4348
6630
1669
7752
6924
405
4030
3494
4907
7933
568
2210
1554
3215
4522
1023
3017
4878
2911
4737
6802
7218
2349
5536
438
1135
2577
2968
491
655
484
2846
7711
764
4092
1325
2148
986
4514
1085
4152
6289
5035
5845
4591
1064
309
3896
1727
7372
3200
5243
7976
5105
4774
5238
510
3792
1912
2009
6229
1614
7735
918
647
2749
2220
2364
4580
4283
1188
7140
951
6008
6476
4420
5873
6550
5605
2144
7861
105
7907
2145
6207
541
2984
190
177
119
3928
6679
2748
1396
2456
2208
7783
1741
1064
5306
1279
4828
4762
3613
7516
472
1519
5618
5579
5693
6669
894
7197
2567
5214
7480
5899
2268
1671
7995
1540
7881
2307
1750
3990
549
6492
1217
3636
1298
3974
5803
4586
5025
4184
4590
7194
7061
2919
7780
6001
3392
7425
4179
2028
3274
3843
1667
3457
2513
3032
5425
2859
298
5646
7964
5781
3588
3222
1532
7010
5613
4952
2898
6807
5807
1457
859
3366
2002
5770
222
3160
389
4758
5477
5973
2711
5479
5448
467
6048
2094
5476
7385
3261
1933
1131
1583
3319
2843
4565
4324
4741
1523
5237
3068
5416
5945
6310
2676
3892
7659
4004
6322
4399
1759
1399
5454
1810
7839
7817
311
620
3869
217
5443
7910
6613
3656
6359
4001
4734
2833
2287
5435
5164
662
7307
7665
2821
341
2295
1951
7901
6713
1141
6178
5681
6605
2952
5918
6909
7691
2016
6491
1786
5139
5213
6026
7800
7223
257
5414
1811
6899
1847
54
6869
6330
7738
1135
296
2667
2212
4597
7798
7330
5524
7170
3487
3883
5178
6304
2902
4626
4354
6288
3352
4950
986
7949
842
6588
418
1066
7855
7103
1839
1304
1475
3621
636
324
758
4140
1326
6173
6536
4772
1346
307
1533
6742
4886
4091
3262
5730
721
4079
4044
5223
4847
4498
5217
5850
7404
5649
5285
2361
2508
3397
7690
2266
4165
2453
2692
3037
1163
569
6120
4032
6198
4057
2720
1169
81
4435
905
2814
4609
1244
4777
72
3344
1534
2640
3350
2005
7935
970
5862
5890
1186
4413
5278
3722
3975
38
1345
6316
1709
426
1661
3553
4440
476
5665
5342
6542
6346
6443
5382
5435
2308
4863
2992
5108
5995
1396
2896
5976
6961
2313
7492
275
6066
4981
1661
6972
2094
1820
648
7646
5155
3421
4984
4756
4803
7624
7474
397
471
2925
1365
7984
1456
720
3140
2905
6533
4152
4305
3392
7726
2791
3655
187
1020
7011
2196
6682
4274
3635
4561
2800
5796
6694
7856
1649
6699
6348
1281
7927
2243
904
1697
1823
2369
2877
6591
7440
243
7526
6092
7259
7958
1602
4671
5438
5166
7660
5378
7491
4230
2312
6140
6406
1796
3418
1404
6163
2856
7920
2366
6637
5537
6080
2909
428
4556
844
1238
6974
5898
6401
7925
7438
2876
5344
4895
3201
3166
5779
5307
7709
2941
7201
7613
1220
2838
6013
6543
7966
973
2489
5598
6742
6790
344
4159
5627
548
640
7933
4998
6748
6222
7297
6907
53
2564
3548
7464
7198
7198
6963
3274
7531
7362
1671
783
2030
5845
5471
2679
1006
3882
1173
6996
7
3989
5883
4208
5150
1310
3944
3789
6014
6033
2338
6727
788
1970
3561
1302
1731
5583
5022
7536
4581
3565
7119
6475
3935
6180
7584
3904
1376
6215
4822
1675
6582
571
7107
6319
5261
5993
4426
6070
132
1166
590
7766
6061
2415
5243
3184
1569
3818
240
2097
6334
4008
136
4187
3135
7471
4
5534
54
3540
918
736
488
1421
6541
92
4229
4197
6296
7910
1922
7624
4344
1164
6165
3902
6342
3033
2508
1589
2526
1011
1291
3318
6759
4196
4576
3834
7616
1589
7429
2838
2185
7926
625
4945
5259
3227
2779
3350
3525
6913
2572
5765
6868
6286
4191
7075
1150
7733
3608
5362
283
4633
991
1500
7328
3593
7640
7369
6409
1386
3232
7696
7011
4210
6181
6153
2227
6800
4578
7425
6150
7402
950
2247
5334
6334
3680
6435
5782
5802
793
934
7387
3655
2702
7005
3558
3567
6457
7455
6674
4703
1947
3334
2198
5496
3160
6970
3768
1568
622
7080
1743
4549
7379
2706
2739
4289
1067
4033
3203
4569
4067
1429
2322
672
1133
2685
7471
4537
1240
2945
1871
4410
7691
6908
7321
5547
3678
4200
462
2605
2964
4882
3539
439
2041
6700
6877
6268
6868
2305
888
6761
7818
6211
2932
4170
399
4800
3052
6604
2569
3443
7348
6493
2755
6327
1438
624
3850
5910
3049
3740
7144
5440
4104
7780
3834
1943
7498
1553
3440
3751
4714
3580
6497
1139
7349
40
3721
1387
20
5387
1632
5369
6261
7661
4439
5178
2138
4010
7730
4298
4350
6674
189
6520
927
6959
1516
3545
4269
3942
1939
440
7245
4726
7870
2795
4298
926
3374
1920
5721
3291
1777
5463
1927
3535
3548
6985
5057
2493
7720
2502
2303
7537
1447
4477
6863
2045
5409
7348
4090
2461
2447
951
6357
6332
7987
1453
741
2640
722
2566
431
6752
3664
5776
5852
6757
3302
6761
7366
1102
1281
3663
674
5790
2746
4307
266
6257
5870
7212
6885
3868
3898
2920
5685
3121
2197
1917
4924
3106
2506
6014
5388
5501
4432
6697
7850
2517
5192
6941
7390
4609
1874
5929
1114
6910
5387
5439
4548
368
4903
2759
610
6405
2792
6544
4577
5306
3769
7457
1090
3191
745
1390
2082
1686
7879
5222
996
5762
3734
6377
3005
697
3949
1239
5595
1523
7406
7556
7795
1757
6304
4807
2150
7230
428
2737
6223
3835
3953
3355
3371
6901
7364
153
422
2192
4423
5259
2558
6287
868
3601
5590
3675
6311
2526
2905
1763
5430
2854
3209
6045
7661
3057
7203
4970
1882
3793
113
4375
6610
2160
6060
3455
1838
1347
7563
5519
1254
2715
5420
4578
5255
5850
6878
4426
3284
2690
2569
176
695
6697
443
3731
3106
7689
527
2540
5831
4340
7612
6578
4272
7140
2103
2489
6395
752
1606
7158
6966
731
6179
4701
979
6599
2760
2091
712
4231
5661
1728
5766
4818
3516
1060
4883
3795
4573
1450
838
7964
3875
7154
5471
4603
1986
6792
6592
5605
3723
937
3916
3343
3733
422
3739
5788
4938
5282
2135
2417
4811
1077
1654
676
449
6003
2004
1618
5313
5895
5548
4623
7451
1976
2802
312
7424
5454
1552
2277
3277
2509
4476
4347
6904
7904
7283
1630
7766
7250
2132
2051
6150
949
3995
3491
894
6949
2552
2443
5168
5862
4043
7825
6232
3306
4607
6177
7205
4208
2176
6005
3841
2694
2650
3427
7487
5743
368
5456
5408
7071
5973
3778
4098
7651
6090
4307
6182
29
4373
4290
4636
621
1466
1892
3213
748
4441
3512
5733
1234
7715
7447
7963
6135
5242
650
3742
2294
7973
7670
4189
3374
3372
5746
6579
6626
2774
1913
558
2688
4925
5499
6459
7103
2443
654
6127
3425
4051
6210
4532
3800
4558
1425
1550
2757
496
5877
7561
6811
806
3924
1729
6306
5487
6935
6349
3992
916
2200
2697
242
4357
3769
2239
4544
3666
5970
178
4270
2498
3906
1990
2726
788
4711
6991
2067
6416
7016
3828
6337
2824
4399
6912
7584
2736
6068
4293
2920
2263
3381
4653
4438
4097
7554
6302
5908
1507
3572
7241
2806
5243
2814
6416
1569
713
3419
4369
5190
7725
6119
4756
7116
4574
4362
2061
780
5380
1487
717
2358
2932
5586
5324
6544
7365
5848
7307
5215
1555
7097
6633
3934
5264
6904
1796
3499
7298
1331
714
2113
861
4917
7003
352
3965
6185
3356
1097
3519
6378
7195
485
3709
7733
2522
902
4261
4928
2746
7301
6710
484
7174
7561
2390
2293
1944
2089
3026
3698
7212
6889
7026
3032
6591
481
3448
7825
4515
1276
5494
5898
6882
1563
4169
3362
4748
4185
7605
893
608
4650
734
569
7635
5532
3233
7608
3327
4032
5965
5980
235
5346
3969
4434
3187
7795
5091
6980
7892
4040
762
946
7382
5627
3369
1499
4374
3247
6281
3861
2863
434
6370
7228
133
6459
4869
4167
2414
5394
6024
886
444
1935
4191
1640
5483
1338
7955
1609
3428
6673
4130
2664
5612
5353
4020
1446
4076
7724
4405
3850
2013
385
5715
6642
6735
7497
662
4708
3351
4292
4182
707
4755
6612
6686
5341
5595
986
4060
6945
2438
4605
1153
5102
5334
7881
7803
2822
4673
2995
2700
5729
733
2043
2951
6238
4647
4970
2407
3348
7919
635
844
7239
5220
7446
3475
1527
1016
2615
4304
7570
1711
1133
6891
6153
7050
1919
2644
703
1738
7785
2276
5150
355
1796
1554
3460
2623
6403
6158
6811
875
857
701
4295
3234
6201
850
5688
180
5749
6981
5407
2451
5448
6195
764
5370
2287
786
7318
7035
6705
6031
3652
4451
1280
1030
7273
5131
5880
6365
6397
6398
1028
4606
5573
2306
6112
2223
3109
7237
4536
6351
5708
1765
3375
1583
653
988
5501
6922
5070
135
4144
6115
4889
6417
6867
7802
5136
1856
684
6762
1341
5340
7070
3938
2759
4151
3823
5694
6465
1374
6372
4289
7901
1115
3721
5105
2302
2723
1741
3727
3179
3683
4041
882
1887
290
4641
767
5309
3666
4803
5447
928
1337
1933
7293
1105
5943
3275
4050
5522
6515
2334
3055
2199
1894
5688
2638
980
2627
1027
3446
2353
5314
7009
2385
6619
6728
1038
4203
7092
7797
7714
6473
5866
905
819
1892
3941
2995
6104
3009
6362
760
776
4654
4477
7037
5536
2395
6355
4465
2499
3346
4965
3929
2396
3476
17
825
4863
402
1338
4444
2733
7045
2527
3457
1846
6250
7497
7906
2233
1181
6366
5601
5575
1681
4563
1042
2086
1386
6463
3487
2481
5943
5130
4380
4637
3087
4996
2024
5910
4231
3730
7868
1351
7693
6467
5651
5689
1572
4416
4662
2387
2172
4258
6179
7295
1581
5150
7321
5933
4944
6811
2755
5297
7674
421
3454
5960
4310
4409
7625
5432
4254
1728
3016
3029
182
89
1077
7839
1701
3343
7780
6793
2864
5418
7665
6997
1557
7521
1736
7386
289
7725
4880
3240
686
3128
2165
4674
7229
4340
1104
1802
6955
6537
2550
1082
1683
1830
6746
206
5441
2617
5599
3456
4430
6393
3390
619
1501
32
3089
7057
7408
1399
5242
7736
2856
6793
1906
2991
4439
3641
5554
3310
5636
6960
6327
3675
3386
2670
7030
2025
2957
6978
3548
5211
4586
2900
3584
359
6618
5280
5352
6005
7507
7677
7349
4742
1147
6299
3052
1714
1914
6924
3937
6985
6650
4281
3522
1499
2430
4149
2173
3412
7964
7918
3087
2815
6808
1151
2538
2155
3487
4963
2371
2411
1117
2245
6837
4278
7675
1587
3413
1647
7608
368
7635
3968
5731
1512
6729
2911
50
6782
1315
6579
6467
4674
748
7759
1260
6078
49
3100
640
1327
4883
7446
609
4241
6319
5357
4285
211
7714
459
4583
298
635
7477
4946
7298
1537
2571
7980
1742
1373
2985
2581
3584
1318
3824
570
6997
7751
1439
1874
7112
3215
4506
6005
4646
6997
6349
3476
6593
2950
2730
1177
2686
6477
4878
3036
5962
2781
5313
2238
3881
7966
7324
5606
7151
3121
1541
22
647
5730
726
4905
4080
617
221
1195
3272
7709
5692
5973
2113
4278
4399
3683
1648
3325
685
5204
1860
1682
5288
1534
5779
1498
4399
5131
5328
4739
4915
596
5081
1077
6567
3800
6189
6294
2240
5336
6395
5562
6620
3219
4117
2086
7103
7961
6531
1663
376
5710
5748
6612
7138
6462
5136
2693
4934
87
2537
2062
3998
775
5391
2611
2932
307
258
842
7273
6545
7938
5408
466
3106
6851
6537
5501
7439
6461
5064
3729
6495
7583
22
1171
4499
6371
1875
7109
543
7485
2310
5609
4613
6061
5203
4003
5646
820
4536
2364
168
3427
2563
3523
279
7054
7764
846
985
5344
2058
1438
6491
6152
77
7392
3665
2385
2872
6096
1334
4944
3681
4728
5280
4918
7174
1815
4734
1413
7701
1373
1714
1824
2712
7057
3909
1595
123
2005
4235
5297
7419
4674
5204
6324
3501
2925
460
6174
5736
6475
6192
6694
81
2033
2861
175
2625
6963
5463
7227
2965
5742
5186
2621
2001
7714
1921
12
3633
1207
6905
1459
1614
7904
1569
3237
3946
1245
1880
846
664
1370
7714
3716
74
2933
3520
5788
6713
6173
876
1370
6315
5654
4654
0
676
4249
222
7687
1707
6999
2615
5228
4023
1502
2131
6113
2999
6933
6408
1252
5563
4001
1119
6253
5506
1578
7150
5185
7840
6456
5585
1188
5452
3703
1353
7275
3012
6169
1328
2031
2653
4634
2584
2654
7850
3487
7680
3947
5640
568
2034
2726
4229
7940
4796
1830
7979
2356
3209
7906
5996
1896
4955
927
4459
6837
4839
6788
7973
5192
1868
2953
3002
2148
2545
6542
5276
5639
1211
2824
3411
683
3241
2262
1578
616
1100
6321
7609
5302
4581
4738
7632
6544
413
1486
5437
6005
5915
5132
2875
8
4550
3288
2487
1496
2583
896
5951
7225
3161
6523
5898
4689
1728
4921
7262
3759
3939
5204
98
7957
3736
2342
3648
1494
1067
1590
1974
410
6906
4298
4474
6335
880
6560
2376
7514
3484
6007
1609
3803
7853
3336
2529
3087
7757
3730
1621
7678
7446
4691
2776
5940
5493
4370
497
3805
3674
6041
4042
5129
3225
2625
6359
5584
7648
5413
6752
6287
3669
7416
1901
3152
6156
4531
3982
2888
1570
3047
1796
953
3193
5040
399
5624
6800
4554
2389
3145
1149
5629
2860
6502
2058
6836
4228
7263
42
1260
7028
5339
7574
6344
5535
1596
6537
4673
7299
2081
2388
3770
3934
1605
7902
6577
1085
6596
4412
4049
3810
6526
2025
6245
2129
5012
3874
3432
2551
3664
3937
4600
5176
3937
6131
3048
2515
387
6200
7348
2868
4733
7479
3664
855
6852
7003
5657
6099
3965
1231
2861
3595
5216
6321
3990
2156
2296
2229
6561
2275
5446
1881
3725
4895
6277
5184
2015
3326
3529
2862
6995
7575
769
7967
236
6627
6235
6916
7212
5576
7174
4059
1056
259
6931
3433
211
3186
7157
7447
547
4028
3751
1191
7280
4318
7021
7057
6064
4754
5682
4606
7071
285
6160
6496
6484
4726
4975
236
6191
6542
6660
7093
1007
6657
2427
4902
992
5271
1840
6364
4657
3446
5910
3038
7907
2536
3002
5818
3230
5829
7138
381
6558
445
2255
334
3914
7812
6690
5415
3109
1114
1243
3889
3293
1654
1852
956
1281
1102
3660
6424
656
5510
3447
7058
7404
6962
7059
4878
4334
4874
5821
7870
5523
4073
3170
6204
5715
6850
474
7818
18
1120
3374
5283
4464
2071
6202
5117
5947
332
2413
2654
3524
1246
5806
7192
3663
7216
25
5347
3556
5141
5543
4821
7234
3926
4204
5632
7795
4194
1209
7848
4475
7827
6049
1567
4458
473
4185
2943
401
1797
6329
4996
3089
5556
1887
5508
6414
3606
7795
6475
6403
2266
4804
1879
1584
7992
1489
2477
7854
1562
2596
1174
7330
4456
1817
1913
6352
4974
3005
6230
3335
3693
2386
2396
5178
2939
1902
7144
3823
3671
2306
1692
5392
5133
3384
6039
351
2754
1846
982
6791
7965
4480
1191
5709
3090
3450
6277
358
3148
5386
6997
2913
4599
3292
316
4613
6695
7039
6299
5173
6376
7725
1192
6416
2083
5480
3498
2134
2665
7743
3664
5443
3103
6768
3695
6976
5318
7655
7383
6383
5350
4517
7888
4004
1751
7292
54
4916
4844
2038
4974
1701
1660
6422
5764
2116
5006
7798
6179
3926
6496
5775
1712
6246
2388
3415
7811
2237
5496
1157
834
3312
497
3696
1052
3347
4163
6997
2783
1612
7998
7799
1719
4226
7049
6497
5764
5363
5956
5383
1302
2149
2269
1291
4168
5044
5297
411
54
266
3868
631
4124
5549
799
144
6732
819
7341
1868
1291
5776
5010
1382
4297
336
7616
5235
1788
1376
2936
4287
984
5382
3985
2070
2797
6065
5352
1246
1244
7530
7013
2786
2359
2410
6117
2217
6453
7686
5321
5829
4302
5062
5979
6632
4473
1555
792
4911
1920
6542
94
1603
7228
765
2483
277
7859
4576
5679
7558
202
3234
1800
1705
7720
7595
7864
5024
2154
6738
3021
7010
3452
496
7628
415
7194
7824
3907
890
3364
706
2858
5173
3543
5070
1141
6507
4974
3398
889
1718
6292
821
3128
4337
7620
563
6411
5911
511
7386
1771
1098
617
531
6043
432
5889
5962
1654
312
5371
2624
3473
2554
2300
6014
6412
1533
5361
6055
5242
6610
1101
2023
5418
7005
2717
3528
4626
6707
3081
1827
6231
5279
3177
7795
4476
767
6401
389
1828
5068
3611
2059
2885
2231
3776
1296
2987
7086
2002
2951
3494
2173
969
892
6482
658
584
6700
3393
7257
6811
6768
3911
3782
6223
3923
4513
5937
2094
4293
3074
4186
1942
937
2812
910
7989
7305
5768
1507
6116
1001
1906
1949
1948
3321
4899
7027
3801
6563
908
2987
6026
3973
1581
4386
2353
2745
7615
2216
6301
3535
4228
4040
2114
540
1321
7781
5298
5419
1300
7487
7546
3602
1936
6869
1371
1376
2834
101
5476
7347
6184
3663
6889
4966
5245
279
4641
359
3659
521
289
3110
2717
6903
3441
4713
7296
2846
5768
1276
262
7399
4778
1926
1974
5641
3034
5112
595
2635
956
3870
2695
3111
5580
1367
1708
6411
2613
1698
3960
6457
2703
2702
4674
6157
3832
1108
3253
5983
3789
2816
336
5886
2374
3017
6935
7069
2156
3906
3226
3978
6263
3241
6111
601
4360
1629
7342
1439
5503
2797
6842
4378
7098
1036
6695
430
4907
7840
2556
906
1109
7865
3559
2153
1699
6047
7783
7221
7845
4100
2714
5510
5416
3928
7459
2375
6640
3643
1399
4282
7700
2958
1093
274
246
3427
1664
4733
222
786
1226
6917
627
2989
2174
5644
2005
907
1498
757
281
2049
2119
2466
4834
7087
967
1303
4185
7862
7226
381
2184
7687
5965
195
2072
5783
7872
4191
3365
2990
3089
7666
2043
5279
5898
6474
4912
594
1444
7809
6686
3581
5911
3138
7930
3505
2751
2924
6486
2641
6380
4815
4143
4701
710
3731
7412
2988
6555
7351
6676
4600
4935
2295
4482
3411
7807
72
6088
5112
5242
1149
5317
3580
2684
3403
3013
3748
2880
7017
5563
1744
5697
3345
6941
7764
5605
4452
6812
551
2375
2666
7487
5492
3359
7479
6747
590
5520
2345
1137
7169
2446
1485
2724
2691
1386
1441
3605
4490
1468
1460
7773
311
7148
554
4262
7471
6620
5276
102
6987
310
5276
2169
549
909
1366
6427
3219
1010
1169
575
4336
2326
1173
2894
7189
6167
2023
2559
1127
7209
3120
1615
4042
1954
7804
3550
6580
6881
1629
294
4764
3612
1072
7576
3984
5573
311
7573
6886
5465
165
2181
7115
4741
6521
24
2103
245
2178
3991
7041
7802
7873
2086
2958
3350
747
4440
4517
7655
6349
367
3166
3247
7178
3822
6073
3324
1856
4061
6412
4664
1865
4569
5460
3471
4509
5653
1387
1592
4757
305
3482
4835
3658
5621
3910
4797
668
4970
3719
4003
975
7573
6294
5664
1487
7761
3172
4132
5908
4104
2631
3524
4448
2829
399
7464
5286
3417
2039
6934
453
3745
952
3032
7473
1808
4023
7435
5363
1830
7518
7495
7366
2029
519
5606
4130
19
1557
6323
6999
1385
4189
5041
7759
1975
1986
6661
950
6521
4575
6721
5365
7738
1180
3469
6233
3468
1827
5556
339
4513
4909
5832
1240
3530
5430
179
6953
4745
2191
6172
3565
7828
3346
5810
7481
1769
815
5144
5298
2120
613
2669
2890
3602
7565
119
742
2556
848
2155
4832
1392
2041
6107
6504
7360
3877
6780
5509
3847
5911
2899
5946
158
6568
5948
3
7224
7644
7575
6910
2075
2831
6863
3751
2556
1486
1288
1660
7605
66
4389
4031
37
5062
7795
5978
100
218
181
1180
1825
945
76
1057
5851
4197
7235
4497
3192
331
5301
3903
6021
4960
6939
6129
1099
5666
3446
447
7114
1531
6741
2004
2069
152
7748
6802
649
1305
5457
4754
747
4257
444
6024
1949
6540
954
5573
7805
2304
1638
6615
5403
860
6021
267
7828
2254
1012
1491
2832
7809
2224
3650
1172
2803
7618
5043
4548
4964
7493
5770
2873
1002
5717
1298
4091
98
4310
1158
7067
3521
1182
1963
176
1992
3328
6362
1132
7574
54
2268
6745
5975
938
7598
6710
5338
3873
1827
3752
5697
3973
1449
2719
1681
4749
2979
6854
6569
7947
2806
1702
2704
5457
7136
5528
1255
3521
6466
4325
1725
3952
3390
316
2497
3830
7291
1806
3090
7765
4421
7818
691
132
3154
3824
346
6679
4383
3988
3175
3340
3961
2098
6450
1780
600
6568
5821
4028
6950
5204
6857
1559
1629
3658
1156
4298
5390
4658
7647
7315
3901
5373
6462
7927
6314
6850
5449
1383
2347
5241
224
7886
6068
3154
2539
5753
697
4915
4559
7332
6762
3853
7100
3677
1181
1562
7011
7447
1290
7733
5573
1358
6255
4629
4519
3089
1876
4839
802
1969
4777
4359
4694
5508
3787
3228
5759
3094
4709
5133
223
5486
1651
2404
5659
7096
7202
1085
354
3092
2196
5610
6088
1018
7935
551
945
711
4405
7349
7528
6569
7870
4885
5903
1188
1953
6626
2417
4030
2946
2955
3059
1229
5477
4460
1322
1883
400
9
6
7219
6607
7654
4331
779
3089
5766
6304
2957
6768
2558
2016
5828
3534
4980
1998
3487
1882
6073
2886
1381
2930
1345
1999
4150
5603
827
2476
5882
5324
977
1298
6376
5472
382
883
2037
2889
4358
2872
6359
5226
6487
1678
2036
5053
3834
7832
3948
4828
2038
6722
1216
27
3649
4085
3229
1617
4196
1254
7881
7224
7658
4106
4649
4586
7364
3108
7660
6539
5884
6782
1944
6406
5844
5302
4911
2608
3323
6959
7997
2888
6251
2281
4481
3936
4706
4907
1590
725
5434
2013
4924
1209
7911
6514
4136
4178
2125
514
1509
4732
6972
309
837
1513
7625
4507
424
1865
4426
2073
4615
260
7853
4095
6622
5028
1973
4916
2932
336
7891
4050
4296
4083
5661
4175
7321
5628
5165
5584
2130
894
6681
5794
3857
55
1866
2499
3923
301
7611
7450
2110
2292
1744
4743
5705
333
3216
7445
2764
873
3649
5132
4704
6603
4255
7651
4466
5963
7032
1683
5417
4662
4135
6279
1073
5523
6570
624
1252
1536
4323
7348
2517
4283
1192
5062
7352
7934
327
4497
6129
705
6745
1613
375
6179
5121
4277
7717
3363
1986
5967
2269
2312
7930
490
4761
1057
4607
4582
3920
2343
7381
4909
705
7038
7241
4864
1822
7962
2988
1772
2968
7423
4335
5595
6467
2464
7192
4358
6246
5033
2783
2184
4386
6360
7463
3598
6076
7174
5724
3627
6857
4612
4005
3464
5877
3808
2502
2808
7088
1543
6486
2282
2677
3588
1879
1976
4919
6567
1399
476
1515
2561
1570
4610
5421
5067
1666
1848
7376
4198
4180
2817
7877
4221
5416
1290
1766
7046
7733
5492
3232
2088
5590
848
6523
1655
5221
5480
1736
5146
4531
6074
7206
6222
4257
4800
2032
2627
29
4266
838
7332
317
2734
183
4276
7985
6069
2760
2900
7976
4278
2723
5601
2818
480
4575
890
2093
2289
4008
6495
1439
1380
4235
2420
7470
3015
6881
7397
3855
5290
5909
3621
5161
1779
7763
79
4373
4559
14
6701
4085
1347
1774
3222
1838
2593
2005
3697
2755
341
13
7256
7439
735
3600
1497
5214
3291
818
3158
3433
7420
2927
716
3437
1239
7245
7408
3175
2203
557
6069
7214
1951
7220
1835
2412
6612
2960
2305
7354
5785
4458
3371
2008
3246
7015
6302
3654
4224
793
4280
2049
5026
6984
6013
5021
5981
3929
6525
1596
3358
7321
2897
7400
3662
2025
3972
851
3199
6405
846
1000
6913
6578
954
781
3093
7620
4330
5240
3769
4937
5361
2027
7010
3862
2654
1037
5320
3692
6552
166
1819
4870
485
5111
2643
1473
5317
4468
3685
1768
6395
7327
3537
2075
5163
1795
3864
7772
4254
3081
459
6199
867
4538
255
3595
6353
3345
477
6712
2407
380
790
3815
4948
2415
5619
3632
914
4133
2058
429
3628
4021
1740
6617
993
6733
5244
3491
5793
6541
3450
1749
3252
7106
2878
6236
3578
6781
5024
1203
1741
3535
5971
7408
3330
3940
50
4395
5327
954
5874
199
5510
4924
5240
6942
6655
4415
2436
7757
3860
6488
1226
6809
6726
2519
5921
7612
3966
6437
1557
1296
6445
2742
1495
5527
4564
4394
4820
7140
800
4806
6306
1642
1005
2953
5655
4832
6891
7534
3124
2701
3806
2366
1727
1077
6207
1551
5550
7264
7488
988
4543
6467
2989
1538
6757
2702
1838
5525
5020
3793
4777
4765
2525
3852
5636
3824
3502
785
4616
2093
6929
7704
2593
3026
540
287
2754
4027
5800
508
101
1656
5987
896
5424
3913
3265
970
1587
4344
7951
5093
2958
6804
1576
4191
6256
3397
1280
807
7097
1041
4510
7329
1
3626
2278
2122
7218
7601
2900
6083
6736
139
5381
5052
2650
7646
4975
2878
2824
2089
625
6740
2419
7614
5061
1367
7252
1500
6098
1493
7524
1197
1887
6686
4835
4632
6497
2794
1589
7684
4021
2986
2406
555
6121
7337
462
5398
3700
607
5328
442
6022
6035
4732
5935
5306
361
4244
7241
41
1743
7340
3541
5336
1344
7147
6898
1617
692
5230
6025
655
420
1611
810
3154
4669
5618
772
1299
1249
4656
3905
2258
4628
333
5308
7755
1737
6294
5152
3847
2314
2677
5982
2446
6206
5116
842
5625
90
0
2451
7142
1639
2082
3037
7558
7467
7273
4477
4240
7607
4939
16
4504
2252
7947
1848
6138
5995
6652
3764
4080
4344
1315
4187
1284
5514
4538
5813
3487
530
3921
7606
5695
4069
3535
7000
2823
3815
2327
1812
6704
2454
2502
1020
6173
2544
7256
2168
461
5826
490
7963
7274
4431
5978
7009
7486
7577
5194
2631
4037
2254
2180
1799
5981
402
887
2671
4890
7909
608
6493
3702
1137
5636
5849
1445
7027
3929
783
4935
1411
7301
3879
5559
4673
4158
7043
512
2526
7248
1237
7472
2372
7165
4250
6980
6435
3646
5430
4482
154
3368
2861
5926
5630
2474
5435
4468
2377
1651
6482
620
4450
4144
6510
7260
1156
3571
3414
2063
4430
5231
6704
7843
2024
2656
3393
569
7628
5063
1025
5189
4600
6099
535
3781
2351
1371
4342
846
4070
4744
7251
7297
2642
1808
7874
4637
3275
5661
1580
1070
669
6284
2479
2276
3564
7632
6290
4670
193
4407
5860
1957
5685
7365
1584
6549
5432
2812
4894
4150
255
4157
7337
7113
7368
2056
7544
5054
3275
160
1500
4386
4031
2698
5861
4597
1925
5299
33
7321
2421
5105
2802
7463
4420
418
5899
5468
4687
2993
1991
6129
6598
7095
2854
1928
2295
253
420
2946
4150
5216
2551
7213
6887
2126
4006
3803
6824
7724
2369
6286
7837
602
5505
3471
7065
1422
6140
3102
7973
3037
644
5827
6769
4248
2718
2435
597
1427
6874
4974
2
6465
5780
7829
3145
3259
7109
474
7495
6879
1862
1951
3885
3029
3299
7136
4904
6701
4888
7325
1201
3556
5611
5103
6131
6086
7653
1212
851
7597
4142
1158
6049
1319
4420
3933
6875
1654
4824
6965
6040
4464
3973
4242
7384
647
1069
1824
7077
5411
6194
3615
1317
6123
7758
3067
7295
4387
4752
377
6632
3248
2676
2254
3209
5366
3741
2570
5647
5026
4913
6129
4238
835
5137
1514
339
3859
3124
3217
645
4180
3807
423
7286
86
3459
1961
4556
7189
3762
702
6406
5119
1151
521
7277
4818
2354
6751
5018
804
5605
1938
2270
2493
191
3948
7697
6238
6858
2424
2298
1765
1906
1786
2648
4424
4956
6206
395
5567
5280
2381
4066
4734
7845
6269
3970
4128
7768
7648
559
5151
4425
3932
3962
5248
4962
6555
6279
716
772
600
1530
1784
4287
1498
1470
2470
5870
2302
6641
7236
429
7276
495
1362
4793
6956
7866
4354
4130
2065
1603
5432
4015
3091
6295
4785
910
5755
5545
5248
2870
695
5688
6770
1819
4877
2589
6611
6157
3180
1715
6346
7982
4446
4451
4191
5134
5851
138
1885
1381
3959
3018
5907
4204
3770
1322
308
472
4624
6827
6238
5172
1879
6376
1592
5401
7958
4072
7156
4557
5070
4036
1268
2614
4456
3311
456
2297
3469
7847
6486
5300
4885
3639
1683
1300
3415
5158
5229
3859
6879
1920
1547
6737
4989
3966
6892
3086
5946
5844
3180
7426
2214
344
805
4121
4493
2442
7026
7438
4104
132
4879
4387
1199
959
5916
3386
2220
1279
3648
7508
6955
5916
1386
6435
5357
5231
6259
4813
6972
5717
4704
128
697
4899
7235
5548
5329
3942
7232
4706
4430
1493
1901
3271
3593
598
5139
2740
2685
7593
4114
1390
7288
4917
4321
701
6059
5549
1650
7659
864
5343
3571
2458
6474
3353
817
6146
5560
4728
2327
7943
7076
5390
7765
2483
5032
1199
4892
7765
528
5464
5637
1269
4042
7165
2449
7282
7034
238
651
123
3946
869
2122
5798
863
2670
5139
7728
4743
2227
4315
4754
7694
1635
3369
7356
7503
2943
4314
3120
2663
2625
2878
2174
3686
6825
2528
3608
2847
2341
4004
3857
7775
6108
6088
5942
2234
3735
4877
1609
1344
7052
815
7638
6159
6217
5135
693
450
5241
2802
4891
4551
6166
7586
1756
2255
3884
6258
2561
1502
5062
6495
3137
4738
7223
4242
2848
3168
1990
3202
353
2410
4471
6711
3561
5164
4914
6825
1266
6854
1811
6919
296
1076
4237
5075
5924
5577
5179
5226
2882
3899
7493
6818
5089
2647
171
2252
6518
405
3249
88
589
518
1319
7832
1054
1642
4180
1949
1736
3934
3647
6781
7980
2674
1817
7927
361
537
6474
4781
4143
5753
1686
7375
2690
7011
364
473
397
2716
7883
4722
6496
5274
5713
7541
6344
394
6626
3149
3338
4430
1009
2938
252
2053
494
6704
6911
834
6732
7966
6236
158
7726
4364
2426
4200
4973
1245
5369
5819
7944
820
495
6441
2793
883
7485
1875
720
5471
1997
2522
7198
2719
4842
1456
2560
483
1019
1544
6966
5218
5085
1196
3199
2619
7196
3564
2979
4349
6094
6260
6557
7234
1421
4087
4322
694
335
3912
146
7670
4964
7495
7226
6611
7435
6520
2628
6645
5808
175
4924
3292
518
552
6207
3906
1853
2931
450
6685
7008
4940
6588
3328
5903
2248
1969
3745
7956
4652
5021
3637
1123
3800
505
2104
2546
2785
6508
3529
2739
2172
4241
7601
3883
7637
1825
4932
6128
4927
6397
224
67
2311
7707
7186
7815
4897
6794
3673
7262
7108
5603
4930
2527
5585
7502
7794
7285
2222
5742
1410
791
4914
4138
3908
1951
1785
6105
3492
5834
3158
201
7594
4043
5672
2604
1884
588
3909
7712
1473
6274
5844
2202
2816
4651
6199
3694
2022
295
1701
2429
582
2928
6165
5691
3770
7864
4886
2587
3528
5214
4860
5274
3233
2380
2164
4197
2115
7343
5561
4520
5245
7444
1631
5237
2258
2716
1805
5260
119
4508
3592
3021
7159
3795
6314
5239
3703
6344
7281
6940
3603
5568
5043
163
6054
4377
6191
1273
6761
1542
3967
7894
2099
3112
1067
7016
6238
6597
3159
2782
6538
3559
1372
2642
2939
3987
1523
2963
2910
3621
3149
7758
6057
4677
3009
7897
159
5512
2077
7837
4659
1701
349
2653
7300
7505
4154
6375
3655
1338
7257
2901
67
5661
6180
256
629
2501
2806
4355
3091
1377
7152
5607
3822
5440
2345
7600
1648
4267
6338
2307
4293
7071
7831
5298
3351
5349
7441
5158
4401
5904
5848
6952
5573
659
742
1420
7945
7868
5879
506
7291
1169
6812
1754
1669
965
943
7515
7229
1751
6817
6881
5507
5640
1583
457
4429
887
883
1434
7296
346
5463
6473
6004
4315
3172
4584
1562
2765
824
5293
3514
7817
22
7259
5012
1449
2264
2895
232
3936
4863
4521
6098
3445
43
3605
6989
3162
614
437
6616
5101
6554
2989
5045
6602
3683
7114
4046
5195
7487
7376
3635
7261
3362
350
5950
3520
5095
704
5848
5979
7776
337
4180
3257
7822
3403
6905
2788
3564
365
4893
3292
7910
327
492
5812
4583
4837
5576
3018
6544
2390
10
5985
6468
4504
6055
3485
2784
2721
1263
2458
5000
6476
4142
6120
1692
7007
1589
6951
6218
4021
7475
6332
2878
140
7932
4077
3764
2029
1004
6239
7725
5364
4325
7721
4991
7163
6515
3860
2503
871
2577
7345
5883
5646
4613
5783
6618
6532
6438
7800
7812
4481
1022
1119
6758
1968
6794
6601
6541
6102
7710
989
1244
1565
485
5256
5721
6461
5254
7929
1633
4358
5091
5302
2236
6732
4603
6810
7563
6959
3055
3308
1310
1669
6690
7836
4002
1319
3641
4060
4983
21
194
1624
7904
2631
6000
6932
6996
7633
7172
1697
5937
7857
7880
3644
1296
6456
4598
5699
883
5779
629
6677
5531
5430
5251
388
5751
2532
3950
3065
3126
4956
60
5221
2173
2531
106
1888
5876
2731
4305
6112
7099
2333
1765
7639
3707
5960
7000
6632
7959
2789
5340
4360
7296
2566
6085
5102
4008
7195
5132
2038
7310
1249
3568
7128
1592
3304
3894
3647
3903
7679
3346
3145
516
1854
2142
6234
6144
5423
5063
6813
761
5273
5959
7192
3537
7787
4108
5355
4153
514
2872
3493
66
4439
3266
2563
84
7432
505
4102
2423
3329
1065
6384
1871
3271
7446
3354
6501
6433
1637
309
2144
1571
4314
2267
2962
3672
444
2577
1262
5579
5525
796
1944
3954
3670
4092
4309
7288
599
7946
6049
5862
3707
2537
5600
3181
6834
5164
6636
274
3224
1028
5581
7670
7354
3684
390
7617
1273
4019
6540
427
2184
5677
6994
870
1616
5271
2623
5227
7538
3037
4033
1184
1452
393
6971
4707
4437
7586
6170
6198
2562
3487
581
3143
3019
4742
4403
3674
3496
294
4374
6869
1396
4461
2677
5032
6420
1575
23
1687
7985
3924
1179
6565
2016
1636
5349
5790
6947
2513
1139
4674
6985
2713
5197
329
1008
1495
7195
7127
2667
1213
7504
2238
3198
6704
4484
3946
4358
3968
5344
749
6070
3
4211
4840
6396
4045
4833
6354
3074
3917
1210
1448
4368
2759
4201
2865
7822
7017
7747
4333
3175
3405
7999
2074
2506
6410
7685
4578
714
1527
2911
3492
6629
4478
1548
1629
4450
216
7027
5811
3155
874
5301
6814
4730
2940
2715
2291
3528
1874
7662
1166
1985
2345
6566
5020
7227
3087
5434
4675
2628
223
5270
2670
7907
7960
1259
3832
7799
4890
4000
500
3581
7676
102
7575
4845
1868
5865
7875
4675
6244
1506
7088
1435
6629
3209
4793
1973
2195
7656
1345
5273
1357
3787
3776
4372
3815
6996
302
4448
4390
2091
522
1249
7447
658
5511
140
6028
4118
4052
1762
2356
6625
5702
5146
2902
5165
3749
5085
2026
4755
4112
3883
6740
5377
6029
7707
4606
2698
3569
3071
2320
5080
5800
486
15
6908
1954
6907
847
6758
3547
6858
3286
5360
5636
5091
5967
1940
595
7127
3623
2814
4516
5471
2696
1341
4554
5212
3120
6227
3511
4922
4781
1963
4483
237
1527
6634
4508
4509
1258
350
3531
6238
542
2387
3679
2008
613
2692
1592
4230
3360
7151
1009
5466
702
3393
6379
1085
7314
817
3827
4915
3728
7273
1039
6301
677
3550
3882
4952
2992
7680
6041
5763
1888
205
1417
1695
5675
1537
7880
4559
1511
168
5932
1662
4489
6739
2915
1695
3129
2409
2585
7632
5966
2005
4928
4312
4075
6621
7807
335
4533
4883
4025
3869
1840
1060
7544
986
2997
6605
6774
3029
6418
1582
7432
752
6846
1399
7783
3752
5111
3262
3805
5683
2874
3443
3913
5762
4958
171
7182
6374
7694
7960
5534
3407
2401
6298
1310
1263
7448
7854
6839
444
5235
1412
4281
1237
4528
3631
3243
1276
1377
7926
2291
4162
6825
6407
414
1600
787
2507
4493
1217
3790
5973
829
6397
7177
4276
3761
3648
5479
3687
2686
2538
31
5104
1523
2191
3571
449
2787
1342
6731
659
7504
5343
6574
1878
4853
1334
1948
4291
6320
5508
7370
3277
586
1036
5370
3829
6948
7027
7927
1149
5441
3776
3306
1652
2666
6660
2012
7984
4226
1235
2953
7450
7142
880
7453
6691
3456
2183
6542
1877
5545
915
2261
7940
1592
3040
1866
163
7276
5163
6875
2930
5041
4133
7912
917
2706
790
1598
705
3644
4126
2415
5135
6251
4951
2187
2483
7988
5975
253
4998
6829
4498
4227
5695
252
6172
7435
5248
7291
6283
999
7948
5509
4155
2157
7127
864
3115
7726
3318
5959
1924
6161
3574
1554
2682
4747
5832
7236
203
7484
3417
1777
3429
7465
64
5002
3108
1490
4881
7495
6009
1328
1679
2991
166
5901
382
5575
7461
3903
6229
7765
4073
7554
3410
5199
5500
3889
1768
549
2119
2529
3220
5608
1776
6426
6605
2517
1502
499
2010
4354
5912
5129
4413
2532
2251
4188
4109
2363
4714
5254
6497
5722
1392
4504
6056
7382
5185
786
3414
2763
3822
5055
889
4230
1175
1707
2986
5906
1067
4354
2718
7522
2251
6919
6684
216
2829
7405
7241
4208
797
85
1887
2060
7869
4901
4796
1436
3564
1281
4759
6249
613
7977
3149
3519
4158
4207
346
5749
5169
4051
3427
5722
7160
5245
4143
7678
4369
7318
2806
5850
7265
5443
5010
669
4917
2879
6226
851
5475
7187
750
820
1039
1653
7764
7943
7242
187
5664
5937
3796
4026
5803
2782
834
1535
1723
5515
3579
4585
4056
1645
1180
3297
1726
3265
2619
2744
4462
7601
3977
5723
2271
160
2577
5045
3986
6098
5149
930
6019
6843
4663
1803
187
3747
2637
1186
4546
1074
3438
2619
4786
6429
1009
1798
3879
3309
5108
4325
6163
3561
706
1070
3502
1888
1230
6974
3018
7701
1500
3320
772
7047
3007
2777
23
7963
6269
3897
2122
424
7118
5153
7306
2975
4739
1027
6994
4117
3396
3290
5958
3823
242
287
288
2025
6763
3045
1537
4803
5099
786
1769
5448
336
1594
1026
124
1270
2713
6934
6241
3392
749
6946
230
5560
4654
6658
7789
7502
43
1163
3703
1853
7234
7223
4975
3147
1724
5947
7503
2223
3971
3125
6067
5388
896
3969
6520
6812
7253
1963
2576
3112
6900
1406
4390
5043
2202
4347
7144
3703
2668
5606
3510
6791
2860
2362
4261
1939
4440
1084
6128
1802
7903
3244
2747
1946
1857
7832
2437
6419
5890
716
1899
5993
7882
868
2387
7064
860
6274
251
7650
7025
3098
7134
6836
3248
3562
1600
871
3661
2375
5079
3425
3003
787
7958
3548
3599
6923
3094
3327
7283
1725
4195
