9
108
43
141
8
171
141
38
104
169
3
157
39
168
71
142
144
45
168
76
80
107
67
116
23
185
16
177
158
188
46
145
119
39
11
197
165
110
3
46
185
147
60
114
86
71
29
37
105
2
49
196
169
118
156
149
79
150
80
27
18
92
172
86
26
87
66
23
86
155
180
32
92
195
186
82
13
65
18
112
163
78
140
105
79
189
17
67
83
2
176
171
185
49
52
73
38
176
54
167
71
30
146
10
110
181
136
178
193
114
50
60
87
166
133
166
175
21
22
178
96
19
114
68
55
14
17
22
80
183
145
11
180
82
187
199
146
85
11
141
182
102
81
35
107
52
95
192
38
103
71
6
176
84
19
27
24
49
72
113
3
95
47
164
128
92
1
163
181
64
79
72
183
88
147
115
74
6
199
59
150
26
56
75
154
145
78
155
111
116
51
117
123
52
133
56
57
160
50
3
