2200
2004
314
2745
465
3755
572
3797
2233
1316
1882
1401
2809
1913
981
2535
684
3085
967
340
1743
301
1944
1244
3172
882
2553
374
258
419
129
1602
3612
1560
3714
3518
1036
793
295
3960
2300
2244
1548
894
1681
2926
58
1873
2581
2913
3262
1368
3135
1475
804
3057
929
567
405
1090
2350
1405
202
1710
1158
3572
2444
2211
671
3744
2730
911
625
1479
2582
2195
1663
3829
3549
2576
2525
2687
1504
862
2818
900
467
188
1035
2864
3090
65
3305
890
59
3089
2217
2285
1548
1003
3743
708
2586
447
3950
3950
1707
3869
3733
434
2289
2664
3385
2636
2627
1514
1291
2132
1849
129
3286
2752
2084
55
3208
832
2855
3279
3866
1927
2742
123
734
201
426
3211
2372
1056
3518
1568
329
3305
3754
3422
348
3019
2297
2367
3054
23
2537
2373
3670
907
702
3400
94
3313
1827
3501
2957
3973
3518
2551
1842
2323
1615
3575
2154
414
613
1343
622
1886
2205
2965
1372
1985
2968
2755
2208
978
1815
3466
3422
2774
885
279
1919
851
2786
2830
3638
1035
2840
2531
1614
1575
3388
2568
1586
2287
1586
895
1048
1013
349
1073
1290
465
274
3992
1395
359
3416
3031
3235
2373
766
3369
1983
456
2232
86
3912
830
216
1794
2310
2535
1637
192
240
2357
2395
2373
1019
2578
1182
1462
2333
3616
2876
195
2045
3323
1375
2669
345
571
619
2466
3154
3766
1722
1834
2104
642
2193
410
526
600
3935
3685
3642
3412
2418
1938
3179
1817
3221
1449
3943
945
3594
487
3248
786
3744
1138
2195
3037
81
454
141
2943
3963
1741
953
2586
2457
3469
3258
2526
157
3163
1666
1617
812
1581
2845
398
3798
2573
189
1449
688
2922
3458
3889
1872
1577
1670
654
1988
1240
2082
3113
2224
643
2912
2187
642
1920
2047
382
1107
1316
252
3695
989
1112
3044
3541
339
2855
1874
2860
3138
2030
6
2298
1186
2774
2917
82
408
1150
1319
215
1004
3728
481
1752
289
2422
1263
1306
2390
2982
2014
3635
2201
57
2739
2290
1347
1657
2844
3773
308
440
2737
3826
1195
3902
3909
911
833
2650
3887
2445
3427
1017
688
358
2219
2165
2720
3031
2874
2276
1338
897
1844
2194
3488
1706
311
297
44
480
665
3884
2869
2014
1694
99
1242
1767
2803
2225
654
3822
2602
1313
1312
2392
3858
2239
69
1210
1809
547
2500
1436
1217
935
1502
2911
1797
1146
3417
2682
3239
974
3976
544
783
2603
2968
1374
2210
358
2200
64
2292
2509
550
3187
3531
2329
3986
389
1490
838
2866
3881
470
3710
1442
118
3393
3185
501
2255
1776
1441
540
3165
3091
2298
3666
3993
513
3071
674
2918
1910
1599
2773
3322
1642
423
2332
3613
2318
817
3798
1579
3717
473
3742
212
2077
48
2741
1250
586
74
1223
1146
3325
2642
252
3547
1510
1566
1630
3044
3171
1757
3138
2130
1987
2316
1909
2375
2715
3976
3012
3558
164
2525
3304
2139
3984
1821
2860
2840
1895
2061
1116
345
3106
377
2732
393
3843
2376
2626
3134
1423
1226
1473
3999
3849
1902
2739
3909
1325
1999
3474
1375
2565
3918
1139
272
1739
2140
2063
3956
668
3566
1295
192
1941
3475
1108
1350
717
2785
3777
3320
2287
3403
421
1284
1170
303
2632
1181
2166
3531
1714
2266
1470
3760
1842
2040
868
1167
1586
2523
2813
528
2421
3313
779
2882
2633
23
3577
3116
2607
1430
1206
2850
1923
3781
369
1684
42
690
2093
1984
824
3962
3745
1703
2620
3061
943
3644
1256
272
1438
1401
2336
1202
55
1388
638
1920
57
1583
2048
700
3129
1205
1839
2343
2073
256
3692
263
2243
3984
409
2052
163
790
1890
3501
1311
2918
646
3672
3091
3179
1254
774
2669
3924
3240
1380
2018
940
8
3502
747
1607
2076
110
1151
2425
3651
546
2286
161
1193
636
696
2082
2745
34
2888
2418
3456
918
2864
299
2457
592
1698
2878
315
3079
1960
2184
923
432
2048
2077
287
2589
408
1665
833
1894
3714
3734
3420
356
980
3695
1174
442
1694
1794
617
2447
73
3772
367
2006
2441
367
2122
3919
2590
2983
1230
1862
653
2714
3884
1592
2582
2429
3131
2486
850
3219
1445
2915
138
1504
2411
887
215
3932
3094
3974
689
3428
2236
1115
2262
1994
2794
3965
3002
3980
116
276
2885
3138
3382
3429
2958
3825
3846
3736
1522
2108
1753
1883
368
1435
1838
1695
3684
36
1755
3424
222
2149
1074
1058
2302
1683
3343
3191
1647
540
2305
3422
1149
3865
3250
3301
980
1632
981
911
22
3254
939
3888
1049
1538
3762
1813
667
636
715
1312
3586
3108
1766
561
981
1295
2476
3969
48
2715
9
3304
3688
868
2676
1854
3068
3504
28
3519
3731
3172
3825
455
2744
1178
395
1660
687
2570
3035
2315
2963
1221
1101
2667
3597
2016
470
894
243
301
1024
3990
3483
2310
2415
2036
2906
2019
3951
2091
157
3275
2236
803
899
2950
366
3130
21
2929
127
2181
2275
3723
282
2676
797
76
609
3539
1898
1174
1531
3852
104
1283
2744
3754
3521
3998
1378
2137
3271
2446
1923
713
364
2892
2477
2450
896
1685
3402
1233
2727
1563
3840
3920
534
2455
1088
771
234
3897
2092
2031
1894
2016
3139
1797
3783
2244
2698
2732
389
3248
3896
349
1512
110
1598
424
1924
2587
1745
1811
3667
3897
1493
387
2318
99
2024
2003
2664
2779
2825
385
742
672
2819
2248
799
2619
1178
2504
2700
1944
3568
2146
3755
2609
1204
3775
2518
2022
1224
881
27
3177
1805
241
600
3030
3981
2950
3414
3200
485
1095
1310
3623
909
2872
3676
2821
3525
625
1743
3079
3358
605
425
409
1347
1053
2538
1562
1922
3532
2515
2639
1978
190
681
3283
2306
3489
1001
1868
1652
1030
386
3481
2868
2585
3187
2631
2177
1419
130
3779
2391
1553
470
2378
223
1861
402
3068
1364
938
3791
846
2514
2990
116
2111
3228
264
1429
3459
3370
3648
2789
1435
2894
2542
441
2917
3969
1626
1978
1423
1679
611
2918
1671
924
2299
1956
1230
3409
143
2563
1932
1991
261
1806
1725
1167
1278
1197
1704
1883
2266
2715
3344
237
3835
512
1507
1946
706
3114
1967
3674
2070
3341
757
142
2563
2036
1270
3278
190
1442
2539
1775
327
1770
1169
1806
2055
3559
1824
2940
3321
1273
3900
1029
229
29
3364
1310
1191
3111
2952
11
3086
255
1048
3242
161
437
1720
2271
2908
3778
3759
1437
1720
3548
3807
1678
840
2582
3983
1375
3935
1106
3139
2603
2672
420
2093
2883
2797
388
2205
2454
1585
2351
2708
3747
1401
699
470
152
268
3061
1182
3045
2172
1049
107
2210
2789
2701
1144
2618
3378
2267
426
499
1087
2761
1634
1275
2584
1494
882
1329
769
2483
2125
1196
2031
1179
2390
3468
1459
2736
3226
2747
2103
1428
1338
2528
3073
3842
1377
640
1396
3879
3380
209
2294
287
2695
2332
397
3344
204
430
2050
3069
1798
1660
2503
1288
2780
3760
2068
104
3240
1236
301
1954
3151
1882
1568
1319
1132
1957
3275
2826
2629
888
3322
3804
671
3897
2830
1158
3822
2146
473
3906
1764
2372
2149
1079
1226
887
1204
3567
940
2083
1506
3254
3247
2724
1511
2609
3454
3838
3418
217
2210
3581
975
3923
1360
2534
2944
3245
2940
2112
777
1750
3915
1977
1517
2939
1894
246
2263
1626
1610
3195
3835
549
700
2355
1978
3956
1627
3613
1412
1351
3086
2003
3608
1623
2044
2168
743
2072
3418
541
1495
1006
1502
3952
323
392
1139
3809
3168
1565
2182
3090
3642
1377
540
3675
2332
196
3750
3736
3567
1000
2317
175
2458
1758
840
2561
3751
411
1517
1677
519
188
355
3515
1323
435
2037
3756
3539
3180
835
2395
452
3553
3635
1808
370
309
3237
289
574
2289
1347
3685
2232
634
951
3479
2117
2251
3383
515
3739
84
3868
2544
746
3311
945
170
2165
314
294
3467
3102
1846
1123
773
799
3355
3514
2766
756
438
2997
1097
87
1024
2351
685
995
3132
1887
2708
1882
3692
2062
2210
2530
3953
3210
2032
2346
2269
1715
532
2762
1366
1106
3087
1288
618
778
1074
1687
2922
518
2862
3034
1124
850
567
1223
1601
2374
1844
3814
1015
1949
3269
1944
1452
3140
2385
3765
776
2029
651
3533
1429
1987
3649
3088
598
2360
513
3626
3073
2299
2856
678
2714
709
2249
1267
206
3890
630
996
2473
1836
2541
656
532
2307
578
602
2958
3994
2149
3340
1190
667
80
3932
562
2442
3504
1553
943
150
3885
382
438
2636
2903
3820
1143
2374
495
2871
3765
1537
463
1423
606
2700
1847
2750
933
2876
917
3081
2589
796
528
3856
1780
2082
1297
559
1353
317
1455
1415
2284
266
2806
503
2737
2150
1810
3395
1329
2750
2462
695
3165
2082
1027
2213
2911
3256
3247
1866
815
2124
3220
943
2478
357
3130
426
2851
2643
707
229
1072
1445
3928
2134
1040
3511
3829
1582
1263
3816
3885
2734
1350
681
2683
850
1649
465
775
497
3151
2254
658
2589
2133
183
2430
3429
464
701
3836
1658
1493
223
2163
303
3558
2588
874
2809
1316
2178
2994
3638
1036
550
1587
362
879
2733
2194
3748
1329
1607
379
1151
2078
3579
817
164
516
3613
3151
1965
625
2717
3322
1093
2346
2969
2373
1451
3396
3090
192
2644
323
2492
3262
2320
1901
782
3650
293
2282
1274
1542
56
1787
3511
679
3307
3955
473
2384
3904
2582
3682
1345
2683
2029
2546
3035
37
323
3098
2635
45
1376
719
3121
3497
3807
3321
2157
26
1677
2539
3845
2541
193
1293
372
94
2451
820
1394
2008
3482
2708
2300
3479
1093
2220
2496
1614
2517
2591
136
1443
1718
3075
128
3960
2457
1394
517
1030
1391
350
493
2722
324
2914
2701
3681
1461
3827
202
1176
879
1845
3519
2331
806
74
2536
2983
1038
2533
3721
508
2586
3229
831
98
847
1917
2432
1228
2947
2936
2097
122
2968
2105
1668
280
2447
1657
1932
420
234
138
415
237
3043
112
3174
3031
3746
2384
452
1819
3679
1952
2145
2410
1524
3133
1234
1106
3230
2076
1798
3834
3664
3512
975
2823
148
10
3435
3809
3263
887
783
1072
112
3875
2095
3232
3813
2083
3468
2691
2969
848
154
597
990
3255
1165
3099
2643
2094
3552
5
3074
833
2913
1107
1017
2954
124
2323
3778
3583
1730
2504
1825
3686
726
2406
2762
1347
181
2746
3613
2930
2495
2695
1663
559
3462
1003
1078
2578
2930
2848
3968
2361
2766
3998
17
2942
723
3261
1191
2920
3854
2648
2571
1469
2577
1902
1511
2548
1107
3267
2270
1288
1572
1155
1613
1481
2034
3814
2204
3821
3921
3214
192
1380
426
237
208
1001
2339
1156
1378
3188
39
3494
3522
1676
3057
3612
2286
2554
2138
897
2769
2616
2653
1453
3962
3113
2532
2415
1912
1154
2001
2452
1876
1958
3882
4
2123
3631
2753
3531
3687
1512
3743
2421
2361
3672
269
1235
789
280
2399
3482
1289
3878
797
1162
1819
402
1615
460
511
949
2021
1237
2290
2178
2496
967
629
3765
1729
2039
3177
584
619
2249
36
804
919
3319
2990
1428
2005
3889
2427
660
3609
2142
68
2345
73
2912
708
3051
2498
2518
1996
3133
2754
3451
643
318
2134
3979
3838
2359
320
2918
1624
1172
1668
141
3822
2224
943
2922
1594
552
581
1900
3625
1234
838
559
1115
3335
2716
250
3223
59
35
898
3976
3438
85
2380
88
3130
3633
752
2440
268
1383
3065
2153
1648
3971
680
890
2086
1908
3609
3486
657
2872
893
601
3405
102
486
967
1216
1079
3585
3033
1065
2417
3038
2669
1685
402
1355
3688
3185
3637
1854
2003
2554
1220
3249
2608
2704
2491
808
2423
2441
1109
1070
625
1602
2901
605
304
1167
1202
1981
937
3892
256
355
239
12
1239
1499
525
2342
3170
3649
2048
432
1767
2888
911
1356
814
3005
2248
351
2863
1830
2904
1256
1116
1956
2662
974
424
3928
3212
1266
2611
2146
755
739
852
772
3306
1616
3074
2949
2308
2488
1726
3793
3851
3997
1600
3966
228
3191
60
3849
2817
261
2865
2527
1020
895
238
2552
247
2343
3361
3581
2221
1949
1982
2442
84
3153
1704
1967
178
20
1311
2416
857
2887
3814
2892
2273
2197
1807
3291
1440
3773
3590
2193
3592
487
3639
2687
605
3223
2620
3640
977
1311
1543
1969
158
2831
424
578
1056
392
3836
3113
3500
687
2675
3598
1489
3133
796
1664
3786
1042
2447
3422
2076
2025
1558
1203
2066
1575
1849
2584
2419
3117
677
1085
1821
1454
1912
2051
2432
666
1323
1536
2201
3288
3612
1381
1161
2898
279
60
3442
3274
3681
1835
1582
3211
2337
1622
1387
3482
524
513
1255
875
171
1170
804
592
1290
2965
104
236
1823
409
2451
614
1397
3672
2398
2617
1461
2644
589
3368
336
1052
2992
1551
171
1454
1564
3540
776
3190
3488
3037
621
2549
1159
1115
3699
3965
3146
3363
2156
1400
975
1694
1458
2601
194
1942
2761
3338
1358
3281
3664
340
535
2490
137
1821
1815
122
1602
3420
3828
3462
2559
136
2363
3410
2118
1758
891
3651
3079
1025
1408
2402
2374
2524
522
653
1606
1059
2921
3623
3348
1368
1208
2992
2893
3337
2707
2703
685
3926
2102
3019
1653
2192
3091
1241
3736
1725
1135
1712
3874
2648
26
3832
902
3478
2186
897
2338
35
3571
880
1297
3755
2341
1684
1261
3445
2593
375
2142
137
2521
1328
1892
1297
3107
2005
573
1054
3642
77
3123
866
3826
1924
2533
2394
2646
1655
2992
2191
2527
2511
1786
562
2675
2220
1883
1892
1431
1462
3529
1176
658
1880
894
3856
1696
1321
1000
1668
1232
1055
1965
1985
3707
2536
824
2381
2017
2675
3141
1097
738
3785
3172
336
629
1562
1357
732
265
1393
2881
3112
3733
713
377
399
446
3673
462
627
1349
2538
2948
3834
1066
618
371
1523
577
3929
2131
1750
3759
2977
3363
618
2081
419
3446
2688
1609
2731
2204
3004
503
1157
1576
3604
1872
3273
739
1840
3789
1586
1132
721
1842
3277
201
559
2313
1709
2511
2971
2330
2523
1803
611
2282
1546
523
2868
3278
1929
3339
1913
3050
1329
2879
3457
746
1438
2522
1727
795
1019
1497
3723
2215
3190
3056
806
812
2482
558
3162
3160
2907
975
3296
3747
437
2334
1083
3337
1421
2405
2
2755
1105
1363
3195
1024
3483
1832
2307
1797
2248
3648
2122
350
3911
249
3771
2847
1037
1155
3161
93
134
196
4
1122
1638
1349
2459
2736
445
2492
2364
2293
3592
2998
2279
1959
484
1281
832
605
3358
3539
3475
1418
3046
2555
2066
1815
738
3554
218
1499
1823
1149
564
1657
3458
1426
2519
1431
252
1989
3530
1110
1628
2302
3303
1331
1502
3992
604
3513
2369
3912
2827
3040
1687
1832
1553
1350
1365
1247
2115
168
426
2063
2132
1950
2541
3771
3283
2992
2159
467
1649
2905
1231
413
3137
1751
76
1314
1272
1611
2805
562
3956
1171
3228
1972
889
2209
3882
2831
2774
1176
2348
3054
2887
3011
586
3507
2067
2482
3416
1947
3925
497
1510
3913
2104
3495
1426
3890
923
1640
797
3685
20
3351
2459
1781
1264
28
3268
2756
1657
30
3847
3277
305
3357
3647
3886
2235
2926
29
561
3385
3988
804
661
2927
3351
980
1822
806
1316
2143
3285
3629
3585
2615
3741
122
235
3336
3892
1583
430
482
2305
3351
1728
46
768
2191
2586
1153
1000
2785
1940
1519
2486
780
2940
1015
3831
3744
2003
1597
2711
3621
676
1173
961
2587
2658
1722
2321
1051
1373
1566
3198
1949
288
2396
734
2899
3658
681
1589
2194
3750
3433
190
1905
2570
3806
2580
2826
329
1659
3677
2910
1045
3031
3540
2773
469
1693
1841
1219
1630
1601
855
2022
2641
3532
1467
1771
2929
3000
396
3600
1151
759
2466
1124
1396
3597
1223
491
3738
63
1533
3390
1575
3011
1227
1039
1879
3543
456
554
2629
1517
2658
3222
326
2788
3178
1083
1411
1458
544
606
81
733
3959
2024
3470
1545
581
3301
1817
1451
3178
967
1999
2333
3610
43
638
906
1864
3091
2599
3497
3440
595
1653
294
193
2631
277
3483
2918
449
3217
2655
3696
2977
3852
1013
2146
988
1436
2597
2648
2239
383
647
372
2061
1404
3739
2598
3652
280
1366
1816
670
785
215
3923
1747
2586
3928
1714
508
1459
832
2081
3602
2500
1493
401
1205
2358
3918
59
2249
846
1575
846
3450
3335
2798
1207
2432
2378
1146
1420
1629
3277
1659
3765
2852
1094
1196
1271
1620
2314
69
3678
353
679
2989
519
2644
3034
2189
1031
104
3085
1216
3387
3894
2897
3718
3086
3499
1652
376
1856
1076
3166
2390
921
124
1614
411
458
812
1708
1074
3483
81
2699
2914
535
1052
1565
2597
2065
3458
1202
2742
2289
1636
3951
137
542
2537
135
2388
1866
2566
1209
235
2613
416
1509
3018
2558
2025
3628
1227
525
2598
3459
2615
1846
81
2259
1529
1931
3898
2801
2446
2754
2184
1653
3225
1085
3326
2649
435
892
120
3024
2463
3451
1524
96
1660
1673
142
2493
3859
1191
3812
3300
1136
3128
2680
3825
1774
2891
2260
3613
331
2338
2663
3511
859
3775
2286
1694
1816
1226
3950
632
2614
2849
349
658
309
3197
992
3125
3247
2108
2447
577
3538
688
501
3753
904
3460
3796
298
401
3526
1157
2249
3314
3446
2588
1672
1863
1257
3466
2949
1780
410
2525
2832
505
1518
3970
3078
3876
642
43
462
3744
2132
3019
336
3850
2410
669
2285
549
2530
645
3839
2372
1816
2446
269
1924
2829
211
2731
3452
186
889
1068
365
3217
1561
1765
243
3884
2300
1824
1022
2805
1375
1337
3130
1265
3605
2489
841
3338
2284
2508
819
695
1671
1633
2260
2058
651
2014
3060
1974
2006
541
3476
1466
73
3463
1763
1615
3942
107
3088
970
404
2426
1018
974
2399
739
835
465
925
1510
1956
1033
2540
1879
1178
1779
1014
817
2942
1824
342
885
434
2301
2805
2398
3734
3517
1517
1921
507
2693
2095
2022
1743
947
2751
1117
3735
1068
1629
1568
2203
1473
1503
643
1786
637
2585
1178
1087
3950
3455
904
2859
909
1953
3615
1874
12
1589
2360
770
1467
755
368
3613
758
1017
3902
1479
3407
175
493
1243
3091
1445
250
985
1340
1976
1964
3770
1139
1299
1130
292
255
3538
29
3512
174
3106
1892
841
2847
3141
2446
2343
554
2353
3896
1497
3021
1048
1666
2090
1651
1730
3152
3834
835
2326
2554
1013
2563
888
3920
1440
1030
716
2318
2703
2201
3640
920
564
2630
2184
3218
1267
1891
1003
639
2257
1499
347
2036
1034
3574
1850
2999
289
1543
2424
953
3122
2802
496
1998
2435
3928
818
69
3290
384
2492
3816
1832
2532
2849
3890
3907
1877
3979
199
2737
1068
2653
3797
352
590
2865
2213
2834
2747
2401
638
3222
500
2625
3126
1202
1830
3017
1397
2236
3095
3088
2729
2728
1164
1235
512
2972
3733
662
133
2687
1429
1761
2778
1711
3057
2092
1774
722
3157
2293
1851
2053
349
3214
1342
3184
2215
884
1012
2682
691
3193
3918
2488
2867
3107
2417
3713
1365
718
3437
1150
1354
2892
1207
3517
2194
2285
804
3460
1158
697
1861
3810
706
442
3962
129
1581
1111
2036
1144
902
2043
108
509
429
3317
1817
1464
363
3832
721
3794
2174
66
3648
3180
1797
665
2846
1964
2469
3121
3664
3666
1366
715
445
2346
1037
2776
1099
3034
2854
1659
3605
3450
1421
300
652
483
650
696
2920
3200
3207
1190
3336
1217
1822
1845
1453
847
2660
1728
3184
922
1901
708
1627
3789
3322
3928
1067
1603
1734
2139
1312
3219
3368
1228
2366
1223
2149
274
2915
1131
3190
2908
2021
3104
2738
2947
1191
1776
3320
651
88
2427
3931
360
1033
1200
1225
3806
2345
3928
1626
3360
383
109
3474
1530
2338
424
3283
2571
408
951
3074
2441
2090
3533
339
3464
896
2675
3668
2582
2878
2108
1364
1821
1978
3959
142
1996
3225
2429
886
3375
134
1866
3998
1306
1134
1865
5
2021
3706
712
573
369
1386
3723
2967
3177
203
1884
1229
2467
1109
2752
3628
38
1219
1284
29
646
911
2134
2958
618
2249
1104
2433
3279
756
3248
2384
3685
3102
2403
3612
1943
890
319
497
456
124
3920
3127
2713
592
138
2168
2823
2391
2973
3849
689
3263
3367
214
3639
3933
163
3567
830
1834
1375
425
176
2360
3627
3538
3808
3919
2157
2901
2411
3592
1138
2086
1370
1508
1791
522
1988
1642
901
2118
272
253
2995
2179
1464
662
2085
219
970
1346
987
1315
3624
2010
3204
2036
303
1243
1561
343
692
162
2406
589
1482
2662
1475
1784
2305
1297
641
778
2280
2972
639
3944
2195
3175
1628
2458
695
3282
2375
1682
2738
2298
2739
3350
2825
3731
1862
620
3625
926
3568
2209
2126
296
3257
3285
706
3231
3379
327
285
3186
495
1561
586
3588
3915
319
2987
652
3945
1034
2899
1228
219
3499
2545
907
2042
3302
108
2993
3029
2741
2954
351
1670
2901
1547
521
2657
1585
2066
3473
2471
2922
3267
3169
2071
2528
2887
2213
3779
1631
2989
2018
1472
2920
3820
1623
3351
2171
2787
2063
1720
158
2081
2687
2383
3053
1408
1634
3407
3070
2027
3343
3882
2671
481
3699
962
3183
2770
2769
282
5
1030
3667
710
801
3197
523
1409
3997
2641
2922
190
3664
2071
3932
3670
3503
1253
3231
2399
2880
3181
2174
3165
3196
2759
846
2514
3296
3438
3716
1938
3025
2080
3152
338
1673
649
3099
1470
1378
3897
856
1833
2974
81
3114
511
3025
3646
3634
2519
1964
2972
3763
2500
2470
1051
3013
2187
2152
415
1169
3086
86
353
2863
1383
3701
3571
2778
2320
3453
961
2861
3487
2941
2931
861
1616
102
2863
210
3866
597
3963
1474
3395
1152
3904
2316
559
2939
74
686
468
903
3948
3908
1897
1209
544
2942
2301
1379
2476
2716
3459
865
1504
328
235
2497
2652
1520
556
2128
1775
1343
2238
541
1402
3384
548
2797
3186
270
1894
2842
36
642
3741
1160
3027
3097
199
1798
1534
921
2330
2333
669
1217
3093
2105
2057
1986
3890
3696
3291
3550
2456
1555
3916
1116
429
1361
3484
676
1225
1731
79
253
165
1399
1297
3872
3666
3900
3130
3193
7
2214
2765
2234
3570
287
3482
732
975
1515
484
435
2294
2902
3612
3788
975
2204
236
134
2529
2324
2544
2634
3655
1306
1726
2984
3332
3287
3174
879
2510
2416
1077
521
1701
520
3060
1169
2311
2771
2605
1586
2492
2168
3469
3357
2860
1825
3013
3526
3249
3202
1194
1180
2695
580
3005
131
799
973
1925
1008
1939
3150
2168
3520
3156
937
2425
885
479
