42
240
15
62
145
11
106
1
143
39
291
148
97
128
120
240
48
166
140
222
92
135
91
265
48
296
260
17
225
156
276
12
122
143
210
22
155
111
240
256
187
21
251
73
260
154
167
142
105
280
282
96
107
193
248
137
184
292
117
279
298
208
14
125
93
113
66
116
27
120
228
169
190
171
238
118
199
24
277
266
7
120
260
43
90
23
248
295
39
82
75
43
84
192
278
253
286
39
271
96
143
184
118
166
268
35
76
206
14
160
223
216
117
262
31
94
167
114
225
164
166
95
109
124
37
22
146
101
2
225
231
7
293
27
298
4
274
131
164
65
153
249
72
51
131
285
224
97
100
269
270
144
280
288
25
22
107
42
48
0
56
203
280
75
159
188
77
18
0
240
8
119
228
60
172
111
118
259
186
64
11
265
224
74
162
175
21
269
228
103
263
211
221
85
115
10
232
15
238
233
281
74
6
76
147
159
123
290
182
30
244
139
234
5
193
95
279
93
14
250
6
229
295
114
220
263
196
210
175
285
165
81
193
253
87
129
222
206
269
254
270
131
125
254
19
173
67
142
1
54
236
183
99
4
25
28
158
153
235
237
46
49
11
45
53
229
50
228
149
292
247
255
2
230
46
186
49
182
6
169
52
245
194
278
33
282
268
98
95
283
151
223
136
288
27
6
117
270
129
3
