425
397
342
86
101
26
76
639
48
360
720
404
726
728
410
370
68
623
767
389
754
312
468
190
717
356
480
68
576
722
508
2
670
777
41
574
303
353
46
650
213
66
621
787
761
581
289
471
23
534
535
500
419
123
357
27
662
142
395
515
409
390
357
665
364
84
778
181
276
73
548
361
223
405
12
82
53
650
737
81
413
159
165
723
137
81
660
204
639
611
674
483
420
518
400
231
775
83
587
767
616
501
225
702
3
613
64
405
381
141
781
131
426
429
446
552
696
156
597
791
123
518
185
777
310
148
402
527
547
170
609
415
127
649
570
463
469
597
575
192
325
432
794
338
81
357
694
53
708
257
219
287
287
28
772
602
641
86
766
533
339
284
352
122
269
137
66
768
648
777
347
663
737
633
283
160
359
778
449
31
513
773
122
649
511
40
55
439
635
143
393
477
587
269
700
404
359
537
717
275
17
742
457
541
262
491
260
531
95
65
211
650
740
107
390
55
526
495
230
231
375
386
166
236
417
675
425
785
63
541
272
526
452
368
606
663
326
713
298
559
622
494
512
538
192
342
117
271
609
85
260
652
297
117
170
645
615
703
634
212
107
601
94
276
308
362
556
169
87
441
736
22
648
276
91
786
680
108
760
53
76
93
231
236
581
363
648
364
785
327
645
675
30
754
556
489
54
537
680
726
76
638
571
622
1
151
378
55
754
783
613
459
386
747
257
297
384
7
596
229
437
479
189
672
236
618
205
306
638
0
134
708
377
380
430
154
12
444
399
461
50
229
335
503
56
484
40
775
684
207
739
373
357
202
277
688
169
422
790
658
607
4
409
437
626
55
493
574
254
518
400
152
602
17
363
156
514
43
718
492
735
422
296
799
533
301
706
182
10
298
601
141
14
584
119
142
619
274
13
127
522
218
111
603
735
503
108
190
83
613
552
442
524
272
24
455
91
491
89
728
449
666
589
712
767
273
19
626
121
243
738
32
325
188
1
220
150
378
230
34
192
758
522
118
263
657
102
50
649
137
652
56
612
539
131
774
325
2
352
647
590
477
574
37
515
239
187
669
82
576
78
299
476
705
456
484
676
109
6
195
275
554
16
667
614
47
242
395
789
224
244
559
416
340
55
755
120
536
239
34
231
492
88
285
93
555
54
712
504
744
557
478
463
243
601
36
347
507
363
411
674
14
449
623
642
284
1
77
727
442
178
369
201
770
374
509
85
695
168
101
469
166
14
711
271
392
59
729
599
4
260
219
98
561
572
75
40
153
79
599
373
378
471
140
652
166
286
334
664
106
113
513
177
203
94
355
359
556
330
28
686
492
304
590
327
237
377
103
742
527
309
533
517
379
84
537
228
348
260
660
475
455
327
702
479
251
240
629
268
3
121
658
629
153
36
184
709
325
461
550
433
354
232
588
668
193
316
634
230
136
475
595
498
434
285
32
755
506
760
289
466
50
574
31
639
493
595
189
209
669
394
365
347
758
347
127
782
50
226
787
229
494
279
784
625
497
390
525
481
44
363
300
653
445
140
327
351
750
114
98
319
410
548
128
282
432
674
786
526
176
444
554
117
242
493
269
11
518
631
71
445
501
220
313
48
103
246
301
523
350
372
74
387
32
753
323
417
562
402
745
465
447
124
609
458
568
688
529
181
277
709
723
764
89
672
396
592
244
433
438
758
163
781
281
208
114
740
345
132
193
735
745
587
772
440
157
760
484
565
573
578
99
34
565
336
317
10
425
577
169
466
358
117
767
722
788
443
244
560
552
55
769
283
85
239
514
2
290
755
506
527
375
487
467
99
305
655
643
206
661
